-1.0	-1.0	-0.01695488108410624	-1.0169757088548659	0.0	(-1.0169757088548659+0j)
-0.998	-0.996004	-0.01689747627069829	-1.012919656923738	0.0	(-1.012919656923738+0j)
-0.996	-0.992016	-0.01684011336550252	-1.0088729179491516	0.0	(-1.0088729179491516+0j)
-0.994	-0.988036	-0.016782792701474036	-1.0048346653408577	0.0	(-1.0048346653408577+0j)
-0.992	-0.9840639999999999	-0.016725514611798234	-1.0008046825654382	0.0	(-1.0008046825654382+0j)
-0.99	-0.9801	-0.01666827942988748	-0.9967828811038492	0.0	(-0.9967828811038492+0j)
-0.988	-0.976144	-0.016611087489377743	-0.9927692161561034	0.0	(-0.9927692161561034+0j)
-0.986	-0.972196	-0.016553939124125172	-0.9887636619632354	0.0	(-0.9887636619632354+0j)
-0.984	-0.968256	-0.016496834668202787	-0.9847662024015569	0.0	(-0.9847662024015569+0j)
-0.982	-0.964324	-0.016439774455896977	-0.9807768267514081	0.0	(-0.9807768267514081+0j)
-0.98	-0.9603999999999999	-0.016382758821704188	-0.9767955275610098	0.0	(-0.9767955275610098+0j)
-0.978	-0.956484	-0.016325788100327504	-0.9728222994720033	0.0	(-0.9728222994720033+0j)
-0.976	-0.952576	-0.016268862626673153	-0.9688571385296695	0.0	(-0.9688571385296695+0j)
-0.974	-0.948676	-0.01621198273584712	-0.9649000417559831	0.0	(-0.9649000417559831+0j)
-0.972	-0.944784	-0.016155148763151744	-0.9609510068736721	0.0	(-0.9609510068736721+0j)
-0.97	-0.9409	-0.016098361044082188	-0.9570100321214613	0.0	(-0.9570100321214613+0j)
-0.968	-0.937024	-0.016041619914323013	-0.9530771161265013	0.0	(-0.9530771161265013+0j)
-0.966	-0.933156	-0.01598492570974476	-0.9491522578139693	0.0	(-0.9491522578139693+0j)
-0.964	-0.9292959999999999	-0.015928278766400378	-0.945235456341569	0.0	(-0.945235456341569+0j)
-0.962	-0.9254439999999999	-0.01587167942052184	-0.9413267110511008	0.0	(-0.9413267110511008+0j)
-0.96	-0.9216	-0.015815128008516546	-0.9374260214320753	0.0	(-0.9374260214320753+0j)
-0.9580000000000001	-0.9177640000000001	-0.015758624866963847	-0.933533387093845	0.0	(-0.933533387093845+0j)
-0.9560000000000001	-0.9139360000000002	-0.015702170332611662	-0.9296488077440622	0.0	(-0.9296488077440622+0j)
-0.9540000000000001	-0.9101160000000001	-0.01564576474237271	-0.9257722831717908	0.0	(-0.9257722831717908+0j)
-0.9520000000000001	-0.9063040000000001	-0.015589408433321225	-0.9219038132340619	0.0	(-0.9219038132340619+0j)
-0.9500000000000001	-0.9025000000000001	-0.015533101742689251	-0.9180433978451266	0.0	(-0.9180433978451266+0j)
-0.9480000000000001	-0.8987040000000002	-0.015476845007863185	-0.9141910369677619	0.0	(-0.9141910369677619+0j)
-0.9460000000000001	-0.8949160000000002	-0.01542063856638018	-0.910346730606137	0.0	(-0.910346730606137+0j)
-0.9440000000000001	-0.8911360000000002	-0.015364482755924586	-0.9065104787999989	0.0	(-0.9065104787999989+0j)
-0.9420000000000001	-0.8873640000000002	-0.015308377914324364	-0.9026822816198047	0.0	(-0.9026822816198047+0j)
-0.9400000000000001	-0.8836000000000002	-0.015252324379547613	-0.8988621391626566	0.0	(-0.8988621391626566+0j)
-0.9380000000000001	-0.8798440000000001	-0.015196322489698738	-0.8950500515489592	0.0	(-0.8950500515489592+0j)
-0.936	-0.8760960000000001	-0.015140372583015163	-0.891246018919474	0.0	(-0.891246018919474+0j)
-0.934	-0.8723560000000001	-0.0150844749978635	-0.8874500414329349	0.0	(-0.8874500414329349+0j)
-0.932	-0.8686240000000001	-0.015028630072735999	-0.8836621192639323	0.0	(-0.8836621192639323+0j)
-0.93	-0.8649000000000001	-0.014972838146246933	-0.8798822526011333	0.0	(-0.8798822526011333+0j)
-0.928	-0.8611840000000001	-0.014917099557129027	-0.8761104416457279	0.0	(-0.8761104416457279+0j)
-0.926	-0.8574760000000001	-0.014861414644229673	-0.8723466866101224	0.0	(-0.8723466866101224+0j)
-0.924	-0.8537760000000001	-0.014805783746507456	-0.8685909877167337	0.0	(-0.8685909877167337+0j)
-0.922	-0.8500840000000001	-0.014750207203028345	-0.8648433451969767	0.0	(-0.8648433451969767+0j)
-0.92	-0.8464	-0.014694685352962214	-0.8611037592904368	0.0	(-0.8611037592904368+0j)
-0.918	-0.842724	-0.014639218535578924	-0.8573722302439948	0.0	(-0.8573722302439948+0j)
-0.916	-0.839056	-0.014583807090244913	-0.8536487583112169	0.0	(-0.8536487583112169+0j)
-0.914	-0.835396	-0.014528451356419322	-0.8499333437516963	0.0	(-0.8499333437516963+0j)
-0.912	-0.831744	-0.014473151673650389	-0.8462259868305224	0.0	(-0.8462259868305224+0j)
-0.91	-0.8281000000000001	-0.01441790838157174	-0.8425266878177997	0.0	(-0.8425266878177997+0j)
-0.908	-0.8244640000000001	-0.014362721819898658	-0.8388354469882167	0.0	(-0.8388354469882167+0j)
-0.906	-0.820836	-0.014307592328424365	-0.8351522646206754	0.0	(-0.8351522646206754+0j)
-0.904	-0.817216	-0.014252520247016384	-0.8314771409978992	0.0	(-0.8314771409978992+0j)
-0.902	-0.813604	-0.014197505915612682	-0.8278100764061758	0.0	(-0.8278100764061758+0j)
-0.9	-0.81	-0.014142549674218033	-0.8241510711350399	0.0	(-0.8241510711350399+0j)
-0.898	-0.806404	-0.014087651862900244	-0.8205001254770318	0.0	(-0.8205001254770318+0j)
-0.896	-0.8028160000000001	-0.01403281282178638	-0.8168572397274654	0.0	(-0.8168572397274654+0j)
-0.894	-0.7992360000000001	-0.01397803289105902	-0.8132224141842124	0.0	(-0.8132224141842124+0j)
-0.892	-0.795664	-0.013923312410952557	-0.8095956491475346	0.0	(-0.8095956491475346+0j)
-0.89	-0.7921	-0.013868651721749323	-0.8059769449198884	0.0	(-0.8059769449198884+0j)
-0.888	-0.788544	-0.013814051163775862	-0.8023663018057614	0.0	(-0.8023663018057614+0j)
-0.886	-0.784996	-0.013759511077399242	-0.7987637201115474	0.0	(-0.7987637201115474+0j)
-0.884	-0.781456	-0.013705031803023002	-0.7951692001454116	0.0	(-0.7951692001454116+0j)
-0.882	-0.7779240000000001	-0.013650613681083612	-0.7915827422171535	0.0	(-0.7915827422171535+0j)
-0.88	-0.7744	-0.013596257052046562	-0.7880043466381053	0.0	(-0.7880043466381053+0j)
-0.878	-0.770884	-0.013541962256402584	-0.784434013721028	0.0	(-0.784434013721028+0j)
-0.876	-0.767376	-0.01348772963466377	-0.7808717437800237	0.0	(-0.7808717437800237+0j)
-0.874	-0.763876	-0.013433559527359834	-0.7773175371304093	0.0	(-0.7773175371304093+0j)
-0.872	-0.760384	-0.013379452275034204	-0.7737713940887166	0.0	(-0.7737713940887166+0j)
-0.87	-0.7569	-0.013325408218240214	-0.7702333149724937	0.0	(-0.7702333149724937+0j)
-0.868	-0.753424	-0.013271427697537364	-0.7667033001003601	0.0	(-0.7667033001003601+0j)
-0.866	-0.749956	-0.013217511053487146	-0.7631813497918671	0.0	(-0.7631813497918671+0j)
-0.864	-0.7464959999999999	-0.013163658626649699	-0.7596674643674654	0.0	(-0.7596674643674654+0j)
-0.862	-0.7430439999999999	-0.013109870757579467	-0.756161644148413	0.0	(-0.756161644148413+0j)
-0.86	-0.7395999999999999	-0.01305614778682157	-0.7526638894567822	0.0	(-0.7526638894567822+0j)
-0.858	-0.7361639999999999	-0.013002490054907945	-0.7491742006153373	0.0	(-0.7491742006153373+0j)
-0.856	-0.7327359999999999	-0.012948897902353346	-0.7456925779475669	0.0	(-0.7456925779475669+0j)
-0.854	-0.729316	-0.01289537166965149	-0.7422190217775633	0.0	(-0.7422190217775633+0j)
-0.852	-0.725904	-0.01284191169727128	-0.7387535324300438	0.0	(-0.7387535324300438+0j)
-0.85	-0.7224999999999999	-0.012788518325652809	-0.7352961102302641	0.0	(-0.7352961102302641+0j)
-0.848	-0.719104	-0.012735191895203501	-0.73184675550402	0.0	(-0.73184675550402+0j)
-0.846	-0.7157159999999999	-0.012681932746294033	-0.7284054685775853	0.0	(-0.7284054685775853+0j)
-0.844	-0.712336	-0.012628741219254697	-0.7249722497776989	0.0	(-0.7249722497776989+0j)
-0.842	-0.7089639999999999	-0.012575617654371263	-0.7215470994315211	0.0	(-0.7215470994315211+0j)
-0.84	-0.7055999999999999	-0.01252256239188132	-0.7181300178666135	0.0	(-0.7181300178666135+0j)
-0.838	-0.702244	-0.01246957577196986	-0.7147210054109054	0.0	(-0.7147210054109054+0j)
-0.836	-0.698896	-0.012416658134765918	-0.7113200623926572	0.0	(-0.7113200623926572+0j)
-0.834	-0.695556	-0.012363809820338273	-0.7079271891404704	0.0	(-0.7079271891404704+0j)
-0.8320000000000001	-0.6922240000000002	-0.012311031168691478	-0.7045423859832277	0.0	(-0.7045423859832277+0j)
-0.8300000000000001	-0.6889000000000001	-0.012258322519762166	-0.7011656532500816	0.0	(-0.7011656532500816+0j)
-0.8280000000000001	-0.6855840000000001	-0.012205684213414891	-0.697796991270448	0.0	(-0.697796991270448+0j)
-0.8260000000000001	-0.6822760000000001	-0.012153116589438212	-0.6944364003739638	0.0	(-0.6944364003739638+0j)
-0.8240000000000001	-0.6789760000000001	-0.012100619987540834	-0.6910838808904735	0.0	(-0.6910838808904735+0j)
-0.8220000000000001	-0.6756840000000001	-0.012048194747347446	-0.6877394331500307	0.0	(-0.6877394331500307+0j)
-0.8200000000000001	-0.6724000000000001	-0.011995841208394836	-0.6844030574828411	0.0	(-0.6844030574828411+0j)
-0.8180000000000001	-0.669124	-0.011943559710127921	-0.6810747542192775	0.0	(-0.6810747542192775+0j)
-0.8160000000000001	-0.6658560000000001	-0.011891350591895888	-0.6777545236898633	0.0	(-0.6777545236898633+0j)
-0.8140000000000001	-0.6625960000000001	-0.01183921419294795	-0.6744423662252291	0.0	(-0.6744423662252291+0j)
-0.812	-0.659344	-0.011787150852429484	-0.671138282156127	0.0	(-0.671138282156127+0j)
-0.81	-0.6561000000000001	-0.011735160909378095	-0.6678422718133864	0.0	(-0.6678422718133864+0j)
-0.808	-0.6528640000000001	-0.01168324470271953	-0.6645543355279387	0.0	(-0.6645543355279387+0j)
-0.806	-0.6496360000000001	-0.011631402571263633	-0.661274473630767	0.0	(-0.661274473630767+0j)
-0.804	-0.6464160000000001	-0.011579634853700532	-0.6580026864529118	0.0	(-0.6580026864529118+0j)
-0.802	-0.6432040000000001	-0.011527941888596238	-0.6547389743254546	0.0	(-0.6547389743254546+0j)
-0.8	-0.6400000000000001	-0.011476324014389139	-0.6514833375795024	0.0	(-0.6514833375795024+0j)
-0.798	-0.636804	-0.011424781569385534	-0.6482357765461714	0.0	(-0.6482357765461714+0j)
-0.796	-0.6336160000000001	-0.011373314891755915	-0.6449962915565948	0.0	(-0.6449962915565948+0j)
-0.794	-0.6304360000000001	-0.011321924319530635	-0.641764882941891	0.0	(-0.641764882941891+0j)
-0.792	-0.627264	-0.011270610190596247	-0.638541551033152	0.0	(-0.638541551033152+0j)
-0.79	-0.6241000000000001	-0.011219372842691033	-0.635326296161455	0.0	(-0.635326296161455+0j)
-0.788	-0.620944	-0.011168212613401424	-0.6321191186578271	0.0	(-0.6321191186578271+0j)
-0.786	-0.617796	-0.011117129840157558	-0.628920018853243	0.0	(-0.628920018853243+0j)
-0.784	-0.6146560000000001	-0.011066124860229426	-0.6257289970786235	0.0	(-0.6257289970786235+0j)
-0.782	-0.6115240000000001	-0.01101519801072287	-0.6225460536648191	0.0	(-0.6225460536648191+0j)
-0.78	-0.6084	-0.010964349628575343	-0.6193711889425859	0.0	(-0.6193711889425859+0j)
-0.778	-0.605284	-0.010913580050551958	-0.6162044032426113	0.0	(-0.6162044032426113+0j)
-0.776	-0.602176	-0.010862889613241555	-0.6130456968954704	0.0	(-0.6130456968954704+0j)
-0.774	-0.599076	-0.010812278653052287	-0.6098950702316348	0.0	(-0.6098950702316348+0j)
-0.772	-0.5959840000000001	-0.01076174750620798	-0.6067525235814548	0.0	(-0.6067525235814548+0j)
-0.77	-0.5929	-0.010711296508743612	-0.6036180572751683	0.0	(-0.6036180572751683+0j)
-0.768	-0.589824	-0.01066092599650173	-0.6004916716428673	0.0	(-0.6004916716428673+0j)
-0.766	-0.586756	-0.010610636305127985	-0.5973733670144992	0.0	(-0.5973733670144992+0j)
-0.764	-0.583696	-0.010560427770067132	-0.5942631437198789	0.0	(-0.5942631437198789+0j)
-0.762	-0.580644	-0.010510300726559035	-0.5911610020886361	0.0	(-0.5911610020886361+0j)
-0.76	-0.5776	-0.010460255509634614	-0.5880669424502644	0.0	(-0.5880669424502644+0j)
-0.758	-0.574564	-0.010410292454111625	-0.5849809651340544	0.0	(-0.5849809651340544+0j)
-0.756	-0.571536	-0.010360411894590665	-0.5819030704691331	0.0	(-0.5819030704691331+0j)
-0.754	-0.568516	-0.010310614165450954	-0.5788332587844367	0.0	(-0.5788332587844367+0j)
-0.752	-0.565504	-0.010260899600846446	-0.5757715304086923	0.0	(-0.5757715304086923+0j)
-0.75	-0.5625	-0.010211268534701556	-0.5727178856704359	0.0	(-0.5727178856704359+0j)
-0.748	-0.559504	-0.01016172130070711	-0.5696723248979786	0.0	(-0.5696723248979786+0j)
-0.746	-0.556516	-0.010112258232316318	-0.5666348484194221	0.0	(-0.5666348484194221+0j)
-0.744	-0.553536	-0.010062879662740554	-0.5636054565626345	0.0	(-0.5636054565626345+0j)
-0.742	-0.5505639999999999	-0.01001358592494525	-0.5605841496552532	0.0	(-0.5605841496552532+0j)
-0.74	-0.5476	-0.009964377351645959	-0.5575709280246763	0.0	(-0.5575709280246763+0j)
-0.738	-0.544644	-0.009915254275303986	-0.5545657919980479	0.0	(-0.5545657919980479+0j)
-0.736	-0.541696	-0.009866217028122543	-0.5515687419022631	0.0	(-0.5515687419022631+0j)
-0.734	-0.538756	-0.009817265942042464	-0.5485797780639454	0.0	(-0.5485797780639454+0j)
-0.732	-0.535824	-0.00976840134873802	-0.5455989008094634	0.0	(-0.5455989008094634+0j)
-0.73	-0.5328999999999999	-0.009719623579613063	-0.5426261104648985	0.0	(-0.5426261104648985+0j)
-0.728	-0.529984	-0.009670932965796797	-0.5396614073560552	0.0	(-0.5396614073560552+0j)
-0.726	-0.527076	-0.009622329838139349	-0.5367047918084444	0.0	(-0.5367047918084444+0j)
-0.724	-0.524176	-0.00957381452720829	-0.5337562641472855	0.0	(-0.5337562641472855+0j)
-0.722	-0.521284	-0.009525387363283816	-0.5308158246974974	0.0	(-0.5308158246974974+0j)
-0.72	-0.5184	-0.009477048676355126	-0.5278834737836762	0.0	(-0.5278834737836762+0j)
-0.718	-0.515524	-0.009428798796116106	-0.5249592117301186	0.0	(-0.5249592117301186+0j)
-0.716	-0.512656	-0.009380638051961154	-0.5220430388607887	0.0	(-0.5220430388607887+0j)
-0.714	-0.5097959999999999	-0.009332566772981221	-0.5191349554993302	0.0	(-0.5191349554993302+0j)
-0.712	-0.506944	-0.009284585287959474	-0.5162349619690376	0.0	(-0.5162349619690376+0j)
-0.71	-0.5041	-0.009236693925367329	-0.5133430585928775	0.0	(-0.5133430585928775+0j)
-0.708	-0.5012639999999999	-0.009188893013360289	-0.5104592456934677	0.0	(-0.5104592456934677+0j)
-0.706	-0.49843599999999993	-0.009141182879773752	-0.5075835235930519	0.0	(-0.5075835235930519+0j)
-0.704	-0.49561599999999995	-0.009093563852118902	-0.5047158926135351	0.0	(-0.5047158926135351+0j)
-0.7020000000000001	-0.4928040000000001	-0.009046036257578716	-0.5018563530764478	0.0	(-0.5018563530764478+0j)
-0.7000000000000001	-0.4900000000000001	-0.008998600423003655	-0.4990049053029441	0.0	(-0.4990049053029441+0j)
-0.6980000000000001	-0.4872040000000001	-0.008951256674907426	-0.4961615496137957	0.0	(-0.4961615496137957+0j)
-0.6960000000000001	-0.48441600000000007	-0.008904005339463283	-0.4933262863293894	0.0	(-0.4933262863293894+0j)
-0.6940000000000001	-0.48163600000000006	-0.008856846742499425	-0.49049911576972755	0.0	(-0.49049911576972755+0j)
-0.6920000000000001	-0.47886400000000007	-0.008809781209495271	-0.48768003825440487	0.0	(-0.48768003825440487+0j)
-0.6900000000000001	-0.4761000000000001	-0.008762809065576915	-0.48486905410260384	0.0	(-0.48486905410260384+0j)
-0.6880000000000001	-0.4733440000000001	-0.008715930635513347	-0.4820661636331143	0.0	(-0.4820661636331143+0j)
-0.686	-0.47059600000000007	-0.008669146243712123	-0.47927136716428603	0.0	(-0.47927136716428603+0j)
-0.684	-0.46785600000000005	-0.008622456214215257	-0.47648466501405834	0.0	(-0.47648466501405834+0j)
-0.682	-0.4651240000000001	-0.008575860870695229	-0.47370605749993666	0.0	(-0.47370605749993666+0j)
-0.68	-0.4624000000000001	-0.008529360536450592	-0.470935544938985	0.0	(-0.470935544938985+0j)
-0.678	-0.45968400000000004	-0.008482955534402148	-0.46817312764783603	0.0	(-0.46817312764783603+0j)
-0.676	-0.45697600000000005	-0.008436646187088503	-0.46541880594265606	0.0	(-0.46541880594265606+0j)
-0.674	-0.45427600000000007	-0.008390432816662297	-0.4626725801391734	0.0	(-0.4626725801391734+0j)
-0.672	-0.45158400000000004	-0.0083443157448857	-0.45993445055262905	0.0	(-0.45993445055262905+0j)
-0.67	-0.4489000000000001	-0.008298295293126479	-0.4572044174978216	0.0	(-0.4572044174978216+0j)
-0.668	-0.44622400000000007	-0.008252371782354051	-0.4544824812890696	0.0	(-0.4544824812890696+0j)
-0.666	-0.44355600000000006	-0.008206545533134824	-0.451768642240198	0.0	(-0.451768642240198+0j)
-0.664	-0.44089600000000007	-0.008160816865628806	-0.4490629006645508	0.0	(-0.4490629006645508+0j)
-0.662	-0.438244	-0.008115186099584615	-0.4463652568749763	0.0	(-0.4463652568749763+0j)
-0.66	-0.43560000000000004	-0.008069653554336198	-0.4436757111838398	0.0	(-0.4436757111838398+0j)
-0.658	-0.432964	-0.008024219548798117	-0.4409942639029729	0.0	(-0.4409942639029729+0j)
-0.656	-0.43033600000000005	-0.007978884401461828	-0.4383209153437157	0.0	(-0.4383209153437157+0j)
-0.654	-0.42771600000000004	-0.007933648430391238	-0.43565566581688026	0.0	(-0.43565566581688026+0j)
-0.652	-0.42510400000000004	-0.007888511953218602	-0.43299851563275477	0.0	(-0.43299851563275477+0j)
-0.65	-0.42250000000000004	-0.0078434752871408	-0.43034946510109595	0.0	(-0.43034946510109595+0j)
-0.648	-0.419904	-0.007798538748914785	-0.42770851453112707	0.0	(-0.42770851453112707+0j)
-0.646	-0.417316	-0.007753702654853645	-0.42507566423151877	0.0	(-0.42507566423151877+0j)
-0.644	-0.41473600000000005	-0.007708967320822491	-0.42245091451039773	0.0	(-0.42245091451039773+0j)
-0.642	-0.41216400000000003	-0.007664333062234352	-0.4198342656753342	0.0	(-0.4198342656753342+0j)
-0.64	-0.4096	-0.007619800194046122	-0.41722571803332975	0.0	(-0.41722571803332975+0j)
-0.638	-0.407044	-0.00757536903075412	-0.41462527189082277	0.0	(-0.41462527189082277+0j)
-0.636	-0.404496	-0.007531039886390534	-0.4120329275536715	0.0	(-0.4120329275536715+0j)
-0.634	-0.40195600000000004	-0.007486813074518928	-0.4094486853271531	0.0	(-0.4094486853271531+0j)
-0.632	-0.399424	-0.007442688908230188	-0.40687254551595253	0.0	(-0.40687254551595253+0j)
-0.63	-0.39690000000000003	-0.007398667700138584	-0.40430450842416715	0.0	(-0.40430450842416715+0j)
-0.628	-0.394384	-0.007354749762377488	-0.40174457435528466	0.0	(-0.40174457435528466+0j)
-0.626	-0.391876	-0.007310935406595387	-0.3991927436121888	0.0	(-0.3991927436121888+0j)
-0.624	-0.389376	-0.007267224943951822	-0.3966490164971498	0.0	(-0.3966490164971498+0j)
-0.622	-0.386884	-0.007223618685113176	-0.3941133933118115	0.0	(-0.3941133933118115+0j)
-0.62	-0.3844	-0.007180116940248726	-0.3915858743571916	0.0	(-0.3915858743571916+0j)
-0.618	-0.381924	-0.007136720019026543	-0.38906645993367794	0.0	(-0.38906645993367794+0j)
-0.616	-0.379456	-0.007093428230609156	-0.3865551503410151	0.0	(-0.3865551503410151+0j)
-0.614	-0.376996	-0.007050241883649999	-0.3840519458783028	0.0	(-0.3840519458783028+0j)
-0.612	-0.374544	-0.0070071612862887545	-0.3815568468439777	0.0	(-0.3815568468439777+0j)
-0.61	-0.3721	-0.0069641867461477935	-0.3790698535358269	0.0	(-0.3790698535358269+0j)
-0.608	-0.369664	-0.006921318570327573	-0.3765909662509635	0.0	(-0.3765909662509635+0j)
-0.606	-0.367236	-0.006878557065403246	-0.37412018528583274	0.0	(-0.37412018528583274+0j)
-0.604	-0.364816	-0.006835902537419836	-0.3716575109361913	0.0	(-0.3716575109361913+0j)
-0.602	-0.36240399999999995	-0.006793355291888903	-0.36920294349712196	0.0	(-0.36920294349712196+0j)
-0.6	-0.36	-0.006750915633783938	-0.3667564832629974	0.0	(-0.3667564832629974+0j)
-0.598	-0.357604	-0.006708583867536644	-0.36431813052750184	0.0	(-0.36431813052750184+0j)
-0.596	-0.355216	-0.0066663602970327696	-0.36188788558360807	0.0	(-0.36188788558360807+0j)
-0.594	-0.352836	-0.00662424522560795	-0.3594657487235792	0.0	(-0.3594657487235792+0j)
-0.592	-0.35046399999999994	-0.00658223895604404	-0.3570517202389508	0.0	(-0.3570517202389508+0j)
-0.59	-0.34809999999999997	-0.006540341790564563	-0.3546458004205378	0.0	(-0.3546458004205378+0j)
-0.588	-0.34574399999999994	-0.006498554030831105	-0.35224798955841924	0.0	(-0.35224798955841924+0j)
-0.586	-0.343396	-0.006456875977939147	-0.3498582879419272	0.0	(-0.3498582879419272+0j)
-0.584	-0.34105599999999997	-0.006415307932413905	-0.34747669585965707	0.0	(-0.34747669585965707+0j)
-0.582	-0.33872399999999997	-0.006373850194206554	-0.3451032135994366	0.0	(-0.3451032135994366+0j)
-0.58	-0.3364	-0.006332503062690009	-0.34273784144835046	0.0	(-0.34273784144835046+0j)
-0.578	-0.33408399999999994	-0.006291266836655096	-0.3403805796926963	0.0	(-0.3403805796926963+0j)
-0.5760000000000001	-0.33177600000000007	-0.006250141814306331	-0.3380314286180081	0.0	(-0.3380314286180081+0j)
-0.5740000000000001	-0.3294760000000001	-0.006209128293258093	-0.3356903885090335	0.0	(-0.3356903885090335+0j)
-0.5720000000000001	-0.3271840000000001	-0.006168226570530622	-0.33335745964973024	0.0	(-0.33335745964973024+0j)
-0.5700000000000001	-0.3249000000000001	-0.006127436942545916	-0.3310326423232629	0.0	(-0.3310326423232629+0j)
-0.5680000000000001	-0.3226240000000001	-0.006086759705123845	-0.3287159368119955	0.0	(-0.3287159368119955+0j)
-0.5660000000000001	-0.3203560000000001	-0.00604619515347804	-0.3264073433974759	0.0	(-0.3264073433974759+0j)
-0.5640000000000001	-0.31809600000000005	-0.00600574358221212	-0.3241068623604408	0.0	(-0.3241068623604408+0j)
-0.562	-0.31584400000000007	-0.005965405285315584	-0.32181449398079953	0.0	(-0.32181449398079953+0j)
-0.56	-0.31360000000000005	-0.005925180556159759	-0.31953023853762863	0.0	(-0.31953023853762863+0j)
-0.558	-0.3113640000000001	-0.005885069687494082	-0.31725409630917495	0.0	(-0.31725409630917495+0j)
-0.556	-0.3091360000000001	-0.005845072971441878	-0.3149860675728295	0.0	(-0.3149860675728295+0j)
-0.554	-0.3069160000000001	-0.005805190699496754	-0.31272615260514514	0.0	(-0.31272615260514514+0j)
-0.552	-0.30470400000000003	-0.005765423162518157	-0.31047435168180304	0.0	(-0.31047435168180304+0j)
-0.55	-0.30250000000000005	-0.005725770650727768	-0.308230665077622	0.0	(-0.308230665077622+0j)
-0.548	-0.30030400000000007	-0.00568623345370578	-0.3059950930665487	0.0	(-0.3059950930665487+0j)
-0.546	-0.29811600000000005	-0.005646811860386403	-0.30376763592164846	0.0	(-0.30376763592164846+0j)
-0.544	-0.29593600000000003	-0.00560750615905431	-0.3015482939151029	0.0	(-0.3015482939151029+0j)
-0.542	-0.293764	-0.005568316637340753	-0.2993370673181901	0.0	(-0.2993370673181901+0j)
-0.54	-0.2916	-0.00552924358221929	-0.29713395640129403	0.0	(-0.29713395640129403+0j)
-0.538	-0.28944400000000003	-0.005490287280002504	-0.29493896143388837	0.0	(-0.29493896143388837+0j)
-0.536	-0.28729600000000005	-0.005451448016337401	-0.2927520826845303	0.0	(-0.2927520826845303+0j)
-0.534	-0.285156	-0.005412726076201968	-0.2905733204208487	0.0	(-0.2905733204208487+0j)
-0.532	-0.28302400000000005	-0.005374121743901283	-0.2884026749095479	0.0	(-0.2884026749095479+0j)
-0.53	-0.28090000000000004	-0.005335635303063302	-0.28624014641639295	0.0	(-0.28624014641639295+0j)
-0.528	-0.27878400000000003	-0.005297267036635245	-0.28408573520619884	0.0	(-0.28408573520619884+0j)
-0.526	-0.27667600000000003	-0.005259017226879881	-0.2819394415428386	0.0	(-0.2819394415428386+0j)
-0.524	-0.27457600000000004	-0.005220886155371085	-0.2798012656892168	0.0	(-0.2798012656892168+0j)
-0.522	-0.272484	-0.0051828741029907865	-0.2776712079072749	0.0	(-0.2776712079072749+0j)
-0.52	-0.27040000000000003	-0.00514498134992436	-0.2755492684579812	0.0	(-0.2755492684579812+0j)
-0.518	-0.268324	-0.005107208175657352	-0.27343544760131844	0.0	(-0.27343544760131844+0j)
-0.516	-0.266256	-0.005069554858971315	-0.2713297455962886	0.0	(-0.2713297455962886+0j)
-0.514	-0.264196	-0.005032021677939924	-0.2692321627008909	0.0	(-0.2692321627008909+0j)
-0.512	-0.262144	-0.004994608909925535	-0.26714269917212746	0.0	(-0.26714269917212746+0j)
-0.51	-0.2601	-0.004957316831574965	-0.2650613552659886	0.0	(-0.2650613552659886+0j)
-0.508	-0.258064	-0.004920145718816049	-0.26298813123744896	0.0	(-0.26298813123744896+0j)
-0.506	-0.256036	-0.004883095846853425	-0.26092302734045614	0.0	(-0.26092302734045614+0j)
-0.504	-0.254016	-0.0048461674901650875	-0.2588660438279272	0.0	(-0.2588660438279272+0j)
-0.502	-0.252004	-0.004809360922498618	-0.256817180951748	0.0	(-0.256817180951748+0j)
-0.5	-0.25	-0.004772676416867072	-0.2547764389627475	0.0	(-0.2547764389627475+0j)
-0.498	-0.248004	-0.00473611424554532	-0.25274381811071495	0.0	(-0.25274381811071495+0j)
-0.496	-0.24601599999999998	-0.004699674680066601	-0.25071931864437097	0.0	(-0.25071931864437097+0j)
-0.494	-0.244036	-0.004663357991218531	-0.24870294081137512	0.0	(-0.24870294081137512+0j)
-0.492	-0.242064	-0.00462716444903899	-0.2466946848583107	0.0	(-0.2466946848583107+0j)
-0.49	-0.24009999999999998	-0.004591094322813349	-0.24469455103068471	0.0	(-0.24469455103068471+0j)
-0.488	-0.238144	-0.004555147881069699	-0.24270253957291962	0.0	(-0.24270253957291962+0j)
-0.486	-0.236196	-0.004519325391575624	-0.24071865072833465	0.0	(-0.24071865072833465+0j)
-0.484	-0.234256	-0.004483627121334655	-0.23874288473915864	0.0	(-0.23874288473915864+0j)
-0.482	-0.23232399999999997	-0.004448053336581936	-0.236775241846511	0.0	(-0.236775241846511+0j)
-0.48	-0.2304	-0.004412604302781342	-0.23481572229039982	0.0	(-0.23481572229039982+0j)
-0.47800000000000004	-0.22848400000000005	-0.004377280284621254	-0.23286432630971043	0.0	(-0.23286432630971043+0j)
-0.47600000000000003	-0.22657600000000003	-0.00434208154601079	-0.23092105414220446	0.0	(-0.23092105414220446+0j)
-0.47400000000000003	-0.22467600000000004	-0.00430700835007658	-0.2289859060245109	0.0	(-0.2289859060245109+0j)
-0.47200000000000003	-0.22278400000000004	-0.004272060959158663	-0.2270588821921242	0.0	(-0.2270588821921242+0j)
-0.47000000000000003	-0.22090000000000004	-0.004237239634807155	-0.22513998287938947	0.0	(-0.22513998287938947+0j)
-0.468	-0.21902400000000002	-0.00420254463777836	-0.22322920831950477	0.0	(-0.22322920831950477+0j)
-0.466	-0.21715600000000002	-0.004167976228031334	-0.22132655874451132	0.0	(-0.22132655874451132+0j)
-0.464	-0.21529600000000002	-0.004133534664724103	-0.2194320343852903	0.0	(-0.2194320343852903+0j)
-0.462	-0.21344400000000002	-0.004099220206210119	-0.21754563547155514	0.0	(-0.21754563547155514+0j)
-0.46	-0.2116	-0.004065033110034588	-0.21566736223184865	0.0	(-0.21566736223184865+0j)
-0.458	-0.209764	-0.004030973632930812	-0.21379721489353226	0.0	(-0.21379721489353226+0j)
-0.456	-0.207936	-0.003997042030816744	-0.21193519368279026	0.0	(-0.21193519368279026+0j)
-0.454	-0.20611600000000002	-0.00396323855879166	-0.21008129882462112	0.0	(-0.21008129882462112+0j)
-0.452	-0.204304	-0.003929563471131603	-0.20823553054282523	0.0	(-0.20823553054282523+0j)
-0.45	-0.2025	-0.003896017021286946	-0.20639788906001172	0.0	(-0.20639788906001172+0j)
-0.448	-0.20070400000000002	-0.00386259946187828	-0.20456837459759364	0.0	(-0.20456837459759364+0j)
-0.446	-0.198916	-0.0038293110446928624	-0.20274698737577315	0.0	(-0.20274698737577315+0j)
-0.444	-0.197136	-0.003796152020681176	-0.2009337276135474	0.0	(-0.2009337276135474+0j)
-0.442	-0.195364	-0.0037631226399533757	-0.19912859552870932	0.0	(-0.19912859552870932+0j)
-0.44	-0.1936	-0.0037302231517758466	-0.19733159133783018	0.0	(-0.19733159133783018+0j)
-0.438	-0.191844	-0.003697453804567652	-0.19554271525627356	0.0	(-0.19554271525627356+0j)
-0.436	-0.190096	-0.0036648148458967578	-0.19376196749818025	0.0	(-0.19376196749818025+0j)
-0.434	-0.188356	-0.0036323065224769246	-0.19198934827647443	0.0	(-0.19198934827647443+0j)
-0.432	-0.18662399999999998	-0.003599929080164266	-0.1902248578028565	0.0	(-0.1902248578028565+0j)
-0.43	-0.18489999999999998	-0.0035676827639533615	-0.18846849628780907	0.0	(-0.18846849628780907+0j)
-0.428	-0.18318399999999999	-0.003535567817974261	-0.18672026394059113	0.0	(-0.18672026394059113+0j)
-0.426	-0.181476	-0.003503584485488598	-0.18498016096923287	0.0	(-0.18498016096923287+0j)
-0.424	-0.179776	-0.0034717330088863685	-0.18324818758055536	0.0	(-0.18324818758055536+0j)
-0.422	-0.178084	-0.0034400136296826034	-0.18152434398014736	0.0	(-0.18152434398014736+0j)
-0.42	-0.17639999999999997	-0.003408426588513924	-0.17980863037238617	0.0	(-0.17980863037238617+0j)
-0.418	-0.174724	-0.0033769721251347695	-0.17810104696042828	0.0	(-0.17810104696042828+0j)
-0.41600000000000004	-0.17305600000000004	-0.003345650478414619	-0.17640159394621976	0.0	(-0.17640159394621976+0j)
-0.41400000000000003	-0.17139600000000002	-0.003314461886334108	-0.17471027153049332	0.0	(-0.17471027153049332+0j)
-0.41200000000000003	-0.16974400000000003	-0.0032834065859815853	-0.17302707991277877	0.0	(-0.17302707991277877+0j)
-0.41000000000000003	-0.16810000000000003	-0.003252484813550449	-0.17135201929140528	0.0	(-0.17135201929140528+0j)
-0.40800000000000003	-0.16646400000000003	-0.003221696804334928	-0.1696850898635045	0.0	(-0.1696850898635045+0j)
-0.406	-0.164836	-0.0031910427927273055	-0.16802629182502923	0.0	(-0.16802629182502923+0j)
-0.404	-0.16321600000000003	-0.003160523012214589	-0.16637562537074135	0.0	(-0.16637562537074135+0j)
-0.402	-0.16160400000000003	-0.003130137695374291	-0.16473309069424302	0.0	(-0.16473309069424302+0j)
-0.4	-0.16000000000000003	-0.0030998870738727646	-0.16309868798796887	0.0	(-0.16309868798796887+0j)
-0.398	-0.15840400000000002	-0.0030697713784604286	-0.16147241744320842	0.0	(-0.16147241744320842+0j)
-0.396	-0.156816	-0.003039790838969103	-0.15985427925011333	0.0	(-0.15985427925011333+0j)
-0.394	-0.155236	-0.003009945684308568	-0.15824427359771198	0.0	(-0.15824427359771198+0j)
-0.392	-0.15366400000000002	-0.002980236142463899	-0.15664240067392385	0.0	(-0.15664240067392385+0j)
-0.39	-0.1521	-0.0029506624404909143	-0.15504866066557477	0.0	(-0.15504866066557477+0j)
-0.388	-0.150544	-0.0029212248045142886	-0.1534630537584215	0.0	(-0.1534630537584215+0j)
-0.386	-0.14899600000000002	-0.0028919234597235555	-0.15188558013716383	0.0	(-0.15188558013716383+0j)
-0.384	-0.147456	-0.0028627586303699992	-0.15031623998546764	0.0	(-0.15031623998546764+0j)
-0.382	-0.145924	-0.002833730539764101	-0.1487550334859896	0.0	(-0.1487550334859896+0j)
-0.38	-0.1444	-0.0028048394102708762	-0.14720196082040057	0.0	(-0.14720196082040057+0j)
-0.378	-0.142884	-0.0027760854633078758	-0.14565702216941237	0.0	(-0.14565702216941237+0j)
-0.376	-0.141376	-0.0027474689193425217	-0.14412021771280867	0.0	(-0.14412021771280867+0j)
-0.374	-0.139876	-0.0027189899978870002	-0.14259154762947568	0.0	(-0.14259154762947568+0j)
-0.372	-0.138384	-0.0026906489174971515	-0.14107101209743472	0.0	(-0.14107101209743472+0j)
-0.37	-0.1369	-0.0026624458957678065	-0.1395586112938792	0.0	(-0.1395586112938792+0j)
-0.368	-0.135424	-0.002634381149330789	-0.13805434539521005	0.0	(-0.13805434539521005+0j)
-0.366	-0.133956	-0.002606454893851362	-0.13655821457708822	0.0	(-0.13655821457708822+0j)
-0.364	-0.132496	-0.0025786673440242325	-0.13507021901446484	0.0	(-0.13507021901446484+0j)
-0.362	-0.131044	-0.0025510187135726614	-0.13359035888164061	0.0	(-0.13359035888164061+0j)
-0.36	-0.1296	-0.002523509215243136	-0.13211863435231122	0.0	(-0.13211863435231122+0j)
-0.358	-0.128164	-0.0024961390608031486	-0.13065504559962085	0.0	(-0.13065504559962085+0j)
-0.356	-0.126736	-0.0024689084610389767	-0.129199592796229	0.0	(-0.129199592796229+0j)
-0.354	-0.12531599999999998	-0.0024418176257516855	-0.1277522761143612	0.0	(-0.1277522761143612+0j)
-0.352	-0.12390399999999999	-0.002414866763753576	-0.12631309572588698	0.0	(-0.12631309572588698+0j)
-0.35000000000000003	-0.12250000000000003	-0.0023880560828666297	-0.12488205180238153	0.0	(-0.12488205180238153+0j)
-0.34800000000000003	-0.12110400000000002	-0.002361385789918735	-0.1234591445152061	0.0	(-0.1234591445152061+0j)
-0.34600000000000003	-0.11971600000000002	-0.002334856090740578	-0.1220443740355917	0.0	(-0.1220443740355917+0j)
-0.34400000000000003	-0.11833600000000002	-0.0023084671901631992	-0.12063774053471618	0.0	(-0.12063774053471618+0j)
-0.342	-0.11696400000000001	-0.0022822192920144424	-0.11923924418380016	0.0	(-0.11923924418380016+0j)
-0.34	-0.11560000000000002	-0.002256112599116067	-0.11784888515420709	0.0	(-0.11784888515420709+0j)
-0.338	-0.11424400000000001	-0.0022301473132815275	-0.11646666361754233	0.0	(-0.11646666361754233+0j)
-0.336	-0.11289600000000001	-0.0022043236353121998	-0.11509257974576383	0.0	(-0.11509257974576383+0j)
-0.334	-0.11155600000000002	-0.0021786417649947154	-0.113726633711295	0.0	(-0.113726633711295+0j)
-0.332	-0.11022400000000002	-0.0021531019010987418	-0.11236882568715784	0.0	(-0.11236882568715784+0j)
-0.33	-0.10890000000000001	-0.002127704241372763	-0.1110191558470893	0.0	(-0.1110191558470893+0j)
-0.328	-0.10758400000000001	-0.0021024489825427484	-0.10967762436569539	0.0	(-0.10967762436569539+0j)
-0.326	-0.10627600000000001	-0.002077336320308154	-0.10834423141858579	0.0	(-0.10834423141858579+0j)
-0.324	-0.104976	-0.002052366449339482	-0.10701897718253958	0.0	(-0.10701897718253958+0j)
-0.322	-0.10368400000000001	-0.0020275395632753934	-0.10570186183566439	0.0	(-0.10570186183566439+0j)
-0.32	-0.1024	-0.0020028558547204867	-0.10439288555757455	0.0	(-0.10439288555757455+0j)
-0.318	-0.101124	-0.0019783155152410803	-0.10309204852957339	0.0	(-0.10309204852957339+0j)
-0.316	-0.099856	-0.001953918735364324	-0.10179935093485251	0.0	(-0.10179935093485251+0j)
-0.314	-0.098596	-0.0019296657045735355	-0.10051479295870085	0.0	(-0.10051479295870085+0j)
-0.312	-0.097344	-0.001905556611306869	-0.09923837478871443	0.0	(-0.09923837478871443+0j)
-0.31	-0.0961	-0.0018815916429542057	-0.097970096615042	0.0	(-0.097970096615042+0j)
-0.308	-0.094864	-0.0018577709858538238	-0.09670995863061928	0.0	(-0.09670995863061928+0j)
-0.306	-0.093636	-0.0018340948252901779	-0.09545796103143137	0.0	(-0.09545796103143137+0j)
-0.304	-0.092416	-0.001810563345491456	-0.0942141040167872	0.0	(-0.0942141040167872+0j)
-0.302	-0.091204	-0.0017871767296264718	-0.09297838778960849	0.0	(-0.09297838778960849+0j)
-0.3	-0.09	-0.0017639351598024433	-0.09175081255672835	0.0	(-0.09175081255672835+0j)
-0.298	-0.088804	-0.0017408388170609967	-0.09053137852921699	0.0	(-0.09053137852921699+0j)
-0.296	-0.08761599999999999	-0.0017178878813779441	-0.0893200859227186	0.0	(-0.0893200859227186+0j)
-0.294	-0.08643599999999999	-0.0016950825316581764	-0.08811693495780681	0.0	(-0.08811693495780681+0j)
-0.292	-0.08526399999999999	-0.001672422945734775	-0.08692192586036095	0.0	(-0.08692192586036095+0j)
-0.29	-0.0841	-0.0016499093003654597	-0.0857350588619576	0.0	(-0.0857350588619576+0j)
-0.28800000000000003	-0.08294400000000002	-0.0016275417712305895	-0.08455633420028837	0.0	(-0.08455633420028837+0j)
-0.28600000000000003	-0.08179600000000002	-0.0016053205329300546	-0.0833857521195965	0.0	(-0.0833857521195965+0j)
-0.28400000000000003	-0.08065600000000002	-0.0015832457589812776	-0.08222331287113249	0.0	(-0.08222331287113249+0j)
-0.28200000000000003	-0.07952400000000001	-0.0015613176218161051	-0.08106901671363767	0.0	(-0.08106901671363767+0j)
-0.28	-0.07840000000000001	-0.0015395362927792533	-0.0799228639138506	0.0	(-0.0799228639138506+0j)
-0.278	-0.07728400000000002	-0.0015179019421243112	-0.07878485474703445	0.0	(-0.07878485474703445+0j)
-0.276	-0.07617600000000001	-0.0014964147390124083	-0.07765498949753341	0.0	(-0.07765498949753341+0j)
-0.274	-0.07507600000000002	-0.0014750748515095502	-0.07653326845935453	0.0	(-0.07653326845935453+0j)
-0.272	-0.07398400000000001	-0.001453882446584398	-0.07541969193677907	0.0	(-0.07541969193677907+0j)
-0.27	-0.0729	-0.0014328376901042716	-0.074314260244993	0.0	(-0.074314260244993+0j)
-0.268	-0.07182400000000001	-0.0014119407468351497	-0.07321697371075864	0.0	(-0.07321697371075864+0j)
-0.266	-0.07075600000000001	-0.0013911917804367846	-0.07212783267310599	0.0	(-0.07212783267310599+0j)
-0.264	-0.06969600000000001	-0.0013705909534631466	-0.07104683748405584	0.0	(-0.07104683748405584+0j)
-0.262	-0.06864400000000001	-0.0013501384273566508	-0.06997398850937782	0.0	(-0.06997398850937782+0j)
-0.26	-0.06760000000000001	-0.0013298343624481568	-0.06890928612937246	0.0	(-0.06890928612937246+0j)
-0.258	-0.066564	-0.0013096789179547486	-0.06785273073969013	0.0	(-0.06785273073969013+0j)
-0.256	-0.065536	-0.0012896722519757375	-0.0668043227521745	0.0	(-0.0668043227521745+0j)
-0.254	-0.064516	-0.0012698145214917744	-0.06576406259574792	0.0	(-0.06576406259574792+0j)
-0.252	-0.063504	-0.0012501058823621847	-0.064731950717316	0.0	(-0.064731950717316+0j)
-0.25	-0.0625	-0.0012305464893214157	-0.06370798758271139	0.0	(-0.06370798758271139+0j)
-0.248	-0.061503999999999996	-0.0012111364959790372	-0.06269217367766668	0.0	(-0.06269217367766668+0j)
-0.246	-0.060516	-0.0011918760548157437	-0.06168450950881234	0.0	(-0.06168450950881234+0j)
-0.244	-0.059536	-0.0011727653171815788	-0.06068499560470998	0.0	(-0.06068499560470998+0j)
-0.242	-0.058564	-0.001153804433294603	-0.0596936325169121	0.0	(-0.0596936325169121+0j)
-0.24	-0.0576	-0.001134993552236896	-0.05871042082104018	0.0	(-0.05871042082104018+0j)
-0.23800000000000002	-0.05664400000000001	-0.0011163328219536695	-0.05773536111789849	0.0	(-0.05773536111789849+0j)
-0.23600000000000002	-0.05569600000000001	-0.0010978223892514904	-0.05676845403460254	0.0	(-0.05676845403460254+0j)
-0.234	-0.054756000000000006	-0.0010794623997942843	-0.05580970022572621	0.0	(-0.05580970022572621+0j)
-0.232	-0.053824000000000004	-0.0010612529981020025	-0.05485910037446912	0.0	(-0.05485910037446912+0j)
-0.23	-0.0529	-0.0010431943275510669	-0.053916655193835386	0.0	(-0.053916655193835386+0j)
-0.228	-0.051984	-0.0010252865303672642	-0.0529823654278156	0.0	(-0.0529823654278156+0j)
-0.226	-0.051076	-0.0010075297476284106	-0.05205623185257957	0.0	(-0.05205623185257957+0j)
-0.224	-0.050176000000000005	-0.0009899241192590225	-0.0511382552776631	0.0	(-0.0511382552776631+0j)
-0.222	-0.049284	-0.0009724697840289842	-0.050228436547146905	0.0	(-0.050228436547146905+0j)
-0.22	-0.0484	-0.0009551668795539925	-0.04932677654082651	0.0	(-0.04932677654082651+0j)
-0.218	-0.047524	-0.0009380155422897829	-0.04843327617535231	0.0	(-0.04843327617535231+0j)
-0.216	-0.046655999999999996	-0.0009210159075316859	-0.04754793640534862	0.0	(-0.04754793640534862+0j)
-0.214	-0.045795999999999996	-0.0009041681094141829	-0.046670758224489135	0.0	(-0.046670758224489135+0j)
-0.212	-0.044944	-0.000887472280906465	-0.04580174266652939	0.0	(-0.04580174266652939+0j)
-0.21	-0.04409999999999999	-0.0008709285538115452	-0.04494089080627712	0.0	(-0.04494089080627712+0j)
-0.20800000000000002	-0.04326400000000001	-0.0008545370587644818	-0.04408820376050049	0.0	(-0.04408820376050049+0j)
-0.20600000000000002	-0.04243600000000001	-0.0008382979252306022	-0.04324368268874965	0.0	(-0.04324368268874965+0j)
-0.20400000000000001	-0.04161600000000001	-0.00082221128150195	-0.042407328794092286	0.0	(-0.042407328794092286+0j)
-0.202	-0.04080400000000001	-0.0008062772546986174	-0.04157914332374113	0.0	(-0.04157914332374113+0j)
-0.2	-0.04000000000000001	-0.0007904959707625281	-0.04075912756956268	0.0	(-0.04075912756956268+0j)
-0.198	-0.039204	-0.0007748675544605454	-0.039947282868454954	0.0	(-0.039947282868454954+0j)
-0.196	-0.038416000000000006	-0.0007593921293782557	-0.03914361060257567	0.0	(-0.03914361060257567+0j)
-0.194	-0.037636	-0.0007440698179204119	-0.0383481121994106	0.0	(-0.0383481121994106+0j)
-0.192	-0.036864	-0.0007289007413078252	-0.037560789131663316	0.0	(-0.037560789131663316+0j)
-0.19	-0.0361	-0.000713885019577809	-0.036781642916952045	0.0	(-0.036781642916952045+0j)
-0.188	-0.035344	-0.0006990227715801822	-0.0360106751172979	0.0	(-0.0360106751172979+0j)
-0.186	-0.034596	-0.000684314114976381	-0.03524788733839212	0.0	(-0.03524788733839212+0j)
-0.184	-0.033856	-0.0006697591662367941	-0.03449328122862177	0.0	(-0.03449328122862177+0j)
-0.182	-0.033124	-0.0006553580406416515	-0.03374685847784725	0.0	(-0.03374685847784725+0j)
-0.18	-0.0324	-0.0006411108522756948	-0.033008620815912215	0.0	(-0.033008620815912215+0j)
-0.178	-0.031684	-0.0006270177140299538	-0.03227857001087517	0.0	(-0.03227857001087517+0j)
-0.176	-0.030975999999999997	-0.0006130787375964175	-0.031556707866956225	0.0	(-0.031556707866956225+0j)
-0.17400000000000002	-0.030276000000000004	-0.0005992940334698105	-0.03084303622218244	0.0	(-0.03084303622218244+0j)
-0.17200000000000001	-0.029584000000000006	-0.0005856637109440399	-0.03013755694573043	0.0	(-0.03013755694573043+0j)
-0.17	-0.028900000000000006	-0.0005721878781113077	-0.02944027193495828	0.0	(-0.02944027193495828+0j)
-0.168	-0.028224000000000003	-0.0005588666418603339	-0.028751183112122883	0.0	(-0.028751183112122883+0j)
-0.166	-0.027556000000000004	-0.0005457001078736923	-0.02807029242078506	0.0	(-0.02807029242078506+0j)
-0.164	-0.026896000000000003	-0.0005326883806295868	-0.027397601821902144	0.0	(-0.027397601821902144+0j)
-0.162	-0.026244	-0.0005198315633938577	-0.02673311328961426	0.0	(-0.02673311328961426+0j)
-0.16	-0.0256	-0.0005071297582261991	-0.02607682880673661	0.0	(-0.02607682880673661+0j)
-0.158	-0.024964	-0.0004945830659748296	-0.025428750359960447	0.0	(-0.025428750359960447+0j)
-0.156	-0.024336	-0.0004821915862720516	-0.024788879934786335	0.0	(-0.024788879934786335+0j)
-0.154	-0.023716	-0.0004699554175386922	-0.0241572195102066	0.0	(-0.0241572195102066+0j)
-0.152	-0.023104	-0.0004578746569796621	-0.02353377105315306	0.0	(-0.02353377105315306+0j)
-0.15	-0.0225	-0.0004459494005804032	-0.022918536512740246	0.0	(-0.022918536512740246+0j)
-0.148	-0.021903999999999996	-0.0004341797431086647	-0.022311517814331917	0.0	(-0.022311517814331917+0j)
-0.146	-0.021315999999999998	-0.00042256577811450313	-0.021712716853455955	0.0	(-0.021712716853455955+0j)
-0.14400000000000002	-0.020736000000000004	-0.00041110759792406526	-0.02112213548960231	0.0	(-0.02112213548960231+0j)
-0.14200000000000002	-0.020164000000000005	-0.0003998052936404761	-0.02053977553994164	0.0	(-0.02053977553994164+0j)
-0.14	-0.019600000000000003	-0.0003886589551438391	-0.01996563877299682	0.0	(-0.01996563877299682+0j)
-0.138	-0.019044000000000002	-0.00037766867108857127	-0.019399726902301472	0.0	(-0.019399726902301472+0j)
-0.136	-0.018496000000000002	-0.00036683452889896273	-0.01884204158009013	0.0	(-0.01884204158009013+0j)
-0.134	-0.017956000000000003	-0.0003561566147798345	-0.018292584391046272	0.0	(-0.018292584391046272+0j)
-0.132	-0.017424000000000002	-0.00034563501369433425	-0.017751356846146704	0.0	(-0.017751356846146704+0j)
-0.13	-0.016900000000000002	-0.0003352698093852524	-0.017218360376644783	0.0	(-0.017218360376644783+0j)
-0.128	-0.016384	-0.0003250610843572588	-0.016693596328204805	0.0	(-0.016693596328204805+0j)
-0.126	-0.015876	-0.00031500891988578417	-0.01617706595522917	0.0	(-0.01617706595522917+0j)
-0.124	-0.015375999999999999	-0.00030511339600991505	-0.015668770415393864	0.0	(-0.015668770415393864+0j)
-0.122	-0.014884	-0.00029537459153239354	-0.015168710764413706	0.0	(-0.015168710764413706+0j)
-0.12	-0.0144	-0.00028579258402139374	-0.014676887951044987	0.0	(-0.014676887951044987+0j)
-0.11800000000000001	-0.013924000000000002	-0.00027636744980163996	-0.014193302812338176	0.0	(-0.014193302812338176+0j)
-0.116	-0.013456000000000001	-0.0002670992639686176	-0.01371795606912736	0.0	(-0.01371795606912736+0j)
-0.114	-0.012996	-0.00025798810036725683	-0.013250848321757634	0.0	(-0.013250848321757634+0j)
-0.112	-0.012544000000000001	-0.0002490340316079198	-0.012791980046026259	0.0	(-0.012791980046026259+0j)
-0.11	-0.0121	-0.00024023712905574257	-0.012341351589311359	0.0	(-0.012341351589311359+0j)
-0.108	-0.011663999999999999	-0.00023159746283596405	-0.011898963166843794	0.0	(-0.011898963166843794+0j)
-0.106	-0.011236	-0.000223115101823268	-0.011464814858081894	0.0	(-0.011464814858081894+0j)
-0.10400000000000001	-0.010816000000000003	-0.00021479011364888834	-0.011038906603124423	0.0	(-0.011038906603124423+0j)
-0.10200000000000001	-0.010404000000000002	-0.00020662256470060925	-0.010621238199079935	0.0	(-0.010621238199079935+0j)
-0.1	-0.010000000000000002	-0.00019861252011921238	-0.010211809296303748	0.0	(-0.010211809296303748+0j)
-0.098	-0.009604000000000001	-0.0001907600437895951	-0.009810619394409385	0.0	(-0.009810619394409385+0j)
-0.096	-0.009216	-0.00018306519835675772	-0.009417667837907748	0.0	(-0.009417667837907748+0j)
-0.094	-0.008836	-0.00017552804520448717	-0.009032953811351236	0.0	(-0.009032953811351236+0j)
-0.092	-0.008464	-0.00016814864447667333	-0.008656476333790233	0.0	(-0.008656476333790233+0j)
-0.09	-0.0081	-0.0001609270550559927	-0.008288234252360836	0.0	(-0.008288234252360836+0j)
-0.088	-0.007743999999999999	-0.00015386333457456658	-0.00792822623477106	0.0	(-0.00792822623477106+0j)
-0.08600000000000001	-0.0073960000000000015	-0.00014695753941751377	-0.00757645076039757	0.0	(-0.00757645076039757+0j)
-0.084	-0.007056000000000001	-0.000140209724705187	-0.007232906109704168	0.0	(-0.007232906109704168+0j)
-0.082	-0.006724000000000001	-0.0001336199443109365	-0.006897590351578011	0.0	(-0.006897590351578011+0j)
-0.08	-0.0064	-0.00012718825083624097	-0.006570501328180474	0.0	(-0.006570501328180474+0j)
-0.078	-0.006084	-0.0001209146956462348	-0.0062516366367347	0.0	(-0.0062516366367347+0j)
-0.076	-0.005776	-0.00011479932883418087	-0.005940993607661308	0.0	(-0.005940993607661308+0j)
-0.074	-0.005475999999999999	-0.0001088421992392341	-0.005638569278284178	0.0	(-0.005638569278284178+0j)
-0.07200000000000001	-0.005184000000000001	-0.0001030433544393361	-0.005344360361191211	0.0	(-0.005344360361191211+0j)
-0.07	-0.004900000000000001	-9.740284075121508e-05	-0.005058363206135997	0.0	(-0.005058363206135997+0j)
-0.068	-0.0046240000000000005	-9.192070323393864e-05	-0.004780573754109804	0.0	(-0.004780573754109804+0j)
-0.066	-0.0043560000000000005	-8.659698568891372e-05	-0.0045109874818972705	0.0	(-0.0045109874818972705+0j)
-0.064	-0.004096	-8.143173064922848e-05	-0.004249599335051596	0.0	(-0.004249599335051596+0j)
-0.062	-0.0038439999999999998	-7.64249793760996e-05	-0.003996403646727982	0.0	(-0.003996403646727982+0j)
-0.06	-0.0036	-7.157677188729394e-05	-0.0037513940391009568	0.0	(-0.0037513940391009568+0j)
-0.058	-0.0033640000000000002	-6.688714691449604e-05	-0.003514563303417269	0.0	(-0.003514563303417269+0j)
-0.056	-0.0031360000000000003	-6.235614195304606e-05	-0.003285903253507968	0.0	(-0.003285903253507968+0j)
-0.054	-0.0029159999999999998	-5.798379321220182e-05	-0.003065404546405296	0.0	(-0.003065404546405296+0j)
-0.052000000000000005	-0.0027040000000000007	-5.37701356222442e-05	-0.0028530564619094704	0.0	(-0.0028530564619094704+0j)
-0.05	-0.0025000000000000005	-4.971520289132059e-05	-0.0026488466305482163	0.0	(-0.0026488466305482163+0j)
-0.048	-0.002304	-4.5819027420179737e-05	-0.002452760696716579	0.0	(-0.002452760696716579+0j)
-0.046	-0.002116	-4.208164034480433e-05	-0.0022647818997372157	0.0	(-0.0022647818997372157+0j)
-0.044	-0.0019359999999999998	-3.850307156483268e-05	-0.002084890550573133	0.0	(-0.002084890550573133+0j)
-0.042	-0.0017640000000000002	-3.508334968671534e-05	-0.0019130633755641573	0.0	(-0.0019130633755641573+0j)
-0.04	-0.0016	-3.182250205213677e-05	-0.001749272689835792	0.0	(-0.001749272689835792+0j)
-0.038	-0.001444	-2.8720554723804526e-05	-0.0015934853520198425	0.0	(-0.0015934853520198425+0j)
-0.036000000000000004	-0.0012960000000000003	-2.5777532528081792e-05	-0.0014456614373229836	0.0	(-0.0014456614373229836+0j)
-0.034	-0.0011560000000000001	-2.299345899814398e-05	-0.0013057525476001634	0.0	(-0.0013057525476001634+0j)
-0.032	-0.001024	-2.036835635976786e-05	-0.0011736996535367645	0.0	(-0.0011736996535367645+0j)
-0.03	-0.0009	-1.790224567344012e-05	-0.001049430334319268	0.0	(-0.001049430334319268+0j)
-0.028	-0.0007840000000000001	-1.559514660698369e-05	-0.0009328552461068453	0.0	(-0.0009328552461068453+0j)
-0.026000000000000002	-0.0006760000000000002	-1.3447077606087987e-05	-0.000823863610219467	0.0	(-0.000823863610219467+0j)
-0.024	-0.000576	-1.1458055951152346e-05	-0.0007223174721065778	0.0	(-0.0007223174721065778+0j)
-0.022	-0.00048399999999999995	-9.6280974162255e-06	-0.0006280444524700287	0.0	(-0.0006280444524700287+0j)
-0.02	-0.0004	-7.957216723752936e-06	-0.0005408287058728167	0.0	(-0.0005408287058728167+0j)
-0.018000000000000002	-0.00032400000000000007	-6.445427118251246e-06	-0.000460399860625599	0.0	(-0.000460399860625599+0j)
-0.016	-0.000256	-5.092740821055486e-06	-0.00038641987716662334	0.0	(-0.00038641987716662334+0j)
-0.014	-0.00019600000000000002	-3.89916863241524e-06	-0.00031846811374829196	0.0	(-0.00031846811374829196+0j)
-0.012	-0.000144	-2.8647202725551324e-06	-0.00025602549783601157	0.0	(-0.00025602549783601157+0j)
-0.01	-0.0001	-1.989403472180129e-06	-0.0001984596401236415	0.0	(-0.0001984596401236415+0j)
-0.008	-6.4e-05	-1.2732261893688701e-06	-0.00014501390190527997	0.0	(-0.00014501390190527997+0j)
-0.006	-3.6e-05	-7.161934263422154e-07	-9.48045878734238e-05	0.0	(-9.48045878734238e-05+0j)
-0.004	-1.6e-05	-3.1831041269470006e-07	-4.683077009172711e-05	0.0	(-4.683077009172711e-05+0j)
-0.002	-4e-06	-7.957714842632413e-08	8.09356921760429e-17	-0.03275272927628521	(8.09356921760429e-17-0.03275272927628521j)
0.002	4e-06	7.957714842632413e-08	8.09356921760429e-17	0.03275272927628521	(8.09356921760429e-17+0.03275272927628521j)
0.004	1.6e-05	3.1831041269470006e-07	4.6830770091726496e-05	0.0	(4.6830770091726496e-05+0j)
0.006	3.6e-05	7.161934263422154e-07	9.480458787342067e-05	0.0	(9.480458787342067e-05+0j)
0.008	6.4e-05	1.2732261893688701e-06	0.00014501390190528268	0.0	(0.00014501390190528268+0j)
0.01	0.0001	1.989403472180129e-06	0.0001984596401236427	0.0	(0.0001984596401236427+0j)
0.012	0.000144	2.8647202725551324e-06	0.00025602549783601395	0.0	(0.00025602549783601395+0j)
0.014	0.00019600000000000002	3.89916863241524e-06	0.00031846811374828453	0.0	(0.00031846811374828453+0j)
0.016	0.000256	5.092740821055486e-06	0.0003864198771666265	0.0	(0.0003864198771666265+0j)
0.018000000000000002	0.00032400000000000007	6.445427118251246e-06	0.0004603998606255961	0.0	(0.0004603998606255961+0j)
0.02	0.0004	7.957216723752936e-06	0.0005408287058728431	0.0	(0.0005408287058728431+0j)
0.022	0.00048399999999999995	9.6280974162255e-06	0.0006280444524700323	0.0	(0.0006280444524700323+0j)
0.024	0.000576	1.1458055951152346e-05	0.000722317472106589	0.0	(0.000722317472106589+0j)
0.026000000000000002	0.0006760000000000002	1.3447077606087987e-05	0.0008238636102194697	0.0	(0.0008238636102194697+0j)
0.028	0.0007840000000000001	1.559514660698369e-05	0.0009328552461068687	0.0	(0.0009328552461068687+0j)
0.03	0.0009	1.790224567344012e-05	0.0010494303343192475	0.0	(0.0010494303343192475+0j)
0.032	0.001024	2.036835635976786e-05	0.0011736996535368501	0.0	(0.0011736996535368501+0j)
0.034	0.0011560000000000001	2.299345899814398e-05	0.0013057525476001496	0.0	(0.0013057525476001496+0j)
0.036000000000000004	0.0012960000000000003	2.5777532528081792e-05	0.0014456614373230092	0.0	(0.0014456614373230092+0j)
0.038	0.001444	2.8720554723804526e-05	0.001593485352019808	0.0	(0.001593485352019808+0j)
0.04	0.0016	3.182250205213677e-05	0.001749272689835763	0.0	(0.001749272689835763+0j)
0.042	0.0017640000000000002	3.508334968671534e-05	0.0019130633755641449	0.0	(0.0019130633755641449+0j)
0.044	0.0019359999999999998	3.850307156483268e-05	0.0020848905505731047	0.0	(0.0020848905505731047+0j)
0.046	0.002116	4.208164034480433e-05	0.002264781899737211	0.0	(0.002264781899737211+0j)
0.048	0.002304	4.5819027420179737e-05	0.002452760696716577	0.0	(0.002452760696716577+0j)
0.05	0.0025000000000000005	4.971520289132059e-05	0.0026488466305482046	0.0	(0.0026488466305482046+0j)
0.052000000000000005	0.0027040000000000007	5.37701356222442e-05	0.002853056461909474	0.0	(0.002853056461909474+0j)
0.054	0.0029159999999999998	5.798379321220182e-05	0.0030654045464052738	0.0	(0.0030654045464052738+0j)
0.056	0.0031360000000000003	6.235614195304606e-05	0.0032859032535079978	0.0	(0.0032859032535079978+0j)
0.058	0.0033640000000000002	6.688714691449604e-05	0.0035145633034172727	0.0	(0.0035145633034172727+0j)
0.06	0.0036	7.157677188729394e-05	0.0037513940391009797	0.0	(0.0037513940391009797+0j)
0.062	0.0038439999999999998	7.64249793760996e-05	0.003996403646727952	0.0	(0.003996403646727952+0j)
0.064	0.004096	8.143173064922848e-05	0.004249599335051607	0.0	(0.004249599335051607+0j)
0.066	0.0043560000000000005	8.659698568891372e-05	0.004510987481897274	0.0	(0.004510987481897274+0j)
0.068	0.0046240000000000005	9.192070323393864e-05	0.004780573754109782	0.0	(0.004780573754109782+0j)
0.07	0.004900000000000001	9.740284075121508e-05	0.005058363206135982	0.0	(0.005058363206135982+0j)
0.07200000000000001	0.005184000000000001	0.0001030433544393361	0.0053443603611912265	0.0	(0.0053443603611912265+0j)
0.074	0.005475999999999999	0.0001088421992392341	0.0056385692782841895	0.0	(0.0056385692782841895+0j)
0.076	0.005776	0.00011479932883418087	0.005940993607661328	0.0	(0.005940993607661328+0j)
0.078	0.006084	0.0001209146956462348	0.006251636636734678	0.0	(0.006251636636734678+0j)
0.08	0.0064	0.00012718825083624097	0.006570501328180493	0.0	(0.006570501328180493+0j)
0.082	0.006724000000000001	0.0001336199443109365	0.006897590351578016	0.0	(0.006897590351578016+0j)
0.084	0.007056000000000001	0.000140209724705187	0.0072329061097041875	0.0	(0.0072329061097041875+0j)
0.08600000000000001	0.0073960000000000015	0.00014695753941751377	0.007576450760397591	0.0	(0.007576450760397591+0j)
0.088	0.007743999999999999	0.00015386333457456658	0.007928226234771078	0.0	(0.007928226234771078+0j)
0.09	0.0081	0.0001609270550559927	0.008288234252360829	0.0	(0.008288234252360829+0j)
0.092	0.008464	0.00016814864447667333	0.008656476333790195	0.0	(0.008656476333790195+0j)
0.094	0.008836	0.00017552804520448717	0.00903295381135131	0.0	(0.00903295381135131+0j)
0.096	0.009216	0.00018306519835675772	0.0094176678379078	0.0	(0.0094176678379078+0j)
0.098	0.009604000000000001	0.0001907600437895951	0.009810619394409343	0.0	(0.009810619394409343+0j)
0.1	0.010000000000000002	0.00019861252011921238	0.01021180929630379	0.0	(0.01021180929630379+0j)
0.10200000000000001	0.010404000000000002	0.00020662256470060925	0.010621238199079851	0.0	(0.010621238199079851+0j)
0.10400000000000001	0.010816000000000003	0.00021479011364888834	0.011038906603124484	0.0	(0.011038906603124484+0j)
0.106	0.011236	0.000223115101823268	0.011464814858081925	0.0	(0.011464814858081925+0j)
0.108	0.011663999999999999	0.00023159746283596405	0.011898963166843806	0.0	(0.011898963166843806+0j)
0.11	0.0121	0.00024023712905574257	0.012341351589311395	0.0	(0.012341351589311395+0j)
0.112	0.012544000000000001	0.0002490340316079198	0.012791980046026276	0.0	(0.012791980046026276+0j)
0.114	0.012996	0.00025798810036725683	0.013250848321757413	0.0	(0.013250848321757413+0j)
0.116	0.013456000000000001	0.0002670992639686176	0.013717956069127207	0.0	(0.013717956069127207+0j)
0.11800000000000001	0.013924000000000002	0.00027636744980163996	0.01419330281233811	0.0	(0.01419330281233811+0j)
0.12	0.0144	0.00028579258402139374	0.014676887951045044	0.0	(0.014676887951045044+0j)
0.122	0.014884	0.00029537459153239354	0.01516871076441372	0.0	(0.01516871076441372+0j)
0.124	0.015375999999999999	0.00030511339600991505	0.015668770415393805	0.0	(0.015668770415393805+0j)
0.126	0.015876	0.00031500891988578417	0.016177065955229254	0.0	(0.016177065955229254+0j)
0.128	0.016384	0.0003250610843572588	0.016693596328204743	0.0	(0.016693596328204743+0j)
0.13	0.016900000000000002	0.0003352698093852524	0.017218360376644953	0.0	(0.017218360376644953+0j)
0.132	0.017424000000000002	0.00034563501369433425	0.017751356846146604	0.0	(0.017751356846146604+0j)
0.134	0.017956000000000003	0.0003561566147798345	0.01829258439104625	0.0	(0.01829258439104625+0j)
0.136	0.018496000000000002	0.00036683452889896273	0.01884204158009025	0.0	(0.01884204158009025+0j)
0.138	0.019044000000000002	0.00037766867108857127	0.019399726902301517	0.0	(0.019399726902301517+0j)
0.14	0.019600000000000003	0.0003886589551438391	0.019965638772996792	0.0	(0.019965638772996792+0j)
0.14200000000000002	0.020164000000000005	0.0003998052936404761	0.020539775539941622	0.0	(0.020539775539941622+0j)
0.14400000000000002	0.020736000000000004	0.00041110759792406526	0.021122135489602328	0.0	(0.021122135489602328+0j)
0.146	0.021315999999999998	0.00042256577811450313	0.02171271685345589	0.0	(0.02171271685345589+0j)
0.148	0.021903999999999996	0.0004341797431086647	0.022311517814331924	0.0	(0.022311517814331924+0j)
0.15	0.0225	0.0004459494005804032	0.02291853651274045	0.0	(0.02291853651274045+0j)
0.152	0.023104	0.0004578746569796621	0.02353377105315283	0.0	(0.02353377105315283+0j)
0.154	0.023716	0.0004699554175386922	0.024157219510206718	0.0	(0.024157219510206718+0j)
0.156	0.024336	0.0004821915862720516	0.024788879934786286	0.0	(0.024788879934786286+0j)
0.158	0.024964	0.0004945830659748296	0.025428750359960558	0.0	(0.025428750359960558+0j)
0.16	0.0256	0.0005071297582261991	0.026076828806736774	0.0	(0.026076828806736774+0j)
0.162	0.026244	0.0005198315633938577	0.02673311328961427	0.0	(0.02673311328961427+0j)
0.164	0.026896000000000003	0.0005326883806295868	0.027397601821902037	0.0	(0.027397601821902037+0j)
0.166	0.027556000000000004	0.0005457001078736923	0.028070292420785035	0.0	(0.028070292420785035+0j)
0.168	0.028224000000000003	0.0005588666418603339	0.028751183112122793	0.0	(0.028751183112122793+0j)
0.17	0.028900000000000006	0.0005721878781113077	0.02944027193495828	0.0	(0.02944027193495828+0j)
0.17200000000000001	0.029584000000000006	0.0005856637109440399	0.030137556945730573	0.0	(0.030137556945730573+0j)
0.17400000000000002	0.030276000000000004	0.0005992940334698105	0.03084303622218242	0.0	(0.03084303622218242+0j)
0.176	0.030975999999999997	0.0006130787375964175	0.03155670786695634	0.0	(0.03155670786695634+0j)
0.178	0.031684	0.0006270177140299538	0.03227857001087526	0.0	(0.03227857001087526+0j)
0.18	0.0324	0.0006411108522756948	0.03300862081591204	0.0	(0.03300862081591204+0j)
0.182	0.033124	0.0006553580406416515	0.033746858477847516	0.0	(0.033746858477847516+0j)
0.184	0.033856	0.0006697591662367941	0.03449328122862165	0.0	(0.03449328122862165+0j)
0.186	0.034596	0.000684314114976381	0.035247887338392514	0.0	(0.035247887338392514+0j)
0.188	0.035344	0.0006990227715801822	0.036010675117298205	0.0	(0.036010675117298205+0j)
0.19	0.0361	0.000713885019577809	0.03678164291695206	0.0	(0.03678164291695206+0j)
0.192	0.036864	0.0007289007413078252	0.037560789131663566	0.0	(0.037560789131663566+0j)
0.194	0.037636	0.0007440698179204119	0.03834811219941068	0.0	(0.03834811219941068+0j)
0.196	0.038416000000000006	0.0007593921293782557	0.039143610602575575	0.0	(0.039143610602575575+0j)
0.198	0.039204	0.0007748675544605454	0.03994728286845476	0.0	(0.03994728286845476+0j)
0.2	0.04000000000000001	0.0007904959707625281	0.04075912756956236	0.0	(0.04075912756956236+0j)
0.202	0.04080400000000001	0.0008062772546986174	0.041579143323741075	0.0	(0.041579143323741075+0j)
0.20400000000000001	0.04161600000000001	0.00082221128150195	0.042407328794092265	0.0	(0.042407328794092265+0j)
0.20600000000000002	0.04243600000000001	0.0008382979252306022	0.04324368268874951	0.0	(0.04324368268874951+0j)
0.20800000000000002	0.04326400000000001	0.0008545370587644818	0.04408820376050047	0.0	(0.04408820376050047+0j)
0.21	0.04409999999999999	0.0008709285538115452	0.04494089080627709	0.0	(0.04494089080627709+0j)
0.212	0.044944	0.000887472280906465	0.04580174266652935	0.0	(0.04580174266652935+0j)
0.214	0.045795999999999996	0.0009041681094141829	0.04667075822448905	0.0	(0.04667075822448905+0j)
0.216	0.046655999999999996	0.0009210159075316859	0.04754793640534861	0.0	(0.04754793640534861+0j)
0.218	0.047524	0.0009380155422897829	0.048433276175352605	0.0	(0.048433276175352605+0j)
0.22	0.0484	0.0009551668795539925	0.049326776540826366	0.0	(0.049326776540826366+0j)
0.222	0.049284	0.0009724697840289842	0.05022843654714672	0.0	(0.05022843654714672+0j)
0.224	0.050176000000000005	0.0009899241192590225	0.051138255277663074	0.0	(0.051138255277663074+0j)
0.226	0.051076	0.0010075297476284106	0.052056231852579814	0.0	(0.052056231852579814+0j)
0.228	0.051984	0.0010252865303672642	0.05298236542781551	0.0	(0.05298236542781551+0j)
0.23	0.0529	0.0010431943275510669	0.05391665519383535	0.0	(0.05391665519383535+0j)
0.232	0.053824000000000004	0.0010612529981020025	0.054859100374469116	0.0	(0.054859100374469116+0j)
0.234	0.054756000000000006	0.0010794623997942843	0.055809700225726594	0.0	(0.055809700225726594+0j)
0.23600000000000002	0.05569600000000001	0.0010978223892514904	0.056768454034602185	0.0	(0.056768454034602185+0j)
0.23800000000000002	0.05664400000000001	0.0011163328219536695	0.05773536111789854	0.0	(0.05773536111789854+0j)
0.24	0.0576	0.001134993552236896	0.05871042082104051	0.0	(0.05871042082104051+0j)
0.242	0.058564	0.001153804433294603	0.05969363251691186	0.0	(0.05969363251691186+0j)
0.244	0.059536	0.0011727653171815788	0.06068499560470999	0.0	(0.06068499560470999+0j)
0.246	0.060516	0.0011918760548157437	0.061684509508811845	0.0	(0.061684509508811845+0j)
0.248	0.061503999999999996	0.0012111364959790372	0.06269217367766663	0.0	(0.06269217367766663+0j)
0.25	0.0625	0.0012305464893214157	0.06370798758271176	0.0	(0.06370798758271176+0j)
0.252	0.063504	0.0012501058823621847	0.06473195071731601	0.0	(0.06473195071731601+0j)
0.254	0.064516	0.0012698145214917744	0.0657640625957477	0.0	(0.0657640625957477+0j)
0.256	0.065536	0.0012896722519757375	0.06680432275217442	0.0	(0.06680432275217442+0j)
0.258	0.066564	0.0013096789179547486	0.06785273073968998	0.0	(0.06785273073968998+0j)
0.26	0.06760000000000001	0.0013298343624481568	0.06890928612937296	0.0	(0.06890928612937296+0j)
0.262	0.06864400000000001	0.0013501384273566508	0.06997398850937836	0.0	(0.06997398850937836+0j)
0.264	0.06969600000000001	0.0013705909534631466	0.07104683748405603	0.0	(0.07104683748405603+0j)
0.266	0.07075600000000001	0.0013911917804367846	0.07212783267310577	0.0	(0.07212783267310577+0j)
0.268	0.07182400000000001	0.0014119407468351497	0.07321697371075901	0.0	(0.07321697371075901+0j)
0.27	0.0729	0.0014328376901042716	0.0743142602449928	0.0	(0.0743142602449928+0j)
0.272	0.07398400000000001	0.001453882446584398	0.07541969193677887	0.0	(0.07541969193677887+0j)
0.274	0.07507600000000002	0.0014750748515095502	0.07653326845935442	0.0	(0.07653326845935442+0j)
0.276	0.07617600000000001	0.0014964147390124083	0.07765498949753276	0.0	(0.07765498949753276+0j)
0.278	0.07728400000000002	0.0015179019421243112	0.07878485474703387	0.0	(0.07878485474703387+0j)
0.28	0.07840000000000001	0.0015395362927792533	0.07992286391385035	0.0	(0.07992286391385035+0j)
0.28200000000000003	0.07952400000000001	0.0015613176218161051	0.08106901671363724	0.0	(0.08106901671363724+0j)
0.28400000000000003	0.08065600000000002	0.0015832457589812776	0.08222331287113255	0.0	(0.08222331287113255+0j)
0.28600000000000003	0.08179600000000002	0.0016053205329300546	0.08338575211959687	0.0	(0.08338575211959687+0j)
0.28800000000000003	0.08294400000000002	0.0016275417712305895	0.0845563342002887	0.0	(0.0845563342002887+0j)
0.29	0.0841	0.0016499093003654597	0.08573505886195769	0.0	(0.08573505886195769+0j)
0.292	0.08526399999999999	0.001672422945734775	0.08692192586036093	0.0	(0.08692192586036093+0j)
0.294	0.08643599999999999	0.0016950825316581764	0.0881169349578068	0.0	(0.0881169349578068+0j)
0.296	0.08761599999999999	0.0017178878813779441	0.08932008592271813	0.0	(0.08932008592271813+0j)
0.298	0.088804	0.0017408388170609967	0.09053137852921703	0.0	(0.09053137852921703+0j)
0.3	0.09	0.0017639351598024433	0.09175081255672886	0.0	(0.09175081255672886+0j)
0.302	0.091204	0.0017871767296264718	0.09297838778960879	0.0	(0.09297838778960879+0j)
0.304	0.092416	0.001810563345491456	0.09421410401678797	0.0	(0.09421410401678797+0j)
0.306	0.093636	0.0018340948252901779	0.09545796103143178	0.0	(0.09545796103143178+0j)
0.308	0.094864	0.0018577709858538238	0.09670995863061889	0.0	(0.09670995863061889+0j)
0.31	0.0961	0.0018815916429542057	0.09797009661504197	0.0	(0.09797009661504197+0j)
0.312	0.097344	0.001905556611306869	0.09923837478871446	0.0	(0.09923837478871446+0j)
0.314	0.098596	0.0019296657045735355	0.10051479295870022	0.0	(0.10051479295870022+0j)
0.316	0.099856	0.001953918735364324	0.10179935093485366	0.0	(0.10179935093485366+0j)
0.318	0.101124	0.0019783155152410803	0.10309204852957289	0.0	(0.10309204852957289+0j)
0.32	0.1024	0.0020028558547204867	0.10439288555757449	0.0	(0.10439288555757449+0j)
0.322	0.10368400000000001	0.0020275395632753934	0.1057018618356645	0.0	(0.1057018618356645+0j)
0.324	0.104976	0.002052366449339482	0.1070189771825398	0.0	(0.1070189771825398+0j)
0.326	0.10627600000000001	0.002077336320308154	0.10834423141858522	0.0	(0.10834423141858522+0j)
0.328	0.10758400000000001	0.0021024489825427484	0.10967762436569495	0.0	(0.10967762436569495+0j)
0.33	0.10890000000000001	0.002127704241372763	0.11101915584708948	0.0	(0.11101915584708948+0j)
0.332	0.11022400000000002	0.0021531019010987418	0.11236882568715717	0.0	(0.11236882568715717+0j)
0.334	0.11155600000000002	0.0021786417649947154	0.11372663371129525	0.0	(0.11372663371129525+0j)
0.336	0.11289600000000001	0.0022043236353121998	0.11509257974576317	0.0	(0.11509257974576317+0j)
0.338	0.11424400000000001	0.0022301473132815275	0.11646666361754206	0.0	(0.11646666361754206+0j)
0.34	0.11560000000000002	0.002256112599116067	0.11784888515420752	0.0	(0.11784888515420752+0j)
0.342	0.11696400000000001	0.0022822192920144424	0.11923924418380004	0.0	(0.11923924418380004+0j)
0.34400000000000003	0.11833600000000002	0.0023084671901631992	0.12063774053471481	0.0	(0.12063774053471481+0j)
0.34600000000000003	0.11971600000000002	0.002334856090740578	0.12204437403559139	0.0	(0.12204437403559139+0j)
0.34800000000000003	0.12110400000000002	0.002361385789918735	0.12345914451520597	0.0	(0.12345914451520597+0j)
0.35000000000000003	0.12250000000000003	0.0023880560828666297	0.12488205180238025	0.0	(0.12488205180238025+0j)
0.352	0.12390399999999999	0.002414866763753576	0.12631309572588656	0.0	(0.12631309572588656+0j)
0.354	0.12531599999999998	0.0024418176257516855	0.12775227611436182	0.0	(0.12775227611436182+0j)
0.356	0.126736	0.0024689084610389767	0.12919959279622834	0.0	(0.12919959279622834+0j)
0.358	0.128164	0.0024961390608031486	0.1306550455996212	0.0	(0.1306550455996212+0j)
0.36	0.1296	0.002523509215243136	0.13211863435231097	0.0	(0.13211863435231097+0j)
0.362	0.131044	0.0025510187135726614	0.13359035888164053	0.0	(0.13359035888164053+0j)
0.364	0.132496	0.0025786673440242325	0.13507021901446567	0.0	(0.13507021901446567+0j)
0.366	0.133956	0.002606454893851362	0.1365582145770879	0.0	(0.1365582145770879+0j)
0.368	0.135424	0.002634381149330789	0.1380543453952099	0.0	(0.1380543453952099+0j)
0.37	0.1369	0.0026624458957678065	0.13955861129387834	0.0	(0.13955861129387834+0j)
0.372	0.138384	0.0026906489174971515	0.14107101209743433	0.0	(0.14107101209743433+0j)
0.374	0.139876	0.0027189899978870002	0.14259154762947526	0.0	(0.14259154762947526+0j)
0.376	0.141376	0.0027474689193425217	0.1441202177128091	0.0	(0.1441202177128091+0j)
0.378	0.142884	0.0027760854633078758	0.14565702216941198	0.0	(0.14565702216941198+0j)
0.38	0.1444	0.0028048394102708762	0.14720196082039994	0.0	(0.14720196082039994+0j)
0.382	0.145924	0.002833730539764101	0.14875503348598926	0.0	(0.14875503348598926+0j)
0.384	0.147456	0.0028627586303699992	0.15031623998546811	0.0	(0.15031623998546811+0j)
0.386	0.14899600000000002	0.0028919234597235555	0.15188558013716372	0.0	(0.15188558013716372+0j)
0.388	0.150544	0.0029212248045142886	0.15346305375842204	0.0	(0.15346305375842204+0j)
0.39	0.1521	0.0029506624404909143	0.15504866066557488	0.0	(0.15504866066557488+0j)
0.392	0.15366400000000002	0.002980236142463899	0.15664240067392232	0.0	(0.15664240067392232+0j)
0.394	0.155236	0.003009945684308568	0.15824427359771198	0.0	(0.15824427359771198+0j)
0.396	0.156816	0.003039790838969103	0.15985427925011358	0.0	(0.15985427925011358+0j)
0.398	0.15840400000000002	0.0030697713784604286	0.16147241744320884	0.0	(0.16147241744320884+0j)
0.4	0.16000000000000003	0.0030998870738727646	0.16309868798796856	0.0	(0.16309868798796856+0j)
0.402	0.16160400000000003	0.003130137695374291	0.16473309069424233	0.0	(0.16473309069424233+0j)
0.404	0.16321600000000003	0.003160523012214589	0.16637562537074121	0.0	(0.16637562537074121+0j)
0.406	0.164836	0.0031910427927273055	0.1680262918250276	0.0	(0.1680262918250276+0j)
0.40800000000000003	0.16646400000000003	0.003221696804334928	0.16968508986350475	0.0	(0.16968508986350475+0j)
0.41000000000000003	0.16810000000000003	0.003252484813550449	0.17135201929140392	0.0	(0.17135201929140392+0j)
0.41200000000000003	0.16974400000000003	0.0032834065859815853	0.17302707991277935	0.0	(0.17302707991277935+0j)
0.41400000000000003	0.17139600000000002	0.003314461886334108	0.17471027153049346	0.0	(0.17471027153049346+0j)
0.41600000000000004	0.17305600000000004	0.003345650478414619	0.17640159394621882	0.0	(0.17640159394621882+0j)
0.418	0.174724	0.0033769721251347695	0.17810104696042706	0.0	(0.17810104696042706+0j)
0.42	0.17639999999999997	0.003408426588513924	0.179808630372386	0.0	(0.179808630372386+0j)
0.422	0.178084	0.0034400136296826034	0.1815243439801475	0.0	(0.1815243439801475+0j)
0.424	0.179776	0.0034717330088863685	0.18324818758055425	0.0	(0.18324818758055425+0j)
0.426	0.181476	0.003503584485488598	0.184980160969233	0.0	(0.184980160969233+0j)
0.428	0.18318399999999999	0.003535567817974261	0.18672026394058935	0.0	(0.18672026394058935+0j)
0.43	0.18489999999999998	0.0035676827639533615	0.1884684962878097	0.0	(0.1884684962878097+0j)
0.432	0.18662399999999998	0.003599929080164266	0.19022485780285622	0.0	(0.19022485780285622+0j)
0.434	0.188356	0.0036323065224769246	0.19198934827647363	0.0	(0.19198934827647363+0j)
0.436	0.190096	0.0036648148458967578	0.19376196749817934	0.0	(0.19376196749817934+0j)
0.438	0.191844	0.003697453804567652	0.19554271525627373	0.0	(0.19554271525627373+0j)
0.44	0.1936	0.0037302231517758466	0.1973315913378293	0.0	(0.1973315913378293+0j)
0.442	0.195364	0.0037631226399533757	0.19912859552870898	0.0	(0.19912859552870898+0j)
0.444	0.197136	0.003796152020681176	0.2009337276135481	0.0	(0.2009337276135481+0j)
0.446	0.198916	0.0038293110446928624	0.20274698737577193	0.0	(0.20274698737577193+0j)
0.448	0.20070400000000002	0.00386259946187828	0.20456837459759314	0.0	(0.20456837459759314+0j)
0.45	0.2025	0.003896017021286946	0.20639788906001358	0.0	(0.20639788906001358+0j)
0.452	0.204304	0.003929563471131603	0.2082355305428256	0.0	(0.2082355305428256+0j)
0.454	0.20611600000000002	0.00396323855879166	0.21008129882462204	0.0	(0.21008129882462204+0j)
0.456	0.207936	0.003997042030816744	0.2119351936827909	0.0	(0.2119351936827909+0j)
0.458	0.209764	0.004030973632930812	0.21379721489353223	0.0	(0.21379721489353223+0j)
0.46	0.2116	0.004065033110034588	0.21566736223184751	0.0	(0.21566736223184751+0j)
0.462	0.21344400000000002	0.004099220206210119	0.21754563547155473	0.0	(0.21754563547155473+0j)
0.464	0.21529600000000002	0.004133534664724103	0.21943203438528958	0.0	(0.21943203438528958+0j)
0.466	0.21715600000000002	0.004167976228031334	0.22132655874450957	0.0	(0.22132655874450957+0j)
0.468	0.21902400000000002	0.00420254463777836	0.22322920831950518	0.0	(0.22322920831950518+0j)
0.47000000000000003	0.22090000000000004	0.004237239634807155	0.22513998287939063	0.0	(0.22513998287939063+0j)
0.47200000000000003	0.22278400000000004	0.004272060959158663	0.22705888219212425	0.0	(0.22705888219212425+0j)
0.47400000000000003	0.22467600000000004	0.00430700835007658	0.22898590602451224	0.0	(0.22898590602451224+0j)
0.47600000000000003	0.22657600000000003	0.00434208154601079	0.23092105414220462	0.0	(0.23092105414220462+0j)
0.47800000000000004	0.22848400000000005	0.004377280284621254	0.23286432630971057	0.0	(0.23286432630971057+0j)
0.48	0.2304	0.004412604302781342	0.2348157222903974	0.0	(0.2348157222903974+0j)
0.482	0.23232399999999997	0.004448053336581936	0.23677524184651003	0.0	(0.23677524184651003+0j)
0.484	0.234256	0.004483627121334655	0.23874288473915717	0.0	(0.23874288473915717+0j)
0.486	0.236196	0.004519325391575624	0.2407186507283336	0.0	(0.2407186507283336+0j)
0.488	0.238144	0.004555147881069699	0.24270253957291651	0.0	(0.24270253957291651+0j)
0.49	0.24009999999999998	0.004591094322813349	0.24469455103068571	0.0	(0.24469455103068571+0j)
0.492	0.242064	0.00462716444903899	0.24669468485831234	0.0	(0.24669468485831234+0j)
0.494	0.244036	0.004663357991218531	0.24870294081137423	0.0	(0.24870294081137423+0j)
0.496	0.24601599999999998	0.004699674680066601	0.25071931864437175	0.0	(0.25071931864437175+0j)
0.498	0.248004	0.00473611424554532	0.2527438181107164	0.0	(0.2527438181107164+0j)
0.5	0.25	0.004772676416867072	0.254776438962749	0.0	(0.254776438962749+0j)
0.502	0.252004	0.004809360922498618	0.25681718095174627	0.0	(0.25681718095174627+0j)
0.504	0.254016	0.0048461674901650875	0.2588660438279281	0.0	(0.2588660438279281+0j)
0.506	0.256036	0.004883095846853425	0.2609230273404551	0.0	(0.2609230273404551+0j)
0.508	0.258064	0.004920145718816049	0.26298813123744796	0.0	(0.26298813123744796+0j)
0.51	0.2601	0.004957316831574965	0.2650613552659907	0.0	(0.2650613552659907+0j)
0.512	0.262144	0.004994608909925535	0.2671426991721282	0.0	(0.2671426991721282+0j)
0.514	0.264196	0.005032021677939924	0.2692321627008913	0.0	(0.2692321627008913+0j)
0.516	0.266256	0.005069554858971315	0.27132974559628953	0.0	(0.27132974559628953+0j)
0.518	0.268324	0.005107208175657352	0.27343544760131927	0.0	(0.27343544760131927+0j)
0.52	0.27040000000000003	0.00514498134992436	0.2755492684579801	0.0	(0.2755492684579801+0j)
0.522	0.272484	0.0051828741029907865	0.27767120790727623	0.0	(0.27767120790727623+0j)
0.524	0.27457600000000004	0.005220886155371085	0.27980126568921676	0.0	(0.27980126568921676+0j)
0.526	0.27667600000000003	0.005259017226879881	0.2819394415428398	0.0	(0.2819394415428398+0j)
0.528	0.27878400000000003	0.005297267036635245	0.28408573520619995	0.0	(0.28408573520619995+0j)
0.53	0.28090000000000004	0.005335635303063302	0.2862401464163916	0.0	(0.2862401464163916+0j)
0.532	0.28302400000000005	0.005374121743901283	0.28840267490954863	0.0	(0.28840267490954863+0j)
0.534	0.285156	0.005412726076201968	0.2905733204208499	0.0	(0.2905733204208499+0j)
0.536	0.28729600000000005	0.005451448016337401	0.29275208268452985	0.0	(0.29275208268452985+0j)
0.538	0.28944400000000003	0.005490287280002504	0.29493896143388765	0.0	(0.29493896143388765+0j)
0.54	0.2916	0.00552924358221929	0.29713395640129403	0.0	(0.29713395640129403+0j)
0.542	0.293764	0.005568316637340753	0.2993370673181895	0.0	(0.2993370673181895+0j)
0.544	0.29593600000000003	0.00560750615905431	0.30154829391510113	0.0	(0.30154829391510113+0j)
0.546	0.29811600000000005	0.005646811860386403	0.3037676359216484	0.0	(0.3037676359216484+0j)
0.548	0.30030400000000007	0.00568623345370578	0.30599509306655026	0.0	(0.30599509306655026+0j)
0.55	0.30250000000000005	0.005725770650727768	0.30823066507762037	0.0	(0.30823066507762037+0j)
0.552	0.30470400000000003	0.005765423162518157	0.3104743516818048	0.0	(0.3104743516818048+0j)
0.554	0.3069160000000001	0.005805190699496754	0.31272615260514675	0.0	(0.31272615260514675+0j)
0.556	0.3091360000000001	0.005845072971441878	0.3149860675728328	0.0	(0.3149860675728328+0j)
0.558	0.3113640000000001	0.005885069687494082	0.3172540963091719	0.0	(0.3172540963091719+0j)
0.56	0.31360000000000005	0.005925180556159759	0.3195302385376279	0.0	(0.3195302385376279+0j)
0.562	0.31584400000000007	0.005965405285315584	0.3218144939808009	0.0	(0.3218144939808009+0j)
0.5640000000000001	0.31809600000000005	0.00600574358221212	0.32410686236043934	0.0	(0.32410686236043934+0j)
0.5660000000000001	0.3203560000000001	0.00604619515347804	0.32640734339747496	0.0	(0.32640734339747496+0j)
0.5680000000000001	0.3226240000000001	0.006086759705123845	0.3287159368119959	0.0	(0.3287159368119959+0j)
0.5700000000000001	0.3249000000000001	0.006127436942545916	0.3310326423232645	0.0	(0.3310326423232645+0j)
0.5720000000000001	0.3271840000000001	0.006168226570530622	0.33335745964972924	0.0	(0.33335745964972924+0j)
0.5740000000000001	0.3294760000000001	0.006209128293258093	0.3356903885090325	0.0	(0.3356903885090325+0j)
0.5760000000000001	0.33177600000000007	0.006250141814306331	0.3380314286180078	0.0	(0.3380314286180078+0j)
0.578	0.33408399999999994	0.006291266836655096	0.34038057969269503	0.0	(0.34038057969269503+0j)
0.58	0.3364	0.006332503062690009	0.34273784144835207	0.0	(0.34273784144835207+0j)
0.582	0.33872399999999997	0.006373850194206554	0.3451032135994362	0.0	(0.3451032135994362+0j)
0.584	0.34105599999999997	0.006415307932413905	0.3474766958596554	0.0	(0.3474766958596554+0j)
0.586	0.343396	0.006456875977939147	0.3498582879419277	0.0	(0.3498582879419277+0j)
0.588	0.34574399999999994	0.006498554030831105	0.3522479895584163	0.0	(0.3522479895584163+0j)
0.59	0.34809999999999997	0.006540341790564563	0.3546458004205391	0.0	(0.3546458004205391+0j)
0.592	0.35046399999999994	0.00658223895604404	0.3570517202389511	0.0	(0.3570517202389511+0j)
0.594	0.352836	0.00662424522560795	0.35946574872357884	0.0	(0.35946574872357884+0j)
0.596	0.355216	0.0066663602970327696	0.3618878855836091	0.0	(0.3618878855836091+0j)
0.598	0.357604	0.006708583867536644	0.3643181305275009	0.0	(0.3643181305275009+0j)
0.6	0.36	0.006750915633783938	0.3667564832629974	0.0	(0.3667564832629974+0j)
0.602	0.36240399999999995	0.006793355291888903	0.3692029434971202	0.0	(0.3692029434971202+0j)
0.604	0.364816	0.006835902537419836	0.3716575109361944	0.0	(0.3716575109361944+0j)
0.606	0.367236	0.006878557065403246	0.3741201852858327	0.0	(0.3741201852858327+0j)
0.608	0.369664	0.006921318570327573	0.37659096625096355	0.0	(0.37659096625096355+0j)
0.61	0.3721	0.0069641867461477935	0.37906985353582767	0.0	(0.37906985353582767+0j)
0.612	0.374544	0.0070071612862887545	0.38155684684397817	0.0	(0.38155684684397817+0j)
0.614	0.376996	0.007050241883649999	0.3840519458783004	0.0	(0.3840519458783004+0j)
0.616	0.379456	0.007093428230609156	0.3865551503410183	0.0	(0.3865551503410183+0j)
0.618	0.381924	0.007136720019026543	0.38906645993367805	0.0	(0.38906645993367805+0j)
0.62	0.3844	0.007180116940248726	0.3915858743571913	0.0	(0.3915858743571913+0j)
0.622	0.386884	0.007223618685113176	0.39411339331181294	0.0	(0.39411339331181294+0j)
0.624	0.389376	0.007267224943951822	0.3966490164971469	0.0	(0.3966490164971469+0j)
0.626	0.391876	0.007310935406595387	0.39919274361218887	0.0	(0.39919274361218887+0j)
0.628	0.394384	0.007354749762377488	0.40174457435528227	0.0	(0.40174457435528227+0j)
0.63	0.39690000000000003	0.007398667700138584	0.40430450842416515	0.0	(0.40430450842416515+0j)
0.632	0.399424	0.007442688908230188	0.40687254551595275	0.0	(0.40687254551595275+0j)
0.634	0.40195600000000004	0.007486813074518928	0.40944868532715234	0.0	(0.40944868532715234+0j)
0.636	0.404496	0.007531039886390534	0.41203292755367144	0.0	(0.41203292755367144+0j)
0.638	0.407044	0.00757536903075412	0.41462527189082177	0.0	(0.41462527189082177+0j)
0.64	0.4096	0.007619800194046122	0.41722571803332775	0.0	(0.41722571803332775+0j)
0.642	0.41216400000000003	0.007664333062234352	0.4198342656753309	0.0	(0.4198342656753309+0j)
0.644	0.41473600000000005	0.007708967320822491	0.42245091451039535	0.0	(0.42245091451039535+0j)
0.646	0.417316	0.007753702654853645	0.42507566423151805	0.0	(0.42507566423151805+0j)
0.648	0.419904	0.007798538748914785	0.4277085145311253	0.0	(0.4277085145311253+0j)
0.65	0.42250000000000004	0.0078434752871408	0.43034946510109656	0.0	(0.43034946510109656+0j)
0.652	0.42510400000000004	0.007888511953218602	0.43299851563275427	0.0	(0.43299851563275427+0j)
0.654	0.42771600000000004	0.007933648430391238	0.43565566581688175	0.0	(0.43565566581688175+0j)
0.656	0.43033600000000005	0.007978884401461828	0.43832091534371675	0.0	(0.43832091534371675+0j)
0.658	0.432964	0.008024219548798117	0.4409942639029747	0.0	(0.4409942639029747+0j)
0.66	0.43560000000000004	0.008069653554336198	0.44367571118383853	0.0	(0.44367571118383853+0j)
0.662	0.438244	0.008115186099584615	0.4463652568749792	0.0	(0.4463652568749792+0j)
0.664	0.44089600000000007	0.008160816865628806	0.4490629006645492	0.0	(0.4490629006645492+0j)
0.666	0.44355600000000006	0.008206545533134824	0.4517686422401958	0.0	(0.4517686422401958+0j)
0.668	0.44622400000000007	0.008252371782354051	0.4544824812890704	0.0	(0.4544824812890704+0j)
0.67	0.4489000000000001	0.008298295293126479	0.45720441749782703	0.0	(0.45720441749782703+0j)
0.672	0.45158400000000004	0.0083443157448857	0.4599344505526293	0.0	(0.4599344505526293+0j)
0.674	0.45427600000000007	0.008390432816662297	0.46267258013916973	0.0	(0.46267258013916973+0j)
0.676	0.45697600000000005	0.008436646187088503	0.4654188059426557	0.0	(0.4654188059426557+0j)
0.678	0.45968400000000004	0.008482955534402148	0.4681731276478357	0.0	(0.4681731276478357+0j)
0.68	0.4624000000000001	0.008529360536450592	0.4709355449389869	0.0	(0.4709355449389869+0j)
0.682	0.4651240000000001	0.008575860870695229	0.47370605749993516	0.0	(0.47370605749993516+0j)
0.684	0.46785600000000005	0.008622456214215257	0.4764846650140601	0.0	(0.4764846650140601+0j)
0.686	0.47059600000000007	0.008669146243712123	0.4792713671642855	0.0	(0.4792713671642855+0j)
0.6880000000000001	0.4733440000000001	0.008715930635513347	0.48206616363311405	0.0	(0.48206616363311405+0j)
0.6900000000000001	0.4761000000000001	0.008762809065576915	0.4848690541026035	0.0	(0.4848690541026035+0j)
0.6920000000000001	0.47886400000000007	0.008809781209495271	0.4876800382544053	0.0	(0.4876800382544053+0j)
0.6940000000000001	0.48163600000000006	0.008856846742499425	0.49049911576972827	0.0	(0.49049911576972827+0j)
0.6960000000000001	0.48441600000000007	0.008904005339463283	0.49332628632938746	0.0	(0.49332628632938746+0j)
0.6980000000000001	0.4872040000000001	0.008951256674907426	0.49616154961378994	0.0	(0.49616154961378994+0j)
0.7000000000000001	0.4900000000000001	0.008998600423003655	0.4990049053029459	0.0	(0.4990049053029459+0j)
0.7020000000000001	0.4928040000000001	0.009046036257578716	0.5018563530764498	0.0	(0.5018563530764498+0j)
0.704	0.49561599999999995	0.009093563852118902	0.5047158926135358	0.0	(0.5047158926135358+0j)
0.706	0.49843599999999993	0.009141182879773752	0.5075835235930518	0.0	(0.5075835235930518+0j)
0.708	0.5012639999999999	0.009188893013360289	0.5104592456934658	0.0	(0.5104592456934658+0j)
0.71	0.5041	0.009236693925367329	0.5133430585928832	0.0	(0.5133430585928832+0j)
0.712	0.506944	0.009284585287959474	0.5162349619690402	0.0	(0.5162349619690402+0j)
0.714	0.5097959999999999	0.009332566772981221	0.5191349554993328	0.0	(0.5191349554993328+0j)
0.716	0.512656	0.009380638051961154	0.5220430388607921	0.0	(0.5220430388607921+0j)
0.718	0.515524	0.009428798796116106	0.5249592117301212	0.0	(0.5249592117301212+0j)
0.72	0.5184	0.009477048676355126	0.5278834737836767	0.0	(0.5278834737836767+0j)
0.722	0.521284	0.009525387363283816	0.5308158246974936	0.0	(0.5308158246974936+0j)
0.724	0.524176	0.00957381452720829	0.5337562641472846	0.0	(0.5337562641472846+0j)
0.726	0.527076	0.009622329838139349	0.5367047918084449	0.0	(0.5367047918084449+0j)
0.728	0.529984	0.009670932965796797	0.5396614073560546	0.0	(0.5396614073560546+0j)
0.73	0.5328999999999999	0.009719623579613063	0.5426261104648972	0.0	(0.5426261104648972+0j)
0.732	0.535824	0.00976840134873802	0.5455989008094654	0.0	(0.5455989008094654+0j)
0.734	0.538756	0.009817265942042464	0.5485797780639473	0.0	(0.5485797780639473+0j)
0.736	0.541696	0.009866217028122543	0.5515687419022609	0.0	(0.5515687419022609+0j)
0.738	0.544644	0.009915254275303986	0.554565791998043	0.0	(0.554565791998043+0j)
0.74	0.5476	0.009964377351645959	0.5575709280246718	0.0	(0.5575709280246718+0j)
0.742	0.5505639999999999	0.01001358592494525	0.5605841496552533	0.0	(0.5605841496552533+0j)
0.744	0.553536	0.010062879662740554	0.5636054565626344	0.0	(0.5636054565626344+0j)
0.746	0.556516	0.010112258232316318	0.566634848419422	0.0	(0.566634848419422+0j)
0.748	0.559504	0.01016172130070711	0.5696723248979768	0.0	(0.5696723248979768+0j)
0.75	0.5625	0.010211268534701556	0.5727178856704338	0.0	(0.5727178856704338+0j)
0.752	0.565504	0.010260899600846446	0.5757715304086931	0.0	(0.5757715304086931+0j)
0.754	0.568516	0.010310614165450954	0.5788332587844348	0.0	(0.5788332587844348+0j)
0.756	0.571536	0.010360411894590665	0.581903070469131	0.0	(0.581903070469131+0j)
0.758	0.574564	0.010410292454111625	0.584980965134055	0.0	(0.584980965134055+0j)
0.76	0.5776	0.010460255509634614	0.5880669424502633	0.0	(0.5880669424502633+0j)
0.762	0.580644	0.010510300726559035	0.5911610020886372	0.0	(0.5911610020886372+0j)
0.764	0.583696	0.010560427770067132	0.5942631437198782	0.0	(0.5942631437198782+0j)
0.766	0.586756	0.010610636305127985	0.5973733670144984	0.0	(0.5973733670144984+0j)
0.768	0.589824	0.01066092599650173	0.6004916716428637	0.0	(0.6004916716428637+0j)
0.77	0.5929	0.010711296508743612	0.6036180572751684	0.0	(0.6036180572751684+0j)
0.772	0.5959840000000001	0.01076174750620798	0.6067525235814546	0.0	(0.6067525235814546+0j)
0.774	0.599076	0.010812278653052287	0.6098950702316325	0.0	(0.6098950702316325+0j)
0.776	0.602176	0.010862889613241555	0.6130456968954678	0.0	(0.6130456968954678+0j)
0.778	0.605284	0.010913580050551958	0.6162044032426085	0.0	(0.6162044032426085+0j)
0.78	0.6084	0.010964349628575343	0.619371188942587	0.0	(0.619371188942587+0j)
0.782	0.6115240000000001	0.01101519801072287	0.6225460536648162	0.0	(0.6225460536648162+0j)
0.784	0.6146560000000001	0.011066124860229426	0.6257289970786266	0.0	(0.6257289970786266+0j)
0.786	0.617796	0.011117129840157558	0.6289200188532456	0.0	(0.6289200188532456+0j)
0.788	0.620944	0.011168212613401424	0.6321191186578256	0.0	(0.6321191186578256+0j)
0.79	0.6241000000000001	0.011219372842691033	0.6353262961614559	0.0	(0.6353262961614559+0j)
0.792	0.627264	0.011270610190596247	0.6385415510331551	0.0	(0.6385415510331551+0j)
0.794	0.6304360000000001	0.011321924319530635	0.64176488294189	0.0	(0.64176488294189+0j)
0.796	0.6336160000000001	0.011373314891755915	0.6449962915565942	0.0	(0.6449962915565942+0j)
0.798	0.636804	0.011424781569385534	0.6482357765461726	0.0	(0.6482357765461726+0j)
0.8	0.6400000000000001	0.011476324014389139	0.6514833375794981	0.0	(0.6514833375794981+0j)
0.802	0.6432040000000001	0.011527941888596238	0.6547389743254529	0.0	(0.6547389743254529+0j)
0.804	0.6464160000000001	0.011579634853700532	0.6580026864529129	0.0	(0.6580026864529129+0j)
0.806	0.6496360000000001	0.011631402571263633	0.6612744736307674	0.0	(0.6612744736307674+0j)
0.808	0.6528640000000001	0.01168324470271953	0.6645543355279405	0.0	(0.6645543355279405+0j)
0.81	0.6561000000000001	0.011735160909378095	0.6678422718133862	0.0	(0.6678422718133862+0j)
0.812	0.659344	0.011787150852429484	0.6711382821561246	0.0	(0.6711382821561246+0j)
0.8140000000000001	0.6625960000000001	0.01183921419294795	0.6744423662252295	0.0	(0.6744423662252295+0j)
0.8160000000000001	0.6658560000000001	0.011891350591895888	0.677754523689866	0.0	(0.677754523689866+0j)
0.8180000000000001	0.669124	0.011943559710127921	0.6810747542192813	0.0	(0.6810747542192813+0j)
0.8200000000000001	0.6724000000000001	0.011995841208394836	0.6844030574828452	0.0	(0.6844030574828452+0j)
0.8220000000000001	0.6756840000000001	0.012048194747347446	0.687739433150032	0.0	(0.687739433150032+0j)
0.8240000000000001	0.6789760000000001	0.012100619987540834	0.6910838808904721	0.0	(0.6910838808904721+0j)
0.8260000000000001	0.6822760000000001	0.012153116589438212	0.6944364003739635	0.0	(0.6944364003739635+0j)
0.8280000000000001	0.6855840000000001	0.012205684213414891	0.6977969912704535	0.0	(0.6977969912704535+0j)
0.8300000000000001	0.6889000000000001	0.012258322519762166	0.7011656532500832	0.0	(0.7011656532500832+0j)
0.8320000000000001	0.6922240000000002	0.012311031168691478	0.704542385983228	0.0	(0.704542385983228+0j)
0.834	0.695556	0.012363809820338273	0.7079271891404724	0.0	(0.7079271891404724+0j)
0.836	0.698896	0.012416658134765918	0.7113200623926567	0.0	(0.7113200623926567+0j)
0.838	0.702244	0.01246957577196986	0.7147210054109019	0.0	(0.7147210054109019+0j)
0.84	0.7055999999999999	0.01252256239188132	0.718130017866618	0.0	(0.718130017866618+0j)
0.842	0.7089639999999999	0.012575617654371263	0.7215470994315244	0.0	(0.7215470994315244+0j)
0.844	0.712336	0.012628741219254697	0.7249722497776968	0.0	(0.7249722497776968+0j)
0.846	0.7157159999999999	0.012681932746294033	0.7284054685775854	0.0	(0.7284054685775854+0j)
0.848	0.719104	0.012735191895203501	0.7318467555040165	0.0	(0.7318467555040165+0j)
0.85	0.7224999999999999	0.012788518325652809	0.735296110230264	0.0	(0.735296110230264+0j)
0.852	0.725904	0.01284191169727128	0.7387535324300413	0.0	(0.7387535324300413+0j)
0.854	0.729316	0.01289537166965149	0.7422190217775674	0.0	(0.7422190217775674+0j)
0.856	0.7327359999999999	0.012948897902353346	0.7456925779475656	0.0	(0.7456925779475656+0j)
0.858	0.7361639999999999	0.013002490054907945	0.74917420061534	0.0	(0.74917420061534+0j)
0.86	0.7395999999999999	0.01305614778682157	0.7526638894567811	0.0	(0.7526638894567811+0j)
0.862	0.7430439999999999	0.013109870757579467	0.7561616441484175	0.0	(0.7561616441484175+0j)
0.864	0.7464959999999999	0.013163658626649699	0.7596674643674673	0.0	(0.7596674643674673+0j)
0.866	0.749956	0.013217511053487146	0.7631813497918734	0.0	(0.7631813497918734+0j)
0.868	0.753424	0.013271427697537364	0.7667033001003651	0.0	(0.7667033001003651+0j)
0.87	0.7569	0.013325408218240214	0.770233314972489	0.0	(0.770233314972489+0j)
0.872	0.760384	0.013379452275034204	0.7737713940887125	0.0	(0.7737713940887125+0j)
0.874	0.763876	0.013433559527359834	0.7773175371304141	0.0	(0.7773175371304141+0j)
0.876	0.767376	0.01348772963466377	0.7808717437800252	0.0	(0.7808717437800252+0j)
0.878	0.770884	0.013541962256402584	0.784434013721032	0.0	(0.784434013721032+0j)
0.88	0.7744	0.013596257052046562	0.7880043466381035	0.0	(0.7880043466381035+0j)
0.882	0.7779240000000001	0.013650613681083612	0.7915827422171563	0.0	(0.7915827422171563+0j)
0.884	0.781456	0.013705031803023002	0.7951692001454104	0.0	(0.7951692001454104+0j)
0.886	0.784996	0.013759511077399242	0.798763720111549	0.0	(0.798763720111549+0j)
0.888	0.788544	0.013814051163775862	0.8023663018057628	0.0	(0.8023663018057628+0j)
0.89	0.7921	0.013868651721749323	0.8059769449198906	0.0	(0.8059769449198906+0j)
0.892	0.795664	0.013923312410952557	0.8095956491475373	0.0	(0.8095956491475373+0j)
0.894	0.7992360000000001	0.01397803289105902	0.8132224141842159	0.0	(0.8132224141842159+0j)
0.896	0.8028160000000001	0.01403281282178638	0.8168572397274639	0.0	(0.8168572397274639+0j)
0.898	0.806404	0.014087651862900244	0.8205001254770301	0.0	(0.8205001254770301+0j)
0.9	0.81	0.014142549674218033	0.8241510711350422	0.0	(0.8241510711350422+0j)
0.902	0.813604	0.014197505915612682	0.8278100764061768	0.0	(0.8278100764061768+0j)
0.904	0.817216	0.014252520247016384	0.8314771409979023	0.0	(0.8314771409979023+0j)
0.906	0.820836	0.014307592328424365	0.8351522646206727	0.0	(0.8351522646206727+0j)
0.908	0.8244640000000001	0.014362721819898658	0.8388354469882204	0.0	(0.8388354469882204+0j)
0.91	0.8281000000000001	0.01441790838157174	0.8425266878177979	0.0	(0.8425266878177979+0j)
0.912	0.831744	0.014473151673650389	0.8462259868305252	0.0	(0.8462259868305252+0j)
0.914	0.835396	0.014528451356419322	0.8499333437517015	0.0	(0.8499333437517015+0j)
0.916	0.839056	0.014583807090244913	0.8536487583112168	0.0	(0.8536487583112168+0j)
0.918	0.842724	0.014639218535578924	0.857372230243994	0.0	(0.857372230243994+0j)
0.92	0.8464	0.014694685352962214	0.8611037592904344	0.0	(0.8611037592904344+0j)
0.922	0.8500840000000001	0.014750207203028345	0.8648433451969806	0.0	(0.8648433451969806+0j)
0.924	0.8537760000000001	0.014805783746507456	0.8685909877167299	0.0	(0.8685909877167299+0j)
0.926	0.8574760000000001	0.014861414644229673	0.8723466866101279	0.0	(0.8723466866101279+0j)
0.928	0.8611840000000001	0.014917099557129027	0.8761104416457359	0.0	(0.8761104416457359+0j)
0.93	0.8649000000000001	0.014972838146246933	0.8798822526011314	0.0	(0.8798822526011314+0j)
0.932	0.8686240000000001	0.015028630072735999	0.8836621192639325	0.0	(0.8836621192639325+0j)
0.934	0.8723560000000001	0.0150844749978635	0.8874500414329339	0.0	(0.8874500414329339+0j)
0.936	0.8760960000000001	0.015140372583015163	0.8912460189194769	0.0	(0.8912460189194769+0j)
0.9380000000000001	0.8798440000000001	0.015196322489698738	0.8950500515489578	0.0	(0.8950500515489578+0j)
0.9400000000000001	0.8836000000000002	0.015252324379547613	0.8988621391626613	0.0	(0.8988621391626613+0j)
0.9420000000000001	0.8873640000000002	0.015308377914324364	0.9026822816197977	0.0	(0.9026822816197977+0j)
0.9440000000000001	0.8911360000000002	0.015364482755924586	0.9065104788000021	0.0	(0.9065104788000021+0j)
0.9460000000000001	0.8949160000000002	0.01542063856638018	0.9103467306061395	0.0	(0.9103467306061395+0j)
0.9480000000000001	0.8987040000000002	0.015476845007863185	0.9141910369677615	0.0	(0.9141910369677615+0j)
0.9500000000000001	0.9025000000000001	0.015533101742689251	0.918043397845132	0.0	(0.918043397845132+0j)
0.9520000000000001	0.9063040000000001	0.015589408433321225	0.9219038132340632	0.0	(0.9219038132340632+0j)
0.9540000000000001	0.9101160000000001	0.01564576474237271	0.9257722831717896	0.0	(0.9257722831717896+0j)
0.9560000000000001	0.9139360000000002	0.015702170332611662	0.929648807744063	0.0	(0.929648807744063+0j)
0.9580000000000001	0.9177640000000001	0.015758624866963847	0.933533387093847	0.0	(0.933533387093847+0j)
0.96	0.9216	0.015815128008516546	0.9374260214320755	0.0	(0.9374260214320755+0j)
0.962	0.9254439999999999	0.01587167942052184	0.9413267110511038	0.0	(0.9413267110511038+0j)
0.964	0.9292959999999999	0.015928278766400378	0.9452354563415647	0.0	(0.9452354563415647+0j)
0.966	0.933156	0.01598492570974476	0.9491522578139711	0.0	(0.9491522578139711+0j)
0.968	0.937024	0.016041619914323013	0.9530771161265007	0.0	(0.9530771161265007+0j)
0.97	0.9409	0.016098361044082188	0.957010032121463	0.0	(0.957010032121463+0j)
0.972	0.944784	0.016155148763151744	0.9609510068736682	0.0	(0.9609510068736682+0j)
0.974	0.948676	0.01621198273584712	0.9649000417559817	0.0	(0.9649000417559817+0j)
0.976	0.952576	0.016268862626673153	0.9688571385296733	0.0	(0.9688571385296733+0j)
0.978	0.956484	0.016325788100327504	0.9728222994720038	0.0	(0.9728222994720038+0j)
0.98	0.9603999999999999	0.016382758821704188	0.9767955275610126	0.0	(0.9767955275610126+0j)
0.982	0.964324	0.016439774455896977	0.9807768267514047	0.0	(0.9807768267514047+0j)
0.984	0.968256	0.016496834668202787	0.9847662024015613	0.0	(0.9847662024015613+0j)
0.986	0.972196	0.016553939124125172	0.9887636619632292	0.0	(0.9887636619632292+0j)
0.988	0.976144	0.016611087489377743	0.9927692161561084	0.0	(0.9927692161561084+0j)
0.99	0.9801	0.01666827942988748	0.9967828811038566	0.0	(0.9967828811038566+0j)
0.992	0.9840639999999999	0.016725514611798234	1.000804682565441	0.0	(1.000804682565441+0j)
0.994	0.988036	0.016782792701474036	1.0048346653408566	0.0	(1.0048346653408566+0j)
0.996	0.992016	0.01684011336550252	1.008872917949147	0.0	(1.008872917949147+0j)
0.998	0.996004	0.01689747627069829	1.012919656923738	0.0	(1.012919656923738+0j)
1.0	1.0	0.01695488108410624	1.016975708854871	0.0	(1.016975708854871+0j)
