-1.0	-1.0	-0.001979489604705448	-1.0020059308558906	0.0	(-1.0020059308558906+0j)
-0.995	-0.990025	-0.0019793893818223557	-0.9920207038494868	0.0	(-0.9920207038494868+0j)
-0.99	-0.9801	-0.0019792876365792664	-0.9820904903647051	0.0	(-0.9820904903647051+0j)
-0.985	-0.970225	-0.001979184337986996	-0.9722121624289164	0.0	(-0.9722121624289164+0j)
-0.98	-0.9603999999999999	-0.0019790794542638066	-0.9623848760155945	0.0	(-0.9623848760155945+0j)
-0.975	-0.9506249999999999	-0.00197897295281096	-0.9526082635142451	0.0	(-0.9526082635142451+0j)
-0.97	-0.9409	-0.001978864800187385	-0.942882118574131	0.0	(-0.942882118574131+0j)
-0.965	-0.931225	-0.0019787549620834217	-0.9332063063654542	0.0	(-0.9332063063654542+0j)
-0.96	-0.9216	-0.00197864340329361	-0.9235807311385976	0.0	(-0.9235807311385976+0j)
-0.9550000000000001	-0.9120250000000001	-0.001978530087688473	-0.9140053224402312	0.0	(-0.9140053224402312+0j)
-0.9500000000000001	-0.9025000000000001	-0.001978414978185264	-0.9044800281894656	0.0	(-0.9044800281894656+0j)
-0.9450000000000001	-0.8930250000000001	-0.001978298036717622	-0.8950048104208025	0.0	(-0.8950048104208025+0j)
-0.9400000000000001	-0.8836000000000002	-0.0019781792242040976	-0.8855796421335029	0.0	(-0.8855796421335029+0j)
-0.935	-0.8742250000000001	-0.001978058500515496	-0.8762045047047036	0.0	(-0.8762045047047036+0j)
-0.93	-0.8649000000000001	-0.0019779358244409874	-0.8668793857167966	0.0	(-0.8668793857167966+0j)
-0.925	-0.8556250000000001	-0.001977811153652936	-0.8576042771761755	0.0	(-0.8576042771761755+0j)
-0.92	-0.8464	-0.0019776844446703795	-0.8483791741163809	0.0	(-0.8483791741163809+0j)
-0.915	-0.8372250000000001	-0.001977555652821114	-0.8392040735572684	0.0	(-0.8392040735572684+0j)
-0.91	-0.8281000000000001	-0.0019774247322023163	-0.8300789737689095	0.0	(-0.8300789737689095+0j)
-0.905	-0.819025	-0.001977291635639634	-0.8210038737770247	0.0	(-0.8210038737770247+0j)
-0.9	-0.81	-0.0019771563146446874	-0.8119787730464447	0.0	(-0.8119787730464447+0j)
-0.895	-0.801025	-0.0019770187193708997	-0.803003671287812	0.0	(-0.803003671287812+0j)
-0.89	-0.7921	-0.0019768787985675867	-0.7940785683444863	0.0	(-0.7940785683444863+0j)
-0.885	-0.7832250000000001	-0.0019767364995322266	-0.7852034641292187	0.0	(-0.7852034641292187+0j)
-0.88	-0.7744	-0.0019765917680608256	-0.7763783585898578	0.0	(-0.7763783585898578+0j)
-0.875	-0.765625	-0.001976444548396292	-0.7676032516915197	0.0	(-0.7676032516915197+0j)
-0.87	-0.7569	-0.0019762947831747277	-0.7588781434075812	0.0	(-0.7588781434075812+0j)
-0.865	-0.748225	-0.0019761424133695397	-0.7502030337152595	0.0	(-0.7502030337152595+0j)
-0.86	-0.7395999999999999	-0.0019759873782332735	-0.7415779225934822	0.0	(-0.7415779225934822+0j)
-0.855	-0.7310249999999999	-0.001975829615237053	-0.7330028100219346	0.0	(-0.7330028100219346+0j)
-0.85	-0.7224999999999999	-0.0019756690600075243	-0.7244776959805799	0.0	(-0.7244776959805799+0j)
-0.845	-0.7140249999999999	-0.0019755056462611793	-0.7160025804494805	0.0	(-0.7160025804494805+0j)
-0.84	-0.7055999999999999	-0.001975339305735932	-0.707577463408707	0.0	(-0.707577463408707+0j)
-0.835	-0.697225	-0.001975169968119819	-0.6992023448383222	0.0	(-0.6992023448383222+0j)
-0.8300000000000001	-0.6889000000000001	-0.001974997560976688	-0.6908772247183705	0.0	(-0.6908772247183705+0j)
-0.8250000000000001	-0.6806250000000001	-0.0019748220096687196	-0.6826021030289029	0.0	(-0.6826021030289029+0j)
-0.8200000000000001	-0.6724000000000001	-0.001974643237275635	-0.674376979749989	0.0	(-0.674376979749989+0j)
-0.8150000000000001	-0.6642250000000001	-0.00197446116451042	-0.6662018548617231	0.0	(-0.6662018548617231+0j)
-0.81	-0.6561000000000001	-0.0019742757096314024	-0.6580767283443069	0.0	(-0.6580767283443069+0j)
-0.805	-0.6480250000000001	-0.001974086788350488	-0.6500016001780123	0.0	(-0.6500016001780123+0j)
-0.8	-0.6400000000000001	-0.0019738943137373737	-0.6419764703432577	0.0	(-0.6419764703432577+0j)
-0.795	-0.6320250000000001	-0.0019736981961195298	-0.6340013388206425	0.0	(-0.6340013388206425+0j)
-0.79	-0.6241000000000001	-0.001973498342977736	-0.6260762055909488	0.0	(-0.6260762055909488+0j)
-0.785	-0.616225	-0.001973294658836945	-0.6182010706352462	0.0	(-0.6182010706352462+0j)
-0.78	-0.6084	-0.0019730870451522362	-0.6103759339348824	0.0	(-0.6103759339348824+0j)
-0.775	-0.6006250000000001	-0.0019728754001895974	-0.6026007954715541	0.0	(-0.6026007954715541+0j)
-0.77	-0.5929	-0.0019726596189012747	-0.594875655227382	0.0	(-0.594875655227382+0j)
-0.765	-0.585225	-0.0019724395927953986	-0.5872005131849299	0.0	(-0.5872005131849299+0j)
-0.76	-0.5776	-0.001972215209799586	-0.579575369327299	0.0	(-0.579575369327299+0j)
-0.755	-0.570025	-0.0019719863541182003	-0.572000223638196	0.0	(-0.572000223638196+0j)
-0.75	-0.5625	-0.0019717529060829255	-0.5644750761019718	0.0	(-0.5644750761019718+0j)
-0.745	-0.555025	-0.0019715147419963005	-0.5569999267037606	0.0	(-0.5569999267037606+0j)
-0.74	-0.5476	-0.0019712717339678233	-0.549574775429513	0.0	(-0.549574775429513+0j)
-0.735	-0.540225	-0.00197102374974223	-0.5421996222661162	0.0	(-0.5421996222661162+0j)
-0.73	-0.5328999999999999	-0.001970770652519505	-0.5348744672014968	0.0	(-0.5348744672014968+0j)
-0.725	-0.525625	-0.0019705123007661834	-0.5275993102247102	0.0	(-0.5275993102247102+0j)
-0.72	-0.5184	-0.001970248548017435	-0.5203741513260953	0.0	(-0.5203741513260953+0j)
-0.715	-0.5112249999999999	-0.001969979242669439	-0.513198990497357	0.0	(-0.513198990497357+0j)
-0.71	-0.5041	-0.00196970422776148	-0.506073827731739	0.0	(-0.506073827731739+0j)
-0.705	-0.49702499999999994	-0.001969423340747191	-0.4989986630241562	0.0	(-0.4989986630241562+0j)
-0.7000000000000001	-0.4900000000000001	-0.0019691364132543173	-0.4919734963713504	0.0	(-0.4919734963713504+0j)
-0.6950000000000001	-0.4830250000000001	-0.0019688432708323397	-0.48499832777208346	0.0	(-0.48499832777208346+0j)
-0.6900000000000001	-0.4761000000000001	-0.001968543732687248	-0.4780731572272967	0.0	(-0.4780731572272967+0j)
-0.685	-0.46922500000000006	-0.0019682376114027148	-0.4711979847403267	0.0	(-0.4711979847403267+0j)
-0.68	-0.4624000000000001	-0.0019679247126468675	-0.46437281031713773	0.0	(-0.46437281031713773+0j)
-0.675	-0.45562500000000006	-0.0019676048348637953	-0.4575976339664955	0.0	(-0.4575976339664955+0j)
-0.67	-0.4489000000000001	-0.0019672777689488845	-0.4508724557003168	0.0	(-0.4508724557003168+0j)
-0.665	-0.44222500000000003	-0.0019669432979070025	-0.44419727553384397	0.0	(-0.44419727553384397+0j)
-0.66	-0.43560000000000004	-0.0019666011964924856	-0.4375720934860017	0.0	(-0.4375720934860017+0j)
-0.655	-0.42902500000000005	-0.0019662512308298154	-0.4309969095796764	0.0	(-0.4309969095796764+0j)
-0.65	-0.42250000000000004	-0.001965893158013796	-0.4244717238420909	0.0	(-0.4244717238420909+0j)
-0.645	-0.41602500000000003	-0.0019655267256879477	-0.4179965363051406	0.0	(-0.4179965363051406+0j)
-0.64	-0.4096	-0.0019651516715997576	-0.4115713470058171	0.0	(-0.4115713470058171+0j)
-0.635	-0.403225	-0.001964767723131317	-0.40519615598661146	0.0	(-0.40519615598661146+0j)
-0.63	-0.39690000000000003	-0.001964374596803785	-0.3988709632960146	0.0	(-0.3988709632960146+0j)
-0.625	-0.390625	-0.0019639719977539885	-0.39259576898897314	0.0	(-0.39259576898897314+0j)
-0.62	-0.3844	-0.001963559619181357	-0.3863705731274688	0.0	(-0.3863705731274688+0j)
-0.615	-0.378225	-0.001963137141763257	-0.3801953757810674	0.0	(-0.3801953757810674+0j)
-0.61	-0.3721	-0.001962704233036643	-0.37407017702757955	0.0	(-0.37407017702757955+0j)
-0.605	-0.366025	-0.001962260546743785	-0.36799497695372385	0.0	(-0.36799497695372385+0j)
-0.6	-0.36	-0.0019618057221396823	-0.3619697756558666	0.0	(-0.3619697756558666+0j)
-0.595	-0.354025	-0.001961339383258554	-0.3559945732408137	0.0	(-0.3559945732408137+0j)
-0.59	-0.34809999999999997	-0.001960861138136645	-0.3500693698266671	0.0	(-0.3500693698266671+0j)
-0.585	-0.34222499999999995	-0.0019603705779883264	-0.34419416554376525	0.0	(-0.34419416554376525+0j)
-0.58	-0.3364	-0.0019598672763322723	-0.3383689605356758	0.0	(-0.3383689605356758+0j)
-0.5750000000000001	-0.33062500000000006	-0.0019593507880642123	-0.3325937549602862	0.0	(-0.3325937549602862+0j)
-0.5700000000000001	-0.3249000000000001	-0.001958820648472504	-0.3268685489909695	0.0	(-0.3268685489909695+0j)
-0.5650000000000001	-0.3192250000000001	-0.001958276372192451	-0.3211933428178753	0.0	(-0.3211933428178753+0j)
-0.56	-0.31360000000000005	-0.0019577174520949816	-0.3155681366492859	0.0	(-0.3155681366492859+0j)
-0.555	-0.30802500000000005	-0.0019571433581049257	-0.3099929307131086	0.0	(-0.3099929307131086+0j)
-0.55	-0.30250000000000005	-0.001956553535943755	-0.30446772525849813	0.0	(-0.30446772525849813+0j)
-0.545	-0.29702500000000004	-0.00195594740579121	-0.2989925205575957	0.0	(-0.2989925205575957+0j)
-0.54	-0.2916	-0.001955324360859791	-0.2935673169074133	0.0	(-0.2935673169074133+0j)
-0.535	-0.286225	-0.0019546837658755466	-0.2881921146319002	0.0	(-0.2881921146319002+0j)
-0.53	-0.28090000000000004	-0.0019540249554580776	-0.2828669140841555	0.0	(-0.2828669140841555+0j)
-0.525	-0.275625	-0.001953347232392026	-0.277591715648834	0.0	(-0.277591715648834+0j)
-0.52	-0.27040000000000003	-0.0019526498657816672	-0.27236651974476306	0.0	(-0.27236651974476306+0j)
-0.515	-0.265225	-0.0019519320890794825	-0.26719132682777363	0.0	(-0.26719132682777363+0j)
-0.51	-0.2601	-0.0019511930979787821	-0.2620661373937874	0.0	(-0.2620661373937874+0j)
-0.505	-0.255025	-0.0019504320481595497	-0.25699095198212196	0.0	(-0.25699095198212196+0j)
-0.5	-0.25	-0.001949648052875718	-0.25196577117914826	0.0	(-0.25196577117914826+0j)
-0.495	-0.245025	-0.0019488401803709917	-0.2469905956222067	0.0	(-0.2469905956222067+0j)
-0.49	-0.24009999999999998	-0.001948007451109152	-0.24206542600388328	0.0	(-0.24206542600388328+0j)
-0.485	-0.235225	-0.001947148834803465	-0.2371902630766426	0.0	(-0.2371902630766426+0j)
-0.48	-0.2304	-0.0019462632472283642	-0.23236510765789004	0.0	(-0.23236510765789004+0j)
-0.47500000000000003	-0.22562500000000002	-0.0019453495467949811	-0.22758996063543743	0.0	(-0.22758996063543743+0j)
-0.47000000000000003	-0.22090000000000004	-0.0019444065308703148	-0.22286482297347693	0.0	(-0.22286482297347693+0j)
-0.465	-0.21622500000000003	-0.0019434329318178745	-0.21818969571906077	0.0	(-0.21818969571906077+0j)
-0.46	-0.2116	-0.0019424274127354427	-0.213564580009154	0.0	(-0.213564580009154+0j)
-0.455	-0.20702500000000001	-0.0019413885628631901	-0.2089894770783081	0.0	(-0.2089894770783081+0j)
-0.45	-0.2025	-0.0019403148926326746	-0.2044643882670229	0.0	(-0.2044643882670229+0j)
-0.445	-0.198025	-0.0019392048283242706	-0.19998931503082157	0.0	(-0.19998931503082157+0j)
-0.44	-0.1936	-0.0019380567062972276	-0.19556425895017066	0.0	(-0.19556425895017066+0j)
-0.435	-0.189225	-0.0019368687667528353	-0.1911892217412485	0.0	(-0.1911892217412485+0j)
-0.43	-0.18489999999999998	-0.001935639146987018	-0.18686420526769051	0.0	(-0.18686420526769051+0j)
-0.425	-0.18062499999999998	-0.0019343658740840221	-0.1825892115533807	0.0	(-0.1825892115533807+0j)
-0.42	-0.17639999999999997	-0.0019330468569976516	-0.17836424279639396	0.0	(-0.17836424279639396+0j)
-0.41500000000000004	-0.17222500000000002	-0.0019316798779606763	-0.1741893013841771	0.0	(-0.1741893013841771+0j)
-0.41000000000000003	-0.16810000000000003	-0.0019302625831564644	-0.17006438991010234	0.0	(-0.17006438991010234+0j)
-0.405	-0.16402500000000003	-0.0019287924725795349	-0.1659895111915094	0.0	(-0.1659895111915094+0j)
-0.4	-0.16000000000000003	-0.001927266889003421	-0.16196466828936704	0.0	(-0.16196466828936704+0j)
-0.395	-0.15602500000000002	-0.0019256830059648708	-0.15798986452969435	0.0	(-0.15798986452969435+0j)
-0.39	-0.1521	-0.001924037814662874	-0.15406510352693387	0.0	(-0.15406510352693387+0j)
-0.385	-0.148225	-0.0019223281096590332	-0.15019038920940153	0.0	(-0.15019038920940153+0j)
-0.38	-0.1444	-0.0019205504732522885	-0.14636572584703503	0.0	(-0.14636572584703503+0j)
-0.375	-0.140625	-0.0019187012583856702	-0.14259111808163188	0.0	(-0.14259111808163188+0j)
-0.37	-0.1369	-0.0019167765699253123	-0.13886657095979	0.0	(-0.13886657095979+0j)
-0.365	-0.13322499999999998	-0.0019147722441321458	-0.13519208996878768	0.0	(-0.13519208996878768+0j)
-0.36	-0.1296	-0.0019126838261240898	-0.13156768107566397	0.0	(-0.13156768107566397+0j)
-0.355	-0.126025	-0.0019105065451007377	-0.12799335076973914	0.0	(-0.12799335076973914+0j)
-0.35000000000000003	-0.12250000000000003	-0.0019082352870730536	-0.12446910610890723	0.0	(-0.12446910610890723+0j)
-0.34500000000000003	-0.11902500000000002	-0.0019058645648067504	-0.12099495476995374	0.0	(-0.12099495476995374+0j)
-0.34	-0.11560000000000002	-0.0019033884846492272	-0.1175709051032587	0.0	(-0.1175709051032587+0j)
-0.335	-0.11222500000000002	-0.0019008007098653072	-0.11419696619219398	0.0	(-0.11419696619219398+0j)
-0.33	-0.10890000000000001	-0.001898094420055616	-0.11087314791758823	0.0	(-0.11087314791758823+0j)
-0.325	-0.10562500000000001	-0.0018952622661721262	-0.10759946102759438	0.0	(-0.10759946102759438+0j)
-0.32	-0.1024	-0.0018922963205768484	-0.10437591721335511	0.0	(-0.10437591721335511+0j)
-0.315	-0.09922500000000001	-0.001889188021510336	-0.10120252919080884	0.0	(-0.10120252919080884+0j)
-0.31	-0.0961	-0.001885928111244764	-0.09807931078902919	0.0	(-0.09807931078902919+0j)
-0.305	-0.093025	-0.0018825065670898021	-0.09500627704542165	0.0	(-0.09500627704542165+0j)
-0.3	-0.09	-0.0018789125242959356	-0.09198344430812393	0.0	(-0.09198344430812393+0j)
-0.295	-0.08702499999999999	-0.0018751341897566768	-0.08901083034587973	0.0	(-0.08901083034587973+0j)
-0.29	-0.0841	-0.0018711587452453536	-0.08608845446561778	0.0	(-0.08608845446561778+0j)
-0.28500000000000003	-0.08122500000000002	-0.001866972238730838	-0.08321633763788464	0.0	(-0.08321633763788464+0j)
-0.28	-0.07840000000000001	-0.001862559462096708	-0.08039450263016087	0.0	(-0.08039450263016087+0j)
-0.275	-0.07562500000000001	-0.0018579038133373124	-0.07762297414798541	0.0	(-0.07762297414798541+0j)
-0.27	-0.0729	-0.001852987141020195	-0.0749017789836137	0.0	(-0.0749017789836137+0j)
-0.265	-0.07022500000000001	-0.0018477895684872762	-0.07223094617175523	0.0	(-0.07223094617175523+0j)
-0.26	-0.06760000000000001	-0.0018422892949194677	-0.06961050715170372	0.0	(-0.06961050715170372+0j)
-0.255	-0.065025	-0.0018364623700178567	-0.06704049593491469	0.0	(-0.06704049593491469+0j)
-0.25	-0.0625	-0.00183028243867207	-0.06452094927680695	0.0	(-0.06452094927680695+0j)
-0.245	-0.060024999999999995	-0.0018237204516148165	-0.06205190685131404	0.0	(-0.06205190685131404+0j)
-0.24	-0.0576	-0.0018167443377348433	-0.05963341142649751	0.0	(-0.05963341142649751+0j)
-0.23500000000000001	-0.05522500000000001	-0.0018093186334887635	-0.057265509039416476	0.0	(-0.057265509039416476+0j)
-0.23	-0.0529	-0.0018014040647861599	-0.0549482491685233	0.0	(-0.0549482491685233+0j)
-0.225	-0.050625	-0.001792957076918113	-0.052681684902224545	0.0	(-0.052681684902224545+0j)
-0.22	-0.0484	-0.0017839293086828857	-0.05046587310304053	0.0	(-0.05046587310304053+0j)
-0.215	-0.046224999999999995	-0.00177426700799343	-0.04830087456822904	0.0	(-0.04830087456822904+0j)
-0.21	-0.04409999999999999	-0.0017639103881242717	-0.046186754189964284	0.0	(-0.046186754189964284+0j)
-0.20500000000000002	-0.04202500000000001	-0.0017527929265980838	-0.04412358112131763	0.0	(-0.04412358112131763+0j)
-0.2	-0.04000000000000001	-0.0017408406127792512	-0.04211142895210379	0.0	(-0.04211142895210379+0j)
-0.195	-0.038025	-0.0017279711558000335	-0.04147026142331464	0.0	(-0.04147026142331464+0j)
-0.19	-0.0361	-0.0017140931717519398	-0.0401503759902092	0.0	(-0.0401503759902092+0j)
-0.185	-0.034225	-0.0016991053783453822	-0.03824050538024067	0.0	(-0.03824050538024067+0j)
-0.18	-0.0324	-0.0016828958366029475	-0.036381905680847655	0.0	(-0.036381905680847655+0j)
-0.17500000000000002	-0.030625000000000006	-0.0016653412925926366	-0.03457467126073737	0.0	(-0.03457467126073737+0j)
-0.17	-0.028900000000000006	-0.0016463066875092663	-0.03281890306468521	0.0	(-0.03281890306468521+0j)
-0.165	-0.027225000000000003	-0.001625644921083952	-0.031114709625327683	0.0	(-0.031114709625327683+0j)
-0.16	-0.0256	-0.0016031969705136212	-0.02946220844968674	0.0	(-0.02946220844968674+0j)
-0.155	-0.024025	-0.0015787924836331972	-0.02786152787717182	0.0	(-0.02786152787717182+0j)
-0.15	-0.0225	-0.0015522509792596825	-0.026312809508450996	0.0	(-0.026312809508450996+0j)
-0.145	-0.021025	-0.0015233837974650219	-0.024816211291115605	0.0	(-0.024816211291115605+0j)
-0.14	-0.019600000000000003	-0.0014919969455779833	-0.023371911309955445	0.0	(-0.023371911309955445+0j)
-0.135	-0.018225	-0.001457894979344457	-0.021980112251456966	0.0	(-0.021980112251456966+0j)
-0.13	-0.016900000000000002	-0.0014208860402345415	-0.020641046367973176	0.0	(-0.020641046367973176+0j)
-0.125	-0.015625	-0.0013807881369629735	-0.019354980506344925	0.0	(-0.019354980506344925+0j)
-0.12	-0.0144	-0.0013374367100568872	-0.018122220263385384	0.0	(-0.018122220263385384+0j)
-0.115	-0.013225	-0.0012906934518895068	-0.016943111164186012	0.0	(-0.016943111164186012+0j)
-0.11	-0.0121	-0.0012404562714714838	-0.01581803092622907	0.0	(-0.01581803092622907+0j)
-0.105	-0.011024999999999998	-0.0011866701956146303	-0.014747345753122264	0.0	(-0.014747345753122264+0j)
-0.1	-0.010000000000000002	-0.0011293388899608998	-0.013731022278489782	0.0	(-0.013731022278489782+0j)
-0.095	-0.009025	-0.0010685363709527925	-0.01304902489760958	0.0	(-0.01304902489760958+0j)
-0.09	-0.0081	-0.0010044183712005239	-0.012775793107798023	0.0	(-0.012775793107798023+0j)
-0.085	-0.007225000000000001	-0.0009372327255560511	-0.011868957434699911	0.0	(-0.011868957434699911+0j)
-0.08	-0.0064	-0.000867328074187334	-0.011020477956988737	0.0	(-0.011020477956988737+0j)
-0.075	-0.005625	-0.0007951601428172052	-0.010228079531401185	0.0	(-0.010228079531401185+0j)
-0.07	-0.004900000000000001	-0.0007212948688471082	-0.009490594159921406	0.0	(-0.009490594159921406+0j)
-0.065	-0.0042250000000000005	-0.0006464077029806408	-0.008805272315567084	0.0	(-0.008805272315567084+0j)
-0.06	-0.0036	-0.0005712785335317753	-0.008166181609420382	0.0	(-0.008166181609420382+0j)
-0.055	-0.003025	-0.0004967818548447037	-0.007561806312278275	0.0	(-0.007561806312278275+0j)
-0.05	-0.0025000000000000005	-0.0004238720271026558	-0.0069720706457972025	0.0	(-0.0069720706457972025+0j)
-0.045	-0.002025	-0.00035356374185545076	-0.006366237432261646	0.0	(-0.006366237432261646+0j)
-0.04	-0.0016	-0.00028690810035972866	-0.005704625539073657	0.0	(-0.005704625539073657+0j)
-0.035	-0.0012250000000000002	-0.00022496501057509065	-0.004947239641922426	0.0	(-0.004947239641922426+0j)
-0.03	-0.0009	-0.00016877289084459815	-0.00407003436536785	0.0	(-0.00407003436536785+0j)
-0.025	-0.0006250000000000001	-0.00011931691042167463	-0.003085341787834209	0.0	(-0.003085341787834209+0j)
-0.02	-0.0004	-7.74971768468212e-05	-0.0020572906021725187	0.0	(-0.0020572906021725187+0j)
-0.015	-0.000225	-4.4098378995062124e-05	-0.001097735667271878	0.0	(-0.001097735667271878+0j)
-0.01	-0.0001	-1.9762399269072223e-05	-0.0003259392780987035	0.0	(-0.0003259392780987035+0j)
-0.005	-2.5e-05	-4.965313002980309e-06	2.6129695873374284e-17	-0.00024394334161318036	(2.6129695873374284e-17-0.00024394334161318036j)
0.005	2.5e-05	4.965313002980309e-06	2.6129695873374284e-17	0.00024394334161318036	(2.6129695873374284e-17+0.00024394334161318036j)
0.01	0.0001	1.9762399269072223e-05	0.0003259392780987965	0.0	(0.0003259392780987965+0j)
0.015	0.000225	4.4098378995062124e-05	0.0010977356672719038	0.0	(0.0010977356672719038+0j)
0.02	0.0004	7.74971768468212e-05	0.002057290602172602	0.0	(0.002057290602172602+0j)
0.025	0.0006250000000000001	0.00011931691042167463	0.003085341787834233	0.0	(0.003085341787834233+0j)
0.03	0.0009	0.00016877289084459815	0.004070034365367919	0.0	(0.004070034365367919+0j)
0.035	0.0012250000000000002	0.00022496501057509065	0.0049472396419224275	0.0	(0.0049472396419224275+0j)
0.04	0.0016	0.00028690810035972866	0.005704625539073682	0.0	(0.005704625539073682+0j)
0.045	0.002025	0.00035356374185545076	0.006366237432261651	0.0	(0.006366237432261651+0j)
0.05	0.0025000000000000005	0.0004238720271026558	0.006972070645797209	0.0	(0.006972070645797209+0j)
0.055	0.003025	0.0004967818548447037	0.0075618063122782735	0.0	(0.0075618063122782735+0j)
0.06	0.0036	0.0005712785335317753	0.008166181609420415	0.0	(0.008166181609420415+0j)
0.065	0.0042250000000000005	0.0006464077029806408	0.008805272315567023	0.0	(0.008805272315567023+0j)
0.07	0.004900000000000001	0.0007212948688471082	0.009490594159921434	0.0	(0.009490594159921434+0j)
0.075	0.005625	0.0007951601428172052	0.010228079531401181	0.0	(0.010228079531401181+0j)
0.08	0.0064	0.000867328074187334	0.011020477956988671	0.0	(0.011020477956988671+0j)
0.085	0.007225000000000001	0.0009372327255560511	0.011868957434699894	0.0	(0.011868957434699894+0j)
0.09	0.0081	0.0010044183712005239	0.012775793107797986	0.0	(0.012775793107797986+0j)
0.095	0.009025	0.0010685363709527925	0.01304902489760961	0.0	(0.01304902489760961+0j)
0.1	0.010000000000000002	0.0011293388899608998	0.013731022278489881	0.0	(0.013731022278489881+0j)
0.105	0.011024999999999998	0.0011866701956146303	0.014747345753122266	0.0	(0.014747345753122266+0j)
0.11	0.0121	0.0012404562714714838	0.015818030926229108	0.0	(0.015818030926229108+0j)
0.115	0.013225	0.0012906934518895068	0.016943111164185946	0.0	(0.016943111164185946+0j)
0.12	0.0144	0.0013374367100568872	0.018122220263385218	0.0	(0.018122220263385218+0j)
0.125	0.015625	0.0013807881369629735	0.019354980506344894	0.0	(0.019354980506344894+0j)
0.13	0.016900000000000002	0.0014208860402345415	0.020641046367973166	0.0	(0.020641046367973166+0j)
0.135	0.018225	0.001457894979344457	0.021980112251456924	0.0	(0.021980112251456924+0j)
0.14	0.019600000000000003	0.0014919969455779833	0.023371911309955296	0.0	(0.023371911309955296+0j)
0.145	0.021025	0.0015233837974650219	0.024816211291115716	0.0	(0.024816211291115716+0j)
0.15	0.0225	0.0015522509792596825	0.026312809508450778	0.0	(0.026312809508450778+0j)
0.155	0.024025	0.0015787924836331972	0.027861527877171992	0.0	(0.027861527877171992+0j)
0.16	0.0256	0.0016031969705136212	0.02946220844968672	0.0	(0.02946220844968672+0j)
0.165	0.027225000000000003	0.001625644921083952	0.031114709625327832	0.0	(0.031114709625327832+0j)
0.17	0.028900000000000006	0.0016463066875092663	0.032818903064685184	0.0	(0.032818903064685184+0j)
0.17500000000000002	0.030625000000000006	0.0016653412925926366	0.034574671260737724	0.0	(0.034574671260737724+0j)
0.18	0.0324	0.0016828958366029475	0.03638190568084784	0.0	(0.03638190568084784+0j)
0.185	0.034225	0.0016991053783453822	0.03824050538024069	0.0	(0.03824050538024069+0j)
0.19	0.0361	0.0017140931717519398	0.040150375990209444	0.0	(0.040150375990209444+0j)
0.195	0.038025	0.0017279711558000335	0.041470261423314496	0.0	(0.041470261423314496+0j)
0.2	0.04000000000000001	0.0017408406127792512	0.04211142895210422	0.0	(0.04211142895210422+0j)
0.20500000000000002	0.04202500000000001	0.0017527929265980838	0.04412358112131768	0.0	(0.04412358112131768+0j)
0.21	0.04409999999999999	0.0017639103881242717	0.04618675418996437	0.0	(0.04618675418996437+0j)
0.215	0.046224999999999995	0.00177426700799343	0.04830087456822902	0.0	(0.04830087456822902+0j)
0.22	0.0484	0.0017839293086828857	0.050465873103040515	0.0	(0.050465873103040515+0j)
0.225	0.050625	0.001792957076918113	0.052681684902224704	0.0	(0.052681684902224704+0j)
0.23	0.0529	0.0018014040647861599	0.05494824916852338	0.0	(0.05494824916852338+0j)
0.23500000000000001	0.05522500000000001	0.0018093186334887635	0.057265509039416455	0.0	(0.057265509039416455+0j)
0.24	0.0576	0.0018167443377348433	0.059633411426497474	0.0	(0.059633411426497474+0j)
0.245	0.060024999999999995	0.0018237204516148165	0.06205190685131386	0.0	(0.06205190685131386+0j)
0.25	0.0625	0.00183028243867207	0.06452094927680656	0.0	(0.06452094927680656+0j)
0.255	0.065025	0.0018364623700178567	0.0670404959349147	0.0	(0.0670404959349147+0j)
0.26	0.06760000000000001	0.0018422892949194677	0.06961050715170328	0.0	(0.06961050715170328+0j)
0.265	0.07022500000000001	0.0018477895684872762	0.07223094617175498	0.0	(0.07223094617175498+0j)
0.27	0.0729	0.001852987141020195	0.074901778983614	0.0	(0.074901778983614+0j)
0.275	0.07562500000000001	0.0018579038133373124	0.07762297414798536	0.0	(0.07762297414798536+0j)
0.28	0.07840000000000001	0.001862559462096708	0.08039450263016025	0.0	(0.08039450263016025+0j)
0.28500000000000003	0.08122500000000002	0.001866972238730838	0.08321633763788437	0.0	(0.08321633763788437+0j)
0.29	0.0841	0.0018711587452453536	0.08608845446561841	0.0	(0.08608845446561841+0j)
0.295	0.08702499999999999	0.0018751341897566768	0.08901083034587941	0.0	(0.08901083034587941+0j)
0.3	0.09	0.0018789125242959356	0.0919834443081238	0.0	(0.0919834443081238+0j)
0.305	0.093025	0.0018825065670898021	0.09500627704542132	0.0	(0.09500627704542132+0j)
0.31	0.0961	0.001885928111244764	0.09807931078902889	0.0	(0.09807931078902889+0j)
0.315	0.09922500000000001	0.001889188021510336	0.10120252919080908	0.0	(0.10120252919080908+0j)
0.32	0.1024	0.0018922963205768484	0.10437591721335451	0.0	(0.10437591721335451+0j)
0.325	0.10562500000000001	0.0018952622661721262	0.10759946102759398	0.0	(0.10759946102759398+0j)
0.33	0.10890000000000001	0.001898094420055616	0.11087314791758782	0.0	(0.11087314791758782+0j)
0.335	0.11222500000000002	0.0019008007098653072	0.11419696619219454	0.0	(0.11419696619219454+0j)
0.34	0.11560000000000002	0.0019033884846492272	0.11757090510325761	0.0	(0.11757090510325761+0j)
0.34500000000000003	0.11902500000000002	0.0019058645648067504	0.12099495476995394	0.0	(0.12099495476995394+0j)
0.35000000000000003	0.12250000000000003	0.0019082352870730536	0.124469106108907	0.0	(0.124469106108907+0j)
0.355	0.126025	0.0019105065451007377	0.12799335076974036	0.0	(0.12799335076974036+0j)
0.36	0.1296	0.0019126838261240898	0.1315676810756634	0.0	(0.1315676810756634+0j)
0.365	0.13322499999999998	0.0019147722441321458	0.13519208996878793	0.0	(0.13519208996878793+0j)
0.37	0.1369	0.0019167765699253123	0.1388665709597897	0.0	(0.1388665709597897+0j)
0.375	0.140625	0.0019187012583856702	0.14259111808163114	0.0	(0.14259111808163114+0j)
0.38	0.1444	0.0019205504732522885	0.14636572584703475	0.0	(0.14636572584703475+0j)
0.385	0.148225	0.0019223281096590332	0.1501903892094005	0.0	(0.1501903892094005+0j)
0.39	0.1521	0.001924037814662874	0.15406510352693528	0.0	(0.15406510352693528+0j)
0.395	0.15602500000000002	0.0019256830059648708	0.15798986452969463	0.0	(0.15798986452969463+0j)
0.4	0.16000000000000003	0.001927266889003421	0.16196466828936587	0.0	(0.16196466828936587+0j)
0.405	0.16402500000000003	0.0019287924725795349	0.1659895111915106	0.0	(0.1659895111915106+0j)
0.41000000000000003	0.16810000000000003	0.0019302625831564644	0.17006438991010195	0.0	(0.17006438991010195+0j)
0.41500000000000004	0.17222500000000002	0.0019316798779606763	0.17418930138417665	0.0	(0.17418930138417665+0j)
0.42	0.17639999999999997	0.0019330468569976516	0.17836424279639415	0.0	(0.17836424279639415+0j)
0.425	0.18062499999999998	0.0019343658740840221	0.18258921155338168	0.0	(0.18258921155338168+0j)
0.43	0.18489999999999998	0.001935639146987018	0.18686420526769032	0.0	(0.18686420526769032+0j)
0.435	0.189225	0.0019368687667528353	0.1911892217412487	0.0	(0.1911892217412487+0j)
0.44	0.1936	0.0019380567062972276	0.1955642589501703	0.0	(0.1955642589501703+0j)
0.445	0.198025	0.0019392048283242706	0.19998931503082187	0.0	(0.19998931503082187+0j)
0.45	0.2025	0.0019403148926326746	0.20446438826702293	0.0	(0.20446438826702293+0j)
0.455	0.20702500000000001	0.0019413885628631901	0.20898947707830937	0.0	(0.20898947707830937+0j)
0.46	0.2116	0.0019424274127354427	0.21356458000915357	0.0	(0.21356458000915357+0j)
0.465	0.21622500000000003	0.0019434329318178745	0.2181896957190616	0.0	(0.2181896957190616+0j)
0.47000000000000003	0.22090000000000004	0.0019444065308703148	0.22286482297347754	0.0	(0.22286482297347754+0j)
0.47500000000000003	0.22562500000000002	0.0019453495467949811	0.22758996063543585	0.0	(0.22758996063543585+0j)
0.48	0.2304	0.0019462632472283642	0.23236510765788768	0.0	(0.23236510765788768+0j)
0.485	0.235225	0.001947148834803465	0.23719026307664332	0.0	(0.23719026307664332+0j)
0.49	0.24009999999999998	0.001948007451109152	0.24206542600388178	0.0	(0.24206542600388178+0j)
0.495	0.245025	0.0019488401803709917	0.2469905956222081	0.0	(0.2469905956222081+0j)
0.5	0.25	0.001949648052875718	0.2519657711791499	0.0	(0.2519657711791499+0j)
0.505	0.255025	0.0019504320481595497	0.2569909519821228	0.0	(0.2569909519821228+0j)
0.51	0.2601	0.0019511930979787821	0.26206613739378726	0.0	(0.26206613739378726+0j)
0.515	0.265225	0.0019519320890794825	0.2671913268277779	0.0	(0.2671913268277779+0j)
0.52	0.27040000000000003	0.0019526498657816672	0.27236651974476256	0.0	(0.27236651974476256+0j)
0.525	0.275625	0.001953347232392026	0.2775917156488368	0.0	(0.2775917156488368+0j)
0.53	0.28090000000000004	0.0019540249554580776	0.28286691408415676	0.0	(0.28286691408415676+0j)
0.535	0.286225	0.0019546837658755466	0.28819211463190064	0.0	(0.28819211463190064+0j)
0.54	0.2916	0.001955324360859791	0.2935673169074139	0.0	(0.2935673169074139+0j)
0.545	0.29702500000000004	0.00195594740579121	0.2989925205575951	0.0	(0.2989925205575951+0j)
0.55	0.30250000000000005	0.001956553535943755	0.3044677252584971	0.0	(0.3044677252584971+0j)
0.555	0.30802500000000005	0.0019571433581049257	0.30999293071311024	0.0	(0.30999293071311024+0j)
0.56	0.31360000000000005	0.0019577174520949816	0.315568136649284	0.0	(0.315568136649284+0j)
0.5650000000000001	0.3192250000000001	0.001958276372192451	0.3211933428178762	0.0	(0.3211933428178762+0j)
0.5700000000000001	0.3249000000000001	0.001958820648472504	0.32686854899097034	0.0	(0.32686854899097034+0j)
0.5750000000000001	0.33062500000000006	0.0019593507880642123	0.3325937549602851	0.0	(0.3325937549602851+0j)
0.58	0.3364	0.0019598672763322723	0.3383689605356758	0.0	(0.3383689605356758+0j)
0.585	0.34222499999999995	0.0019603705779883264	0.3441941655437674	0.0	(0.3441941655437674+0j)
0.59	0.34809999999999997	0.001960861138136645	0.3500693698266686	0.0	(0.3500693698266686+0j)
0.595	0.354025	0.001961339383258554	0.35599457324081346	0.0	(0.35599457324081346+0j)
0.6	0.36	0.0019618057221396823	0.36196977565586713	0.0	(0.36196977565586713+0j)
0.605	0.366025	0.001962260546743785	0.3679949769537228	0.0	(0.3679949769537228+0j)
0.61	0.3721	0.001962704233036643	0.37407017702757595	0.0	(0.37407017702757595+0j)
0.615	0.378225	0.001963137141763257	0.38019537578106316	0.0	(0.38019537578106316+0j)
0.62	0.3844	0.001963559619181357	0.38637057312746403	0.0	(0.38637057312746403+0j)
0.625	0.390625	0.0019639719977539885	0.3925957689889747	0.0	(0.3925957689889747+0j)
0.63	0.39690000000000003	0.001964374596803785	0.39887096329601546	0.0	(0.39887096329601546+0j)
0.635	0.403225	0.001964767723131317	0.4051961559866129	0.0	(0.4051961559866129+0j)
0.64	0.4096	0.0019651516715997576	0.4115713470058155	0.0	(0.4115713470058155+0j)
0.645	0.41602500000000003	0.0019655267256879477	0.4179965363051405	0.0	(0.4179965363051405+0j)
0.65	0.42250000000000004	0.001965893158013796	0.4244717238420934	0.0	(0.4244717238420934+0j)
0.655	0.42902500000000005	0.0019662512308298154	0.43099690957967896	0.0	(0.43099690957967896+0j)
0.66	0.43560000000000004	0.0019666011964924856	0.4375720934860009	0.0	(0.4375720934860009+0j)
0.665	0.44222500000000003	0.0019669432979070025	0.4441972755338447	0.0	(0.4441972755338447+0j)
0.67	0.4489000000000001	0.0019672777689488845	0.4508724557003152	0.0	(0.4508724557003152+0j)
0.675	0.45562500000000006	0.0019676048348637953	0.457597633966498	0.0	(0.457597633966498+0j)
0.68	0.4624000000000001	0.0019679247126468675	0.46437281031712807	0.0	(0.46437281031712807+0j)
0.685	0.46922500000000006	0.0019682376114027148	0.4711979847403264	0.0	(0.4711979847403264+0j)
0.6900000000000001	0.4761000000000001	0.001968543732687248	0.4780731572272959	0.0	(0.4780731572272959+0j)
0.6950000000000001	0.4830250000000001	0.0019688432708323397	0.4849983277720836	0.0	(0.4849983277720836+0j)
0.7000000000000001	0.4900000000000001	0.0019691364132543173	0.49197349637135046	0.0	(0.49197349637135046+0j)
0.705	0.49702499999999994	0.001969423340747191	0.4989986630241537	0.0	(0.4989986630241537+0j)
0.71	0.5041	0.00196970422776148	0.5060738277317395	0.0	(0.5060738277317395+0j)
0.715	0.5112249999999999	0.001969979242669439	0.5131989904973537	0.0	(0.5131989904973537+0j)
0.72	0.5184	0.001970248548017435	0.5203741513260925	0.0	(0.5203741513260925+0j)
0.725	0.525625	0.0019705123007661834	0.5275993102247097	0.0	(0.5275993102247097+0j)
0.73	0.5328999999999999	0.001970770652519505	0.5348744672014908	0.0	(0.5348744672014908+0j)
0.735	0.540225	0.00197102374974223	0.5421996222661141	0.0	(0.5421996222661141+0j)
0.74	0.5476	0.0019712717339678233	0.5495747754295103	0.0	(0.5495747754295103+0j)
0.745	0.555025	0.0019715147419963005	0.5569999267037623	0.0	(0.5569999267037623+0j)
0.75	0.5625	0.0019717529060829255	0.5644750761019768	0.0	(0.5644750761019768+0j)
0.755	0.570025	0.0019719863541182003	0.5720002236381954	0.0	(0.5720002236381954+0j)
0.76	0.5776	0.001972215209799586	0.5795753693273008	0.0	(0.5795753693273008+0j)
0.765	0.585225	0.0019724395927953986	0.5872005131849264	0.0	(0.5872005131849264+0j)
0.77	0.5929	0.0019726596189012747	0.5948756552273761	0.0	(0.5948756552273761+0j)
0.775	0.6006250000000001	0.0019728754001895974	0.6026007954715561	0.0	(0.6026007954715561+0j)
0.78	0.6084	0.0019730870451522362	0.6103759339348777	0.0	(0.6103759339348777+0j)
0.785	0.616225	0.001973294658836945	0.6182010706352448	0.0	(0.6182010706352448+0j)
0.79	0.6241000000000001	0.001973498342977736	0.6260762055909499	0.0	(0.6260762055909499+0j)
0.795	0.6320250000000001	0.0019736981961195298	0.6340013388206395	0.0	(0.6340013388206395+0j)
0.8	0.6400000000000001	0.0019738943137373737	0.6419764703432633	0.0	(0.6419764703432633+0j)
0.805	0.6480250000000001	0.001974086788350488	0.6500016001780116	0.0	(0.6500016001780116+0j)
0.81	0.6561000000000001	0.0019742757096314024	0.6580767283443061	0.0	(0.6580767283443061+0j)
0.8150000000000001	0.6642250000000001	0.00197446116451042	0.6662018548617278	0.0	(0.6662018548617278+0j)
0.8200000000000001	0.6724000000000001	0.001974643237275635	0.6743769797499798	0.0	(0.6743769797499798+0j)
0.8250000000000001	0.6806250000000001	0.0019748220096687196	0.6826021030289026	0.0	(0.6826021030289026+0j)
0.8300000000000001	0.6889000000000001	0.001974997560976688	0.6908772247183728	0.0	(0.6908772247183728+0j)
0.835	0.697225	0.001975169968119819	0.6992023448383228	0.0	(0.6992023448383228+0j)
0.84	0.7055999999999999	0.001975339305735932	0.7075774634087084	0.0	(0.7075774634087084+0j)
0.845	0.7140249999999999	0.0019755056462611793	0.716002580449478	0.0	(0.716002580449478+0j)
0.85	0.7224999999999999	0.0019756690600075243	0.724477695980575	0.0	(0.724477695980575+0j)
0.855	0.7310249999999999	0.001975829615237053	0.733002810021938	0.0	(0.733002810021938+0j)
0.86	0.7395999999999999	0.0019759873782332735	0.7415779225934828	0.0	(0.7415779225934828+0j)
0.865	0.748225	0.0019761424133695397	0.7502030337152547	0.0	(0.7502030337152547+0j)
0.87	0.7569	0.0019762947831747277	0.7588781434075818	0.0	(0.7588781434075818+0j)
0.875	0.765625	0.001976444548396292	0.7676032516915219	0.0	(0.7676032516915219+0j)
0.88	0.7744	0.0019765917680608256	0.7763783585898613	0.0	(0.7763783585898613+0j)
0.885	0.7832250000000001	0.0019767364995322266	0.7852034641292193	0.0	(0.7852034641292193+0j)
0.89	0.7921	0.0019768787985675867	0.7940785683444853	0.0	(0.7940785683444853+0j)
0.895	0.801025	0.0019770187193708997	0.8030036712878087	0.0	(0.8030036712878087+0j)
0.9	0.81	0.0019771563146446874	0.8119787730464545	0.0	(0.8119787730464545+0j)
0.905	0.819025	0.001977291635639634	0.821003873777026	0.0	(0.821003873777026+0j)
0.91	0.8281000000000001	0.0019774247322023163	0.8300789737689068	0.0	(0.8300789737689068+0j)
0.915	0.8372250000000001	0.001977555652821114	0.8392040735572657	0.0	(0.8392040735572657+0j)
0.92	0.8464	0.0019776844446703795	0.8483791741163832	0.0	(0.8483791741163832+0j)
0.925	0.8556250000000001	0.001977811153652936	0.8576042771761749	0.0	(0.8576042771761749+0j)
0.93	0.8649000000000001	0.0019779358244409874	0.8668793857167975	0.0	(0.8668793857167975+0j)
0.935	0.8742250000000001	0.001978058500515496	0.876204504704706	0.0	(0.876204504704706+0j)
0.9400000000000001	0.8836000000000002	0.0019781792242040976	0.8855796421334992	0.0	(0.8855796421334992+0j)
0.9450000000000001	0.8930250000000001	0.001978298036717622	0.8950048104207979	0.0	(0.8950048104207979+0j)
0.9500000000000001	0.9025000000000001	0.001978414978185264	0.9044800281894617	0.0	(0.9044800281894617+0j)
0.9550000000000001	0.9120250000000001	0.001978530087688473	0.9140053224402303	0.0	(0.9140053224402303+0j)
0.96	0.9216	0.00197864340329361	0.9235807311385962	0.0	(0.9235807311385962+0j)
0.965	0.931225	0.0019787549620834217	0.9332063063654481	0.0	(0.9332063063654481+0j)
0.97	0.9409	0.001978864800187385	0.9428821185741335	0.0	(0.9428821185741335+0j)
0.975	0.9506249999999999	0.00197897295281096	0.9526082635142513	0.0	(0.9526082635142513+0j)
0.98	0.9603999999999999	0.0019790794542638066	0.9623848760156035	0.0	(0.9623848760156035+0j)
0.985	0.970225	0.001979184337986996	0.9722121624289166	0.0	(0.9722121624289166+0j)
0.99	0.9801	0.0019792876365792664	0.9820904903647023	0.0	(0.9820904903647023+0j)
0.995	0.990025	0.0019793893818223557	0.9920207038494907	0.0	(0.9920207038494907+0j)
1.0	1.0	0.001979489604705448	1.0020059308558928	0.0	(1.0020059308558928+0j)
