-1.0	-1.0	-0.0014642259509376559	-1.0014651094413438	0.0	(-1.0014651094413438+0j)
-0.998	-0.996004	-0.0014637151494517088	-0.9974684233043736	0.0	(-0.9974684233043736+0j)
-0.996	-0.992016	-0.0014632012690108957	-0.9934798219336287	0.0	(-0.9934798219336287+0j)
-0.994	-0.988036	-0.0014626842848714113	-0.9894992469952738	0.0	(-0.9894992469952738+0j)
-0.992	-0.9840639999999999	-0.0014621641720426373	-0.9855266837349778	0.0	(-0.9855266837349778+0j)
-0.99	-0.9801	-0.0014616409052842767	-0.9815621262132278	0.0	(-0.9815621262132278+0j)
-0.988	-0.976144	-0.0014611144591034485	-0.977605571442613	0.0	(-0.977605571442613+0j)
-0.986	-0.972196	-0.0014605848077517507	-0.973657017704002	0.0	(-0.973657017704002+0j)
-0.984	-0.968256	-0.0014600519252222837	-0.9697164639132008	0.0	(-0.9697164639132008+0j)
-0.982	-0.964324	-0.0014595157852466396	-0.9657839093389037	0.0	(-0.9657839093389037+0j)
-0.98	-0.9603999999999999	-0.0014589763612918533	-0.9618593534615051	0.0	(-0.9618593534615051+0j)
-0.978	-0.956484	-0.0014584336265573159	-0.9579427958960289	0.0	(-0.9579427958960289+0j)
-0.976	-0.952576	-0.0014578875539716523	-0.9540342363471166	0.0	(-0.9540342363471166+0j)
-0.974	-0.948676	-0.001457338116189559	-0.9501336745813654	0.0	(-0.9501336745813654+0j)
-0.972	-0.944784	-0.0014567852855886028	-0.9462411104094937	0.0	(-0.9462411104094937+0j)
-0.97	-0.9409	-0.0014562290342659849	-0.9423565436744827	0.0	(-0.9423565436744827+0j)
-0.968	-0.937024	-0.0014556693340352586	-0.9384799742434232	0.0	(-0.9384799742434232+0j)
-0.966	-0.933156	-0.001455106156423017	-0.934611402001736	0.0	(-0.934611402001736+0j)
-0.964	-0.9292959999999999	-0.00145453947266553	-0.9307508268490271	0.0	(-0.9307508268490271+0j)
-0.962	-0.9254439999999999	-0.0014539692537053504	-0.9268982486960221	0.0	(-0.9268982486960221+0j)
-0.96	-0.9216	-0.0014533954701878746	-0.9230536674622615	0.0	(-0.9230536674622615+0j)
-0.9580000000000001	-0.9177640000000001	-0.0014528180924578626	-0.9192170830743601	0.0	(-0.9192170830743601+0j)
-0.9560000000000001	-0.9139360000000002	-0.0014522370905559173	-0.915388495464641	0.0	(-0.915388495464641+0j)
-0.9540000000000001	-0.9101160000000001	-0.0014516524342149232	-0.9115679045700859	0.0	(-0.9115679045700859+0j)
-0.9520000000000001	-0.9063040000000001	-0.001451064092856442	-0.9077553103314981	0.0	(-0.9077553103314981+0j)
-0.9500000000000001	-0.9025000000000001	-0.0014504720355870634	-0.9039507126928179	0.0	(-0.9039507126928179+0j)
-0.9480000000000001	-0.8987040000000002	-0.00144987623119472	-0.9001541116006048	0.0	(-0.9001541116006048+0j)
-0.9460000000000001	-0.8949160000000002	-0.0014492766481449507	-0.8963655070035739	0.0	(-0.8963655070035739+0j)
-0.9440000000000001	-0.8911360000000002	-0.0014486732545771278	-0.892584898852238	0.0	(-0.892584898852238+0j)
-0.9420000000000001	-0.8873640000000002	-0.0014480660183006364	-0.8888122870986095	0.0	(-0.8888122870986095+0j)
-0.9400000000000001	-0.8836000000000002	-0.0014474549067910107	-0.8850476716959499	0.0	(-0.8850476716959499+0j)
-0.9380000000000001	-0.8798440000000001	-0.0014468398871860272	-0.8812910525985405	0.0	(-0.8812910525985405+0j)
-0.936	-0.8760960000000001	-0.0014462209262817518	-0.8775424297615407	0.0	(-0.8775424297615407+0j)
-0.934	-0.8723560000000001	-0.0014455979905285434	-0.8738018031408152	0.0	(-0.8738018031408152+0j)
-0.932	-0.8686240000000001	-0.0014449710460270105	-0.8700691726927744	0.0	(-0.8700691726927744+0j)
-0.93	-0.8649000000000001	-0.0014443400585239248	-0.8663445383743199	0.0	(-0.8663445383743199+0j)
-0.928	-0.8611840000000001	-0.0014437049934080868	-0.8626279001427091	0.0	(-0.8626279001427091+0j)
-0.926	-0.8574760000000001	-0.001443065815706148	-0.8589192579554776	0.0	(-0.8589192579554776+0j)
-0.924	-0.8537760000000001	-0.0014424224900783833	-0.8552186117703818	0.0	(-0.8552186117703818+0j)
-0.922	-0.8500840000000001	-0.0014417749808144224	-0.851525961545299	0.0	(-0.851525961545299+0j)
-0.92	-0.8464	-0.0014411232518289278	-0.84784130723821	0.0	(-0.84784130723821+0j)
-0.918	-0.842724	-0.0014404672666572323	-0.8441646488071175	0.0	(-0.8441646488071175+0j)
-0.916	-0.839056	-0.001439806988450926	-0.8404959862100388	0.0	(-0.8404959862100388+0j)
-0.914	-0.835396	-0.0014391423799733963	-0.8368353194049141	0.0	(-0.8368353194049141+0j)
-0.912	-0.831744	-0.0014384734035953223	-0.8331826483496061	0.0	(-0.8331826483496061+0j)
-0.91	-0.8281000000000001	-0.0014378000212901202	-0.829537973001872	0.0	(-0.829537973001872+0j)
-0.908	-0.8244640000000001	-0.0014371221946293407	-0.8259012933193117	0.0	(-0.8259012933193117+0j)
-0.906	-0.820836	-0.0014364398847780209	-0.822272609259347	0.0	(-0.822272609259347+0j)
-0.904	-0.817216	-0.0014357530524899853	-0.8186519207792109	0.0	(-0.8186519207792109+0j)
-0.902	-0.813604	-0.0014350616581031027	-0.8150392278359069	0.0	(-0.8150392278359069+0j)
-0.9	-0.81	-0.0014343656615344903	-0.8114345303861994	0.0	(-0.8114345303861994+0j)
-0.898	-0.806404	-0.0014336650222756748	-0.8078378283866046	0.0	(-0.8078378283866046+0j)
-0.896	-0.8028160000000001	-0.0014329596993877015	-0.8042491217933339	0.0	(-0.8042491217933339+0j)
-0.894	-0.7992360000000001	-0.001432249651496198	-0.8006684105623283	0.0	(-0.8006684105623283+0j)
-0.892	-0.795664	-0.0014315348367863873	-0.7970956946492096	0.0	(-0.7970956946492096+0j)
-0.89	-0.7921	-0.001430815212998057	-0.793530974009283	0.0	(-0.793530974009283+0j)
-0.888	-0.788544	-0.001430090737420475	-0.7899742485974948	0.0	(-0.7899742485974948+0j)
-0.886	-0.784996	-0.001429361366887263	-0.7864255183684674	0.0	(-0.7864255183684674+0j)
-0.884	-0.781456	-0.0014286270577712188	-0.78288478327645	0.0	(-0.78288478327645+0j)
-0.882	-0.7779240000000001	-0.001427887765979091	-0.7793520432753075	0.0	(-0.7793520432753075+0j)
-0.88	-0.7744	-0.0014271434469463086	-0.7758272983185326	0.0	(-0.7758272983185326+0j)
-0.878	-0.770884	-0.0014263940556316624	-0.7723105483592256	0.0	(-0.7723105483592256+0j)
-0.876	-0.767376	-0.001425639546511937	-0.768801793350066	0.0	(-0.768801793350066+0j)
-0.874	-0.763876	-0.001424879873576502	-0.7653010332433376	0.0	(-0.7653010332433376+0j)
-0.872	-0.760384	-0.0014241149903218484	-0.7618082679908829	0.0	(-0.7618082679908829+0j)
-0.87	-0.7569	-0.0014233448497460884	-0.758323497544116	0.0	(-0.758323497544116+0j)
-0.868	-0.753424	-0.0014225694043434015	-0.7548467218540074	0.0	(-0.7548467218540074+0j)
-0.866	-0.749956	-0.0014217886060984395	-0.7513779408710823	0.0	(-0.7513779408710823+0j)
-0.864	-0.7464959999999999	-0.0014210024064806866	-0.7479171545454028	0.0	(-0.7479171545454028+0j)
-0.862	-0.7430439999999999	-0.0014202107564387722	-0.7444643628265484	0.0	(-0.7444643628265484+0j)
-0.86	-0.7395999999999999	-0.0014194136063947441	-0.7410195656636608	0.0	(-0.7410195656636608+0j)
-0.858	-0.7361639999999999	-0.0014186109062382947	-0.7375827630053472	0.0	(-0.7375827630053472+0j)
-0.856	-0.7327359999999999	-0.0014178026053209452	-0.7341539547997636	0.0	(-0.7341539547997636+0j)
-0.854	-0.729316	-0.0014169886524501903	-0.7307331409945533	0.0	(-0.7307331409945533+0j)
-0.852	-0.725904	-0.001416168995883597	-0.7273203215368492	0.0	(-0.7273203215368492+0j)
-0.85	-0.7224999999999999	-0.0014153435833228665	-0.7239154963732636	0.0	(-0.7239154963732636+0j)
-0.848	-0.719104	-0.0014145123619078552	-0.7205186654499072	0.0	(-0.7205186654499072+0j)
-0.846	-0.7157159999999999	-0.0014136752782105545	-0.7171298287123433	0.0	(-0.7171298287123433+0j)
-0.844	-0.712336	-0.0014128322782290354	-0.7137489861056003	0.0	(-0.7137489861056003+0j)
-0.842	-0.7089639999999999	-0.0014119833073813531	-0.7103761375741723	0.0	(-0.7103761375741723+0j)
-0.84	-0.7055999999999999	-0.0014111283104994174	-0.7070112830620094	0.0	(-0.7070112830620094+0j)
-0.838	-0.702244	-0.0014102672318228252	-0.7036544225124676	0.0	(-0.7036544225124676+0j)
-0.836	-0.698896	-0.0014094000149926624	-0.7003055558683761	0.0	(-0.7003055558683761+0j)
-0.834	-0.695556	-0.0014085266030452674	-0.6969646830719757	0.0	(-0.6969646830719757+0j)
-0.8320000000000001	-0.6922240000000002	-0.0014076469384059686	-0.6936318040649212	0.0	(-0.6936318040649212+0j)
-0.8300000000000001	-0.6889000000000001	-0.0014067609628827865	-0.690306918788297	0.0	(-0.690306918788297+0j)
-0.8280000000000001	-0.6855840000000001	-0.0014058686176601075	-0.6869900271825792	0.0	(-0.6869900271825792+0j)
-0.8260000000000001	-0.6822760000000001	-0.0014049698432923325	-0.683681129187652	0.0	(-0.683681129187652+0j)
-0.8240000000000001	-0.6789760000000001	-0.0014040645796974944	-0.6803802247427956	0.0	(-0.6803802247427956+0j)
-0.8220000000000001	-0.6756840000000001	-0.001403152766150853	-0.6770873137866567	0.0	(-0.6770873137866567+0j)
-0.8200000000000001	-0.6724000000000001	-0.001402234341278467	-0.6738023962572748	0.0	(-0.6738023962572748+0j)
-0.8180000000000001	-0.669124	-0.001401309243050743	-0.6705254720920604	0.0	(-0.6705254720920604+0j)
-0.8160000000000001	-0.6658560000000001	-0.0014003774087759631	-0.6672565412277932	0.0	(-0.6672565412277932+0j)
-0.8140000000000001	-0.6625960000000001	-0.0013994387750937962	-0.6639956036005868	0.0	(-0.6639956036005868+0j)
-0.812	-0.659344	-0.0013984932779687936	-0.6607426591459331	0.0	(-0.6607426591459331+0j)
-0.81	-0.6561000000000001	-0.001397540852683865	-0.6574977077986566	0.0	(-0.6574977077986566+0j)
-0.808	-0.6528640000000001	-0.0013965814338337474	-0.6542607494929066	0.0	(-0.6542607494929066+0j)
-0.806	-0.6496360000000001	-0.0013956149553184614	-0.6510317841621794	0.0	(-0.6510317841621794+0j)
-0.804	-0.6464160000000001	-0.0013946413503367577	-0.6478108117392831	0.0	(-0.6478108117392831+0j)
-0.802	-0.6432040000000001	-0.0013936605513795598	-0.6445978321563421	0.0	(-0.6445978321563421+0j)
-0.8	-0.6400000000000001	-0.001392672490223401	-0.641392845344798	0.0	(-0.641392845344798+0j)
-0.798	-0.636804	-0.001391677097923861	-0.6381958512353809	0.0	(-0.6381958512353809+0j)
-0.796	-0.6336160000000001	-0.0013906743048090052	-0.6350068497581243	0.0	(-0.6350068497581243+0j)
-0.794	-0.6304360000000001	-0.0013896640404728229	-0.6318258408423462	0.0	(-0.6318258408423462+0j)
-0.792	-0.627264	-0.0013886462337686781	-0.6286528244166442	0.0	(-0.6286528244166442+0j)
-0.79	-0.6241000000000001	-0.0013876208128027641	-0.6254878004088961	0.0	(-0.6254878004088961+0j)
-0.788	-0.620944	-0.0013865877049275743	-0.6223307687462386	0.0	(-0.6223307687462386+0j)
-0.786	-0.617796	-0.0013855468367353848	-0.6191817293550731	0.0	(-0.6191817293550731+0j)
-0.784	-0.6146560000000001	-0.0013844981340517576	-0.6160406821610488	0.0	(-0.6160406821610488+0j)
-0.782	-0.6115240000000001	-0.0013834415219290623	-0.6129076270890751	0.0	(-0.6129076270890751+0j)
-0.78	-0.6084	-0.0013823769246400267	-0.6097825640632957	0.0	(-0.6097825640632957+0j)
-0.778	-0.605284	-0.0013813042656713106	-0.6066654930070694	0.0	(-0.6066654930070694+0j)
-0.776	-0.602176	-0.0013802234677171125	-0.6035564138430092	0.0	(-0.6035564138430092+0j)
-0.774	-0.599076	-0.0013791344526728143	-0.6004553264929331	0.0	(-0.6004553264929331+0j)
-0.772	-0.5959840000000001	-0.0013780371416286597	-0.5973622308778712	0.0	(-0.5973622308778712+0j)
-0.77	-0.5929	-0.0013769314548634775	-0.5942771269180657	0.0	(-0.5942771269180657+0j)
-0.768	-0.589824	-0.0013758173118384532	-0.5912000145329623	0.0	(-0.5912000145329623+0j)
-0.766	-0.586756	-0.001374694631190947	-0.5881308936411913	0.0	(-0.5881308936411913+0j)
-0.764	-0.583696	-0.0013735633307283693	-0.5850697641605762	0.0	(-0.5850697641605762+0j)
-0.762	-0.580644	-0.0013724233274221133	-0.5820166260081236	0.0	(-0.5820166260081236+0j)
-0.76	-0.5776	-0.0013712745374015519	-0.5789714791000095	0.0	(-0.5789714791000095+0j)
-0.758	-0.574564	-0.0013701168759481012	-0.5759343233515871	0.0	(-0.5759343233515871+0j)
-0.756	-0.571536	-0.0013689502574893578	-0.5729051586773597	0.0	(-0.5729051586773597+0j)
-0.754	-0.568516	-0.001367774595593311	-0.5698839849910015	0.0	(-0.5698839849910015+0j)
-0.752	-0.565504	-0.001366589802962638	-0.5668708022053254	0.0	(-0.5668708022053254+0j)
-0.75	-0.5625	-0.0013653957914290876	-0.5638656102323067	0.0	(-0.5638656102323067+0j)
-0.748	-0.559504	-0.00136419247194795	-0.5608684089830381	0.0	(-0.5608684089830381+0j)
-0.746	-0.556516	-0.0013629797545926334	-0.5578791983677629	0.0	(-0.5578791983677629+0j)
-0.744	-0.553536	-0.0013617575485493324	-0.5548979782958519	0.0	(-0.5548979782958519+0j)
-0.742	-0.5505639999999999	-0.0013605257621118127	-0.55192474867578	0.0	(-0.55192474867578+0j)
-0.74	-0.5476	-0.0013592843026763058	-0.5489595094151671	0.0	(-0.5489595094151671+0j)
-0.738	-0.544644	-0.0013580330767365221	-0.5460022604207297	0.0	(-0.5460022604207297+0j)
-0.736	-0.541696	-0.0013567719898787936	-0.5430530015982952	0.0	(-0.5430530015982952+0j)
-0.734	-0.538756	-0.0013555009467773429	-0.5401117328527918	0.0	(-0.5401117328527918+0j)
-0.732	-0.535824	-0.0013542198511896928	-0.5371784540882507	0.0	(-0.5371784540882507+0j)
-0.73	-0.5328999999999999	-0.0013529286059522198	-0.534253165207794	0.0	(-0.534253165207794+0j)
-0.728	-0.529984	-0.0013516271129758554	-0.53133586611363	0.0	(-0.53133586611363+0j)
-0.726	-0.527076	-0.0013503152732419477	-0.5284265567070617	0.0	(-0.5284265567070617+0j)
-0.724	-0.524176	-0.0013489929867982822	-0.5255252368884641	0.0	(-0.5255252368884641+0j)
-0.722	-0.521284	-0.0013476601527552784	-0.5226319065572872	0.0	(-0.5226319065572872+0j)
-0.72	-0.5184	-0.001346316669282358	-0.5197465656120653	0.0	(-0.5197465656120653+0j)
-0.718	-0.515524	-0.0013449624336045027	-0.5168692139503904	0.0	(-0.5168692139503904+0j)
-0.716	-0.512656	-0.0013435973419989996	-0.5139998514689255	0.0	(-0.5139998514689255+0j)
-0.714	-0.5097959999999999	-0.0013422212897923893	-0.5111384780634096	0.0	(-0.5111384780634096+0j)
-0.712	-0.506944	-0.0013408341713576184	-0.5082850936286238	0.0	(-0.5082850936286238+0j)
-0.71	-0.5041	-0.001339435880111407	-0.505439698058413	0.0	(-0.505439698058413+0j)
-0.708	-0.5012639999999999	-0.0013380263085118397	-0.5026022912456837	0.0	(-0.5026022912456837+0j)
-0.706	-0.49843599999999993	-0.0013366053480561848	-0.49977287308238166	0.0	(-0.49977287308238166+0j)
-0.704	-0.49561599999999995	-0.0013351728892789538	-0.4969514434595228	0.0	(-0.4969514434595228+0j)
-0.7020000000000001	-0.4928040000000001	-0.001333728821750206	-0.49413800226716365	0.0	(-0.49413800226716365+0j)
-0.7000000000000001	-0.4900000000000001	-0.0013322730340741093	-0.4913325493944014	0.0	(-0.4913325493944014+0j)
-0.6980000000000001	-0.4872040000000001	-0.001330805413887765	-0.4885350847294016	0.0	(-0.4885350847294016+0j)
-0.6960000000000001	-0.48441600000000007	-0.001329325847860302	-0.4857456081593397	0.0	(-0.4857456081593397+0j)
-0.6940000000000001	-0.48163600000000006	-0.0013278342216922563	-0.4829641195704846	0.0	(-0.4829641195704846+0j)
-0.6920000000000001	-0.47886400000000007	-0.001326330420115236	-0.4801906188481107	0.0	(-0.4801906188481107+0j)
-0.6900000000000001	-0.4761000000000001	-0.0013248143268918902	-0.47742510587655745	0.0	(-0.47742510587655745+0j)
-0.6880000000000001	-0.4733440000000001	-0.0013232858248161822	-0.47466758053920155	0.0	(-0.47466758053920155+0j)
-0.686	-0.47059600000000007	-0.0013217447957139818	-0.47191804271847826	0.0	(-0.47191804271847826+0j)
-0.684	-0.46785600000000005	-0.0013201911204439858	-0.4691764922958498	0.0	(-0.4691764922958498+0j)
-0.682	-0.4651240000000001	-0.0013186246788989746	-0.4664429291518534	0.0	(-0.4664429291518534+0j)
-0.68	-0.4624000000000001	-0.001317045350007413	-0.4637173531660508	0.0	(-0.4637173531660508+0j)
-0.678	-0.45968400000000004	-0.0013154530117354122	-0.46099976421708033	0.0	(-0.46099976421708033+0j)
-0.676	-0.45697600000000005	-0.0013138475410890535	-0.4582901621826175	0.0	(-0.4582901621826175+0j)
-0.674	-0.45427600000000007	-0.0013122288141170918	-0.45558854693940604	0.0	(-0.45558854693940604+0j)
-0.672	-0.45158400000000004	-0.001310596705914043	-0.45289491836323836	0.0	(-0.45289491836323836+0j)
-0.67	-0.4489000000000001	-0.001308951090623672	-0.450209276328988	0.0	(-0.450209276328988+0j)
-0.668	-0.44622400000000007	-0.0013072918414428838	-0.44753162071059227	0.0	(-0.44753162071059227+0j)
-0.666	-0.44355600000000006	-0.0013056188306260373	-0.4448619513810526	0.0	(-0.4448619513810526+0j)
-0.664	-0.44089600000000007	-0.001303931929489684	-0.4422002682124573	0.0	(-0.4422002682124573+0j)
-0.662	-0.438244	-0.0013022310084177492	-0.43954657107598155	0.0	(-0.43954657107598155+0j)
-0.66	-0.43560000000000004	-0.0013005159368671617	-0.4369008598418838	0.0	(-0.4369008598418838+0j)
-0.658	-0.432964	-0.001298786583373946	-0.4342631343795188	0.0	(-0.4342631343795188+0j)
-0.656	-0.43033600000000005	-0.0012970428155597866	-0.4316333945573403	0.0	(-0.4316333945573403+0j)
-0.654	-0.42771600000000004	-0.0012952845001390756	-0.42901164024292526	0.0	(-0.42901164024292526+0j)
-0.652	-0.42510400000000004	-0.0012935115029264577	-0.42639787130295465	0.0	(-0.42639787130295465+0j)
-0.65	-0.42250000000000004	-0.0012917236888448762	-0.4237920876032406	0.0	(-0.4237920876032406+0j)
-0.648	-0.419904	-0.0012899209219341427	-0.42119428900873557	0.0	(-0.42119428900873557+0j)
-0.646	-0.417316	-0.0012881030653600326	-0.41860447538352014	0.0	(-0.41860447538352014+0j)
-0.644	-0.41473600000000005	-0.0012862699814239213	-0.4160226465908496	0.0	(-0.4160226465908496+0j)
-0.642	-0.41216400000000003	-0.0012844215315729736	-0.4134488024931286	0.0	(-0.4134488024931286+0j)
-0.64	-0.4096	-0.001282557576410897	-0.4108829429519452	0.0	(-0.4108829429519452+0j)
-0.638	-0.407044	-0.001280677975709271	-0.40832506782807254	0.0	(-0.40832506782807254+0j)
-0.636	-0.404496	-0.0012787825884194616	-0.4057751769814786	0.0	(-0.4057751769814786+0j)
-0.634	-0.40195600000000004	-0.001276871272685139	-0.4032332702713543	0.0	(-0.4032332702713543+0j)
-0.632	-0.399424	-0.0012749438858554024	-0.4006993475561089	0.0	(-0.4006993475561089+0j)
-0.63	-0.39690000000000003	-0.0012730002844985302	-0.3981734086933902	0.0	(-0.3981734086933902+0j)
-0.628	-0.394384	-0.0012710403244163638	-0.39565545354010395	0.0	(-0.39565545354010395+0j)
-0.626	-0.391876	-0.001269063860659339	-0.39314548195243004	0.0	(-0.39314548195243004+0j)
-0.624	-0.389376	-0.0012670707475421741	-0.39064349378582347	0.0	(-0.39064349378582347+0j)
-0.622	-0.386884	-0.0012650608386602315	-0.3881494888950532	0.0	(-0.3881494888950532+0j)
-0.62	-0.3844	-0.0012630339869065578	-0.38566346713420524	0.0	(-0.38566346713420524+0j)
-0.618	-0.381924	-0.0012609900444896212	-0.38318542835670044	0.0	(-0.38318542835670044+0j)
-0.616	-0.379456	-0.0012589288629517531	-0.38071537241531983	0.0	(-0.38071537241531983+0j)
-0.614	-0.376996	-0.001256850293188308	-0.37825329916221934	0.0	(-0.37825329916221934+0j)
-0.612	-0.374544	-0.0012547541854675526	-0.37579920844895753	0.0	(-0.37579920844895753+0j)
-0.61	-0.3721	-0.0012526403894512967	-0.3733531001265058	0.0	(-0.3733531001265058+0j)
-0.608	-0.369664	-0.0012505087542162758	-0.37091497404527973	0.0	(-0.37091497404527973+0j)
-0.606	-0.367236	-0.0012483591282762996	-0.36848483005515337	0.0	(-0.36848483005515337+0j)
-0.604	-0.364816	-0.0012461913596051736	-0.36606266800548853	0.0	(-0.36606266800548853+0j)
-0.602	-0.36240399999999995	-0.001244005295660412	-0.36364848774516484	0.0	(-0.36364848774516484+0j)
-0.6	-0.36	-0.001241800783407746	-0.36124228912258455	0.0	(-0.36124228912258455+0j)
-0.598	-0.357604	-0.0012395776693464409	-0.3588440719857228	0.0	(-0.3588440719857228+0j)
-0.596	-0.355216	-0.001237335799535438	-0.35645383618213416	0.0	(-0.35645383618213416+0j)
-0.594	-0.352836	-0.0012350750196203253	-0.35407158155899604	0.0	(-0.35407158155899604+0j)
-0.592	-0.35046399999999994	-0.0012327951748611504	-0.3516973079631191	0.0	(-0.3516973079631191+0j)
-0.59	-0.34809999999999997	-0.0012304961101610873	-0.34933101524100246	0.0	(-0.34933101524100246+0j)
-0.588	-0.34574399999999994	-0.0012281776700959674	-0.34697270323883656	0.0	(-0.34697270323883656+0j)
-0.586	-0.343396	-0.0012258396989446836	-0.34462237180255145	0.0	(-0.34462237180255145+0j)
-0.584	-0.34105599999999997	-0.0012234820407204788	-0.342280020777842	0.0	(-0.342280020777842+0j)
-0.582	-0.33872399999999997	-0.0012211045392031261	-0.3399456500101959	0.0	(-0.3399456500101959+0j)
-0.58	-0.3364	-0.0012187070379720175	-0.3376192593449461	0.0	(-0.3376192593449461+0j)
-0.578	-0.33408399999999994	-0.0012162893804401602	-0.33530084862728354	0.0	(-0.33530084862728354+0j)
-0.5760000000000001	-0.33177600000000007	-0.0012138514098890992	-0.33299041770230664	0.0	(-0.33299041770230664+0j)
-0.5740000000000001	-0.3294760000000001	-0.0012113929695047692	-0.3306879664150503	0.0	(-0.3306879664150503+0j)
-0.5720000000000001	-0.3271840000000001	-0.0012089139024142872	-0.3283934946105283	0.0	(-0.3283934946105283+0j)
-0.5700000000000001	-0.3249000000000001	-0.0012064140517236937	-0.32610700213376315	0.0	(-0.32610700213376315+0j)
-0.5680000000000001	-0.3226240000000001	-0.0012038932605566517	-0.3238284888298456	0.0	(-0.3238284888298456+0j)
-0.5660000000000001	-0.3203560000000001	-0.0012013513720941075	-0.3215579545439513	0.0	(-0.3215579545439513+0j)
-0.5640000000000001	-0.31809600000000005	-0.0011987882296149264	-0.31929539912139504	0.0	(-0.31929539912139504+0j)
-0.562	-0.31584400000000007	-0.0011962036765375082	-0.3170408224076729	0.0	(-0.3170408224076729+0j)
-0.56	-0.31360000000000005	-0.0011935975564623866	-0.3147942242484949	0.0	(-0.3147942242484949+0j)
-0.558	-0.3113640000000001	-0.0011909697132158237	-0.3125556044898511	0.0	(-0.3125556044898511+0j)
-0.556	-0.3091360000000001	-0.0011883199908944025	-0.31032496297802914	0.0	(-0.31032496297802914+0j)
-0.554	-0.3069160000000001	-0.001185648233910627	-0.30810229955968294	0.0	(-0.30810229955968294+0j)
-0.552	-0.30470400000000003	-0.0011829542870395286	-0.30588761408187765	0.0	(-0.30588761408187765+0j)
-0.55	-0.30250000000000005	-0.0011802379954662919	-0.30368090639212125	0.0	(-0.30368090639212125+0j)
-0.548	-0.30030400000000007	-0.0011774992048348984	-0.3014821763384325	0.0	(-0.3014821763384325+0j)
-0.546	-0.29811600000000005	-0.0011747377612977962	-0.2992914237693852	0.0	(-0.2992914237693852+0j)
-0.544	-0.29593600000000003	-0.0011719535115665958	-0.29710864853415214	0.0	(-0.29710864853415214+0j)
-0.542	-0.293764	-0.0011691463029638003	-0.29493385048257137	0.0	(-0.29493385048257137+0j)
-0.54	-0.2916	-0.0011663159834755655	-0.29276702946518957	0.0	(-0.29276702946518957+0j)
-0.538	-0.28944400000000003	-0.0011634624018055009	-0.2906081853333197	0.0	(-0.2906081853333197+0j)
-0.536	-0.28729600000000005	-0.0011605854074295064	-0.28845731793910717	0.0	(-0.28845731793910717+0j)
-0.534	-0.285156	-0.0011576848506516491	-0.28631442713556315	0.0	(-0.28631442713556315+0j)
-0.532	-0.28302400000000005	-0.001154760582661081	-0.28417951277664505	0.0	(-0.28417951277664505+0j)
-0.53	-0.28090000000000004	-0.0011518124555899966	-0.2820525747172965	0.0	(-0.2820525747172965+0j)
-0.528	-0.27878400000000003	-0.0011488403225726313	-0.27993361281353335	0.0	(-0.27993361281353335+0j)
-0.526	-0.27667600000000003	-0.0011458440378052986	-0.2778226269224765	0.0	(-0.2778226269224765+0j)
-0.524	-0.27457600000000004	-0.0011428234566074659	-0.27571961690242786	0.0	(-0.27571961690242786+0j)
-0.522	-0.272484	-0.0011397784354838642	-0.27362458261293404	0.0	(-0.27362458261293404+0j)
-0.52	-0.27040000000000003	-0.0011367088321876332	-0.2715375239148518	0.0	(-0.2715375239148518+0j)
-0.518	-0.268324	-0.0011336145057844942	-0.26945844067040037	0.0	(-0.26945844067040037+0j)
-0.516	-0.266256	-0.0011304953167179492	-0.2673873327432448	0.0	(-0.2673873327432448+0j)
-0.514	-0.264196	-0.0011273511268755014	-0.26532419999855616	0.0	(-0.26532419999855616+0j)
-0.512	-0.262144	-0.0011241817996558896	-0.2632690423030711	0.0	(-0.2632690423030711+0j)
-0.51	-0.2601	-0.0011209872000373343	-0.26122185952517235	0.0	(-0.26122185952517235+0j)
-0.508	-0.258064	-0.0011177671946467854	-0.2591826515349668	0.0	(-0.2591826515349668+0j)
-0.506	-0.256036	-0.001114521651830165	-0.2571514182043307	0.0	(-0.2571514182043307+0j)
-0.504	-0.254016	-0.0011112504417235996	-0.2551281594070063	0.0	(-0.2551281594070063+0j)
-0.502	-0.252004	-0.001107953436325628	-0.2531128750186595	0.0	(-0.2531128750186595+0j)
-0.5	-0.25	-0.0011046305095703788	-0.25110556491697145	0.0	(-0.25110556491697145+0j)
-0.498	-0.248004	-0.0011012815374017086	-0.24910622898169074	0.0	(-0.24910622898169074+0j)
-0.496	-0.24601599999999998	-0.001097906397848284	-0.24711486709472738	0.0	(-0.24711486709472738+0j)
-0.494	-0.244036	-0.001094504971099601	-0.2451314791402295	0.0	(-0.2451314791402295+0j)
-0.492	-0.242064	-0.0010910771395829264	-0.24315606500464895	0.0	(-0.24315606500464895+0j)
-0.49	-0.24009999999999998	-0.0010876227880411487	-0.2411886245768326	0.0	(-0.2411886245768326+0j)
-0.488	-0.238144	-0.0010841418036115226	-0.23922915774808962	0.0	(-0.23922915774808962+0j)
-0.486	-0.236196	-0.001080634075905295	-0.237277664412292	0.0	(-0.237277664412292+0j)
-0.484	-0.234256	-0.0010770994970881926	-0.23533414446593237	0.0	(-0.23533414446593237+0j)
-0.482	-0.23232399999999997	-0.0010735379619617573	-0.23339859780822717	0.0	(-0.23339859780822717+0j)
-0.48	-0.2304	-0.0010699493680455098	-0.23147102434118555	0.0	(-0.23147102434118555+0j)
-0.47800000000000004	-0.22848400000000005	-0.0010663336156599252	-0.22955142396969896	0.0	(-0.22955142396969896+0j)
-0.47600000000000003	-0.22657600000000003	-0.0010626906080101973	-0.22763979660162906	0.0	(-0.22763979660162906+0j)
-0.47400000000000003	-0.22467600000000004	-0.0010590202512707775	-0.22573614214788662	0.0	(-0.22573614214788662+0j)
-0.47200000000000003	-0.22278400000000004	-0.0010553224546706581	-0.22384046052252113	0.0	(-0.22384046052252113+0j)
-0.47000000000000003	-0.22090000000000004	-0.0010515971305793867	-0.22195275164281333	0.0	(-0.22195275164281333+0j)
-0.468	-0.21902400000000002	-0.0010478441945937856	-0.22007301542934907	0.0	(-0.22007301542934907+0j)
-0.466	-0.21715600000000002	-0.0010440635656253493	-0.21820125180612335	0.0	(-0.21820125180612335+0j)
-0.464	-0.21529600000000002	-0.0010402551659883003	-0.21633746070061588	0.0	(-0.21633746070061588+0j)
-0.462	-0.21344400000000002	-0.0010364189214882734	-0.21448164204389716	0.0	(-0.21448164204389716+0j)
-0.46	-0.2116	-0.0010325547615116055	-0.21263379577069383	0.0	(-0.21263379577069383+0j)
-0.458	-0.209764	-0.0010286626191152	-0.21079392181950657	0.0	(-0.21079392181950657+0j)
-0.456	-0.207936	-0.0010247424311169403	-0.20896202013268522	0.0	(-0.20896202013268522+0j)
-0.454	-0.20611600000000002	-0.0010207941381866212	-0.20713809065651798	0.0	(-0.20713809065651798+0j)
-0.452	-0.204304	-0.001016817684937368	-0.20532213334134203	0.0	(-0.20532213334134203+0j)
-0.45	-0.2025	-0.0010128130200175148	-0.2035141481416115	0.0	(-0.2035141481416115+0j)
-0.448	-0.20070400000000002	-0.0010087800962029043	-0.2017141350160117	0.0	(-0.2017141350160117+0j)
-0.446	-0.198916	-0.0010047188704895831	-0.1999220939275362	0.0	(-0.1999220939275362+0j)
-0.444	-0.197136	-0.0010006293041868533	-0.19813802484359258	0.0	(-0.19813802484359258+0j)
-0.442	-0.195364	-0.0009965113630106466	-0.19636192773609584	0.0	(-0.19636192773609584+0j)
-0.44	-0.1936	-0.000992365017177187	-0.19459380258154807	0.0	(-0.19459380258154807+0j)
-0.438	-0.191844	-0.000988190241496905	-0.19283364936114952	0.0	(-0.19283364936114952+0j)
-0.436	-0.190096	-0.0009839870154685628	-0.1910814680608846	0.0	(-0.1910814680608846+0j)
-0.434	-0.188356	-0.000979755323373555	-0.1893372586716193	0.0	(-0.1893372586716193+0j)
-0.432	-0.18662399999999998	-0.0009754951543703457	-0.18760102118919655	0.0	(-0.18760102118919655+0j)
-0.43	-0.18489999999999998	-0.0009712065025889999	-0.18587275561452776	0.0	(-0.18587275561452776+0j)
-0.428	-0.18318399999999999	-0.0009668893672257679	-0.1841524619536865	0.0	(-0.1841524619536865+0j)
-0.426	-0.181476	-0.000962543752637683	-0.1824401402180118	0.0	(-0.1824401402180118+0j)
-0.424	-0.179776	-0.0009581696684371273	-0.18073579042418988	0.0	(-0.18073579042418988+0j)
-0.422	-0.178084	-0.0009537671295863227	-0.17903941259435954	0.0	(-0.17903941259435954+0j)
-0.42	-0.17639999999999997	-0.0009493361564917042	-0.17735100675620175	0.0	(-0.17735100675620175+0j)
-0.418	-0.174724	-0.0009448767750981253	-0.17567057294303481	0.0	(-0.17567057294303481+0j)
-0.41600000000000004	-0.17305600000000004	-0.0009403890169828556	-0.17399811119390146	0.0	(-0.17399811119390146+0j)
-0.41400000000000003	-0.17139600000000002	-0.0009358729194493188	-0.17233362155367388	0.0	(-0.17233362155367388+0j)
-0.41200000000000003	-0.16974400000000003	-0.0009313285256205252	-0.17067710407313771	0.0	(-0.17067710407313771+0j)
-0.41000000000000003	-0.16810000000000003	-0.0009267558845321498	-0.16902855880908835	0.0	(-0.16902855880908835+0j)
-0.40800000000000003	-0.16646400000000003	-0.0009221550512252069	-0.1673879858244211	0.0	(-0.1673879858244211+0j)
-0.406	-0.164836	-0.00091752608683827	-0.16575538518822075	0.0	(-0.16575538518822075+0j)
-0.404	-0.16321600000000003	-0.0009128690586991889	-0.16413075697585933	0.0	(-0.16413075697585933+0j)
-0.402	-0.16160400000000003	-0.0009081840404162484	-0.16251410126908045	0.0	(-0.16251410126908045+0j)
-0.4	-0.16000000000000003	-0.0009034711119687199	-0.1609054181560881	0.0	(-0.1609054181560881+0j)
-0.398	-0.15840400000000002	-0.0008987303597967515	-0.15930470773164257	0.0	(-0.15930470773164257+0j)
-0.396	-0.156816	-0.0008939618768905433	-0.15771197009713817	0.0	(-0.15771197009713817+0j)
-0.394	-0.155236	-0.0008891657628787543	-0.1561272053606975	0.0	(-0.1561272053606975+0j)
-0.392	-0.15366400000000002	-0.0008843421241160847	-0.1545504136372599	0.0	(-0.1545504136372599+0j)
-0.39	-0.1521	-0.0008794910737699791	-0.15298159504866102	0.0	(-0.15298159504866102+0j)
-0.388	-0.150544	-0.0008746127319063966	-0.1514207497237163	0.0	(-0.1514207497237163+0j)
-0.386	-0.14899600000000002	-0.0008697072255745888	-0.14986787779831326	0.0	(-0.14986787779831326+0j)
-0.384	-0.147456	-0.0008647746888908283	-0.14832297941548447	0.0	(-0.14832297941548447+0j)
-0.382	-0.145924	-0.0008598152631210345	-0.14678605472549622	0.0	(-0.14678605472549622+0j)
-0.38	-0.1444	-0.000854829096762234	-0.1452571038859232	0.0	(-0.1452571038859232+0j)
-0.378	-0.142884	-0.0008498163456228013	-0.14373612706173072	0.0	(-0.14373612706173072+0j)
-0.376	-0.141376	-0.0008447771729014179	-0.14222312442535126	0.0	(-0.14222312442535126+0j)
-0.374	-0.139876	-0.0008397117492646947	-0.14071809615676148	0.0	(-0.14071809615676148+0j)
-0.372	-0.138384	-0.0008346202529233944	-0.13922104244355915	0.0	(-0.13922104244355915+0j)
-0.37	-0.1369	-0.0008295028697071969	-0.13773196348103667	0.0	(-0.13773196348103667+0j)
-0.368	-0.135424	-0.000824359793137948	-0.13625085947225368	0.0	(-0.13625085947225368+0j)
-0.366	-0.133956	-0.0008191912245013315	-0.13477773062810453	0.0	(-0.13477773062810453+0j)
-0.364	-0.132496	-0.0008139973729169006	-0.13331257716739692	0.0	(-0.13331257716739692+0j)
-0.362	-0.131044	-0.0008087784554064151	-0.13185539931691478	0.0	(-0.13185539931691478+0j)
-0.36	-0.1296	-0.0008035346969604191	-0.13040619731148628	0.0	(-0.13040619731148628+0j)
-0.358	-0.128164	-0.0007982663306029999	-0.12896497139405116	0.0	(-0.12896497139405116+0j)
-0.356	-0.126736	-0.0007929735974546667	-0.1275317218157277	0.0	(-0.1275317218157277+0j)
-0.354	-0.12531599999999998	-0.0007876567467932935	-0.12610644883587177	0.0	(-0.12610644883587177+0j)
-0.352	-0.12390399999999999	-0.0007823160361130574	-0.12468915272214062	0.0	(-0.12468915272214062+0j)
-0.35000000000000003	-0.12250000000000003	-0.0007769517311813184	-0.12327983375055382	0.0	(-0.12327983375055382+0j)
-0.34800000000000003	-0.12110400000000002	-0.0007715641060933791	-0.12187849220555538	0.0	(-0.12187849220555538+0j)
-0.34600000000000003	-0.11971600000000002	-0.0007661534433250634	-0.12048512838006711	0.0	(-0.12048512838006711+0j)
-0.34400000000000003	-0.11833600000000002	-0.0007607200337830536	-0.11909974257554809	0.0	(-0.11909974257554809+0j)
-0.342	-0.11696400000000001	-0.0007552641768529284	-0.11772233510205161	0.0	(-0.11772233510205161+0j)
-0.34	-0.11560000000000002	-0.0007497861804448408	-0.11635290627827488	0.0	(-0.11635290627827488+0j)
-0.338	-0.11424400000000001	-0.0007442863610367779	-0.11499145643161901	0.0	(-0.11499145643161901+0j)
-0.336	-0.11289600000000001	-0.0007387650437153439	-0.11363798589823805	0.0	(-0.11363798589823805+0j)
-0.334	-0.11155600000000002	-0.0007332225622140076	-0.11229249502308652	0.0	(-0.11229249502308652+0j)
-0.332	-0.11022400000000002	-0.0007276592589487561	-0.11095498415997934	0.0	(-0.11095498415997934+0j)
-0.33	-0.10890000000000001	-0.0007220754850511006	-0.10962545367162946	0.0	(-0.10962545367162946+0j)
-0.328	-0.10758400000000001	-0.0007164716003983748	-0.10830390392970977	0.0	(-0.10830390392970977+0j)
-0.326	-0.10627600000000001	-0.0007108479736412693	-0.10699033531488672	0.0	(-0.10699033531488672+0j)
-0.324	-0.104976	-0.0007052049822285514	-0.10568474821688482	0.0	(-0.10568474821688482+0j)
-0.322	-0.10368400000000001	-0.0006995430124289082	-0.10438714303451767	0.0	(-0.10438714303451767+0j)
-0.32	-0.1024	-0.0006938624593498672	-0.10309752017574424	0.0	(-0.10309752017574424+0j)
-0.318	-0.101124	-0.000688163726953736	-0.10181588005771534	0.0	(-0.10181588005771534+0j)
-0.316	-0.099856	-0.0006824472280705103	-0.1005422231068141	0.0	(-0.1005422231068141+0j)
-0.314	-0.098596	-0.0006767133844076983	-0.0992765497587114	0.0	(-0.0992765497587114+0j)
-0.312	-0.097344	-0.000670962626557015	-0.09801886045840379	0.0	(-0.09801886045840379+0j)
-0.31	-0.0961	-0.0006651953939978896	-0.09676915566026845	0.0	(-0.09676915566026845+0j)
-0.308	-0.094864	-0.0006594121350977448	-0.09552743582810572	0.0	(-0.09552743582810572+0j)
-0.306	-0.093636	-0.0006536133071089969	-0.0942937014351902	0.0	(-0.0942937014351902+0j)
-0.304	-0.092416	-0.0006477993761627315	-0.09306795296431969	0.0	(-0.09306795296431969+0j)
-0.302	-0.091204	-0.0006419708172590104	-0.0918501909078638	0.0	(-0.0918501909078638+0j)
-0.3	-0.09	-0.0006361281142537641	-0.09064041576781806	0.0	(-0.09064041576781806+0j)
-0.298	-0.088804	-0.0006302717598422301	-0.08943862805585558	0.0	(-0.08943862805585558+0j)
-0.296	-0.08761599999999999	-0.0006244022555388932	-0.0882448282933799	0.0	(-0.0882448282933799+0j)
-0.294	-0.08643599999999999	-0.0006185201116538904	-0.08705901701158288	0.0	(-0.08705901701158288+0j)
-0.292	-0.08526399999999999	-0.0006126258472658401	-0.08588119475150308	0.0	(-0.08588119475150308+0j)
-0.29	-0.0841	-0.0006067199901910594	-0.08471136206408343	0.0	(-0.08471136206408343+0j)
-0.28800000000000003	-0.08294400000000002	-0.0006008030769491349	-0.08354951951023405	0.0	(-0.08354951951023405+0j)
-0.28600000000000003	-0.08179600000000002	-0.0005948756527248101	-0.08239566766089837	0.0	(-0.08239566766089837+0j)
-0.28400000000000003	-0.08065600000000002	-0.0005889382713261622	-0.08124980709711706	0.0	(-0.08124980709711706+0j)
-0.28200000000000003	-0.07952400000000001	-0.0005829914951390333	-0.0801119384100987	0.0	(-0.0801119384100987+0j)
-0.28	-0.07840000000000001	-0.0005770358950776866	-0.07898206220129307	0.0	(-0.07898206220129307+0j)
-0.278	-0.07728400000000002	-0.0005710720505316656	-0.07786017908246232	0.0	(-0.07786017908246232+0j)
-0.276	-0.07617600000000001	-0.0005651005493088235	-0.07674628967576287	0.0	(-0.07674628967576287+0j)
-0.274	-0.07507600000000002	-0.0005591219875745059	-0.07564039461382273	0.0	(-0.07564039461382273+0j)
-0.272	-0.07398400000000001	-0.0005531369697868589	-0.07454249453982706	0.0	(-0.07454249453982706+0j)
-0.27	-0.0729	-0.0005471461086282485	-0.0734525901076047	0.0	(-0.0734525901076047+0j)
-0.268	-0.07182400000000001	-0.0005411500249327659	-0.07237068198171574	0.0	(-0.07237068198171574+0j)
-0.266	-0.07075600000000001	-0.0005351493476098108	-0.07129677083754703	0.0	(-0.07129677083754703+0j)
-0.264	-0.06969600000000001	-0.000529144713563732	-0.07023085736140507	0.0	(-0.07023085736140507+0j)
-0.262	-0.06864400000000001	-0.0005231367676095162	-0.06917294225061622	0.0	(-0.06917294225061622+0j)
-0.26	-0.06760000000000001	-0.0005171261623845127	-0.06812302621362766	0.0	(-0.06812302621362766+0j)
-0.258	-0.066564	-0.0005111135582561896	-0.06708110997010908	0.0	(-0.06708110997010908+0j)
-0.256	-0.065536	-0.0005050996232259123	-0.066047194251062	0.0	(-0.066047194251062+0j)
-0.254	-0.064516	-0.0004990850328287412	-0.0650212797989254	0.0	(-0.0650212797989254+0j)
-0.252	-0.063504	-0.0004930704700292472	-0.06400336736768845	0.0	(-0.06400336736768845+0j)
-0.25	-0.0625	-0.00048705662511334773	-0.06299345772300188	0.0	(-0.06299345772300188+0j)
-0.248	-0.061503999999999996	-0.0004810441955761611	-0.06199155164228663	0.0	(-0.06199155164228663+0j)
-0.246	-0.060516	-0.0004750338860058903	-0.06099764991485829	0.0	(-0.06099764991485829+0j)
-0.244	-0.059536	-0.0004690264079637381	-0.06001175334203324	0.0	(-0.06001175334203324+0j)
-0.242	-0.058564	-0.0004630224798598682	-0.0590338627372473	0.0	(-0.0590338627372473+0j)
-0.24	-0.0576	-0.00045702282682542027	-0.05806397892617152	0.0	(-0.05806397892617152+0j)
-0.23800000000000002	-0.05664400000000001	-0.0004510281805805952	-0.05710210274682607	0.0	(-0.05710210274682607+0j)
-0.23600000000000002	-0.05569600000000001	-0.00044503927929882793	-0.05614823504969242	0.0	(-0.05614823504969242+0j)
-0.234	-0.054756000000000006	-0.00043905686746706384	-0.05520237669782664	0.0	(-0.05520237669782664+0j)
-0.232	-0.053824000000000004	-0.000433081695742166	-0.05426452856696791	0.0	(-0.05426452856696791+0j)
-0.23	-0.0529	-0.00042711452080346907	-0.053334691545646934	0.0	(-0.053334691545646934+0j)
-0.228	-0.051984	-0.0004211561052015161	-0.05241286653528672	0.0	(-0.05241286653528672+0j)
-0.226	-0.051076	-0.00041520721720299486	-0.051499054450304164	0.0	(-0.051499054450304164+0j)
-0.224	-0.050176000000000005	-0.0004092686306319175	-0.05059325621820667	0.0	(-0.05059325621820667+0j)
-0.222	-0.049284	-0.0004033411247070695	-0.04969547277968084	0.0	(-0.04969547277968084+0j)
-0.22	-0.0484	-0.0003974254838757629	-0.04880570508867918	0.0	(-0.04880570508867918+0j)
-0.218	-0.047524	-0.0003915224976439402	-0.04792395411250158	0.0	(-0.04792395411250158+0j)
-0.216	-0.046655999999999996	-0.0003856329604026601	-0.04705022083186648	0.0	(-0.04705022083186648+0j)
-0.214	-0.045795999999999996	-0.0003797576712510171	-0.046184506240983234	0.0	(-0.046184506240983234+0j)
-0.212	-0.044944	-0.0003738974338155345	-0.04532681134761091	0.0	(-0.04532681134761091+0j)
-0.21	-0.04409999999999999	-0.00036805305606608333	-0.04447713717311645	0.0	(-0.04447713717311645+0j)
-0.20800000000000002	-0.04326400000000001	-0.00036222535012837604	-0.04363548475252263	0.0	(-0.04363548475252263+0j)
-0.20600000000000002	-0.04243600000000001	-0.00035641513209308875	-0.04280185513455464	0.0	(-0.04280185513455464+0j)
-0.20400000000000001	-0.04161600000000001	-0.0003506232218216652	-0.041976249381675816	0.0	(-0.041976249381675816+0j)
-0.202	-0.04080400000000001	-0.00034485044274886736	-0.04115866857012385	0.0	(-0.04115866857012385+0j)
-0.2	-0.04000000000000001	-0.0003390976216821246	-0.04034911378994169	0.0	(-0.04034911378994169+0j)
-0.198	-0.039204	-0.0003333655885977497	-0.039547586145004095	0.0	(-0.039547586145004095+0j)
-0.196	-0.038416000000000006	-0.00032765517643408375	-0.038754086753047264	0.0	(-0.038754086753047264+0j)
-0.194	-0.037636	-0.0003219672208816433	-0.03796861674569757	0.0	(-0.03796861674569757+0j)
-0.192	-0.036864	-0.00031630256017033055	-0.03719117726850351	0.0	(-0.03719117726850351+0j)
-0.19	-0.0361	-0.0003106620348537852	-0.03642176948097628	0.0	(-0.03642176948097628+0j)
-0.188	-0.035344	-0.00030504648759095134	-0.03566039455663886	0.0	(-0.03566039455663886+0j)
-0.186	-0.034596	-0.00029945676292493853	-0.03490705368309147	0.0	(-0.03490705368309147+0j)
-0.184	-0.033856	-0.00029389370705924355	-0.034161748062094294	0.0	(-0.034161748062094294+0j)
-0.182	-0.033124	-0.0002883581676314342	-0.03342447890967683	0.0	(-0.03342447890967683+0j)
-0.18	-0.0324	-0.0002828509934843606	-0.032695247456277374	0.0	(-0.032695247456277374+0j)
-0.178	-0.031684	-0.0002773730344349866	-0.031974054946921536	0.0	(-0.031974054946921536+0j)
-0.176	-0.030975999999999997	-0.00027192514104093166	-0.03126090264145029	0.0	(-0.03126090264145029+0j)
-0.17400000000000002	-0.030276000000000004	-0.0002665081643648047	-0.030555791814803005	0.0	(-0.030555791814803005+0j)
-0.17200000000000001	-0.029584000000000006	-0.00026112295573643175	-0.029858723757369504	0.0	(-0.029858723757369504+0j)
-0.17	-0.028900000000000006	-0.00025577036651305667	-0.02916969977542557	0.0	(-0.02916969977542557+0j)
-0.168	-0.028224000000000003	-0.0002504512478376259	-0.028488721191660873	0.0	(-0.028488721191660873+0j)
-0.166	-0.027556000000000004	-0.000245166450395243	-0.027815789345818884	0.0	(-0.027815789345818884+0j)
-0.164	-0.026896000000000003	-0.00023991682416789643	-0.027150905595467067	0.0	(-0.027150905595467067+0j)
-0.162	-0.026244	-0.00023470321818756237	-0.026494071316913705	0.0	(-0.026494071316913705+0j)
-0.16	-0.0256	-0.00022952648028778293	-0.025845287906295825	0.0	(-0.025845287906295825+0j)
-0.158	-0.024964	-0.0002243874568538212	-0.02520455678086013	0.0	(-0.02520455678086013+0j)
-0.156	-0.024336	-0.00021928699257150628	-0.024571879380463964	0.0	(-0.024571879380463964+0j)
-0.154	-0.023716	-0.0002142259301748722	-0.02394725716932382	0.0	(-0.02394725716932382+0j)
-0.152	-0.023104	-0.00020920511019269228	-0.023330691638039348	0.0	(-0.023330691638039348+0j)
-0.15	-0.0225	-0.00020422537069403075	-0.022722184305927758	0.0	(-0.022722184305927758+0j)
-0.148	-0.021903999999999996	-0.0001992875470329192	-0.022121736723698892	0.0	(-0.022121736723698892+0j)
-0.146	-0.021315999999999998	-0.0001943924715922616	-0.02152935047650638	0.0	(-0.02152935047650638+0j)
-0.14400000000000002	-0.020736000000000004	-0.000189540973527102	-0.020945027187409048	0.0	(-0.020945027187409048+0j)
-0.14200000000000002	-0.020164000000000005	-0.00018473387850734702	-0.020368768521276667	0.0	(-0.020368768521276667+0j)
-0.14	-0.019600000000000003	-0.00017997200846007252	-0.01980057618917399	0.0	(-0.01980057618917399+0j)
-0.138	-0.019044000000000002	-0.0001752561813115382	-0.019240451953250873	0.0	(-0.019240451953250873+0j)
-0.136	-0.018496000000000002	-0.0001705872107290122	-0.018688397632167526	0.0	(-0.018688397632167526+0j)
-0.134	-0.017956000000000003	-0.00016596590586252964	-0.018144415107069857	0.0	(-0.018144415107069857+0j)
-0.132	-0.017424000000000002	-0.00016139307108672344	-0.017608506328130772	0.0	(-0.017608506328130772+0j)
-0.13	-0.016900000000000002	-0.00015686950574281613	-0.01708067332164973	0.0	(-0.01708067332164973+0j)
-0.128	-0.016384	-0.00015239600388092245	-0.016560918197699004	0.0	(-0.016560918197699004+0j)
-0.126	-0.015876	-0.00014797335400277157	-0.016049243158277895	0.0	(-0.016049243158277895+0j)
-0.124	-0.015375999999999999	-0.000143602338804975	-0.015545650505913703	0.0	(-0.015545650505913703+0j)
-0.122	-0.014884	-0.00013928373492295542	-0.015050142652623949	0.0	(-0.015050142652623949+0j)
-0.12	-0.0144	-0.00013501831267567852	-0.014562722129112486	0.0	(-0.014562722129112486+0j)
-0.11800000000000001	-0.013924000000000002	-0.0001308068358112915	-0.014083391594039003	0.0	(-0.014083391594039003+0j)
-0.116	-0.013456000000000001	-0.00012665006125379963	-0.01361215384314922	0.0	(-0.01361215384314922+0j)
-0.114	-0.012996	-0.00012254873885091805	-0.013149011818005483	0.0	(-0.013149011818005483+0j)
-0.112	-0.012544000000000001	-0.00011850361112319442	-0.012693968613996742	0.0	(-0.012693968613996742+0j)
-0.11	-0.0121	-0.00011451541301455564	-0.012247027487246393	0.0	(-0.012247027487246393+0j)
-0.108	-0.011663999999999999	-0.00011058487164438552	-0.011808191859970014	0.0	(-0.011808191859970014+0j)
-0.106	-0.011236	-0.0001067127060612634	-0.011377465323771848	0.0	(-0.011377465323771848+0j)
-0.10400000000000001	-0.010816000000000003	-0.0001028996269984879	-0.010954851640297246	0.0	(-0.010954851640297246+0j)
-0.10200000000000001	-0.010404000000000002	-9.914633663150006e-05	-0.010540354738609127	0.0	(-0.010540354738609127+0j)
-0.1	-0.010000000000000002	-9.545352833733971e-05	-0.010133978708597958	0.0	(-0.010133978708597958+0j)
-0.098	-0.009604000000000001	-9.182188645626664e-05	-0.009735727789704338	0.0	(-0.009735727789704338+0j)
-0.096	-0.009216	-8.825208605562837e-05	-0.009345606354216371	0.0	(-0.009345606354216371+0j)
-0.094	-0.008836	-8.474479269614255e-05	-0.008963618884414616	0.0	(-0.008963618884414616+0j)
-0.092	-0.008464	-8.130066220069128e-05	-0.008589769942875216	0.0	(-0.008589769942875216+0j)
-0.09	-0.0081	-7.792034042573837e-05	-0.008224064135316966	0.0	(-0.008224064135316966+0j)
-0.088	-0.007743999999999999	-7.460446303551686e-05	-0.007866506065485546	0.0	(-0.007866506065485546+0j)
-0.08600000000000001	-0.0073960000000000015	-7.135365527906855e-05	-0.007517100281715577	0.0	(-0.007517100281715577+0j)
-0.084	-0.007056000000000001	-6.816853177027751e-05	-0.007175851214982874	0.0	(-0.007175851214982874+0j)
-0.082	-0.006724000000000001	-6.504969627101065e-05	-0.0068427631084634274	0.0	(-0.0068427631084634274+0j)
-0.08	-0.0064	-6.199774147745696e-05	-0.00651783993882424	0.0	(-0.00651783993882424+0j)
-0.078	-0.006084	-5.901324880982009e-05	-0.006201085329676622	0.0	(-0.006201085329676622+0j)
-0.076	-0.005776	-5.609678820541614e-05	-0.0058925024578034245	0.0	(-0.0058925024578034245+0j)
-0.074	-0.005475999999999999	-5.324891791536057e-05	-0.005592093952897593	0.0	(-0.005592093952897593+0j)
-0.07200000000000001	-0.005184000000000001	-5.0470184304859944e-05	-0.005299861791601391	0.0	(-0.005299861791601391+0j)
-0.07	-0.004900000000000001	-4.7761121657333844e-05	-0.00501580718657975	0.0	(-0.00501580718657975+0j)
-0.068	-0.0046240000000000005	-4.51222519823255e-05	-0.004739930471175194	0.0	(-0.004739930471175194+0j)
-0.066	-0.0043560000000000005	-4.255408482745776e-05	-0.00447223097984756	0.0	(-0.00447223097984756+0j)
-0.064	-0.004096	-4.005711709441015e-05	-0.004212706924078437	0.0	(-0.004212706924078437+0j)
-0.062	-0.0038439999999999998	-3.763183285908356e-05	-0.003961355262697935	0.0	(-0.003961355262697935+0j)
-0.06	-0.0036	-3.52787031960497e-05	-0.0037181715646469387	0.0	(-0.0037181715646469387+0j)
-0.058	-0.0033640000000000002	-3.299818600730614e-05	-0.0034831498610038746	0.0	(-0.0034831498610038746+0j)
-0.056	-0.0031360000000000003	-3.079072585558673e-05	-0.0032562824816441452	0.0	(-0.0032562824816441452+0j)
-0.054	-0.0029159999999999998	-2.8656753802085155e-05	-0.0030375598701260446	0.0	(-0.0030375598701260446+0j)
-0.052000000000000005	-0.0027040000000000007	-2.6596687248962858e-05	-0.0028269703682363267	0.0	(-0.0028269703682363267+0j)
-0.05	-0.0025000000000000005	-2.4610929786429703e-05	-0.002624499958992033	0.0	(-0.002624499958992033+0j)
-0.048	-0.002304	-2.2699871044737363e-05	-0.0024301319536373348	0.0	(-0.0024301319536373348+0j)
-0.046	-0.002116	-2.0863886551016064e-05	-0.0022438466041074454	0.0	(-0.0022438466041074454+0j)
-0.044	-0.0019359999999999998	-1.9103337591072633e-05	-0.0020656206172879475	0.0	(-0.0020656206172879475+0j)
-0.042	-0.0017640000000000002	-1.7418571076233125e-05	-0.001895426540833309	0.0	(-0.001895426540833309+0j)
-0.04	-0.0016	-1.5809919415257778e-05	-0.0017332319818717343	0.0	(-0.0017332319818717343+0j)
-0.038	-0.001444	-1.4277700391557291e-05	-0.0015789986090529616	0.0	(-0.0015789986090529616+0j)
-0.036000000000000004	-0.0012960000000000003	-1.2822217045516116e-05	-0.001432680874421757	0.0	(-0.001432680874421757+0j)
-0.034	-0.0011560000000000001	-1.1443757562221157e-05	-0.0012942243737631253	0.0	(-0.0012942243737631253+0j)
-0.032	-0.001024	-1.0142595164533419e-05	-0.0011635637416249197	0.0	(-0.0011635637416249197+0j)
-0.03	-0.0009	-8.918988011613616e-06	-0.0010406199496517856	0.0	(-0.0010406199496517856+0j)
-0.028	-0.0007840000000000001	-7.773179102887884e-06	-0.0009252968442821452	0.0	(-0.0009252968442821452+0j)
-0.026000000000000002	-0.0006760000000000002	-6.705396187717261e-06	-0.0008174767238327438	0.0	(-0.0008174767238327438+0j)
-0.024	-0.000576	-5.715851680410111e-06	-0.0007170147199353839	0.0	(-0.0007170147199353839+0j)
-0.022	-0.00048399999999999995	-4.804742581132615e-06	-0.0006237317237333201	0.0	(-0.0006237317237333201+0j)
-0.02	-0.0004	-3.9722504023842475e-06	-0.0005374056012667206	0.0	(-0.0005374056012667206+0j)
-0.018000000000000002	-0.00032400000000000007	-3.2185411010243747e-06	-0.0004577605060512675	0.0	(-0.0004577605060512675+0j)
-0.016	-0.000256	-2.543765016682631e-06	-0.00038445426802154376	0.0	(-0.00038445426802154376+0j)
-0.014	-0.00019600000000000002	-1.948056815082033e-06	-0.00031706418213459114	0.0	(-0.00031706418213459114+0j)
-0.012	-0.000144	-1.4315354378569012e-06	-0.00025507210813904764	0.0	(-0.00025507210813904764+0j)
-0.01	-0.0001	-9.943040577553575e-07	-0.00019785066518872695	0.0	(-0.00019785066518872695+0j)
-0.008	-6.4e-05	-6.364500408917451e-07	-0.00014465339074820106	0.0	(-0.00014465339074820106+0j)
-0.006	-3.6e-05	-3.5804491327340315e-07	-9.461272920356452e-05	0.0	(-9.461272920356452e-05+0j)
-0.004	-1.6e-05	-1.5914433326713606e-07	-4.674998015980187e-05	0.0	(-4.674998015980187e-05+0j)
-0.002	-4e-06	-3.9788073280533354e-08	1.0083080204115191e-17	-0.00895734774980122	(1.0083080204115191e-17-0.00895734774980122j)
0.002	4e-06	3.9788073280533354e-08	1.0083080204115191e-17	0.00895734774980122	(1.0083080204115191e-17+0.00895734774980122j)
0.004	1.6e-05	1.5914433326713606e-07	4.674998015978182e-05	0.0	(4.674998015978182e-05+0j)
0.006	3.6e-05	3.5804491327340315e-07	9.46127292035892e-05	0.0	(9.46127292035892e-05+0j)
0.008	6.4e-05	6.364500408917451e-07	0.00014465339074822367	0.0	(0.00014465339074822367+0j)
0.01	0.0001	9.943040577553575e-07	0.00019785066518873286	0.0	(0.00019785066518873286+0j)
0.012	0.000144	1.4315354378569012e-06	0.00025507210813900357	0.0	(0.00025507210813900357+0j)
0.014	0.00019600000000000002	1.948056815082033e-06	0.00031706418213458523	0.0	(0.00031706418213458523+0j)
0.016	0.000256	2.543765016682631e-06	0.00038445426802155444	0.0	(0.00038445426802155444+0j)
0.018000000000000002	0.00032400000000000007	3.2185411010243747e-06	0.00045776050605128566	0.0	(0.00045776050605128566+0j)
0.02	0.0004	3.9722504023842475e-06	0.0005374056012667299	0.0	(0.0005374056012667299+0j)
0.022	0.00048399999999999995	4.804742581132615e-06	0.0006237317237333112	0.0	(0.0006237317237333112+0j)
0.024	0.000576	5.715851680410111e-06	0.000717014719935405	0.0	(0.000717014719935405+0j)
0.026000000000000002	0.0006760000000000002	6.705396187717261e-06	0.0008174767238327515	0.0	(0.0008174767238327515+0j)
0.028	0.0007840000000000001	7.773179102887884e-06	0.0009252968442821814	0.0	(0.0009252968442821814+0j)
0.03	0.0009	8.918988011613616e-06	0.0010406199496517856	0.0	(0.0010406199496517856+0j)
0.032	0.001024	1.0142595164533419e-05	0.0011635637416249009	0.0	(0.0011635637416249009+0j)
0.034	0.0011560000000000001	1.1443757562221157e-05	0.0012942243737631197	0.0	(0.0012942243737631197+0j)
0.036000000000000004	0.0012960000000000003	1.2822217045516116e-05	0.0014326808744218134	0.0	(0.0014326808744218134+0j)
0.038	0.001444	1.4277700391557291e-05	0.001578998609052978	0.0	(0.001578998609052978+0j)
0.04	0.0016	1.5809919415257778e-05	0.0017332319818717456	0.0	(0.0017332319818717456+0j)
0.042	0.0017640000000000002	1.7418571076233125e-05	0.0018954265408333364	0.0	(0.0018954265408333364+0j)
0.044	0.0019359999999999998	1.9103337591072633e-05	0.002065620617287949	0.0	(0.002065620617287949+0j)
0.046	0.002116	2.0863886551016064e-05	0.0022438466041074423	0.0	(0.0022438466041074423+0j)
0.048	0.002304	2.2699871044737363e-05	0.002430131953637362	0.0	(0.002430131953637362+0j)
0.05	0.0025000000000000005	2.4610929786429703e-05	0.002624499958992038	0.0	(0.002624499958992038+0j)
0.052000000000000005	0.0027040000000000007	2.6596687248962858e-05	0.002826970368236293	0.0	(0.002826970368236293+0j)
0.054	0.0029159999999999998	2.8656753802085155e-05	0.003037559870126025	0.0	(0.003037559870126025+0j)
0.056	0.0031360000000000003	3.079072585558673e-05	0.0032562824816441847	0.0	(0.0032562824816441847+0j)
0.058	0.0033640000000000002	3.299818600730614e-05	0.0034831498610038633	0.0	(0.0034831498610038633+0j)
0.06	0.0036	3.52787031960497e-05	0.003718171564646976	0.0	(0.003718171564646976+0j)
0.062	0.0038439999999999998	3.763183285908356e-05	0.003961355262697905	0.0	(0.003961355262697905+0j)
0.064	0.004096	4.005711709441015e-05	0.004212706924078431	0.0	(0.004212706924078431+0j)
0.066	0.0043560000000000005	4.255408482745776e-05	0.004472230979847531	0.0	(0.004472230979847531+0j)
0.068	0.0046240000000000005	4.51222519823255e-05	0.0047399304711751925	0.0	(0.0047399304711751925+0j)
0.07	0.004900000000000001	4.7761121657333844e-05	0.0050158071865797635	0.0	(0.0050158071865797635+0j)
0.07200000000000001	0.005184000000000001	5.0470184304859944e-05	0.005299861791601419	0.0	(0.005299861791601419+0j)
0.074	0.005475999999999999	5.324891791536057e-05	0.005592093952897645	0.0	(0.005592093952897645+0j)
0.076	0.005776	5.609678820541614e-05	0.0058925024578034115	0.0	(0.0058925024578034115+0j)
0.078	0.006084	5.901324880982009e-05	0.006201085329676645	0.0	(0.006201085329676645+0j)
0.08	0.0064	6.199774147745696e-05	0.006517839938824253	0.0	(0.006517839938824253+0j)
0.082	0.006724000000000001	6.504969627101065e-05	0.006842763108463426	0.0	(0.006842763108463426+0j)
0.084	0.007056000000000001	6.816853177027751e-05	0.007175851214982818	0.0	(0.007175851214982818+0j)
0.08600000000000001	0.0073960000000000015	7.135365527906855e-05	0.007517100281715542	0.0	(0.007517100281715542+0j)
0.088	0.007743999999999999	7.460446303551686e-05	0.007866506065485532	0.0	(0.007866506065485532+0j)
0.09	0.0081	7.792034042573837e-05	0.00822406413531688	0.0	(0.00822406413531688+0j)
0.092	0.008464	8.130066220069128e-05	0.008589769942875183	0.0	(0.008589769942875183+0j)
0.094	0.008836	8.474479269614255e-05	0.008963618884414598	0.0	(0.008963618884414598+0j)
0.096	0.009216	8.825208605562837e-05	0.009345606354216348	0.0	(0.009345606354216348+0j)
0.098	0.009604000000000001	9.182188645626664e-05	0.009735727789704347	0.0	(0.009735727789704347+0j)
0.1	0.010000000000000002	9.545352833733971e-05	0.010133978708597976	0.0	(0.010133978708597976+0j)
0.10200000000000001	0.010404000000000002	9.914633663150006e-05	0.010540354738609148	0.0	(0.010540354738609148+0j)
0.10400000000000001	0.010816000000000003	0.0001028996269984879	0.010954851640297194	0.0	(0.010954851640297194+0j)
0.106	0.011236	0.0001067127060612634	0.011377465323771815	0.0	(0.011377465323771815+0j)
0.108	0.011663999999999999	0.00011058487164438552	0.011808191859970018	0.0	(0.011808191859970018+0j)
0.11	0.0121	0.00011451541301455564	0.012247027487246343	0.0	(0.012247027487246343+0j)
0.112	0.012544000000000001	0.00011850361112319442	0.012693968613996753	0.0	(0.012693968613996753+0j)
0.114	0.012996	0.00012254873885091805	0.013149011818005579	0.0	(0.013149011818005579+0j)
0.116	0.013456000000000001	0.00012665006125379963	0.013612153843149087	0.0	(0.013612153843149087+0j)
0.11800000000000001	0.013924000000000002	0.0001308068358112915	0.01408339159403889	0.0	(0.01408339159403889+0j)
0.12	0.0144	0.00013501831267567852	0.014562722129112578	0.0	(0.014562722129112578+0j)
0.122	0.014884	0.00013928373492295542	0.015050142652623883	0.0	(0.015050142652623883+0j)
0.124	0.015375999999999999	0.000143602338804975	0.015545650505913612	0.0	(0.015545650505913612+0j)
0.126	0.015876	0.00014797335400277157	0.01604924315827786	0.0	(0.01604924315827786+0j)
0.128	0.016384	0.00015239600388092245	0.01656091819769903	0.0	(0.01656091819769903+0j)
0.13	0.016900000000000002	0.00015686950574281613	0.01708067332164972	0.0	(0.01708067332164972+0j)
0.132	0.017424000000000002	0.00016139307108672344	0.017608506328130713	0.0	(0.017608506328130713+0j)
0.134	0.017956000000000003	0.00016596590586252964	0.018144415107069843	0.0	(0.018144415107069843+0j)
0.136	0.018496000000000002	0.0001705872107290122	0.018688397632167467	0.0	(0.018688397632167467+0j)
0.138	0.019044000000000002	0.0001752561813115382	0.01924045195325098	0.0	(0.01924045195325098+0j)
0.14	0.019600000000000003	0.00017997200846007252	0.01980057618917396	0.0	(0.01980057618917396+0j)
0.14200000000000002	0.020164000000000005	0.00018473387850734702	0.020368768521276875	0.0	(0.020368768521276875+0j)
0.14400000000000002	0.020736000000000004	0.000189540973527102	0.020945027187409086	0.0	(0.020945027187409086+0j)
0.146	0.021315999999999998	0.0001943924715922616	0.02152935047650649	0.0	(0.02152935047650649+0j)
0.148	0.021903999999999996	0.0001992875470329192	0.022121736723699027	0.0	(0.022121736723699027+0j)
0.15	0.0225	0.00020422537069403075	0.02272218430592773	0.0	(0.02272218430592773+0j)
0.152	0.023104	0.00020920511019269228	0.023330691638039257	0.0	(0.023330691638039257+0j)
0.154	0.023716	0.0002142259301748722	0.02394725716932367	0.0	(0.02394725716932367+0j)
0.156	0.024336	0.00021928699257150628	0.024571879380463946	0.0	(0.024571879380463946+0j)
0.158	0.024964	0.0002243874568538212	0.025204556780859932	0.0	(0.025204556780859932+0j)
0.16	0.0256	0.00022952648028778293	0.02584528790629587	0.0	(0.02584528790629587+0j)
0.162	0.026244	0.00023470321818756237	0.02649407131691387	0.0	(0.02649407131691387+0j)
0.164	0.026896000000000003	0.00023991682416789643	0.027150905595467116	0.0	(0.027150905595467116+0j)
0.166	0.027556000000000004	0.000245166450395243	0.027815789345818784	0.0	(0.027815789345818784+0j)
0.168	0.028224000000000003	0.0002504512478376259	0.028488721191660817	0.0	(0.028488721191660817+0j)
0.17	0.028900000000000006	0.00025577036651305667	0.029169699775425488	0.0	(0.029169699775425488+0j)
0.17200000000000001	0.029584000000000006	0.00026112295573643175	0.029858723757369324	0.0	(0.029858723757369324+0j)
0.17400000000000002	0.030276000000000004	0.0002665081643648047	0.030555791814802842	0.0	(0.030555791814802842+0j)
0.176	0.030975999999999997	0.00027192514104093166	0.03126090264145027	0.0	(0.03126090264145027+0j)
0.178	0.031684	0.0002773730344349866	0.03197405494692167	0.0	(0.03197405494692167+0j)
0.18	0.0324	0.0002828509934843606	0.0326952474562775	0.0	(0.0326952474562775+0j)
0.182	0.033124	0.0002883581676314342	0.033424478909676855	0.0	(0.033424478909676855+0j)
0.184	0.033856	0.00029389370705924355	0.034161748062094516	0.0	(0.034161748062094516+0j)
0.186	0.034596	0.00029945676292493853	0.03490705368309161	0.0	(0.03490705368309161+0j)
0.188	0.035344	0.00030504648759095134	0.0356603945566388	0.0	(0.0356603945566388+0j)
0.19	0.0361	0.0003106620348537852	0.03642176948097643	0.0	(0.03642176948097643+0j)
0.192	0.036864	0.00031630256017033055	0.03719117726850372	0.0	(0.03719117726850372+0j)
0.194	0.037636	0.0003219672208816433	0.037968616745697695	0.0	(0.037968616745697695+0j)
0.196	0.038416000000000006	0.00032765517643408375	0.03875408675304744	0.0	(0.03875408675304744+0j)
0.198	0.039204	0.0003333655885977497	0.039547586145003776	0.0	(0.039547586145003776+0j)
0.2	0.04000000000000001	0.0003390976216821246	0.04034911378994145	0.0	(0.04034911378994145+0j)
0.202	0.04080400000000001	0.00034485044274886736	0.04115866857012373	0.0	(0.04115866857012373+0j)
0.20400000000000001	0.04161600000000001	0.0003506232218216652	0.041976249381675663	0.0	(0.041976249381675663+0j)
0.20600000000000002	0.04243600000000001	0.00035641513209308875	0.042801855134554666	0.0	(0.042801855134554666+0j)
0.20800000000000002	0.04326400000000001	0.00036222535012837604	0.043635484752522866	0.0	(0.043635484752522866+0j)
0.21	0.04409999999999999	0.00036805305606608333	0.04447713717311615	0.0	(0.04447713717311615+0j)
0.212	0.044944	0.0003738974338155345	0.045326811347610886	0.0	(0.045326811347610886+0j)
0.214	0.045795999999999996	0.0003797576712510171	0.04618450624098294	0.0	(0.04618450624098294+0j)
0.216	0.046655999999999996	0.0003856329604026601	0.04705022083186633	0.0	(0.04705022083186633+0j)
0.218	0.047524	0.0003915224976439402	0.04792395411250118	0.0	(0.04792395411250118+0j)
0.22	0.0484	0.0003974254838757629	0.04880570508867941	0.0	(0.04880570508867941+0j)
0.222	0.049284	0.0004033411247070695	0.049695472779680734	0.0	(0.049695472779680734+0j)
0.224	0.050176000000000005	0.0004092686306319175	0.05059325621820641	0.0	(0.05059325621820641+0j)
0.226	0.051076	0.00041520721720299486	0.05149905445030433	0.0	(0.05149905445030433+0j)
0.228	0.051984	0.0004211561052015161	0.05241286653528686	0.0	(0.05241286653528686+0j)
0.23	0.0529	0.00042711452080346907	0.053334691545646865	0.0	(0.053334691545646865+0j)
0.232	0.053824000000000004	0.000433081695742166	0.054264528566967986	0.0	(0.054264528566967986+0j)
0.234	0.054756000000000006	0.00043905686746706384	0.05520237669782645	0.0	(0.05520237669782645+0j)
0.23600000000000002	0.05569600000000001	0.00044503927929882793	0.056148235049692574	0.0	(0.056148235049692574+0j)
0.23800000000000002	0.05664400000000001	0.0004510281805805952	0.057102102746826304	0.0	(0.057102102746826304+0j)
0.24	0.0576	0.00045702282682542027	0.058063978926171864	0.0	(0.058063978926171864+0j)
0.242	0.058564	0.0004630224798598682	0.05903386273724704	0.0	(0.05903386273724704+0j)
0.244	0.059536	0.0004690264079637381	0.06001175334203333	0.0	(0.06001175334203333+0j)
0.246	0.060516	0.0004750338860058903	0.0609976499148586	0.0	(0.0609976499148586+0j)
0.248	0.061503999999999996	0.0004810441955761611	0.06199155164228646	0.0	(0.06199155164228646+0j)
0.25	0.0625	0.00048705662511334773	0.0629934577230012	0.0	(0.0629934577230012+0j)
0.252	0.063504	0.0004930704700292472	0.06400336736768845	0.0	(0.06400336736768845+0j)
0.254	0.064516	0.0004990850328287412	0.06502127979892514	0.0	(0.06502127979892514+0j)
0.256	0.065536	0.0005050996232259123	0.06604719425106209	0.0	(0.06604719425106209+0j)
0.258	0.066564	0.0005111135582561896	0.06708110997010867	0.0	(0.06708110997010867+0j)
0.26	0.06760000000000001	0.0005171261623845127	0.06812302621362766	0.0	(0.06812302621362766+0j)
0.262	0.06864400000000001	0.0005231367676095162	0.06917294225061622	0.0	(0.06917294225061622+0j)
0.264	0.06969600000000001	0.000529144713563732	0.07023085736140501	0.0	(0.07023085736140501+0j)
0.266	0.07075600000000001	0.0005351493476098108	0.07129677083754725	0.0	(0.07129677083754725+0j)
0.268	0.07182400000000001	0.0005411500249327659	0.07237068198171578	0.0	(0.07237068198171578+0j)
0.27	0.0729	0.0005471461086282485	0.07345259010760481	0.0	(0.07345259010760481+0j)
0.272	0.07398400000000001	0.0005531369697868589	0.07454249453982642	0.0	(0.07454249453982642+0j)
0.274	0.07507600000000002	0.0005591219875745059	0.07564039461382266	0.0	(0.07564039461382266+0j)
0.276	0.07617600000000001	0.0005651005493088235	0.07674628967576241	0.0	(0.07674628967576241+0j)
0.278	0.07728400000000002	0.0005710720505316656	0.07786017908246164	0.0	(0.07786017908246164+0j)
0.28	0.07840000000000001	0.0005770358950776866	0.07898206220129324	0.0	(0.07898206220129324+0j)
0.28200000000000003	0.07952400000000001	0.0005829914951390333	0.08011193841009884	0.0	(0.08011193841009884+0j)
0.28400000000000003	0.08065600000000002	0.0005889382713261622	0.08124980709711699	0.0	(0.08124980709711699+0j)
0.28600000000000003	0.08179600000000002	0.0005948756527248101	0.08239566766089829	0.0	(0.08239566766089829+0j)
0.28800000000000003	0.08294400000000002	0.0006008030769491349	0.08354951951023412	0.0	(0.08354951951023412+0j)
0.29	0.0841	0.0006067199901910594	0.08471136206408277	0.0	(0.08471136206408277+0j)
0.292	0.08526399999999999	0.0006126258472658401	0.08588119475150298	0.0	(0.08588119475150298+0j)
0.294	0.08643599999999999	0.0006185201116538904	0.087059017011583	0.0	(0.087059017011583+0j)
0.296	0.08761599999999999	0.0006244022555388932	0.08824482829337978	0.0	(0.08824482829337978+0j)
0.298	0.088804	0.0006302717598422301	0.08943862805585523	0.0	(0.08943862805585523+0j)
0.3	0.09	0.0006361281142537641	0.0906404157678185	0.0	(0.0906404157678185+0j)
0.302	0.091204	0.0006419708172590104	0.09185019090786391	0.0	(0.09185019090786391+0j)
0.304	0.092416	0.0006477993761627315	0.09306795296432005	0.0	(0.09306795296432005+0j)
0.306	0.093636	0.0006536133071089969	0.09429370143519021	0.0	(0.09429370143519021+0j)
0.308	0.094864	0.0006594121350977448	0.09552743582810602	0.0	(0.09552743582810602+0j)
0.31	0.0961	0.0006651953939978896	0.09676915566026809	0.0	(0.09676915566026809+0j)
0.312	0.097344	0.000670962626557015	0.09801886045840398	0.0	(0.09801886045840398+0j)
0.314	0.098596	0.0006767133844076983	0.09927654975871132	0.0	(0.09927654975871132+0j)
0.316	0.099856	0.0006824472280705103	0.10054222310681465	0.0	(0.10054222310681465+0j)
0.318	0.101124	0.000688163726953736	0.1018158800577145	0.0	(0.1018158800577145+0j)
0.32	0.1024	0.0006938624593498672	0.10309752017574429	0.0	(0.10309752017574429+0j)
0.322	0.10368400000000001	0.0006995430124289082	0.10438714303451814	0.0	(0.10438714303451814+0j)
0.324	0.104976	0.0007052049822285514	0.1056847482168845	0.0	(0.1056847482168845+0j)
0.326	0.10627600000000001	0.0007108479736412693	0.10699033531488757	0.0	(0.10699033531488757+0j)
0.328	0.10758400000000001	0.0007164716003983748	0.10830390392970879	0.0	(0.10830390392970879+0j)
0.33	0.10890000000000001	0.0007220754850511006	0.10962545367162939	0.0	(0.10962545367162939+0j)
0.332	0.11022400000000002	0.0007276592589487561	0.11095498415997886	0.0	(0.11095498415997886+0j)
0.334	0.11155600000000002	0.0007332225622140076	0.11229249502308689	0.0	(0.11229249502308689+0j)
0.336	0.11289600000000001	0.0007387650437153439	0.11363798589823827	0.0	(0.11363798589823827+0j)
0.338	0.11424400000000001	0.0007442863610367779	0.11499145643161977	0.0	(0.11499145643161977+0j)
0.34	0.11560000000000002	0.0007497861804448408	0.11635290627827477	0.0	(0.11635290627827477+0j)
0.342	0.11696400000000001	0.0007552641768529284	0.11772233510205156	0.0	(0.11772233510205156+0j)
0.34400000000000003	0.11833600000000002	0.0007607200337830536	0.11909974257554898	0.0	(0.11909974257554898+0j)
0.34600000000000003	0.11971600000000002	0.0007661534433250634	0.12048512838006728	0.0	(0.12048512838006728+0j)
0.34800000000000003	0.12110400000000002	0.0007715641060933791	0.12187849220555573	0.0	(0.12187849220555573+0j)
0.35000000000000003	0.12250000000000003	0.0007769517311813184	0.12327983375055407	0.0	(0.12327983375055407+0j)
0.352	0.12390399999999999	0.0007823160361130574	0.12468915272214098	0.0	(0.12468915272214098+0j)
0.354	0.12531599999999998	0.0007876567467932935	0.1261064488358717	0.0	(0.1261064488358717+0j)
0.356	0.126736	0.0007929735974546667	0.12753172181572767	0.0	(0.12753172181572767+0j)
0.358	0.128164	0.0007982663306029999	0.12896497139405186	0.0	(0.12896497139405186+0j)
0.36	0.1296	0.0008035346969604191	0.13040619731148528	0.0	(0.13040619731148528+0j)
0.362	0.131044	0.0008087784554064151	0.1318553993169141	0.0	(0.1318553993169141+0j)
0.364	0.132496	0.0008139973729169006	0.13331257716739686	0.0	(0.13331257716739686+0j)
0.366	0.133956	0.0008191912245013315	0.13477773062810353	0.0	(0.13477773062810353+0j)
0.368	0.135424	0.000824359793137948	0.1362508594722533	0.0	(0.1362508594722533+0j)
0.37	0.1369	0.0008295028697071969	0.1377319634810367	0.0	(0.1377319634810367+0j)
0.372	0.138384	0.0008346202529233944	0.13922104244355923	0.0	(0.13922104244355923+0j)
0.374	0.139876	0.0008397117492646947	0.14071809615676123	0.0	(0.14071809615676123+0j)
0.376	0.141376	0.0008447771729014179	0.14222312442535048	0.0	(0.14222312442535048+0j)
0.378	0.142884	0.0008498163456228013	0.1437361270617305	0.0	(0.1437361270617305+0j)
0.38	0.1444	0.000854829096762234	0.1452571038859233	0.0	(0.1452571038859233+0j)
0.382	0.145924	0.0008598152631210345	0.14678605472549636	0.0	(0.14678605472549636+0j)
0.384	0.147456	0.0008647746888908283	0.14832297941548425	0.0	(0.14832297941548425+0j)
0.386	0.14899600000000002	0.0008697072255745888	0.14986787779831406	0.0	(0.14986787779831406+0j)
0.388	0.150544	0.0008746127319063966	0.15142074972371622	0.0	(0.15142074972371622+0j)
0.39	0.1521	0.0008794910737699791	0.15298159504866046	0.0	(0.15298159504866046+0j)
0.392	0.15366400000000002	0.0008843421241160847	0.15455041363726046	0.0	(0.15455041363726046+0j)
0.394	0.155236	0.0008891657628787543	0.15612720536069713	0.0	(0.15612720536069713+0j)
0.396	0.156816	0.0008939618768905433	0.15771197009713814	0.0	(0.15771197009713814+0j)
0.398	0.15840400000000002	0.0008987303597967515	0.15930470773164285	0.0	(0.15930470773164285+0j)
0.4	0.16000000000000003	0.0009034711119687199	0.16090541815608858	0.0	(0.16090541815608858+0j)
0.402	0.16160400000000003	0.0009081840404162484	0.16251410126908022	0.0	(0.16251410126908022+0j)
0.404	0.16321600000000003	0.0009128690586991889	0.1641307569758606	0.0	(0.1641307569758606+0j)
0.406	0.164836	0.00091752608683827	0.16575538518822094	0.0	(0.16575538518822094+0j)
0.40800000000000003	0.16646400000000003	0.0009221550512252069	0.16738798582442138	0.0	(0.16738798582442138+0j)
0.41000000000000003	0.16810000000000003	0.0009267558845321498	0.16902855880908949	0.0	(0.16902855880908949+0j)
0.41200000000000003	0.16974400000000003	0.0009313285256205252	0.17067710407313869	0.0	(0.17067710407313869+0j)
0.41400000000000003	0.17139600000000002	0.0009358729194493188	0.17233362155367457	0.0	(0.17233362155367457+0j)
0.41600000000000004	0.17305600000000004	0.0009403890169828556	0.17399811119390177	0.0	(0.17399811119390177+0j)
0.418	0.174724	0.0009448767750981253	0.17567057294303398	0.0	(0.17567057294303398+0j)
0.42	0.17639999999999997	0.0009493361564917042	0.1773510067562025	0.0	(0.1773510067562025+0j)
0.422	0.178084	0.0009537671295863227	0.1790394125943595	0.0	(0.1790394125943595+0j)
0.424	0.179776	0.0009581696684371273	0.1807357904241895	0.0	(0.1807357904241895+0j)
0.426	0.181476	0.000962543752637683	0.18244014021801175	0.0	(0.18244014021801175+0j)
0.428	0.18318399999999999	0.0009668893672257679	0.18415246195368695	0.0	(0.18415246195368695+0j)
0.43	0.18489999999999998	0.0009712065025889999	0.18587275561452712	0.0	(0.18587275561452712+0j)
0.432	0.18662399999999998	0.0009754951543703457	0.1876010211891971	0.0	(0.1876010211891971+0j)
0.434	0.188356	0.000979755323373555	0.18933725867162057	0.0	(0.18933725867162057+0j)
0.436	0.190096	0.0009839870154685628	0.1910814680608863	0.0	(0.1910814680608863+0j)
0.438	0.191844	0.000988190241496905	0.19283364936115	0.0	(0.19283364936115+0j)
0.44	0.1936	0.000992365017177187	0.19459380258154754	0.0	(0.19459380258154754+0j)
0.442	0.195364	0.0009965113630106466	0.19636192773609706	0.0	(0.19636192773609706+0j)
0.444	0.197136	0.0010006293041868533	0.19813802484359408	0.0	(0.19813802484359408+0j)
0.446	0.198916	0.0010047188704895831	0.19992209392753602	0.0	(0.19992209392753602+0j)
0.448	0.20070400000000002	0.0010087800962029043	0.2017141350160109	0.0	(0.2017141350160109+0j)
0.45	0.2025	0.0010128130200175148	0.20351414814161226	0.0	(0.20351414814161226+0j)
0.452	0.204304	0.001016817684937368	0.20532213334134128	0.0	(0.20532213334134128+0j)
0.454	0.20611600000000002	0.0010207941381866212	0.20713809065651997	0.0	(0.20713809065651997+0j)
0.456	0.207936	0.0010247424311169403	0.20896202013268406	0.0	(0.20896202013268406+0j)
0.458	0.209764	0.0010286626191152	0.21079392181950585	0.0	(0.21079392181950585+0j)
0.46	0.2116	0.0010325547615116055	0.21263379577069424	0.0	(0.21263379577069424+0j)
0.462	0.21344400000000002	0.0010364189214882734	0.2144816420438948	0.0	(0.2144816420438948+0j)
0.464	0.21529600000000002	0.0010402551659883003	0.21633746070061557	0.0	(0.21633746070061557+0j)
0.466	0.21715600000000002	0.0010440635656253493	0.21820125180612251	0.0	(0.21820125180612251+0j)
0.468	0.21902400000000002	0.0010478441945937856	0.22007301542934898	0.0	(0.22007301542934898+0j)
0.47000000000000003	0.22090000000000004	0.0010515971305793867	0.22195275164281147	0.0	(0.22195275164281147+0j)
0.47200000000000003	0.22278400000000004	0.0010553224546706581	0.22384046052252185	0.0	(0.22384046052252185+0j)
0.47400000000000003	0.22467600000000004	0.0010590202512707775	0.22573614214788598	0.0	(0.22573614214788598+0j)
0.47600000000000003	0.22657600000000003	0.0010626906080101973	0.2276397966016296	0.0	(0.2276397966016296+0j)
0.47800000000000004	0.22848400000000005	0.0010663336156599252	0.2295514239696994	0.0	(0.2295514239696994+0j)
0.48	0.2304	0.0010699493680455098	0.23147102434118458	0.0	(0.23147102434118458+0j)
0.482	0.23232399999999997	0.0010735379619617573	0.23339859780822786	0.0	(0.23339859780822786+0j)
0.484	0.234256	0.0010770994970881926	0.23533414446593254	0.0	(0.23533414446593254+0j)
0.486	0.236196	0.001080634075905295	0.23727766441229223	0.0	(0.23727766441229223+0j)
0.488	0.238144	0.0010841418036115226	0.2392291577480896	0.0	(0.2392291577480896+0j)
0.49	0.24009999999999998	0.0010876227880411487	0.24118862457683263	0.0	(0.24118862457683263+0j)
0.492	0.242064	0.0010910771395829264	0.24315606500464984	0.0	(0.24315606500464984+0j)
0.494	0.244036	0.001094504971099601	0.2451314791402307	0.0	(0.2451314791402307+0j)
0.496	0.24601599999999998	0.001097906397848284	0.24711486709472694	0.0	(0.24711486709472694+0j)
0.498	0.248004	0.0011012815374017086	0.2491062289816895	0.0	(0.2491062289816895+0j)
0.5	0.25	0.0011046305095703788	0.2511055649169704	0.0	(0.2511055649169704+0j)
0.502	0.252004	0.001107953436325628	0.25311287501866125	0.0	(0.25311287501866125+0j)
0.504	0.254016	0.0011112504417235996	0.2551281594070056	0.0	(0.2551281594070056+0j)
0.506	0.256036	0.001114521651830165	0.2571514182043314	0.0	(0.2571514182043314+0j)
0.508	0.258064	0.0011177671946467854	0.25918265153496667	0.0	(0.25918265153496667+0j)
0.51	0.2601	0.0011209872000373343	0.2612218595251734	0.0	(0.2612218595251734+0j)
0.512	0.262144	0.0011241817996558896	0.26326904230307036	0.0	(0.26326904230307036+0j)
0.514	0.264196	0.0011273511268755014	0.26532419999855383	0.0	(0.26532419999855383+0j)
0.516	0.266256	0.0011304953167179492	0.2673873327432467	0.0	(0.2673873327432467+0j)
0.518	0.268324	0.0011336145057844942	0.2694584406704016	0.0	(0.2694584406704016+0j)
0.52	0.27040000000000003	0.0011367088321876332	0.27153752391485125	0.0	(0.27153752391485125+0j)
0.522	0.272484	0.0011397784354838642	0.27362458261293554	0.0	(0.27362458261293554+0j)
0.524	0.27457600000000004	0.0011428234566074659	0.2757196169024279	0.0	(0.2757196169024279+0j)
0.526	0.27667600000000003	0.0011458440378052986	0.27782262692247617	0.0	(0.27782262692247617+0j)
0.528	0.27878400000000003	0.0011488403225726313	0.27993361281353296	0.0	(0.27993361281353296+0j)
0.53	0.28090000000000004	0.0011518124555899966	0.2820525747172981	0.0	(0.2820525747172981+0j)
0.532	0.28302400000000005	0.001154760582661081	0.2841795127766434	0.0	(0.2841795127766434+0j)
0.534	0.285156	0.0011576848506516491	0.28631442713556243	0.0	(0.28631442713556243+0j)
0.536	0.28729600000000005	0.0011605854074295064	0.28845731793910806	0.0	(0.28845731793910806+0j)
0.538	0.28944400000000003	0.0011634624018055009	0.2906081853333216	0.0	(0.2906081853333216+0j)
0.54	0.2916	0.0011663159834755655	0.29276702946519023	0.0	(0.29276702946519023+0j)
0.542	0.293764	0.0011691463029638003	0.29493385048256887	0.0	(0.29493385048256887+0j)
0.544	0.29593600000000003	0.0011719535115665958	0.29710864853414964	0.0	(0.29710864853414964+0j)
0.546	0.29811600000000005	0.0011747377612977962	0.29929142376938567	0.0	(0.29929142376938567+0j)
0.548	0.30030400000000007	0.0011774992048348984	0.30148217633843233	0.0	(0.30148217633843233+0j)
0.55	0.30250000000000005	0.0011802379954662919	0.30368090639212125	0.0	(0.30368090639212125+0j)
0.552	0.30470400000000003	0.0011829542870395286	0.30588761408187837	0.0	(0.30588761408187837+0j)
0.554	0.3069160000000001	0.001185648233910627	0.3081022995596836	0.0	(0.3081022995596836+0j)
0.556	0.3091360000000001	0.0011883199908944025	0.31032496297802536	0.0	(0.31032496297802536+0j)
0.558	0.3113640000000001	0.0011909697132158237	0.31255560448984826	0.0	(0.31255560448984826+0j)
0.56	0.31360000000000005	0.0011935975564623866	0.3147942242484965	0.0	(0.3147942242484965+0j)
0.562	0.31584400000000007	0.0011962036765375082	0.31704082240767123	0.0	(0.31704082240767123+0j)
0.5640000000000001	0.31809600000000005	0.0011987882296149264	0.3192953991213958	0.0	(0.3192953991213958+0j)
0.5660000000000001	0.3203560000000001	0.0012013513720941075	0.32155795454395125	0.0	(0.32155795454395125+0j)
0.5680000000000001	0.3226240000000001	0.0012038932605566517	0.3238284888298466	0.0	(0.3238284888298466+0j)
0.5700000000000001	0.3249000000000001	0.0012064140517236937	0.32610700213376437	0.0	(0.32610700213376437+0j)
0.5720000000000001	0.3271840000000001	0.0012089139024142872	0.32839349461052525	0.0	(0.32839349461052525+0j)
0.5740000000000001	0.3294760000000001	0.0012113929695047692	0.33068796641504733	0.0	(0.33068796641504733+0j)
0.5760000000000001	0.33177600000000007	0.0012138514098890992	0.33299041770230603	0.0	(0.33299041770230603+0j)
0.578	0.33408399999999994	0.0012162893804401602	0.335300848627283	0.0	(0.335300848627283+0j)
0.58	0.3364	0.0012187070379720175	0.33761925934494486	0.0	(0.33761925934494486+0j)
0.582	0.33872399999999997	0.0012211045392031261	0.3399456500101952	0.0	(0.3399456500101952+0j)
0.584	0.34105599999999997	0.0012234820407204788	0.34228002077783937	0.0	(0.34228002077783937+0j)
0.586	0.343396	0.0012258396989446836	0.3446223718025502	0.0	(0.3446223718025502+0j)
0.588	0.34574399999999994	0.0012281776700959674	0.34697270323883606	0.0	(0.34697270323883606+0j)
0.59	0.34809999999999997	0.0012304961101610873	0.349331015241003	0.0	(0.349331015241003+0j)
0.592	0.35046399999999994	0.0012327951748611504	0.35169730796312015	0.0	(0.35169730796312015+0j)
0.594	0.352836	0.0012350750196203253	0.3540715815589932	0.0	(0.3540715815589932+0j)
0.596	0.355216	0.001237335799535438	0.35645383618213233	0.0	(0.35645383618213233+0j)
0.598	0.357604	0.0012395776693464409	0.35884407198572127	0.0	(0.35884407198572127+0j)
0.6	0.36	0.001241800783407746	0.36124228912258444	0.0	(0.36124228912258444+0j)
0.602	0.36240399999999995	0.001244005295660412	0.3636484877451652	0.0	(0.3636484877451652+0j)
0.604	0.364816	0.0012461913596051736	0.36606266800548987	0.0	(0.36606266800548987+0j)
0.606	0.367236	0.0012483591282762996	0.3684848300551514	0.0	(0.3684848300551514+0j)
0.608	0.369664	0.0012505087542162758	0.3709149740452769	0.0	(0.3709149740452769+0j)
0.61	0.3721	0.0012526403894512967	0.3733531001265042	0.0	(0.3733531001265042+0j)
0.612	0.374544	0.0012547541854675526	0.37579920844895887	0.0	(0.37579920844895887+0j)
0.614	0.376996	0.001256850293188308	0.37825329916221884	0.0	(0.37825329916221884+0j)
0.616	0.379456	0.0012589288629517531	0.3807153724153183	0.0	(0.3807153724153183+0j)
0.618	0.381924	0.0012609900444896212	0.38318542835669656	0.0	(0.38318542835669656+0j)
0.62	0.3844	0.0012630339869065578	0.3856634671342059	0.0	(0.3856634671342059+0j)
0.622	0.386884	0.0012650608386602315	0.3881494888950572	0.0	(0.3881494888950572+0j)
0.624	0.389376	0.0012670707475421741	0.39064349378582214	0.0	(0.39064349378582214+0j)
0.626	0.391876	0.001269063860659339	0.3931454819524298	0.0	(0.3931454819524298+0j)
0.628	0.394384	0.0012710403244163638	0.39565545354010445	0.0	(0.39565545354010445+0j)
0.63	0.39690000000000003	0.0012730002844985302	0.3981734086933899	0.0	(0.3981734086933899+0j)
0.632	0.399424	0.0012749438858554024	0.4006993475561098	0.0	(0.4006993475561098+0j)
0.634	0.40195600000000004	0.001276871272685139	0.40323327027135675	0.0	(0.40323327027135675+0j)
0.636	0.404496	0.0012787825884194616	0.405775176981479	0.0	(0.405775176981479+0j)
0.638	0.407044	0.001280677975709271	0.4083250678280737	0.0	(0.4083250678280737+0j)
0.64	0.4096	0.001282557576410897	0.41088294295194666	0.0	(0.41088294295194666+0j)
0.642	0.41216400000000003	0.0012844215315729736	0.4134488024931297	0.0	(0.4134488024931297+0j)
0.644	0.41473600000000005	0.0012862699814239213	0.4160226465908495	0.0	(0.4160226465908495+0j)
0.646	0.417316	0.0012881030653600326	0.41860447538351886	0.0	(0.41860447538351886+0j)
0.648	0.419904	0.0012899209219341427	0.4211942890087333	0.0	(0.4211942890087333+0j)
0.65	0.42250000000000004	0.0012917236888448762	0.4237920876032421	0.0	(0.4237920876032421+0j)
0.652	0.42510400000000004	0.0012935115029264577	0.4263978713029542	0.0	(0.4263978713029542+0j)
0.654	0.42771600000000004	0.0012952845001390756	0.42901164024292654	0.0	(0.42901164024292654+0j)
0.656	0.43033600000000005	0.0012970428155597866	0.4316333945573434	0.0	(0.4316333945573434+0j)
0.658	0.432964	0.001298786583373946	0.434263134379518	0.0	(0.434263134379518+0j)
0.66	0.43560000000000004	0.0013005159368671617	0.43690085984188565	0.0	(0.43690085984188565+0j)
0.662	0.438244	0.0013022310084177492	0.43954657107598655	0.0	(0.43954657107598655+0j)
0.664	0.44089600000000007	0.001303931929489684	0.44220026821245895	0.0	(0.44220026821245895+0j)
0.666	0.44355600000000006	0.0013056188306260373	0.444861951381052	0.0	(0.444861951381052+0j)
0.668	0.44622400000000007	0.0013072918414428838	0.4475316207105934	0.0	(0.4475316207105934+0j)
0.67	0.4489000000000001	0.001308951090623672	0.4502092763289908	0.0	(0.4502092763289908+0j)
0.672	0.45158400000000004	0.001310596705914043	0.45289491836323986	0.0	(0.45289491836323986+0j)
0.674	0.45427600000000007	0.0013122288141170918	0.4555885469394035	0.0	(0.4555885469394035+0j)
0.676	0.45697600000000005	0.0013138475410890535	0.45829016218261803	0.0	(0.45829016218261803+0j)
0.678	0.45968400000000004	0.0013154530117354122	0.4609997642170778	0.0	(0.4609997642170778+0j)
0.68	0.4624000000000001	0.001317045350007413	0.46371735316605067	0.0	(0.46371735316605067+0j)
0.682	0.4651240000000001	0.0013186246788989746	0.46644292915185304	0.0	(0.46644292915185304+0j)
0.684	0.46785600000000005	0.0013201911204439858	0.46917649229585334	0.0	(0.46917649229585334+0j)
0.686	0.47059600000000007	0.0013217447957139818	0.47191804271847465	0.0	(0.47191804271847465+0j)
0.6880000000000001	0.4733440000000001	0.0013232858248161822	0.4746675805392058	0.0	(0.4746675805392058+0j)
0.6900000000000001	0.4761000000000001	0.0013248143268918902	0.477425105876559	0.0	(0.477425105876559+0j)
0.6920000000000001	0.47886400000000007	0.001326330420115236	0.4801906188481145	0.0	(0.4801906188481145+0j)
0.6940000000000001	0.48163600000000006	0.0013278342216922563	0.4829641195704813	0.0	(0.4829641195704813+0j)
0.6960000000000001	0.48441600000000007	0.001329325847860302	0.48574560815934226	0.0	(0.48574560815934226+0j)
0.6980000000000001	0.4872040000000001	0.001330805413887765	0.48853508472940127	0.0	(0.48853508472940127+0j)
0.7000000000000001	0.4900000000000001	0.0013322730340741093	0.4913325493944027	0.0	(0.4913325493944027+0j)
0.7020000000000001	0.4928040000000001	0.001333728821750206	0.4941380022671618	0.0	(0.4941380022671618+0j)
0.704	0.49561599999999995	0.0013351728892789538	0.4969514434595221	0.0	(0.4969514434595221+0j)
0.706	0.49843599999999993	0.0013366053480561848	0.4997728730823823	0.0	(0.4997728730823823+0j)
0.708	0.5012639999999999	0.0013380263085118397	0.502602291245678	0.0	(0.502602291245678+0j)
0.71	0.5041	0.001339435880111407	0.5054396980584169	0.0	(0.5054396980584169+0j)
0.712	0.506944	0.0013408341713576184	0.5082850936286272	0.0	(0.5082850936286272+0j)
0.714	0.5097959999999999	0.0013422212897923893	0.511138478063415	0.0	(0.511138478063415+0j)
0.716	0.512656	0.0013435973419989996	0.5139998514689307	0.0	(0.5139998514689307+0j)
0.718	0.515524	0.0013449624336045027	0.5168692139503909	0.0	(0.5168692139503909+0j)
0.72	0.5184	0.001346316669282358	0.519746565612064	0.0	(0.519746565612064+0j)
0.722	0.521284	0.0013476601527552784	0.5226319065572899	0.0	(0.5226319065572899+0j)
0.724	0.524176	0.0013489929867982822	0.5255252368884653	0.0	(0.5255252368884653+0j)
0.726	0.527076	0.0013503152732419477	0.5284265567070623	0.0	(0.5284265567070623+0j)
0.728	0.529984	0.0013516271129758554	0.5313358661136334	0.0	(0.5313358661136334+0j)
0.73	0.5328999999999999	0.0013529286059522198	0.5342531652077938	0.0	(0.5342531652077938+0j)
0.732	0.535824	0.0013542198511896928	0.537178454088251	0.0	(0.537178454088251+0j)
0.734	0.538756	0.0013555009467773429	0.540111732852788	0.0	(0.540111732852788+0j)
0.736	0.541696	0.0013567719898787936	0.5430530015982912	0.0	(0.5430530015982912+0j)
0.738	0.544644	0.0013580330767365221	0.5460022604207274	0.0	(0.5460022604207274+0j)
0.74	0.5476	0.0013592843026763058	0.5489595094151662	0.0	(0.5489595094151662+0j)
0.742	0.5505639999999999	0.0013605257621118127	0.5519247486757786	0.0	(0.5519247486757786+0j)
0.744	0.553536	0.0013617575485493324	0.5548979782958479	0.0	(0.5548979782958479+0j)
0.746	0.556516	0.0013629797545926334	0.5578791983677677	0.0	(0.5578791983677677+0j)
0.748	0.559504	0.00136419247194795	0.5608684089830426	0.0	(0.5608684089830426+0j)
0.75	0.5625	0.0013653957914290876	0.5638656102323096	0.0	(0.5638656102323096+0j)
0.752	0.565504	0.001366589802962638	0.5668708022053273	0.0	(0.5668708022053273+0j)
0.754	0.568516	0.001367774595593311	0.5698839849909979	0.0	(0.5698839849909979+0j)
0.756	0.571536	0.0013689502574893578	0.5729051586773547	0.0	(0.5729051586773547+0j)
0.758	0.574564	0.0013701168759481012	0.5759343233515828	0.0	(0.5759343233515828+0j)
0.76	0.5776	0.0013712745374015519	0.5789714791000118	0.0	(0.5789714791000118+0j)
0.762	0.580644	0.0013724233274221133	0.5820166260081242	0.0	(0.5820166260081242+0j)
0.764	0.583696	0.0013735633307283693	0.5850697641605781	0.0	(0.5850697641605781+0j)
0.766	0.586756	0.001374694631190947	0.5881308936411922	0.0	(0.5881308936411922+0j)
0.768	0.589824	0.0013758173118384532	0.5912000145329629	0.0	(0.5912000145329629+0j)
0.77	0.5929	0.0013769314548634775	0.5942771269180686	0.0	(0.5942771269180686+0j)
0.772	0.5959840000000001	0.0013780371416286597	0.5973622308778712	0.0	(0.5973622308778712+0j)
0.774	0.599076	0.0013791344526728143	0.6004553264929339	0.0	(0.6004553264929339+0j)
0.776	0.602176	0.0013802234677171125	0.6035564138430118	0.0	(0.6035564138430118+0j)
0.778	0.605284	0.0013813042656713106	0.6066654930070723	0.0	(0.6066654930070723+0j)
0.78	0.6084	0.0013823769246400267	0.6097825640632943	0.0	(0.6097825640632943+0j)
0.782	0.6115240000000001	0.0013834415219290623	0.6129076270890783	0.0	(0.6129076270890783+0j)
0.784	0.6146560000000001	0.0013844981340517576	0.6160406821610515	0.0	(0.6160406821610515+0j)
0.786	0.617796	0.0013855468367353848	0.6191817293550715	0.0	(0.6191817293550715+0j)
0.788	0.620944	0.0013865877049275743	0.6223307687462376	0.0	(0.6223307687462376+0j)
0.79	0.6241000000000001	0.0013876208128027641	0.6254878004088993	0.0	(0.6254878004088993+0j)
0.792	0.627264	0.0013886462337686781	0.6286528244166457	0.0	(0.6286528244166457+0j)
0.794	0.6304360000000001	0.0013896640404728229	0.6318258408423483	0.0	(0.6318258408423483+0j)
0.796	0.6336160000000001	0.0013906743048090052	0.6350068497581269	0.0	(0.6350068497581269+0j)
0.798	0.636804	0.001391677097923861	0.6381958512353808	0.0	(0.6381958512353808+0j)
0.8	0.6400000000000001	0.001392672490223401	0.6413928453447985	0.0	(0.6413928453447985+0j)
0.802	0.6432040000000001	0.0013936605513795598	0.6445978321563459	0.0	(0.6445978321563459+0j)
0.804	0.6464160000000001	0.0013946413503367577	0.6478108117392785	0.0	(0.6478108117392785+0j)
0.806	0.6496360000000001	0.0013956149553184614	0.651031784162178	0.0	(0.651031784162178+0j)
0.808	0.6528640000000001	0.0013965814338337474	0.6542607494929059	0.0	(0.6542607494929059+0j)
0.81	0.6561000000000001	0.001397540852683865	0.6574977077986548	0.0	(0.6574977077986548+0j)
0.812	0.659344	0.0013984932779687936	0.6607426591459392	0.0	(0.6607426591459392+0j)
0.8140000000000001	0.6625960000000001	0.0013994387750937962	0.6639956036005876	0.0	(0.6639956036005876+0j)
0.8160000000000001	0.6658560000000001	0.0014003774087759631	0.6672565412277929	0.0	(0.6672565412277929+0j)
0.8180000000000001	0.669124	0.001401309243050743	0.6705254720920604	0.0	(0.6705254720920604+0j)
0.8200000000000001	0.6724000000000001	0.001402234341278467	0.6738023962572772	0.0	(0.6738023962572772+0j)
0.8220000000000001	0.6756840000000001	0.001403152766150853	0.6770873137866601	0.0	(0.6770873137866601+0j)
0.8240000000000001	0.6789760000000001	0.0014040645796974944	0.6803802247427929	0.0	(0.6803802247427929+0j)
0.8260000000000001	0.6822760000000001	0.0014049698432923325	0.6836811291876589	0.0	(0.6836811291876589+0j)
0.8280000000000001	0.6855840000000001	0.0014058686176601075	0.6869900271825876	0.0	(0.6869900271825876+0j)
0.8300000000000001	0.6889000000000001	0.0014067609628827865	0.6903069187882979	0.0	(0.6903069187882979+0j)
0.8320000000000001	0.6922240000000002	0.0014076469384059686	0.693631804064927	0.0	(0.693631804064927+0j)
0.834	0.695556	0.0014085266030452674	0.6969646830719738	0.0	(0.6969646830719738+0j)
0.836	0.698896	0.0014094000149926624	0.7003055558683768	0.0	(0.7003055558683768+0j)
0.838	0.702244	0.0014102672318228252	0.7036544225124658	0.0	(0.7036544225124658+0j)
0.84	0.7055999999999999	0.0014111283104994174	0.707011283062004	0.0	(0.707011283062004+0j)
0.842	0.7089639999999999	0.0014119833073813531	0.7103761375741775	0.0	(0.7103761375741775+0j)
0.844	0.712336	0.0014128322782290354	0.7137489861055999	0.0	(0.7137489861055999+0j)
0.846	0.7157159999999999	0.0014136752782105545	0.717129828712339	0.0	(0.717129828712339+0j)
0.848	0.719104	0.0014145123619078552	0.7205186654499042	0.0	(0.7205186654499042+0j)
0.85	0.7224999999999999	0.0014153435833228665	0.7239154963732627	0.0	(0.7239154963732627+0j)
0.852	0.725904	0.001416168995883597	0.7273203215368462	0.0	(0.7273203215368462+0j)
0.854	0.729316	0.0014169886524501903	0.7307331409945558	0.0	(0.7307331409945558+0j)
0.856	0.7327359999999999	0.0014178026053209452	0.7341539547997658	0.0	(0.7341539547997658+0j)
0.858	0.7361639999999999	0.0014186109062382947	0.7375827630053475	0.0	(0.7375827630053475+0j)
0.86	0.7395999999999999	0.0014194136063947441	0.7410195656636583	0.0	(0.7410195656636583+0j)
0.862	0.7430439999999999	0.0014202107564387722	0.7444643628265537	0.0	(0.7444643628265537+0j)
0.864	0.7464959999999999	0.0014210024064806866	0.7479171545454005	0.0	(0.7479171545454005+0j)
0.866	0.749956	0.0014217886060984395	0.7513779408710858	0.0	(0.7513779408710858+0j)
0.868	0.753424	0.0014225694043434015	0.7548467218540093	0.0	(0.7548467218540093+0j)
0.87	0.7569	0.0014233448497460884	0.7583234975441151	0.0	(0.7583234975441151+0j)
0.872	0.760384	0.0014241149903218484	0.7618082679908852	0.0	(0.7618082679908852+0j)
0.874	0.763876	0.001424879873576502	0.7653010332433388	0.0	(0.7653010332433388+0j)
0.876	0.767376	0.001425639546511937	0.7688017933500703	0.0	(0.7688017933500703+0j)
0.878	0.770884	0.0014263940556316624	0.772310548359227	0.0	(0.772310548359227+0j)
0.88	0.7744	0.0014271434469463086	0.7758272983185356	0.0	(0.7758272983185356+0j)
0.882	0.7779240000000001	0.001427887765979091	0.7793520432753083	0.0	(0.7793520432753083+0j)
0.884	0.781456	0.0014286270577712188	0.7828847832764438	0.0	(0.7828847832764438+0j)
0.886	0.784996	0.001429361366887263	0.7864255183684723	0.0	(0.7864255183684723+0j)
0.888	0.788544	0.001430090737420475	0.7899742485975	0.0	(0.7899742485975+0j)
0.89	0.7921	0.001430815212998057	0.7935309740092792	0.0	(0.7935309740092792+0j)
0.892	0.795664	0.0014315348367863873	0.7970956946492187	0.0	(0.7970956946492187+0j)
0.894	0.7992360000000001	0.001432249651496198	0.8006684105623401	0.0	(0.8006684105623401+0j)
0.896	0.8028160000000001	0.0014329596993877015	0.804249121793336	0.0	(0.804249121793336+0j)
0.898	0.806404	0.0014336650222756748	0.8078378283866037	0.0	(0.8078378283866037+0j)
0.9	0.81	0.0014343656615344903	0.8114345303862021	0.0	(0.8114345303862021+0j)
0.902	0.813604	0.0014350616581031027	0.8150392278359124	0.0	(0.8150392278359124+0j)
0.904	0.817216	0.0014357530524899853	0.8186519207792139	0.0	(0.8186519207792139+0j)
0.906	0.820836	0.0014364398847780209	0.8222726092593516	0.0	(0.8222726092593516+0j)
0.908	0.8244640000000001	0.0014371221946293407	0.8259012933193112	0.0	(0.8259012933193112+0j)
0.91	0.8281000000000001	0.0014378000212901202	0.8295379730018716	0.0	(0.8295379730018716+0j)
0.912	0.831744	0.0014384734035953223	0.8331826483496058	0.0	(0.8331826483496058+0j)
0.914	0.835396	0.0014391423799733963	0.8368353194049124	0.0	(0.8368353194049124+0j)
0.916	0.839056	0.001439806988450926	0.840495986210037	0.0	(0.840495986210037+0j)
0.918	0.842724	0.0014404672666572323	0.8441646488071237	0.0	(0.8441646488071237+0j)
0.92	0.8464	0.0014411232518289278	0.8478413072382084	0.0	(0.8478413072382084+0j)
0.922	0.8500840000000001	0.0014417749808144224	0.8515259615453021	0.0	(0.8515259615453021+0j)
0.924	0.8537760000000001	0.0014424224900783833	0.8552186117703849	0.0	(0.8552186117703849+0j)
0.926	0.8574760000000001	0.001443065815706148	0.8589192579554885	0.0	(0.8589192579554885+0j)
0.928	0.8611840000000001	0.0014437049934080868	0.8626279001427123	0.0	(0.8626279001427123+0j)
0.93	0.8649000000000001	0.0014443400585239248	0.8663445383743223	0.0	(0.8663445383743223+0j)
0.932	0.8686240000000001	0.0014449710460270105	0.8700691726927725	0.0	(0.8700691726927725+0j)
0.934	0.8723560000000001	0.0014455979905285434	0.8738018031408123	0.0	(0.8738018031408123+0j)
0.936	0.8760960000000001	0.0014462209262817518	0.8775424297615415	0.0	(0.8775424297615415+0j)
0.9380000000000001	0.8798440000000001	0.0014468398871860272	0.8812910525985362	0.0	(0.8812910525985362+0j)
0.9400000000000001	0.8836000000000002	0.0014474549067910107	0.8850476716959459	0.0	(0.8850476716959459+0j)
0.9420000000000001	0.8873640000000002	0.0014480660183006364	0.8888122870986097	0.0	(0.8888122870986097+0j)
0.9440000000000001	0.8911360000000002	0.0014486732545771278	0.8925848988522392	0.0	(0.8925848988522392+0j)
0.9460000000000001	0.8949160000000002	0.0014492766481449507	0.8963655070035788	0.0	(0.8963655070035788+0j)
0.9480000000000001	0.8987040000000002	0.00144987623119472	0.9001541116006044	0.0	(0.9001541116006044+0j)
0.9500000000000001	0.9025000000000001	0.0014504720355870634	0.9039507126928146	0.0	(0.9039507126928146+0j)
0.9520000000000001	0.9063040000000001	0.001451064092856442	0.9077553103314954	0.0	(0.9077553103314954+0j)
0.9540000000000001	0.9101160000000001	0.0014516524342149232	0.9115679045700846	0.0	(0.9115679045700846+0j)
0.9560000000000001	0.9139360000000002	0.0014522370905559173	0.9153884954646446	0.0	(0.9153884954646446+0j)
0.9580000000000001	0.9177640000000001	0.0014528180924578626	0.9192170830743625	0.0	(0.9192170830743625+0j)
0.96	0.9216	0.0014533954701878746	0.9230536674622606	0.0	(0.9230536674622606+0j)
0.962	0.9254439999999999	0.0014539692537053504	0.9268982486960234	0.0	(0.9268982486960234+0j)
0.964	0.9292959999999999	0.00145453947266553	0.9307508268490212	0.0	(0.9307508268490212+0j)
0.966	0.933156	0.001455106156423017	0.934611402001737	0.0	(0.934611402001737+0j)
0.968	0.937024	0.0014556693340352586	0.9384799742434227	0.0	(0.9384799742434227+0j)
0.97	0.9409	0.0014562290342659849	0.9423565436744819	0.0	(0.9423565436744819+0j)
0.972	0.944784	0.0014567852855886028	0.9462411104094941	0.0	(0.9462411104094941+0j)
0.974	0.948676	0.001457338116189559	0.9501336745813667	0.0	(0.9501336745813667+0j)
0.976	0.952576	0.0014578875539716523	0.9540342363471144	0.0	(0.9540342363471144+0j)
0.978	0.956484	0.0014584336265573159	0.957942795896023	0.0	(0.957942795896023+0j)
0.98	0.9603999999999999	0.0014589763612918533	0.9618593534615071	0.0	(0.9618593534615071+0j)
0.982	0.964324	0.0014595157852466396	0.9657839093389025	0.0	(0.9657839093389025+0j)
0.984	0.968256	0.0014600519252222837	0.9697164639132004	0.0	(0.9697164639132004+0j)
0.986	0.972196	0.0014605848077517507	0.9736570177040018	0.0	(0.9736570177040018+0j)
0.988	0.976144	0.0014611144591034485	0.9776055714426122	0.0	(0.9776055714426122+0j)
0.99	0.9801	0.0014616409052842767	0.9815621262132317	0.0	(0.9815621262132317+0j)
0.992	0.9840639999999999	0.0014621641720426373	0.9855266837349801	0.0	(0.9855266837349801+0j)
0.994	0.988036	0.0014626842848714113	0.989499246995274	0.0	(0.989499246995274+0j)
0.996	0.992016	0.0014632012690108957	0.9934798219336288	0.0	(0.9934798219336288+0j)
0.998	0.996004	0.0014637151494517088	0.9974684233043727	0.0	(0.9974684233043727+0j)
1.0	1.0	0.0014642259509376559	1.001465109441344	0.0	(1.001465109441344+0j)
