-1.0170e+00
-1.0103e+00
-1.0035e+00
-9.9681e-01
-9.9012e-01
-9.8346e-01
-9.7682e-01
-9.7020e-01
-9.6360e-01
-9.5703e-01
-9.5048e-01
-9.4395e-01
-9.3744e-01
-9.3096e-01
-9.2450e-01
-9.1806e-01
-9.1164e-01
-9.0525e-01
-8.9888e-01
-8.9253e-01
-8.8620e-01
-8.7990e-01
-8.7362e-01
-8.6736e-01
-8.6112e-01
-8.5490e-01
-8.4871e-01
-8.4254e-01
-8.3639e-01
-8.3027e-01
-8.2416e-01
-8.1808e-01
-8.1202e-01
-8.0599e-01
-7.9998e-01
-7.9398e-01
-7.8802e-01
-7.8207e-01
-7.7615e-01
-7.7024e-01
-7.6436e-01
-7.5851e-01
-7.5267e-01
-7.4686e-01
-7.4107e-01
-7.3531e-01
-7.2956e-01
-7.2384e-01
-7.1814e-01
-7.1246e-01
-7.0681e-01
-7.0117e-01
-6.9556e-01
-6.8998e-01
-6.8441e-01
-6.7887e-01
-6.7335e-01
-6.6785e-01
-6.6237e-01
-6.5692e-01
-6.5149e-01
-6.4608e-01
-6.4069e-01
-6.3533e-01
-6.2999e-01
-6.2467e-01
-6.1937e-01
-6.1410e-01
-6.0885e-01
-6.0362e-01
-5.9841e-01
-5.9323e-01
-5.8807e-01
-5.8293e-01
-5.7781e-01
-5.7272e-01
-5.6765e-01
-5.6260e-01
-5.5757e-01
-5.5257e-01
-5.4759e-01
-5.4263e-01
-5.3769e-01
-5.3277e-01
-5.2788e-01
-5.2301e-01
-5.1817e-01
-5.1334e-01
-5.0854e-01
-5.0376e-01
-4.9900e-01
-4.9427e-01
-4.8956e-01
-4.8487e-01
-4.8020e-01
-4.7555e-01
-4.7093e-01
-4.6633e-01
-4.6175e-01
-4.5720e-01
-4.5267e-01
-4.4816e-01
-4.4367e-01
-4.3920e-01
-4.3476e-01
-4.3034e-01
-4.2595e-01
-4.2157e-01
-4.1722e-01
-4.1289e-01
-4.0858e-01
-4.0430e-01
-4.0003e-01
-3.9579e-01
-3.9158e-01
-3.8738e-01
-3.8321e-01
-3.7906e-01
-3.7493e-01
-3.7083e-01
-3.6675e-01
-3.6269e-01
-3.5865e-01
-3.5463e-01
-3.5064e-01
-3.4667e-01
-3.4273e-01
-3.3880e-01
-3.3490e-01
-3.3102e-01
-3.2716e-01
-3.2333e-01
-3.1952e-01
-3.1573e-01
-3.1196e-01
-3.0822e-01
-3.0449e-01
-3.0080e-01
-2.9712e-01
-2.9347e-01
-2.8983e-01
-2.8622e-01
-2.8264e-01
-2.7907e-01
-2.7553e-01
-2.7201e-01
-2.6852e-01
-2.6504e-01
-2.6159e-01
-2.5817e-01
-2.5476e-01
-2.5138e-01
-2.4802e-01
-2.4468e-01
-2.4136e-01
-2.3807e-01
-2.3480e-01
-2.3155e-01
-2.2832e-01
-2.2512e-01
-2.2194e-01
-2.1878e-01
-2.1565e-01
-2.1254e-01
-2.0945e-01
-2.0638e-01
-2.0334e-01
-2.0031e-01
-1.9731e-01
-1.9434e-01
-1.9138e-01
-1.8845e-01
-1.8554e-01
-1.8265e-01
-1.7979e-01
-1.7695e-01
-1.7413e-01
-1.7133e-01
-1.6856e-01
-1.6581e-01
-1.6308e-01
-1.6038e-01
-1.5769e-01
-1.5503e-01
-1.5239e-01
-1.4978e-01
-1.4719e-01
-1.4462e-01
-1.4207e-01
-1.3954e-01
-1.3704e-01
-1.3456e-01
-1.3210e-01
-1.2967e-01
-1.2726e-01
-1.2487e-01
-1.2250e-01
-1.2016e-01
-1.1784e-01
-1.1554e-01
-1.1326e-01
-1.1101e-01
-1.0878e-01
-1.0657e-01
-1.0438e-01
-1.0222e-01
-1.0008e-01
-9.7964e-02
-9.5869e-02
-9.3796e-02
-9.1746e-02
-8.9719e-02
-8.7715e-02
-8.5733e-02
-8.3774e-02
-8.1837e-02
-7.9923e-02
-7.8031e-02
-7.6163e-02
-7.4317e-02
-7.2493e-02
-7.0692e-02
-6.8914e-02
-6.7159e-02
-6.5426e-02
-6.3715e-02
-6.2028e-02
-6.0363e-02
-5.8721e-02
-5.7101e-02
-5.5504e-02
-5.3929e-02
-5.2378e-02
-5.0849e-02
-4.9342e-02
-4.7858e-02
-4.6397e-02
-4.4959e-02
-4.3543e-02
-4.2150e-02
-4.0779e-02
-3.9431e-02
-3.8106e-02
-3.6803e-02
-3.5523e-02
-3.4266e-02
-3.3031e-02
-3.1819e-02
-3.0630e-02
-2.9463e-02
-2.8319e-02
-2.7198e-02
-2.6099e-02
-2.5023e-02
-2.3969e-02
-2.2938e-02
-2.1930e-02
-2.0945e-02
-1.9982e-02
-1.9042e-02
-1.8124e-02
-1.7229e-02
-1.6357e-02
-1.5508e-02
-1.4681e-02
-1.3876e-02
-1.3095e-02
-1.2336e-02
-1.1600e-02
-1.0886e-02
-1.0195e-02
-9.5266e-03
-8.8809e-03
-8.2579e-03
-7.6575e-03
-7.0798e-03
-6.5247e-03
-5.9923e-03
-5.4826e-03
-4.9955e-03
-4.5311e-03
-4.0893e-03
-3.6702e-03
-3.2737e-03
-2.8999e-03
-2.5487e-03
-2.2202e-03
-1.9144e-03
-1.6312e-03
-1.3706e-03
-1.1328e-03
-9.1753e-04
-7.2496e-04
-5.5505e-04
-4.0779e-04
-2.8319e-04
-1.8124e-04
-1.0195e-04
-4.5310e-05
-1.1328e-05
1.1328e-05
4.5310e-05
1.0195e-04
1.8124e-04
2.8319e-04
4.0779e-04
5.5505e-04
7.2496e-04
9.1753e-04
1.1328e-03
1.3706e-03
1.6312e-03
1.9144e-03
2.2202e-03
2.5487e-03
2.8999e-03
3.2737e-03
3.6702e-03
4.0893e-03
4.5311e-03
4.9955e-03
5.4826e-03
5.9923e-03
6.5247e-03
7.0798e-03
7.6575e-03
8.2579e-03
8.8809e-03
9.5266e-03
1.0195e-02
1.0886e-02
1.1600e-02
1.2336e-02
1.3095e-02
1.3876e-02
1.4681e-02
1.5508e-02
1.6357e-02
1.7229e-02
1.8124e-02
1.9042e-02
1.9982e-02
2.0945e-02
2.1930e-02
2.2938e-02
2.3969e-02
2.5023e-02
2.6099e-02
2.7198e-02
2.8319e-02
2.9463e-02
3.0630e-02
3.1819e-02
3.3031e-02
3.4266e-02
3.5523e-02
3.6803e-02
3.8106e-02
3.9431e-02
4.0779e-02
4.2150e-02
4.3543e-02
4.4959e-02
4.6397e-02
4.7858e-02
4.9342e-02
5.0849e-02
5.2378e-02
5.3929e-02
5.5504e-02
5.7101e-02
5.8721e-02
6.0363e-02
6.2028e-02
6.3715e-02
6.5426e-02
6.7159e-02
6.8914e-02
7.0692e-02
7.2493e-02
7.4317e-02
7.6163e-02
7.8031e-02
7.9923e-02
8.1837e-02
8.3774e-02
8.5733e-02
8.7715e-02
8.9719e-02
9.1746e-02
9.3796e-02
9.5869e-02
9.7964e-02
1.0008e-01
1.0222e-01
1.0438e-01
1.0657e-01
1.0878e-01
1.1101e-01
1.1326e-01
1.1554e-01
1.1784e-01
1.2016e-01
1.2250e-01
1.2487e-01
1.2726e-01
1.2967e-01
1.3210e-01
1.3456e-01
1.3704e-01
1.3954e-01
1.4207e-01
1.4462e-01
1.4719e-01
1.4978e-01
1.5239e-01
1.5503e-01
1.5769e-01
1.6038e-01
1.6308e-01
1.6581e-01
1.6856e-01
1.7133e-01
1.7413e-01
1.7695e-01
1.7979e-01
1.8265e-01
1.8554e-01
1.8845e-01
1.9138e-01
1.9434e-01
1.9731e-01
2.0031e-01
2.0334e-01
2.0638e-01
2.0945e-01
2.1254e-01
2.1565e-01
2.1878e-01
2.2194e-01
2.2512e-01
2.2832e-01
2.3155e-01
2.3480e-01
2.3807e-01
2.4136e-01
2.4468e-01
2.4802e-01
2.5138e-01
2.5476e-01
2.5817e-01
2.6159e-01
2.6504e-01
2.6852e-01
2.7201e-01
2.7553e-01
2.7907e-01
2.8264e-01
2.8622e-01
2.8983e-01
2.9347e-01
2.9712e-01
3.0080e-01
3.0449e-01
3.0822e-01
3.1196e-01
3.1573e-01
3.1952e-01
3.2333e-01
3.2716e-01
3.3102e-01
3.3490e-01
3.3880e-01
3.4273e-01
3.4667e-01
3.5064e-01
3.5463e-01
3.5865e-01
3.6269e-01
3.6675e-01
3.7083e-01
3.7493e-01
3.7906e-01
3.8321e-01
3.8738e-01
3.9158e-01
3.9579e-01
4.0003e-01
4.0430e-01
4.0858e-01
4.1289e-01
4.1722e-01
4.2157e-01
4.2595e-01
4.3034e-01
4.3476e-01
4.3920e-01
4.4367e-01
4.4816e-01
4.5267e-01
4.5720e-01
4.6175e-01
4.6633e-01
4.7093e-01
4.7555e-01
4.8020e-01
4.8487e-01
4.8956e-01
4.9427e-01
4.9900e-01
5.0376e-01
5.0854e-01
5.1334e-01
5.1817e-01
5.2301e-01
5.2788e-01
5.3277e-01
5.3769e-01
5.4263e-01
5.4759e-01
5.5257e-01
5.5757e-01
5.6260e-01
5.6765e-01
5.7272e-01
5.7781e-01
5.8293e-01
5.8807e-01
5.9323e-01
5.9841e-01
6.0362e-01
6.0885e-01
6.1410e-01
6.1937e-01
6.2467e-01
6.2999e-01
6.3533e-01
6.4069e-01
6.4608e-01
6.5149e-01
6.5692e-01
6.6237e-01
6.6785e-01
6.7335e-01
6.7887e-01
6.8441e-01
6.8998e-01
6.9556e-01
7.0117e-01
7.0681e-01
7.1246e-01
7.1814e-01
7.2384e-01
7.2956e-01
7.3531e-01
7.4107e-01
7.4686e-01
7.5267e-01
7.5851e-01
7.6436e-01
7.7024e-01
7.7615e-01
7.8207e-01
7.8802e-01
7.9398e-01
7.9998e-01
8.0599e-01
8.1202e-01
8.1808e-01
8.2416e-01
8.3027e-01
8.3639e-01
8.4254e-01
8.4871e-01
8.5490e-01
8.6112e-01
8.6736e-01
8.7362e-01
8.7990e-01
8.8620e-01
8.9253e-01
8.9888e-01
9.0525e-01
9.1164e-01
9.1806e-01
9.2450e-01
9.3096e-01
9.3744e-01
9.4395e-01
9.5048e-01
9.5703e-01
9.6360e-01
9.7020e-01
9.7682e-01
9.8346e-01
9.9012e-01
9.9681e-01
1.0035e+00
1.0103e+00
1.0170e+00
