-1.0	-1.0	-0.0005856903803750623	-1.0005858489718098	0.0	(-1.0005858489718098+0j)
-0.9975	-0.9950062500000001	-0.0005854347875823551	-0.9955918096722138	0.0	(-0.9955918096722138+0j)
-0.995	-0.990025	-0.0005851772665838331	-0.9906102854888945	0.0	(-0.9906102854888945+0j)
-0.9925	-0.9850562500000001	-0.0005849177979761946	-0.9856412650401146	0.0	(-0.9856412650401146+0j)
-0.99	-0.9801	-0.0005846563621137107	-0.9806847454604141	0.0	(-0.9806847454604141+0j)
-0.9875	-0.9751562500000001	-0.0005843929391046988	-0.975740725592426	0.0	(-0.975740725592426+0j)
-0.985	-0.970225	-0.0005841275088079397	-0.9708092048481882	0.0	(-0.9708092048481882+0j)
-0.9825	-0.96530625	-0.0005838600508290405	-0.9658901828835114	0.0	(-0.9658901828835114+0j)
-0.98	-0.9603999999999999	-0.0005835905445167413	-0.9609836594758253	0.0	(-0.9609836594758253+0j)
-0.9775	-0.9555062500000001	-0.0005833189689591654	-0.9560896344699452	0.0	(-0.9560896344699452+0j)
-0.975	-0.9506249999999999	-0.0005830453029800114	-0.9512081077509369	0.0	(-0.9512081077509369+0j)
-0.9725	-0.9457562500000001	-0.000582769525134689	-0.9463390792293527	0.0	(-0.9463390792293527+0j)
-0.97	-0.9409	-0.000582491613706394	-0.9414825488325997	0.0	(-0.9414825488325997+0j)
-0.9675	-0.93605625	-0.0005822115467021244	-0.9366385164996559	0.0	(-0.9366385164996559+0j)
-0.965	-0.931225	-0.0005819293018486381	-0.9318069821776463	0.0	(-0.9318069821776463+0j)
-0.9625	-0.9264062500000001	-0.0005816448565883467	-0.9269879458196153	0.0	(-0.9269879458196153+0j)
-0.96	-0.9216	-0.0005813581880751499	-0.9221814073829251	0.0	(-0.9221814073829251+0j)
-0.9575	-0.91680625	-0.0005810692731702071	-0.9173873668281696	0.0	(-0.9173873668281696+0j)
-0.9550000000000001	-0.9120250000000001	-0.0005807780884376459	-0.9126058241183924	0.0	(-0.9126058241183924+0j)
-0.9525	-0.90725625	-0.0005804846101402071	-0.9078367792184849	0.0	(-0.9078367792184849+0j)
-0.9500000000000001	-0.9025000000000001	-0.0005801888142348254	-0.9030802320947551	0.0	(-0.9030802320947551+0j)
-0.9475	-0.89775625	-0.0005798906763681454	-0.8983361827145845	0.0	(-0.8983361827145845+0j)
-0.9450000000000001	-0.8930250000000001	-0.000579590171871972	-0.8936046310461747	0.0	(-0.8936046310461747+0j)
-0.9425	-0.88830625	-0.0005792872757586546	-0.8888855770583421	0.0	(-0.8888855770583421+0j)
-0.9400000000000001	-0.8836000000000002	-0.0005789819627164043	-0.8841790207203527	0.0	(-0.8841790207203527+0j)
-0.9375	-0.87890625	-0.0005786742071045444	-0.8794849620017879	0.0	(-0.8794849620017879+0j)
-0.935	-0.8742250000000001	-0.0005783639829486925	-0.8748034008724466	0.0	(-0.8748034008724466+0j)
-0.9325	-0.86955625	-0.0005780512639358748	-0.8701343373022542	0.0	(-0.8701343373022542+0j)
-0.93	-0.8649000000000001	-0.0005777360234095699	-0.8654777712611798	0.0	(-0.8654777712611798+0j)
-0.9275	-0.86025625	-0.0005774182343646852	-0.8608337027191932	0.0	(-0.8608337027191932+0j)
-0.925	-0.8556250000000001	-0.0005770978694424619	-0.8562021316462076	0.0	(-0.8562021316462076+0j)
-0.9225	-0.85100625	-0.0005767749009253096	-0.8515830580120172	0.0	(-0.8515830580120172+0j)
-0.92	-0.8464	-0.0005764493007315712	-0.8469764817862926	0.0	(-0.8469764817862926+0j)
-0.9175	-0.84180625	-0.0005761210404102147	-0.8423824029385171	0.0	(-0.8423824029385171+0j)
-0.915	-0.8372250000000001	-0.0005757900911354558	-0.8378008214379826	0.0	(-0.8378008214379826+0j)
-0.9125	-0.83265625	-0.0005754564237013054	-0.8332317372537346	0.0	(-0.8332317372537346+0j)
-0.91	-0.8281000000000001	-0.0005751200085160481	-0.8286751503545793	0.0	(-0.8286751503545793+0j)
-0.9075	-0.82355625	-0.0005747808155966456	-0.82413106070904	0.0	(-0.82413106070904+0j)
-0.905	-0.819025	-0.0005744388145630684	-0.8195994682853658	0.0	(-0.8195994682853658+0j)
-0.9025	-0.81450625	-0.0005740939746325548	-0.8150803730514857	0.0	(-0.8150803730514857+0j)
-0.9	-0.81	-0.0005737462646137961	-0.8105737749750092	0.0	(-0.8105737749750092+0j)
-0.8975	-0.80550625	-0.0005733956529010489	-0.8060796740232061	0.0	(-0.8060796740232061+0j)
-0.895	-0.801025	-0.0005730421074681735	-0.8015980701629971	0.0	(-0.8015980701629971+0j)
-0.8925000000000001	-0.7965562500000001	-0.0005726855958626007	-0.7971289633609493	0.0	(-0.7971289633609493+0j)
-0.89	-0.7921	-0.0005723260851992227	-0.7926723535832395	0.0	(-0.7926723535832395+0j)
-0.8875000000000001	-0.7876562500000002	-0.0005719635421542138	-0.7882282407956582	0.0	(-0.7882282407956582+0j)
-0.885	-0.7832250000000001	-0.0005715979329587754	-0.7837966249636177	0.0	(-0.7837966249636177+0j)
-0.8825000000000001	-0.7788062500000001	-0.0005712292233928105	-0.7793775060521063	0.0	(-0.7793775060521063+0j)
-0.88	-0.7744	-0.0005708573787785234	-0.7749708840256916	0.0	(-0.7749708840256916+0j)
-0.8775000000000001	-0.7700062500000001	-0.0005704823639739503	-0.770576758848537	0.0	(-0.770576758848537+0j)
-0.875	-0.765625	-0.0005701041433664146	-0.7661951304843528	0.0	(-0.7661951304843528+0j)
-0.8725	-0.7612562500000001	-0.000569722680865914	-0.7618259988964047	0.0	(-0.7618259988964047+0j)
-0.87	-0.7569	-0.0005693379398984354	-0.7574693640475114	0.0	(-0.7574693640475114+0j)
-0.8675	-0.75255625	-0.0005689498833991999	-0.7531252259000187	0.0	(-0.7531252259000187+0j)
-0.865	-0.748225	-0.0005685584738058392	-0.7487935844158192	0.0	(-0.7487935844158192+0j)
-0.8625	-0.7439062500000001	-0.0005681636730515028	-0.7444744395563103	0.0	(-0.7444744395563103+0j)
-0.86	-0.7395999999999999	-0.0005677654425578977	-0.7401677912824035	0.0	(-0.7401677912824035+0j)
-0.8575	-0.73530625	-0.0005673637432282626	-0.7358736395545239	0.0	(-0.7358736395545239+0j)
-0.855	-0.7310249999999999	-0.0005669585354402749	-0.7315919843325753	0.0	(-0.7315919843325753+0j)
-0.8525	-0.7267562500000001	-0.000566549779038895	-0.727322825575966	0.0	(-0.727322825575966+0j)
-0.85	-0.7224999999999999	-0.0005661374333291466	-0.7230661632435706	0.0	(-0.7230661632435706+0j)
-0.8475	-0.71825625	-0.000565721457068836	-0.7188219972937511	0.0	(-0.7188219972937511+0j)
-0.845	-0.7140249999999999	-0.0005653018084612112	-0.714590327684313	0.0	(-0.714590327684313+0j)
-0.8425	-0.7098062500000001	-0.0005648784451475626	-0.7103711543725227	0.0	(-0.7103711543725227+0j)
-0.84	-0.7055999999999999	-0.000564451324199767	-0.7061644773150937	0.0	(-0.7061644773150937+0j)
-0.8375	-0.70140625	-0.0005640204021127767	-0.7019702964681895	0.0	(-0.7019702964681895+0j)
-0.835	-0.697225	-0.0005635856347970566	-0.6977886117873762	0.0	(-0.6977886117873762+0j)
-0.8325	-0.69305625	-0.0005631469775709697	-0.6936194232276821	0.0	(-0.6936194232276821+0j)
-0.8300000000000001	-0.6889000000000001	-0.0005627043851531146	-0.6894627307435114	0.0	(-0.6894627307435114+0j)
-0.8275	-0.6847562500000001	-0.0005622578116546176	-0.6853185342886899	0.0	(-0.6853185342886899+0j)
-0.8250000000000001	-0.6806250000000001	-0.0005618072105713811	-0.6811868338164468	0.0	(-0.6811868338164468+0j)
-0.8225	-0.67650625	-0.0005613525347762907	-0.6770676292793917	0.0	(-0.6770676292793917+0j)
-0.8200000000000001	-0.6724000000000001	-0.0005608937365113868	-0.6729609206295193	0.0	(-0.6729609206295193+0j)
-0.8175	-0.66830625	-0.0005604307673799984	-0.6688667078181885	0.0	(-0.6688667078181885+0j)
-0.8150000000000001	-0.6642250000000001	-0.0005599635783388478	-0.6647849907961456	0.0	(-0.6647849907961456+0j)
-0.8125	-0.66015625	-0.0005594921196901262	-0.660715769513461	0.0	(-0.660715769513461+0j)
-0.81	-0.6561000000000001	-0.000559016341073546	-0.6566590439195853	0.0	(-0.6566590439195853+0j)
-0.8075	-0.65205625	-0.0005585361914583698	-0.652614813963295	0.0	(-0.652614813963295+0j)
-0.805	-0.6480250000000001	-0.0005580516191354251	-0.6485830795926842	0.0	(-0.6485830795926842+0j)
-0.8025	-0.64400625	-0.0005575625717091049	-0.6445638407551977	0.0	(-0.6445638407551977+0j)
-0.8	-0.6400000000000001	-0.0005570689960893604	-0.6405570973975845	0.0	(-0.6405570973975845+0j)
-0.7975	-0.63600625	-0.0005565708384836889	-0.6365628494658806	0.0	(-0.6365628494658806+0j)
-0.795	-0.6320250000000001	-0.0005560680443891237	-0.6325810969054468	0.0	(-0.6325810969054468+0j)
-0.7925	-0.62805625	-0.0005555605585842292	-0.628611839660946	0.0	(-0.628611839660946+0j)
-0.79	-0.6241000000000001	-0.0005550483251211056	-0.6246550776762757	0.0	(-0.6246550776762757+0j)
-0.7875	-0.62015625	-0.0005545312873174128	-0.6207108108946426	0.0	(-0.6207108108946426+0j)
-0.785	-0.616225	-0.0005540093877484122	-0.6167790392585162	0.0	(-0.6167790392585162+0j)
-0.7825	-0.6123062499999999	-0.0005534825682390398	-0.6128597627096106	0.0	(-0.6128597627096106+0j)
-0.78	-0.6084	-0.0005529507698560107	-0.6089529811889183	0.0	(-0.6089529811889183+0j)
-0.7775	-0.6045062499999999	-0.0005524139328999645	-0.6050586946366352	0.0	(-0.6050586946366352+0j)
-0.775	-0.6006250000000001	-0.0005518719968976567	-0.6011769029922109	0.0	(-0.6011769029922109+0j)
-0.7725	-0.59675625	-0.0005513249005942042	-0.5973076061943219	0.0	(-0.5973076061943219+0j)
-0.77	-0.5929	-0.000550772581945391	-0.5934508041808635	0.0	(-0.5934508041808635+0j)
-0.7675000000000001	-0.5890562500000001	-0.0005502149781100408	-0.5896064968889303	0.0	(-0.5896064968889303+0j)
-0.765	-0.585225	-0.000549652025442466	-0.5857746842548277	0.0	(-0.5857746842548277+0j)
-0.7625000000000001	-0.5814062500000001	-0.0005490836594850005	-0.58195536621405	0.0	(-0.58195536621405+0j)
-0.76	-0.5776	-0.0005485098149606208	-0.5781485427012858	0.0	(-0.5781485427012858+0j)
-0.7575000000000001	-0.5738062500000001	-0.000547930425765671	-0.5743542136503939	0.0	(-0.5743542136503939+0j)
-0.755	-0.570025	-0.0005473454249626933	-0.5705723789944119	0.0	(-0.5705723789944119+0j)
-0.7525000000000001	-0.5662562500000001	-0.0005467547447733771	-0.5668030386655549	0.0	(-0.5668030386655549+0j)
-0.75	-0.5625	-0.000546158316571635	-0.5630461925951658	0.0	(-0.5630461925951658+0j)
-0.7475	-0.5587562500000001	-0.0005455560708768147	-0.5593018407137582	0.0	(-0.5593018407137582+0j)
-0.745	-0.555025	-0.0005449479373470576	-0.5555699829509864	0.0	(-0.5555699829509864+0j)
-0.7425	-0.5513062500000001	-0.0005443338447728134	-0.5518506192356518	0.0	(-0.5518506192356518+0j)
-0.74	-0.5476	-0.0005437137210705223	-0.5481437494956692	0.0	(-0.5481437494956692+0j)
-0.7375	-0.54390625	-0.0005430874932764749	-0.5444493736580981	0.0	(-0.5444493736580981+0j)
-0.735	-0.540225	-0.0005424550875408601	-0.5407674916490818	0.0	(-0.5407674916490818+0j)
-0.7325	-0.5365562500000001	-0.0005418164291220157	-0.5370981033939235	0.0	(-0.5370981033939235+0j)
-0.73	-0.5328999999999999	-0.0005411714423808879	-0.5334412088169996	0.0	(-0.5334412088169996+0j)
-0.7275	-0.5292562500000001	-0.000540520050775719	-0.5297968078417974	0.0	(-0.5297968078417974+0j)
-0.725	-0.525625	-0.0005398621768569682	-0.5261649003909152	0.0	(-0.5261649003909152+0j)
-0.7225	-0.52200625	-0.0005391977422624851	-0.5225454863860163	0.0	(-0.5225454863860163+0j)
-0.72	-0.5184	-0.0005385266677129432	-0.5189385657478702	0.0	(-0.5189385657478702+0j)
-0.7175	-0.51480625	-0.000537848873007552	-0.51534413839633	0.0	(-0.51534413839633+0j)
-0.715	-0.5112249999999999	-0.0005371642770200567	-0.511762204250311	0.0	(-0.511762204250311+0j)
-0.7125	-0.50765625	-0.0005364727976950437	-0.5081927632278159	0.0	(-0.5081927632278159+0j)
-0.71	-0.5041	-0.0005357743520445628	-0.5046358152459194	0.0	(-0.5046358152459194+0j)
-0.7075	-0.50055625	-0.000535068856145085	-0.5010913602207557	0.0	(-0.5010913602207557+0j)
-0.705	-0.49702499999999994	-0.000534356225134806	-0.4975593980675343	0.0	(-0.4975593980675343+0j)
-0.7025	-0.49350625000000004	-0.0005336363732113152	-0.4940399287005267	0.0	(-0.4940399287005267+0j)
-0.7000000000000001	-0.4900000000000001	-0.0005329092136296437	-0.4905329520330521	0.0	(-0.4905329520330521+0j)
-0.6975	-0.48650625000000003	-0.0005321746587007082	-0.48703846797750394	0.0	(-0.48703846797750394+0j)
-0.6950000000000001	-0.4830250000000001	-0.0005314326197901661	-0.4835564764453329	0.0	(-0.4835564764453329+0j)
-0.6925	-0.47955625	-0.0005306830073177019	-0.48008697734703143	0.0	(-0.48008697734703143+0j)
-0.6900000000000001	-0.4761000000000001	-0.0005299257307567561	-0.476629970592166	0.0	(-0.476629970592166+0j)
-0.6875	-0.47265625	-0.0005291606986347209	-0.4731854560893637	0.0	(-0.4731854560893637+0j)
-0.685	-0.46922500000000006	-0.0005283878185336152	-0.46975343374628176	0.0	(-0.46975343374628176+0j)
-0.6825	-0.46580625	-0.0005276069970912588	-0.4663339034696663	0.0	(-0.4663339034696663+0j)
-0.68	-0.4624000000000001	-0.0005268181400029652	-0.4629268651653073	0.0	(-0.4629268651653073+0j)
-0.6775	-0.45900625	-0.0005260211520237704	-0.45953231873806494	0.0	(-0.45953231873806494+0j)
-0.675	-0.45562500000000006	-0.000525215936971216	-0.45615026409185877	0.0	(-0.45615026409185877+0j)
-0.6725	-0.45225624999999997	-0.0005244023977287078	-0.4527807011296867	0.0	(-0.4527807011296867+0j)
-0.67	-0.4489000000000001	-0.0005235804362494688	-0.44942362975360856	0.0	(-0.44942362975360856+0j)
-0.6675	-0.44555625	-0.0005227499535611044	-0.44607904986476504	0.0	(-0.44607904986476504+0j)
-0.665	-0.44222500000000003	-0.0005219108497708035	-0.4427469613633836	0.0	(-0.4427469613633836+0j)
-0.6625	-0.43890625	-0.0005210630240711925	-0.4394273641487736	0.0	(-0.4394273641487736+0j)
-0.66	-0.43560000000000004	-0.0005202063747468647	-0.43612025811934585	0.0	(-0.43612025811934585+0j)
-0.6575	-0.43230624999999995	-0.0005193407991816057	-0.43282564317260375	0.0	(-0.43282564317260375+0j)
-0.655	-0.42902500000000005	-0.0005184661938663355	-0.42954351920517203	0.0	(-0.42954351920517203+0j)
-0.6525	-0.42575624999999995	-0.0005175824544077878	-0.4262738861127822	0.0	(-0.4262738861127822+0j)
-0.65	-0.42250000000000004	-0.0005166894755379505	-0.4230167437903038	0.0	(-0.4230167437903038+0j)
-0.6475	-0.41925624999999994	-0.0005157871511242853	-0.4197720921317416	0.0	(-0.4197720921317416+0j)
-0.645	-0.41602500000000003	-0.0005148753741807528	-0.41653993103024506	0.0	(-0.41653993103024506+0j)
-0.6425	-0.41280624999999993	-0.0005139540368796604	-0.41332026037812925	0.0	(-0.41332026037812925+0j)
-0.64	-0.4096	-0.0005130230305643588	-0.4101130800668866	0.0	(-0.4101130800668866+0j)
-0.6375000000000001	-0.4064062500000001	-0.0005120822457628076	-0.4069183899871838	0.0	(-0.4069183899871838+0j)
-0.635	-0.403225	-0.0005111315722020323	-0.4037361900289005	0.0	(-0.4037361900289005+0j)
-0.6325000000000001	-0.40005625000000006	-0.0005101708988234972	-0.40056648008113205	0.0	(-0.40056648008113205+0j)
-0.63	-0.39690000000000003	-0.0005092001137994121	-0.39740926003220695	0.0	(-0.39740926003220695+0j)
-0.6275000000000001	-0.3937562500000001	-0.0005082191045500028	-0.39426452976970366	0.0	(-0.39426452976970366+0j)
-0.625	-0.390625	-0.0005072277577617602	-0.3911322891804625	0.0	(-0.3911322891804625+0j)
-0.6225	-0.38750625000000005	-0.0005062259594066954	-0.38801253815063025	0.0	(-0.38801253815063025+0j)
-0.62	-0.3844	-0.0005052135947626232	-0.3849052765656409	0.0	(-0.3849052765656409+0j)
-0.6175	-0.38130625000000007	-0.0005041905484344942	-0.3818105043102712	0.0	(-0.3818105043102712+0j)
-0.615	-0.378225	-0.0005031567043768006	-0.3787282212686487	0.0	(-0.3787282212686487+0j)
-0.6125	-0.3751562500000001	-0.0005021119459170774	-0.37565842732428	0.0	(-0.37565842732428+0j)
-0.61	-0.3721	-0.0005010561557805187	-0.37260112236005766	0.0	(-0.37260112236005766+0j)
-0.6075	-0.36905625000000003	-0.0004999892161157382	-0.3695563062583168	0.0	(-0.3695563062583168+0j)
-0.605	-0.366025	-0.0004989110085216874	-0.3665239789008386	0.0	(-0.3665239789008386+0j)
-0.6025	-0.36300625000000003	-0.0004978214140757593	-0.3635041401688873	0.0	(-0.3635041401688873+0j)
-0.6	-0.36	-0.0004967203133630984	-0.3604967899432311	0.0	(-0.3604967899432311+0j)
-0.5975	-0.35700625	-0.0004956075865071361	-0.3575019281041919	0.0	(-0.3575019281041919+0j)
-0.595	-0.354025	-0.0004944831132013753	-0.3545195545316562	0.0	(-0.3545195545316562+0j)
-0.5925	-0.35105625	-0.0004933467727424433	-0.3515496691051147	0.0	(-0.3515496691051147+0j)
-0.59	-0.34809999999999997	-0.000492198444064435	-0.34859227170370494	0.0	(-0.34859227170370494+0j)
-0.5875	-0.34515625000000005	-0.0004910380057745648	-0.3456473622062373	0.0	(-0.3456473622062373+0j)
-0.585	-0.34222499999999995	-0.0004898653361901489	-0.342714940491236	0.0	(-0.342714940491236+0j)
-0.5825	-0.33930625000000003	-0.0004886803133769363	-0.3397950064369725	0.0	(-0.3397950064369725+0j)
-0.58	-0.3364	-0.00048748281518880705	-0.3368875599215167	0.0	(-0.3368875599215167+0j)
-0.5775	-0.33350625	-0.0004862727193088562	-0.33399260082276605	0.0	(-0.33399260082276605+0j)
-0.5750000000000001	-0.33062500000000006	-0.0004850499032918829	-0.33111012901849446	0.0	(-0.33111012901849446+0j)
-0.5725	-0.32775625	-0.0004838142446082991	-0.3282401443863947	0.0	(-0.3282401443863947+0j)
-0.5700000000000001	-0.3249000000000001	-0.00048256562068947753	-0.3253826468041183	0.0	(-0.3253826468041183+0j)
-0.5675	-0.32205625	-0.0004813039089745512	-0.3225376361493405	0.0	(-0.3225376361493405+0j)
-0.5650000000000001	-0.3192250000000001	-0.00048002898695868445	-0.31970511229978166	0.0	(-0.31970511229978166+0j)
-0.5625	-0.31640625	-0.0004787407322428249	-0.3168850751332753	0.0	(-0.3168850751332753+0j)
-0.56	-0.31360000000000005	-0.00047743902258495465	-0.31407752452782023	0.0	(-0.31407752452782023+0j)
-0.5575	-0.31080625	-0.0004761237359528507	-0.3112824603616291	0.0	(-0.3112824603616291+0j)
-0.555	-0.30802500000000005	-0.00047479475057836786	-0.3084998825131712	0.0	(-0.3084998825131712+0j)
-0.5525	-0.30525625	-0.00047345194501325526	-0.3057297908612449	0.0	(-0.3057297908612449+0j)
-0.55	-0.30250000000000005	-0.00047209519818651674	-0.30297218528503855	0.0	(-0.30297218528503855+0j)
-0.5475	-0.29975625	-0.00047072438946332433	-0.3002270656641631	0.0	(-0.3002270656641631+0j)
-0.545	-0.29702500000000004	-0.00046933939870549314	-0.29749443187873365	0.0	(-0.29749443187873365+0j)
-0.5425	-0.29430625	-0.00046794010633352485	-0.29477428380944454	0.0	(-0.29477428380944454+0j)
-0.54	-0.2916	-0.00046652639339022625	-0.2920666213375907	0.0	(-0.2920666213375907+0j)
-0.5375	-0.28890625	-0.0004650981416059071	-0.2893714443451778	0.0	(-0.2893714443451778+0j)
-0.535	-0.286225	-0.0004636552334651627	-0.2866887527149573	0.0	(-0.2866887527149573+0j)
-0.5325	-0.28355624999999995	-0.00046219755227524097	-0.2840185463305068	0.0	(-0.2840185463305068+0j)
-0.53	-0.28090000000000004	-0.0004607249822359987	-0.28136082507631305	0.0	(-0.28136082507631305+0j)
-0.5275	-0.27825625	-0.00045923740851144373	-0.27871558883781467	0.0	(-0.27871558883781467+0j)
-0.525	-0.275625	-0.0004577347173028655	-0.27608283750150137	0.0	(-0.27608283750150137+0j)
-0.5225	-0.27300624999999995	-0.000456216795923546	-0.27346257095496906	0.0	(-0.27346257095496906+0j)
-0.52	-0.27040000000000003	-0.0004546835328750533	-0.27085478908701544	0.0	(-0.27085478908701544+0j)
-0.5175	-0.26780624999999997	-0.0004531348179251051	-0.26825949178770503	0.0	(-0.26825949178770503+0j)
-0.515	-0.265225	-0.00045157054218700253	-0.26567667894844516	0.0	(-0.26567667894844516+0j)
-0.5125	-0.26265625	-0.0004499905982006183	-0.26310635046208186	0.0	(-0.26310635046208186+0j)
-0.51	-0.2601	-0.0004483948800149337	-0.26054850622296827	0.0	(-0.26054850622296827+0j)
-0.5075000000000001	-0.25755625000000004	-0.00044678328327211136	-0.2580031461270541	0.0	(-0.2580031461270541+0j)
-0.505	-0.255025	-0.00044515570529308807	-0.2554702700719761	0.0	(-0.2554702700719761+0j)
-0.5025000000000001	-0.25250625000000004	-0.0004435120451646761	-0.252949877957138	0.0	(-0.252949877957138+0j)
-0.5	-0.25	-0.0004418522038281516	-0.25044196968380006	0.0	(-0.25044196968380006+0j)
-0.4975	-0.24750625	-0.00044017608416931504	-0.2479465451551731	0.0	(-0.2479465451551731+0j)
-0.495	-0.245025	-0.00043848359111000056	-0.24546360427650715	0.0	(-0.24546360427650715+0j)
-0.4925	-0.24255625	-0.00043677463170101134	-0.24299314695518387	0.0	(-0.24299314695518387+0j)
-0.49	-0.24009999999999998	-0.0004350491152164595	-0.24053517310081052	0.0	(-0.24053517310081052+0j)
-0.4875	-0.23765624999999999	-0.00043330695324948065	-0.2380896826253216	0.0	(-0.2380896826253216+0j)
-0.485	-0.235225	-0.00043154805980929713	-0.23565667544306818	0.0	(-0.23565667544306818+0j)
-0.4825	-0.23280625	-0.00042977235141959777	-0.2332361514709188	0.0	(-0.2332361514709188+0j)
-0.48	-0.2304	-0.00042797974721820397	-0.23082811062836184	0.0	(-0.23082811062836184+0j)
-0.47750000000000004	-0.22800625000000002	-0.0004261701690579858	-0.22843255283760527	0.0	(-0.22843255283760527+0j)
-0.47500000000000003	-0.22562500000000002	-0.00042434354160899305	-0.22604947802367176	0.0	(-0.22604947802367176+0j)
-0.47250000000000003	-0.22325625000000002	-0.0004224997924617612	-0.22367888611451459	0.0	(-0.22367888611451459+0j)
-0.47000000000000003	-0.22090000000000004	-0.0004206388522317547	-0.22132077704111505	0.0	(-0.22132077704111505+0j)
-0.4675	-0.21855625000000004	-0.0004187606546649	-0.21897515073758705	0.0	(-0.21897515073758705+0j)
-0.465	-0.21622500000000003	-0.00041686513674416914	-0.21664200714128262	0.0	(-0.21664200714128262+0j)
-0.4625	-0.21390625000000002	-0.0004149522387971621	-0.21432134619290608	0.0	(-0.21432134619290608+0j)
-0.46	-0.2116	-0.00041302190460464224	-0.2120131678366155	0.0	(-0.2120131678366155+0j)
-0.4575	-0.20930625000000003	-0.00041107408150997015	-0.2097174720201362	0.0	(-0.2097174720201362+0j)
-0.455	-0.20702500000000001	-0.0004091087205293856	-0.20743425869487117	0.0	(-0.20743425869487117+0j)
-0.4525	-0.20475625	-0.0004071257764630811	-0.20516352781600905	0.0	(-0.20516352781600905+0j)
-0.45	-0.2025	-0.00040512520800700593	-0.20290527934263933	0.0	(-0.20290527934263933+0j)
-0.4475	-0.20025625	-0.00040310697786534536	-0.20065951323785935	0.0	(-0.20065951323785935+0j)
-0.445	-0.198025	-0.0004010710528636102	-0.19842622946889396	0.0	(-0.19842622946889396+0j)
-0.4425	-0.19580625000000002	-0.00039901740406227126	-0.19620542800720525	0.0	(-0.19620542800720525+0j)
-0.44	-0.1936	-0.0003969460068708748	-0.1939971088286077	0.0	(-0.1939971088286077+0j)
-0.4375	-0.19140625	-0.0003948568411625675	-0.19180127191338087	0.0	(-0.19180127191338087+0j)
-0.435	-0.189225	-0.0003927498913889607	-0.18961791724638677	0.0	(-0.18961791724638677+0j)
-0.4325	-0.18705625	-0.00039062514669526273	-0.18744704481718544	0.0	(-0.18744704481718544+0j)
-0.43	-0.18489999999999998	-0.0003884826010356	-0.18528865462014485	0.0	(-0.18528865462014485+0j)
-0.4275	-0.18275624999999998	-0.0003863222532884533	-0.18314274665455915	0.0	(-0.18314274665455915+0j)
-0.425	-0.18062499999999998	-0.00038414410737212747	-0.18100932092476868	0.0	(-0.18100932092476868+0j)
-0.4225	-0.17850624999999998	-0.0003819481723601739	-0.1788883774402698	0.0	(-0.1788883774402698+0j)
-0.42	-0.17639999999999997	-0.0003797344625966817	-0.17677991621582803	0.0	(-0.17677991621582803+0j)
-0.4175	-0.17430625	-0.00037750299781135204	-0.17468393727159642	0.0	(-0.17468393727159642+0j)
-0.41500000000000004	-0.17222500000000002	-0.0003752538032342687	-0.17260044063323396	0.0	(-0.17260044063323396+0j)
-0.41250000000000003	-0.17015625000000004	-0.0003729869097102739	-0.17052942633200827	0.0	(-0.17052942633200827+0j)
-0.41000000000000003	-0.16810000000000003	-0.00037070235381285997	-0.16847089440492377	0.0	(-0.16847089440492377+0j)
-0.40750000000000003	-0.16605625000000002	-0.00036840017795748193	-0.16642484489481973	0.0	(-0.16642484489481973+0j)
-0.405	-0.16402500000000003	-0.0003660804305141967	-0.16439127785049368	0.0	(-0.16439127785049368+0j)
-0.4025	-0.16200625000000002	-0.00036374316591953227	-0.1623701933268116	0.0	(-0.1623701933268116+0j)
-0.4	-0.16000000000000003	-0.00036138844478748796	-0.1603615913848111	0.0	(-0.1603615913848111+0j)
-0.3975	-0.15800625000000001	-0.00035901633401956665	-0.15836547209181712	0.0	(-0.15836547209181712+0j)
-0.395	-0.15602500000000002	-0.0003566269069137359	-0.15638183552155027	0.0	(-0.15638183552155027+0j)
-0.3925	-0.15405625	-0.0003542202432722163	-0.15441068175423306	0.0	(-0.15441068175423306+0j)
-0.39	-0.1521	-0.00035179642950799165	-0.15245201087669463	0.0	(-0.15245201087669463+0j)
-0.3875	-0.15015625000000002	-0.00034935555874993513	-0.150505822982477	0.0	(-0.150505822982477+0j)
-0.385	-0.148225	-0.00034689773094644517	-0.14857211817193752	0.0	(-0.14857211817193752+0j)
-0.3825	-0.14630625	-0.0003444230529674818	-0.14665089655234972	0.0	(-0.14665089655234972+0j)
-0.38	-0.1444	-0.0003419316387048936	-0.14474215823800687	0.0	(-0.14474215823800687+0j)
-0.3775	-0.14250625	-0.0003394236091709263	-0.142845903350312	0.0	(-0.142845903350312+0j)
-0.375	-0.140625	-0.0003368990925948003	-0.14096213201788177	0.0	(-0.14096213201788177+0j)
-0.3725	-0.13875625	-0.00033435822451724517	-0.1390908443766359	0.0	(-0.1390908443766359+0j)
-0.37	-0.1369	-0.00033180114788287874	-0.13723204056988983	0.0	(-0.13723204056988983+0j)
-0.3675	-0.13505625	-0.0003292280131303154	-0.13538572074844557	0.0	(-0.13538572074844557+0j)
-0.365	-0.13322499999999998	-0.00032663897827989196	-0.13355188507067592	0.0	(-0.13355188507067592+0j)
-0.3625	-0.13140625	-0.0003240342090188937	-0.13173053370261248	0.0	(-0.13173053370261248+0j)
-0.36	-0.1296	-0.00032141387878416766	-0.12992166681802553	0.0	(-0.12992166681802553+0j)
-0.3575	-0.12780624999999998	-0.0003187781688420065	-0.1281252845985032	0.0	(-0.1281252845985032+0j)
-0.355	-0.126025	-0.00031612726836518823	-0.1263413872335293	0.0	(-0.1263413872335293+0j)
-0.3525	-0.12425624999999998	-0.0003134613745070568	-0.12456997492055583	0.0	(-0.12456997492055583+0j)
-0.35000000000000003	-0.12250000000000003	-0.0003107806924725274	-0.1228110478650765	0.0	(-0.1228110478650765+0j)
-0.34750000000000003	-0.12075625000000002	-0.00030808543558590116	-0.12106460628068995	0.0	(-0.12106460628068995+0j)
-0.34500000000000003	-0.11902500000000002	-0.0003053758253553771	-0.11933065038916693	0.0	(-0.11933065038916693+0j)
-0.3425	-0.11730625000000001	-0.0003026520915341432	-0.11760918042051313	0.0	(-0.11760918042051313+0j)
-0.34	-0.11560000000000002	-0.0002999144721779364	-0.11590019661302275	0.0	(-0.11590019661302275+0j)
-0.3375	-0.11390625000000001	-0.00029716321369895667	-0.11420369921333613	0.0	(-0.11420369921333613+0j)
-0.335	-0.11222500000000002	-0.0002943985709160244	-0.11251968847649046	0.0	(-0.11251968847649046+0j)
-0.3325	-0.11055625000000001	-0.000291620807100869	-0.11084816466596759	0.0	(-0.11084816466596759+0j)
-0.33	-0.10890000000000001	-0.00028883019402044024	-0.10918912805373712	0.0	(-0.10918912805373712+0j)
-0.3275	-0.10725625000000001	-0.00028602701197513096	-0.10754257892029345	0.0	(-0.10754257892029345+0j)
-0.325	-0.10562500000000001	-0.00028321154983280885	-0.1059085175546974	0.0	(-0.1059085175546974+0j)
-0.3225	-0.10400625000000001	-0.000280384105058546	-0.10428694425460612	0.0	(-0.10428694425460612+0j)
-0.32	-0.1024	-0.0002775449837399469	-0.1026778593263015	0.0	(-0.1026778593263015+0j)
-0.3175	-0.10080625	-0.0002746945006079692	-0.10108126308471531	0.0	(-0.10108126308471531+0j)
-0.315	-0.09922500000000001	-0.00027183297905314027	-0.0994971558534477	0.0	(-0.0994971558534477+0j)
-0.3125	-0.09765625	-0.0002689607511370685	-0.09792553796478681	0.0	(-0.09792553796478681+0j)
-0.31	-0.0961	-0.00026607815759915584	-0.09636640975971758	0.0	(-0.09636640975971758+0j)
-0.3075	-0.09455625	-0.0002631855478584165	-0.09481977158793503	0.0	(-0.09481977158793503+0j)
-0.305	-0.093025	-0.0002602832800103119	-0.09328562380784296	0.0	(-0.09328562380784296+0j)
-0.3025	-0.09150625	-0.00025737172081851317	-0.09176396678655492	0.0	(-0.09176396678655492+0j)
-0.3	-0.09	-0.0002544512457015057	-0.09025480089989142	0.0	(-0.09025480089989142+0j)
-0.2975	-0.08850625	-0.0002515222387139531	-0.08875812653237065	0.0	(-0.08875812653237065+0j)
-0.295	-0.08702499999999999	-0.00024858509252274186	-0.08727394407719191	0.0	(-0.08727394407719191+0j)
-0.2925	-0.08555624999999999	-0.0002456402083776295	-0.08580225393622086	0.0	(-0.08580225393622086+0j)
-0.29	-0.0841	-0.00024268799607642376	-0.0843430565199674	0.0	(-0.0843430565199674+0j)
-0.28750000000000003	-0.08265625000000001	-0.0002397288739246239	-0.08289635224755562	0.0	(-0.08289635224755562+0j)
-0.28500000000000003	-0.08122500000000002	-0.00023676326868945715	-0.0814621415466937	0.0	(-0.0814621415466937+0j)
-0.28250000000000003	-0.07980625000000002	-0.00023379161554825005	-0.08004042485363898	0.0	(-0.08004042485363898+0j)
-0.28	-0.07840000000000001	-0.00023081435803107465	-0.07863120261315319	0.0	(-0.07863120261315319+0j)
-0.2775	-0.07700625000000001	-0.0002278319479576171	-0.0772344752784581	0.0	(-0.0772344752784581+0j)
-0.275	-0.07562500000000001	-0.0002248448453682172	-0.0758502433111824	0.0	(-0.0758502433111824+0j)
-0.2725	-0.07425625000000001	-0.00022185351844903462	-0.0744785071813066	0.0	(-0.0744785071813066+0j)
-0.27	-0.0729	-0.00021885844345129941	-0.07311926736710057	0.0	(-0.07311926736710057+0j)
-0.2675	-0.07155625	-0.00021586010460460982	-0.07177252435505185	0.0	(-0.07177252435505185+0j)
-0.265	-0.07022500000000001	-0.00021285899402424637	-0.0704382786397943	0.0	(-0.0704382786397943+0j)
-0.2625	-0.06890625	-0.00020985561161247315	-0.06911653072402901	0.0	(-0.06911653072402901+0j)
-0.26	-0.06760000000000001	-0.00020685046495380507	-0.06780728111843441	0.0	(-0.06780728111843441+0j)
-0.2575	-0.06630625	-0.00020384406920422103	-0.06651053034157492	0.0	(-0.06651053034157492+0j)
-0.255	-0.065025	-0.00020083694697431344	-0.06522627891979796	0.0	(-0.06522627891979796+0j)
-0.2525	-0.06375625	-0.00019782962820636313	-0.06395452738712634	0.0	(-0.06395452738712634+0j)
-0.25	-0.0625	-0.0001948226500453391	-0.06269527628514278	0.0	(-0.06269527628514278+0j)
-0.2475	-0.06125625	-0.00019181655670382522	-0.061448526162863254	0.0	(-0.061448526162863254+0j)
-0.245	-0.060024999999999995	-0.00018881189932088246	-0.06021427757660346	0.0	(-0.06021427757660346+0j)
-0.2425	-0.05880625	-0.00018580923581485877	-0.058992531089833725	0.0	(-0.058992531089833725+0j)
-0.24	-0.0576	-0.00018280913073016812	-0.057783287273026555	0.0	(-0.057783287273026555+0j)
-0.23750000000000002	-0.056406250000000005	-0.00017981215507806067	-0.05658654670348947	0.0	(-0.05658654670348947+0j)
-0.23500000000000001	-0.05522500000000001	-0.00017681888617141598	-0.0554023099651893	0.0	(-0.0554023099651893+0j)
-0.2325	-0.05405625000000001	-0.00017382990745359414	-0.05423057764856234	0.0	(-0.05423057764856234+0j)
-0.23	-0.0529	-0.00017084580832138764	-0.053071350350309465	0.0	(-0.053071350350309465+0j)
-0.2275	-0.051756250000000004	-0.00016786718394212006	-0.05192462867318172	0.0	(-0.05192462867318172+0j)
-0.225	-0.050625	-0.00016489463506494454	-0.0507904132257457	0.0	(-0.0507904132257457+0j)
-0.2225	-0.04950625	-0.0001619287678264022	-0.049668704622133464	0.0	(-0.049668704622133464+0j)
-0.22	-0.0484	-0.00015897019355030515	-0.04855950348178035	0.0	(-0.04855950348178035+0j)
-0.2175	-0.04730625	-0.00015601952854201273	-0.04746281042913309	0.0	(-0.04746281042913309+0j)
-0.215	-0.046224999999999995	-0.00015307739387717905	-0.046378626093352644	0.0	(-0.046378626093352644+0j)
-0.2125	-0.045156249999999995	-0.00015014441518505585	-0.04530695110798065	0.0	(-0.04530695110798065+0j)
-0.21	-0.04409999999999999	-0.00014722122242643334	-0.04424778611059555	0.0	(-0.04424778611059555+0j)
-0.20750000000000002	-0.043056250000000004	-0.00014430844966631991	-0.043201131742437636	0.0	(-0.043201131742437636+0j)
-0.20500000000000002	-0.04202500000000001	-0.000141406734841454	-0.04216698864801021	0.0	(-0.04216698864801021+0j)
-0.2025	-0.04100625000000001	-0.00013851671952275915	-0.04114535747465229	0.0	(-0.04114535747465229+0j)
-0.2	-0.04000000000000001	-0.00013563904867284986	-0.04013623887208396	0.0	(-0.04013623887208396+0j)
-0.1975	-0.039006250000000006	-0.00013277437039870547	-0.039139633491917236	0.0	(-0.039139633491917236+0j)
-0.195	-0.038025	-0.00012992333569963817	-0.038155541987133286	0.0	(-0.038155541987133286+0j)
-0.1925	-0.03705625	-0.000127086598210678	-0.0371839650115253	0.0	(-0.0371839650115253+0j)
-0.19	-0.0361	-0.00012426481394151408	-0.036224903219099505	0.0	(-0.036224903219099505+0j)
-0.1875	-0.03515625	-0.0001214586410111268	-0.035278357263433806	0.0	(-0.035278357263433806+0j)
-0.185	-0.034225	-0.00011866873937825835	-0.03434432779699055	0.0	(-0.03434432779699055+0j)
-0.1825	-0.033306249999999996	-0.00011589577056787017	-0.033422815470381166	0.0	(-0.033422815470381166+0j)
-0.18	-0.0324	-0.00011314039739374424	-0.03251382093157101	0.0	(-0.03251382093157101+0j)
-0.1775	-0.03150625	-0.00011040328367738495	-0.03161734482503261	0.0	(-0.03161734482503261+0j)
-0.17500000000000002	-0.030625000000000006	-0.00010768509396339027	-0.030733387790826926	0.0	(-0.030733387790826926+0j)
-0.17250000000000001	-0.029756250000000005	-0.00010498649323146086	-0.029861950463618114	0.0	(-0.029861950463618114+0j)
-0.17	-0.028900000000000006	-0.00010230814660522267	-0.029003033471610415	0.0	(-0.029003033471610415+0j)
-0.1675	-0.028056250000000005	-9.965071905804063e-05	-0.028156637435399492	0.0	(-0.028156637435399492+0j)
-0.165	-0.027225000000000003	-9.701487511600878e-05	-0.027322762966731147	0.0	(-0.027322762966731147+0j)
-0.1625	-0.026406250000000003	-9.440127855830684e-05	-0.026501410667157072	0.0	(-0.026501410667157072+0j)
-0.16	-0.0256	-9.181059211511318e-05	-0.025692581126580762	0.0	(-0.025692581126580762+0j)
-0.1575	-0.024806250000000002	-8.924347716327032e-05	-0.02489627492167868	0.0	(-0.02489627492167868+0j)
-0.155	-0.024025	-8.670059341990728e-05	-0.024112492614188352	0.0	(-0.024112492614188352+0j)
-0.1525	-0.02325625	-8.418259863421894e-05	-0.023341234749046848	0.0	(-0.023341234749046848+0j)
-0.15	-0.0225	-8.16901482776123e-05	-0.02258250185236948	0.0	(-0.02258250185236948+0j)
-0.1475	-0.021756249999999998	-7.922389523243104e-05	-0.02183629442925241	0.0	(-0.02183629442925241+0j)
-0.145	-0.021025	-7.67844894794697e-05	-0.021102612961381724	0.0	(-0.021102612961381724+0j)
-0.14250000000000002	-0.020306250000000005	-7.437257778450114e-05	-0.020381457904432975	0.0	(-0.020381457904432975+0j)
-0.14	-0.019600000000000003	-7.198880338402901e-05	-0.01967282968524497	0.0	(-0.01967282968524497+0j)
-0.1375	-0.018906250000000003	-6.96338056704944e-05	-0.018976728698743894	0.0	(-0.018976728698743894+0j)
-0.135	-0.018225	-6.730821987716122e-05	-0.01829315530460346	0.0	(-0.01829315530460346+0j)
-0.1325	-0.017556250000000002	-6.501267676290306e-05	-0.017622109823616058	0.0	(-0.017622109823616058+0j)
-0.13	-0.016900000000000002	-6.274780229712645e-05	-0.016963592533755265	0.0	(-0.016963592533755265+0j)
-0.1275	-0.01625625	-6.0514217345056595e-05	-0.01631760366590575	0.0	(-0.01631760366590575+0j)
-0.125	-0.015625	-5.831253735362405e-05	-0.01568414339924102	0.0	(-0.01568414339924102+0j)
-0.1225	-0.015006249999999999	-5.614337203817856e-05	-0.015063211856224248	0.0	(-0.015063211856224248+0j)
-0.12	-0.0144	-5.4007325070271414e-05	-0.014454809097211084	0.0	(-0.014454809097211084+0j)
-0.11750000000000001	-0.013806250000000003	-5.190499376674131e-05	-0.01385893511463433	0.0	(-0.01385893511463433+0j)
-0.115	-0.013225	-4.983696878033475e-05	-0.013275589826753687	0.0	(-0.013275589826753687+0j)
-0.1125	-0.01265625	-4.7803833792105234e-05	-0.01270477307095459	0.0	(-0.01270477307095459+0j)
-0.11	-0.0121	-4.580616520582226e-05	-0.012146484596592072	0.0	(-0.012146484596592072+0j)
-0.1075	-0.011556249999999999	-4.384453184462789e-05	-0.011600724057381035	0.0	(-0.011600724057381035+0j)
-0.105	-0.011024999999999998	-4.1919494650186076e-05	-0.011067491003350787	0.0	(-0.011067491003350787+0j)
-0.10250000000000001	-0.010506250000000002	-4.0031606384539203e-05	-0.010546784872405212	0.0	(-0.010546784872405212+0j)
-0.1	-0.010000000000000002	-3.8181411334935886e-05	-0.010038604981560473	0.0	(-0.010038604981560473+0j)
-0.0975	-0.00950625	-3.6369445021839505e-05	-0.009542950517979657	0.0	(-0.009542950517979657+0j)
-0.095	-0.009025	-3.45962339103556e-05	-0.009059820529992255	0.0	(-0.009059820529992255+0j)
-0.0925	-0.00855625	-3.286229512532712e-05	-0.008589213918385548	0.0	(-0.008589213918385548+0j)
-0.09	-0.0081	-3.1168136170295346e-05	-0.008131129428392024	0.0	(-0.008131129428392024+0j)
-0.08750000000000001	-0.007656250000000002	-2.9514254650580413e-05	-0.007685565643005184	0.0	(-0.007685565643005184+0j)
-0.085	-0.007225000000000001	-2.7901138000695214e-05	-0.007252520978540429	0.0	(-0.007252520978540429+0j)
-0.0825	-0.006806250000000001	-2.6329263216305632e-05	-0.006831993683774941	0.0	(-0.006831993683774941+0j)
-0.08	-0.0064	-2.4799096590982785e-05	-0.006423981844590444	0.0	(-0.006423981844590444+0j)
-0.0775	-0.00600625	-2.3311093457936696e-05	-0.0060284833968870764	0.0	(-0.0060284833968870764+0j)
-0.075	-0.005625	-2.1865697936951368e-05	-0.0056454961517334095	0.0	(-0.0056454961517334095+0j)
-0.0725	-0.00525625	-2.0463342686743993e-05	-0.005275017838421672	0.0	(-0.005275017838421672+0j)
-0.07	-0.004900000000000001	-1.910444866293354e-05	-0.004917046173493587	0.0	(-0.004917046173493587+0j)
-0.0675	-0.00455625	-1.778942488184221e-05	-0.004571578967165072	0.0	(-0.004571578967165072+0j)
-0.065	-0.0042250000000000005	-1.651866819031289e-05	-0.004238614283232909	0.0	(-0.004238614283232909+0j)
-0.0625	-0.00390625	-1.5292563041720274e-05	-0.003918150674879534	0.0	(-0.003918150674879534+0j)
-0.06	-0.0036	-1.411148127841988e-05	-0.0036101875271822874	0.0	(-0.0036101875271822874+0j)
-0.0575	-0.00330625	-1.2975781920743225e-05	-0.003314725547758358	0.0	(-0.003314725547758358+0j)
-0.055	-0.003025	-1.1885810962788957e-05	-0.0030317674594394412	0.0	(-0.0030317674594394412+0j)
-0.0525	-0.0027562499999999996	-1.084190117511541e-05	-0.0027613189613706715	0.0	(-0.0027613189613706715+0j)
-0.05	-0.0025000000000000005	-9.844371914571882e-06	-0.002503390032807014	0.0	(-0.002503390032807014+0j)
-0.0475	-0.00225625	-8.89352894136164e-06	-0.0022579966471922568	0.0	(-0.0022579966471922568+0j)
-0.045	-0.002025	-7.989664243576722e-06	-0.0020251629243835433	0.0	(-0.0020251629243835433+0j)
-0.0425	-0.0018062500000000003	-7.133055869235072e-06	-0.0018049236464326537	0.0	(-0.0018049236464326537+0j)
-0.04	-0.0016	-6.323967766103112e-06	-0.0015973268585829116	0.0	(-0.0015973268585829116+0j)
-0.0375	-0.00140625	-5.562649629331507e-06	-0.001402435941632042	0.0	(-0.001402435941632042+0j)
-0.035	-0.0012250000000000002	-4.849336757084544e-06	-0.0012203300963342088	0.0	(-0.0012203300963342088+0j)
-0.0325	-0.0010562500000000001	-4.184249914296335e-06	-0.0010511017694621893	0.0	(-0.0010511017694621893+0j)
-0.03	-0.0009	-3.5675952046454462e-06	-0.0008948494854880038	0.0	(-0.0008948494854880038+0j)
-0.0275	-0.00075625	-2.9995639508229034e-06	-0.0007516651920962991	0.0	(-0.0007516651920962991+0j)
-0.025	-0.0006250000000000001	-2.4803325833655522e-06	-0.0006216166183120561	0.0	(-0.0006216166183120561+0j)
-0.0225	-0.00050625	-2.010062537860513e-06	-0.0005047265251111823	0.0	(-0.0005047265251111823+0j)
-0.02	-0.0004	-1.588900160953699e-06	-0.000400950593645587	0.0	(-0.000400950593645587+0j)
-0.0175	-0.00030625000000000004	-1.2169766248737446e-06	-0.000310152648097767	0.0	(-0.000310152648097767+0j)
-0.015	-0.000225	-8.944078510708664e-07	-0.00023206947140928672	0.0	(-0.00023206947140928672+0j)
-0.0125	-0.00015625000000000003	-6.21294442071374e-07	-0.00016624760315020565	0.0	(-0.00016624760315020565+0j)
-0.01	-0.0001	-3.97721623102143e-07	-0.0001119207707841789	0.0	(-0.0001119207707841789+0j)
-0.0075	-5.625e-05	-2.2375919215278375e-07	-6.778263235641159e-05	0.0	(-6.778263235641159e-05+0j)
-0.005	-2.5e-05	-9.946147869754896e-08	-3.162768783398492e-05	0.0	(-3.162768783398492e-05+0j)
-0.0025	-6.25e-06	-2.4867311765319755e-08	-1.111307226797642e-18	-0.0012882931362483312	(-1.111307226797642e-18-0.0012882931362483312j)
0.0025	6.25e-06	2.4867311765319755e-08	-1.111307226797642e-18	0.0012882931362483312	(-1.111307226797642e-18+0.0012882931362483312j)
0.005	2.5e-05	9.946147869754896e-08	3.162768783399968e-05	0.0	(3.162768783399968e-05+0j)
0.0075	5.625e-05	2.2375919215278375e-07	6.778263235641267e-05	0.0	(6.778263235641267e-05+0j)
0.01	0.0001	3.97721623102143e-07	0.00011192077078409741	0.0	(0.00011192077078409741+0j)
0.0125	0.00015625000000000003	6.21294442071374e-07	0.00016624760315018475	0.0	(0.00016624760315018475+0j)
0.015	0.000225	8.944078510708664e-07	0.0002320694714092581	0.0	(0.0002320694714092581+0j)
0.0175	0.00030625000000000004	1.2169766248737446e-06	0.0003101526480977559	0.0	(0.0003101526480977559+0j)
0.02	0.0004	1.588900160953699e-06	0.00040095059364557	0.0	(0.00040095059364557+0j)
0.0225	0.00050625	2.010062537860513e-06	0.0005047265251111855	0.0	(0.0005047265251111855+0j)
0.025	0.0006250000000000001	2.4803325833655522e-06	0.0006216166183120429	0.0	(0.0006216166183120429+0j)
0.0275	0.00075625	2.9995639508229034e-06	0.0007516651920962967	0.0	(0.0007516651920962967+0j)
0.03	0.0009	3.5675952046454462e-06	0.0008948494854879937	0.0	(0.0008948494854879937+0j)
0.0325	0.0010562500000000001	4.184249914296335e-06	0.0010511017694622286	0.0	(0.0010511017694622286+0j)
0.035	0.0012250000000000002	4.849336757084544e-06	0.0012203300963341808	0.0	(0.0012203300963341808+0j)
0.0375	0.00140625	5.562649629331507e-06	0.0014024359416320823	0.0	(0.0014024359416320823+0j)
0.04	0.0016	6.323967766103112e-06	0.0015973268585828973	0.0	(0.0015973268585828973+0j)
0.0425	0.0018062500000000003	7.133055869235072e-06	0.001804923646432654	0.0	(0.001804923646432654+0j)
0.045	0.002025	7.989664243576722e-06	0.0020251629243835815	0.0	(0.0020251629243835815+0j)
0.0475	0.00225625	8.89352894136164e-06	0.002257996647192261	0.0	(0.002257996647192261+0j)
0.05	0.0025000000000000005	9.844371914571882e-06	0.002503390032807006	0.0	(0.002503390032807006+0j)
0.0525	0.0027562499999999996	1.084190117511541e-05	0.002761318961370689	0.0	(0.002761318961370689+0j)
0.055	0.003025	1.1885810962788957e-05	0.0030317674594394443	0.0	(0.0030317674594394443+0j)
0.0575	0.00330625	1.2975781920743225e-05	0.0033147255477583796	0.0	(0.0033147255477583796+0j)
0.06	0.0036	1.411148127841988e-05	0.0036101875271822856	0.0	(0.0036101875271822856+0j)
0.0625	0.00390625	1.5292563041720274e-05	0.003918150674879562	0.0	(0.003918150674879562+0j)
0.065	0.0042250000000000005	1.651866819031289e-05	0.004238614283232947	0.0	(0.004238614283232947+0j)
0.0675	0.00455625	1.778942488184221e-05	0.0045715789671650665	0.0	(0.0045715789671650665+0j)
0.07	0.004900000000000001	1.910444866293354e-05	0.004917046173493565	0.0	(0.004917046173493565+0j)
0.0725	0.00525625	2.0463342686743993e-05	0.005275017838421681	0.0	(0.005275017838421681+0j)
0.075	0.005625	2.1865697936951368e-05	0.005645496151733349	0.0	(0.005645496151733349+0j)
0.0775	0.00600625	2.3311093457936696e-05	0.006028483396887048	0.0	(0.006028483396887048+0j)
0.08	0.0064	2.4799096590982785e-05	0.006423981844590435	0.0	(0.006423981844590435+0j)
0.0825	0.006806250000000001	2.6329263216305632e-05	0.006831993683774899	0.0	(0.006831993683774899+0j)
0.085	0.007225000000000001	2.7901138000695214e-05	0.007252520978540379	0.0	(0.007252520978540379+0j)
0.08750000000000001	0.007656250000000002	2.9514254650580413e-05	0.007685565643005163	0.0	(0.007685565643005163+0j)
0.09	0.0081	3.1168136170295346e-05	0.008131129428392017	0.0	(0.008131129428392017+0j)
0.0925	0.00855625	3.286229512532712e-05	0.008589213918385534	0.0	(0.008589213918385534+0j)
0.095	0.009025	3.45962339103556e-05	0.009059820529992286	0.0	(0.009059820529992286+0j)
0.0975	0.00950625	3.6369445021839505e-05	0.009542950517979633	0.0	(0.009542950517979633+0j)
0.1	0.010000000000000002	3.8181411334935886e-05	0.010038604981560536	0.0	(0.010038604981560536+0j)
0.10250000000000001	0.010506250000000002	4.0031606384539203e-05	0.010546784872405231	0.0	(0.010546784872405231+0j)
0.105	0.011024999999999998	4.1919494650186076e-05	0.011067491003350824	0.0	(0.011067491003350824+0j)
0.1075	0.011556249999999999	4.384453184462789e-05	0.011600724057381082	0.0	(0.011600724057381082+0j)
0.11	0.0121	4.580616520582226e-05	0.012146484596592122	0.0	(0.012146484596592122+0j)
0.1125	0.01265625	4.7803833792105234e-05	0.012704773070954523	0.0	(0.012704773070954523+0j)
0.115	0.013225	4.983696878033475e-05	0.013275589826753649	0.0	(0.013275589826753649+0j)
0.11750000000000001	0.013806250000000003	5.190499376674131e-05	0.013858935114634346	0.0	(0.013858935114634346+0j)
0.12	0.0144	5.4007325070271414e-05	0.014454809097211042	0.0	(0.014454809097211042+0j)
0.1225	0.015006249999999999	5.614337203817856e-05	0.015063211856224211	0.0	(0.015063211856224211+0j)
0.125	0.015625	5.831253735362405e-05	0.01568414339924091	0.0	(0.01568414339924091+0j)
0.1275	0.01625625	6.0514217345056595e-05	0.01631760366590559	0.0	(0.01631760366590559+0j)
0.13	0.016900000000000002	6.274780229712645e-05	0.016963592533755217	0.0	(0.016963592533755217+0j)
0.1325	0.017556250000000002	6.501267676290306e-05	0.01762210982361607	0.0	(0.01762210982361607+0j)
0.135	0.018225	6.730821987716122e-05	0.018293155304603313	0.0	(0.018293155304603313+0j)
0.1375	0.018906250000000003	6.96338056704944e-05	0.018976728698743964	0.0	(0.018976728698743964+0j)
0.14	0.019600000000000003	7.198880338402901e-05	0.019672829685244943	0.0	(0.019672829685244943+0j)
0.14250000000000002	0.020306250000000005	7.437257778450114e-05	0.020381457904433048	0.0	(0.020381457904433048+0j)
0.145	0.021025	7.67844894794697e-05	0.021102612961381696	0.0	(0.021102612961381696+0j)
0.1475	0.021756249999999998	7.922389523243104e-05	0.02183629442925241	0.0	(0.02183629442925241+0j)
0.15	0.0225	8.16901482776123e-05	0.02258250185236955	0.0	(0.02258250185236955+0j)
0.1525	0.02325625	8.418259863421894e-05	0.023341234749046865	0.0	(0.023341234749046865+0j)
0.155	0.024025	8.670059341990728e-05	0.024112492614188623	0.0	(0.024112492614188623+0j)
0.1575	0.024806250000000002	8.924347716327032e-05	0.024896274921678646	0.0	(0.024896274921678646+0j)
0.16	0.0256	9.181059211511318e-05	0.025692581126580627	0.0	(0.025692581126580627+0j)
0.1625	0.026406250000000003	9.440127855830684e-05	0.02650141066715689	0.0	(0.02650141066715689+0j)
0.165	0.027225000000000003	9.701487511600878e-05	0.027322762966731095	0.0	(0.027322762966731095+0j)
0.1675	0.028056250000000005	9.965071905804063e-05	0.028156637435399562	0.0	(0.028156637435399562+0j)
0.17	0.028900000000000006	0.00010230814660522267	0.0290030334716105	0.0	(0.0290030334716105+0j)
0.17250000000000001	0.029756250000000005	0.00010498649323146086	0.029861950463617986	0.0	(0.029861950463617986+0j)
0.17500000000000002	0.030625000000000006	0.00010768509396339027	0.030733387790826804	0.0	(0.030733387790826804+0j)
0.1775	0.03150625	0.00011040328367738495	0.03161734482503267	0.0	(0.03161734482503267+0j)
0.18	0.0324	0.00011314039739374424	0.03251382093157125	0.0	(0.03251382093157125+0j)
0.1825	0.033306249999999996	0.00011589577056787017	0.03342281547038091	0.0	(0.03342281547038091+0j)
0.185	0.034225	0.00011866873937825835	0.03434432779699084	0.0	(0.03434432779699084+0j)
0.1875	0.03515625	0.0001214586410111268	0.035278357263433674	0.0	(0.035278357263433674+0j)
0.19	0.0361	0.00012426481394151408	0.03622490321909941	0.0	(0.03622490321909941+0j)
0.1925	0.03705625	0.000127086598210678	0.0371839650115254	0.0	(0.0371839650115254+0j)
0.195	0.038025	0.00012992333569963817	0.03815554198713345	0.0	(0.03815554198713345+0j)
0.1975	0.039006250000000006	0.00013277437039870547	0.03913963349191711	0.0	(0.03913963349191711+0j)
0.2	0.04000000000000001	0.00013563904867284986	0.04013623887208419	0.0	(0.04013623887208419+0j)
0.2025	0.04100625000000001	0.00013851671952275915	0.041145357474652616	0.0	(0.041145357474652616+0j)
0.20500000000000002	0.04202500000000001	0.000141406734841454	0.04216698864801021	0.0	(0.04216698864801021+0j)
0.20750000000000002	0.043056250000000004	0.00014430844966631991	0.04320113174243764	0.0	(0.04320113174243764+0j)
0.21	0.04409999999999999	0.00014722122242643334	0.04424778611059539	0.0	(0.04424778611059539+0j)
0.2125	0.045156249999999995	0.00015014441518505585	0.04530695110798051	0.0	(0.04530695110798051+0j)
0.215	0.046224999999999995	0.00015307739387717905	0.04637862609335234	0.0	(0.04637862609335234+0j)
0.2175	0.04730625	0.00015601952854201273	0.04746281042913327	0.0	(0.04746281042913327+0j)
0.22	0.0484	0.00015897019355030515	0.04855950348178038	0.0	(0.04855950348178038+0j)
0.2225	0.04950625	0.0001619287678264022	0.049668704622133734	0.0	(0.049668704622133734+0j)
0.225	0.050625	0.00016489463506494454	0.050790413225745235	0.0	(0.050790413225745235+0j)
0.2275	0.051756250000000004	0.00016786718394212006	0.0519246286731818	0.0	(0.0519246286731818+0j)
0.23	0.0529	0.00017084580832138764	0.05307135035030958	0.0	(0.05307135035030958+0j)
0.2325	0.05405625000000001	0.00017382990745359414	0.05423057764856216	0.0	(0.05423057764856216+0j)
0.23500000000000001	0.05522500000000001	0.00017681888617141598	0.05540230996518912	0.0	(0.05540230996518912+0j)
0.23750000000000002	0.056406250000000005	0.00017981215507806067	0.05658654670348946	0.0	(0.05658654670348946+0j)
0.24	0.0576	0.00018280913073016812	0.057783287273026264	0.0	(0.057783287273026264+0j)
0.2425	0.05880625	0.00018580923581485877	0.0589925310898336	0.0	(0.0589925310898336+0j)
0.245	0.060024999999999995	0.00018881189932088246	0.06021427757660339	0.0	(0.06021427757660339+0j)
0.2475	0.06125625	0.00019181655670382522	0.06144852616286308	0.0	(0.06144852616286308+0j)
0.25	0.0625	0.0001948226500453391	0.0626952762851429	0.0	(0.0626952762851429+0j)
0.2525	0.06375625	0.00019782962820636313	0.0639545273871263	0.0	(0.0639545273871263+0j)
0.255	0.065025	0.00020083694697431344	0.06522627891979768	0.0	(0.06522627891979768+0j)
0.2575	0.06630625	0.00020384406920422103	0.06651053034157507	0.0	(0.06651053034157507+0j)
0.26	0.06760000000000001	0.00020685046495380507	0.0678072811184346	0.0	(0.0678072811184346+0j)
0.2625	0.06890625	0.00020985561161247315	0.06911653072402896	0.0	(0.06911653072402896+0j)
0.265	0.07022500000000001	0.00021285899402424637	0.07043827863979435	0.0	(0.07043827863979435+0j)
0.2675	0.07155625	0.00021586010460460982	0.07177252435505148	0.0	(0.07177252435505148+0j)
0.27	0.0729	0.00021885844345129941	0.07311926736710048	0.0	(0.07311926736710048+0j)
0.2725	0.07425625000000001	0.00022185351844903462	0.07447850718130664	0.0	(0.07447850718130664+0j)
0.275	0.07562500000000001	0.0002248448453682172	0.07585024331118233	0.0	(0.07585024331118233+0j)
0.2775	0.07700625000000001	0.0002278319479576171	0.07723447527845702	0.0	(0.07723447527845702+0j)
0.28	0.07840000000000001	0.00023081435803107465	0.07863120261315304	0.0	(0.07863120261315304+0j)
0.28250000000000003	0.07980625000000002	0.00023379161554825005	0.08004042485363913	0.0	(0.08004042485363913+0j)
0.28500000000000003	0.08122500000000002	0.00023676326868945715	0.08146214154669401	0.0	(0.08146214154669401+0j)
0.28750000000000003	0.08265625000000001	0.0002397288739246239	0.08289635224755579	0.0	(0.08289635224755579+0j)
0.29	0.0841	0.00024268799607642376	0.08434305651996751	0.0	(0.08434305651996751+0j)
0.2925	0.08555624999999999	0.0002456402083776295	0.08580225393622082	0.0	(0.08580225393622082+0j)
0.295	0.08702499999999999	0.00024858509252274186	0.08727394407719188	0.0	(0.08727394407719188+0j)
0.2975	0.08850625	0.0002515222387139531	0.08875812653237136	0.0	(0.08875812653237136+0j)
0.3	0.09	0.0002544512457015057	0.0902548008998911	0.0	(0.0902548008998911+0j)
0.3025	0.09150625	0.00025737172081851317	0.09176396678655536	0.0	(0.09176396678655536+0j)
0.305	0.093025	0.0002602832800103119	0.09328562380784289	0.0	(0.09328562380784289+0j)
0.3075	0.09455625	0.0002631855478584165	0.09481977158793567	0.0	(0.09481977158793567+0j)
0.31	0.0961	0.00026607815759915584	0.09636640975971777	0.0	(0.09636640975971777+0j)
0.3125	0.09765625	0.0002689607511370685	0.09792553796478622	0.0	(0.09792553796478622+0j)
0.315	0.09922500000000001	0.00027183297905314027	0.09949715585344775	0.0	(0.09949715585344775+0j)
0.3175	0.10080625	0.0002746945006079692	0.10108126308471568	0.0	(0.10108126308471568+0j)
0.32	0.1024	0.0002775449837399469	0.10267785932630219	0.0	(0.10267785932630219+0j)
0.3225	0.10400625000000001	0.000280384105058546	0.10428694425460638	0.0	(0.10428694425460638+0j)
0.325	0.10562500000000001	0.00028321154983280885	0.10590851755469693	0.0	(0.10590851755469693+0j)
0.3275	0.10725625000000001	0.00028602701197513096	0.10754257892029252	0.0	(0.10754257892029252+0j)
0.33	0.10890000000000001	0.00028883019402044024	0.10918912805373683	0.0	(0.10918912805373683+0j)
0.3325	0.11055625000000001	0.000291620807100869	0.11084816466596775	0.0	(0.11084816466596775+0j)
0.335	0.11222500000000002	0.0002943985709160244	0.11251968847649063	0.0	(0.11251968847649063+0j)
0.3375	0.11390625000000001	0.00029716321369895667	0.11420369921333579	0.0	(0.11420369921333579+0j)
0.34	0.11560000000000002	0.0002999144721779364	0.11590019661302223	0.0	(0.11590019661302223+0j)
0.3425	0.11730625000000001	0.0003026520915341432	0.11760918042051373	0.0	(0.11760918042051373+0j)
0.34500000000000003	0.11902500000000002	0.0003053758253553771	0.11933065038916711	0.0	(0.11933065038916711+0j)
0.34750000000000003	0.12075625000000002	0.00030808543558590116	0.12106460628068966	0.0	(0.12106460628068966+0j)
0.35000000000000003	0.12250000000000003	0.0003107806924725274	0.12281104786507678	0.0	(0.12281104786507678+0j)
0.3525	0.12425624999999998	0.0003134613745070568	0.12456997492055678	0.0	(0.12456997492055678+0j)
0.355	0.126025	0.00031612726836518823	0.12634138723352964	0.0	(0.12634138723352964+0j)
0.3575	0.12780624999999998	0.0003187781688420065	0.1281252845985032	0.0	(0.1281252845985032+0j)
0.36	0.1296	0.00032141387878416766	0.12992166681802558	0.0	(0.12992166681802558+0j)
0.3625	0.13140625	0.0003240342090188937	0.1317305337026133	0.0	(0.1317305337026133+0j)
0.365	0.13322499999999998	0.00032663897827989196	0.13355188507067642	0.0	(0.13355188507067642+0j)
0.3675	0.13505625	0.0003292280131303154	0.13538572074844593	0.0	(0.13538572074844593+0j)
0.37	0.1369	0.00033180114788287874	0.1372320405698902	0.0	(0.1372320405698902+0j)
0.3725	0.13875625	0.00033435822451724517	0.13909084437663577	0.0	(0.13909084437663577+0j)
0.375	0.140625	0.0003368990925948003	0.14096213201788196	0.0	(0.14096213201788196+0j)
0.3775	0.14250625	0.0003394236091709263	0.142845903350312	0.0	(0.142845903350312+0j)
0.38	0.1444	0.0003419316387048936	0.1447421582380067	0.0	(0.1447421582380067+0j)
0.3825	0.14630625	0.0003444230529674818	0.1466508965523498	0.0	(0.1466508965523498+0j)
0.385	0.148225	0.00034689773094644517	0.148572118171937	0.0	(0.148572118171937+0j)
0.3875	0.15015625000000002	0.00034935555874993513	0.15050582298247742	0.0	(0.15050582298247742+0j)
0.39	0.1521	0.00035179642950799165	0.15245201087669535	0.0	(0.15245201087669535+0j)
0.3925	0.15405625	0.0003542202432722163	0.15441068175423392	0.0	(0.15441068175423392+0j)
0.395	0.15602500000000002	0.0003566269069137359	0.15638183552154988	0.0	(0.15638183552154988+0j)
0.3975	0.15800625000000001	0.00035901633401956665	0.15836547209181687	0.0	(0.15836547209181687+0j)
0.4	0.16000000000000003	0.00036138844478748796	0.1603615913848102	0.0	(0.1603615913848102+0j)
0.4025	0.16200625000000002	0.00036374316591953227	0.1623701933268106	0.0	(0.1623701933268106+0j)
0.405	0.16402500000000003	0.0003660804305141967	0.16439127785049407	0.0	(0.16439127785049407+0j)
0.40750000000000003	0.16605625000000002	0.00036840017795748193	0.16642484489481948	0.0	(0.16642484489481948+0j)
0.41000000000000003	0.16810000000000003	0.00037070235381285997	0.1684708944049221	0.0	(0.1684708944049221+0j)
0.41250000000000003	0.17015625000000004	0.0003729869097102739	0.1705294263320079	0.0	(0.1705294263320079+0j)
0.41500000000000004	0.17222500000000002	0.0003752538032342687	0.17260044063323426	0.0	(0.17260044063323426+0j)
0.4175	0.17430625	0.00037750299781135204	0.17468393727159628	0.0	(0.17468393727159628+0j)
0.42	0.17639999999999997	0.0003797344625966817	0.1767799162158281	0.0	(0.1767799162158281+0j)
0.4225	0.17850624999999998	0.0003819481723601739	0.17888837744027208	0.0	(0.17888837744027208+0j)
0.425	0.18062499999999998	0.00038414410737212747	0.18100932092476926	0.0	(0.18100932092476926+0j)
0.4275	0.18275624999999998	0.0003863222532884533	0.18314274665456012	0.0	(0.18314274665456012+0j)
0.43	0.18489999999999998	0.0003884826010356	0.1852886546201433	0.0	(0.1852886546201433+0j)
0.4325	0.18705625	0.00039062514669526273	0.18744704481718594	0.0	(0.18744704481718594+0j)
0.435	0.189225	0.0003927498913889607	0.1896179172463866	0.0	(0.1896179172463866+0j)
0.4375	0.19140625	0.0003948568411625675	0.19180127191338062	0.0	(0.19180127191338062+0j)
0.44	0.1936	0.0003969460068708748	0.19399710882860732	0.0	(0.19399710882860732+0j)
0.4425	0.19580625000000002	0.00039901740406227126	0.196205428007204	0.0	(0.196205428007204+0j)
0.445	0.198025	0.0004010710528636102	0.19842622946889563	0.0	(0.19842622946889563+0j)
0.4475	0.20025625	0.00040310697786534536	0.20065951323785905	0.0	(0.20065951323785905+0j)
0.45	0.2025	0.00040512520800700593	0.20290527934264077	0.0	(0.20290527934264077+0j)
0.4525	0.20475625	0.0004071257764630811	0.20516352781600986	0.0	(0.20516352781600986+0j)
0.455	0.20702500000000001	0.0004091087205293856	0.2074342586948719	0.0	(0.2074342586948719+0j)
0.4575	0.20930625000000003	0.00041107408150997015	0.20971747202013621	0.0	(0.20971747202013621+0j)
0.46	0.2116	0.00041302190460464224	0.21201316783661425	0.0	(0.21201316783661425+0j)
0.4625	0.21390625000000002	0.0004149522387971621	0.21432134619290535	0.0	(0.21432134619290535+0j)
0.465	0.21622500000000003	0.00041686513674416914	0.21664200714128248	0.0	(0.21664200714128248+0j)
0.4675	0.21855625000000004	0.0004187606546649	0.218975150737586	0.0	(0.218975150737586+0j)
0.47000000000000003	0.22090000000000004	0.0004206388522317547	0.2213207770411159	0.0	(0.2213207770411159+0j)
0.47250000000000003	0.22325625000000002	0.0004224997924617612	0.2236788861145154	0.0	(0.2236788861145154+0j)
0.47500000000000003	0.22562500000000002	0.00042434354160899305	0.2260494780236712	0.0	(0.2260494780236712+0j)
0.47750000000000004	0.22800625000000002	0.0004261701690579858	0.22843255283760397	0.0	(0.22843255283760397+0j)
0.48	0.2304	0.00042797974721820397	0.23082811062836253	0.0	(0.23082811062836253+0j)
0.4825	0.23280625	0.00042977235141959777	0.23323615147091886	0.0	(0.23323615147091886+0j)
0.485	0.235225	0.00043154805980929713	0.23565667544306845	0.0	(0.23565667544306845+0j)
0.4875	0.23765624999999999	0.00043330695324948065	0.23808968262532304	0.0	(0.23808968262532304+0j)
0.49	0.24009999999999998	0.0004350491152164595	0.24053517310081043	0.0	(0.24053517310081043+0j)
0.4925	0.24255625	0.00043677463170101134	0.24299314695518323	0.0	(0.24299314695518323+0j)
0.495	0.245025	0.00043848359111000056	0.24546360427650718	0.0	(0.24546360427650718+0j)
0.4975	0.24750625	0.00044017608416931504	0.24794654515517506	0.0	(0.24794654515517506+0j)
0.5	0.25	0.0004418522038281516	0.25044196968380034	0.0	(0.25044196968380034+0j)
0.5025000000000001	0.25250625000000004	0.0004435120451646761	0.2529498779571369	0.0	(0.2529498779571369+0j)
0.505	0.255025	0.00044515570529308807	0.2554702700719752	0.0	(0.2554702700719752+0j)
0.5075000000000001	0.25755625000000004	0.00044678328327211136	0.25800314612705366	0.0	(0.25800314612705366+0j)
0.51	0.2601	0.0004483948800149337	0.26054850622296644	0.0	(0.26054850622296644+0j)
0.5125	0.26265625	0.0004499905982006183	0.26310635046208164	0.0	(0.26310635046208164+0j)
0.515	0.265225	0.00045157054218700253	0.2656766789484457	0.0	(0.2656766789484457+0j)
0.5175	0.26780624999999997	0.0004531348179251051	0.2682594917877042	0.0	(0.2682594917877042+0j)
0.52	0.27040000000000003	0.0004546835328750533	0.2708547890870171	0.0	(0.2708547890870171+0j)
0.5225	0.27300624999999995	0.000456216795923546	0.27346257095497045	0.0	(0.27346257095497045+0j)
0.525	0.275625	0.0004577347173028655	0.27608283750150164	0.0	(0.27608283750150164+0j)
0.5275	0.27825625	0.00045923740851144373	0.27871558883781633	0.0	(0.27871558883781633+0j)
0.53	0.28090000000000004	0.0004607249822359987	0.28136082507631077	0.0	(0.28136082507631077+0j)
0.5325	0.28355624999999995	0.00046219755227524097	0.2840185463305083	0.0	(0.2840185463305083+0j)
0.535	0.286225	0.0004636552334651627	0.28668875271495414	0.0	(0.28668875271495414+0j)
0.5375	0.28890625	0.0004650981416059071	0.28937144434517703	0.0	(0.28937144434517703+0j)
0.54	0.2916	0.00046652639339022625	0.29206662133759215	0.0	(0.29206662133759215+0j)
0.5425	0.29430625	0.00046794010633352485	0.29477428380944576	0.0	(0.29477428380944576+0j)
0.545	0.29702500000000004	0.00046933939870549314	0.2974944318787349	0.0	(0.2974944318787349+0j)
0.5475	0.29975625	0.00047072438946332433	0.3002270656641607	0.0	(0.3002270656641607+0j)
0.55	0.30250000000000005	0.00047209519818651674	0.3029721852850358	0.0	(0.3029721852850358+0j)
0.5525	0.30525625	0.00047345194501325526	0.30572979086124696	0.0	(0.30572979086124696+0j)
0.555	0.30802500000000005	0.00047479475057836786	0.3084998825131697	0.0	(0.3084998825131697+0j)
0.5575	0.31080625	0.0004761237359528507	0.3112824603616273	0.0	(0.3112824603616273+0j)
0.56	0.31360000000000005	0.00047743902258495465	0.3140775245278215	0.0	(0.3140775245278215+0j)
0.5625	0.31640625	0.0004787407322428249	0.3168850751332767	0.0	(0.3168850751332767+0j)
0.5650000000000001	0.3192250000000001	0.00048002898695868445	0.31970511229978077	0.0	(0.31970511229978077+0j)
0.5675	0.32205625	0.0004813039089745512	0.3225376361493393	0.0	(0.3225376361493393+0j)
0.5700000000000001	0.3249000000000001	0.00048256562068947753	0.32538264680412005	0.0	(0.32538264680412005+0j)
0.5725	0.32775625	0.0004838142446082991	0.3282401443863939	0.0	(0.3282401443863939+0j)
0.5750000000000001	0.33062500000000006	0.0004850499032918829	0.3311101290184961	0.0	(0.3311101290184961+0j)
0.5775	0.33350625	0.0004862727193088562	0.33399260082276716	0.0	(0.33399260082276716+0j)
0.58	0.3364	0.00048748281518880705	0.33688755992151526	0.0	(0.33688755992151526+0j)
0.5825	0.33930625000000003	0.0004886803133769363	0.33979500643697297	0.0	(0.33979500643697297+0j)
0.585	0.34222499999999995	0.0004898653361901489	0.3427149404912369	0.0	(0.3427149404912369+0j)
0.5875	0.34515625000000005	0.0004910380057745648	0.34564736220624126	0.0	(0.34564736220624126+0j)
0.59	0.34809999999999997	0.000492198444064435	0.34859227170370727	0.0	(0.34859227170370727+0j)
0.5925	0.35105625	0.0004933467727424433	0.3515496691051169	0.0	(0.3515496691051169+0j)
0.595	0.354025	0.0004944831132013753	0.35451955453165895	0.0	(0.35451955453165895+0j)
0.5975	0.35700625	0.0004956075865071361	0.3575019281041941	0.0	(0.3575019281041941+0j)
0.6	0.36	0.0004967203133630984	0.36049678994323303	0.0	(0.36049678994323303+0j)
0.6025	0.36300625000000003	0.0004978214140757593	0.36350414016888727	0.0	(0.36350414016888727+0j)
0.605	0.366025	0.0004989110085216874	0.36652397890083854	0.0	(0.36652397890083854+0j)
0.6075	0.36905625000000003	0.0004999892161157382	0.369556306258319	0.0	(0.369556306258319+0j)
0.61	0.3721	0.0005010561557805187	0.37260112236005827	0.0	(0.37260112236005827+0j)
0.6125	0.3751562500000001	0.0005021119459170774	0.3756584273242791	0.0	(0.3756584273242791+0j)
0.615	0.378225	0.0005031567043768006	0.37872822126865024	0.0	(0.37872822126865024+0j)
0.6175	0.38130625000000007	0.0005041905484344942	0.38181050431027275	0.0	(0.38181050431027275+0j)
0.62	0.3844	0.0005052135947626232	0.3849052765656381	0.0	(0.3849052765656381+0j)
0.6225	0.38750625000000005	0.0005062259594066954	0.3880125381506286	0.0	(0.3880125381506286+0j)
0.625	0.390625	0.0005072277577617602	0.39113228918046433	0.0	(0.39113228918046433+0j)
0.6275000000000001	0.3937562500000001	0.0005082191045500028	0.39426452976970144	0.0	(0.39426452976970144+0j)
0.63	0.39690000000000003	0.0005092001137994121	0.3974092600322059	0.0	(0.3974092600322059+0j)
0.6325000000000001	0.40005625000000006	0.0005101708988234972	0.4005664800811326	0.0	(0.4005664800811326+0j)
0.635	0.403225	0.0005111315722020323	0.40373619002890054	0.0	(0.40373619002890054+0j)
0.6375000000000001	0.4064062500000001	0.0005120822457628076	0.4069183899871825	0.0	(0.4069183899871825+0j)
0.64	0.4096	0.0005130230305643588	0.41011308006688674	0.0	(0.41011308006688674+0j)
0.6425	0.41280624999999993	0.0005139540368796604	0.4133202603781299	0.0	(0.4133202603781299+0j)
0.645	0.41602500000000003	0.0005148753741807528	0.4165399310302447	0.0	(0.4165399310302447+0j)
0.6475	0.41925624999999994	0.0005157871511242853	0.4197720921317413	0.0	(0.4197720921317413+0j)
0.65	0.42250000000000004	0.0005166894755379505	0.42301674379030485	0.0	(0.42301674379030485+0j)
0.6525	0.42575624999999995	0.0005175824544077878	0.42627388611278244	0.0	(0.42627388611278244+0j)
0.655	0.42902500000000005	0.0005184661938663355	0.4295435192051704	0.0	(0.4295435192051704+0j)
0.6575	0.43230624999999995	0.0005193407991816057	0.4328256431726036	0.0	(0.4328256431726036+0j)
0.66	0.43560000000000004	0.0005202063747468647	0.43612025811934535	0.0	(0.43612025811934535+0j)
0.6625	0.43890625	0.0005210630240711925	0.43942736414877637	0.0	(0.43942736414877637+0j)
0.665	0.44222500000000003	0.0005219108497708035	0.44274696136338476	0.0	(0.44274696136338476+0j)
0.6675	0.44555625	0.0005227499535611044	0.4460790498647659	0.0	(0.4460790498647659+0j)
0.67	0.4489000000000001	0.0005235804362494688	0.44942362975360894	0.0	(0.44942362975360894+0j)
0.6725	0.45225624999999997	0.0005244023977287078	0.45278070112968605	0.0	(0.45278070112968605+0j)
0.675	0.45562500000000006	0.000525215936971216	0.45615026409186077	0.0	(0.45615026409186077+0j)
0.6775	0.45900625	0.0005260211520237704	0.45953231873806394	0.0	(0.45953231873806394+0j)
0.68	0.4624000000000001	0.0005268181400029652	0.46292686516530557	0.0	(0.46292686516530557+0j)
0.6825	0.46580625	0.0005276069970912588	0.4663339034696668	0.0	(0.4663339034696668+0j)
0.685	0.46922500000000006	0.0005283878185336152	0.4697534337462832	0.0	(0.4697534337462832+0j)
0.6875	0.47265625	0.0005291606986347209	0.4731854560893608	0.0	(0.4731854560893608+0j)
0.6900000000000001	0.4761000000000001	0.0005299257307567561	0.47662997059217027	0.0	(0.47662997059217027+0j)
0.6925	0.47955625	0.0005306830073177019	0.4800869773470301	0.0	(0.4800869773470301+0j)
0.6950000000000001	0.4830250000000001	0.0005314326197901661	0.4835564764453306	0.0	(0.4835564764453306+0j)
0.6975	0.48650625000000003	0.0005321746587007082	0.4870384679775051	0.0	(0.4870384679775051+0j)
0.7000000000000001	0.4900000000000001	0.0005329092136296437	0.49053295203305325	0.0	(0.49053295203305325+0j)
0.7025	0.49350625000000004	0.0005336363732113152	0.4940399287005243	0.0	(0.4940399287005243+0j)
0.705	0.49702499999999994	0.000534356225134806	0.49755939806753713	0.0	(0.49755939806753713+0j)
0.7075	0.50055625	0.000535068856145085	0.5010913602207513	0.0	(0.5010913602207513+0j)
0.71	0.5041	0.0005357743520445628	0.5046358152459167	0.0	(0.5046358152459167+0j)
0.7125	0.50765625	0.0005364727976950437	0.508192763227816	0.0	(0.508192763227816+0j)
0.715	0.5112249999999999	0.0005371642770200567	0.5117622042503074	0.0	(0.5117622042503074+0j)
0.7175	0.51480625	0.000537848873007552	0.5153441383963286	0.0	(0.5153441383963286+0j)
0.72	0.5184	0.0005385266677129432	0.5189385657478733	0.0	(0.5189385657478733+0j)
0.7225	0.52200625	0.0005391977422624851	0.5225454863860179	0.0	(0.5225454863860179+0j)
0.725	0.525625	0.0005398621768569682	0.5261649003909147	0.0	(0.5261649003909147+0j)
0.7275	0.5292562500000001	0.000540520050775719	0.5297968078417999	0.0	(0.5297968078417999+0j)
0.73	0.5328999999999999	0.0005411714423808879	0.5334412088169996	0.0	(0.5334412088169996+0j)
0.7325	0.5365562500000001	0.0005418164291220157	0.5370981033939214	0.0	(0.5370981033939214+0j)
0.735	0.540225	0.0005424550875408601	0.5407674916490822	0.0	(0.5407674916490822+0j)
0.7375	0.54390625	0.0005430874932764749	0.544449373658093	0.0	(0.544449373658093+0j)
0.74	0.5476	0.0005437137210705223	0.5481437494956751	0.0	(0.5481437494956751+0j)
0.7425	0.5513062500000001	0.0005443338447728134	0.5518506192356566	0.0	(0.5518506192356566+0j)
0.745	0.555025	0.0005449479373470576	0.5555699829509861	0.0	(0.5555699829509861+0j)
0.7475	0.5587562500000001	0.0005455560708768147	0.5593018407137527	0.0	(0.5593018407137527+0j)
0.75	0.5625	0.000546158316571635	0.563046192595161	0.0	(0.563046192595161+0j)
0.7525000000000001	0.5662562500000001	0.0005467547447733771	0.5668030386655555	0.0	(0.5668030386655555+0j)
0.755	0.570025	0.0005473454249626933	0.5705723789944145	0.0	(0.5705723789944145+0j)
0.7575000000000001	0.5738062500000001	0.000547930425765671	0.5743542136503935	0.0	(0.5743542136503935+0j)
0.76	0.5776	0.0005485098149606208	0.5781485427012798	0.0	(0.5781485427012798+0j)
0.7625000000000001	0.5814062500000001	0.0005490836594850005	0.5819553662140481	0.0	(0.5819553662140481+0j)
0.765	0.585225	0.000549652025442466	0.5857746842548242	0.0	(0.5857746842548242+0j)
0.7675000000000001	0.5890562500000001	0.0005502149781100408	0.5896064968889287	0.0	(0.5896064968889287+0j)
0.77	0.5929	0.000550772581945391	0.5934508041808662	0.0	(0.5934508041808662+0j)
0.7725	0.59675625	0.0005513249005942042	0.5973076061943214	0.0	(0.5973076061943214+0j)
0.775	0.6006250000000001	0.0005518719968976567	0.6011769029922162	0.0	(0.6011769029922162+0j)
0.7775	0.6045062499999999	0.0005524139328999645	0.6050586946366387	0.0	(0.6050586946366387+0j)
0.78	0.6084	0.0005529507698560107	0.6089529811889238	0.0	(0.6089529811889238+0j)
0.7825	0.6123062499999999	0.0005534825682390398	0.6128597627096143	0.0	(0.6128597627096143+0j)
0.785	0.616225	0.0005540093877484122	0.6167790392585153	0.0	(0.6167790392585153+0j)
0.7875	0.62015625	0.0005545312873174128	0.6207108108946419	0.0	(0.6207108108946419+0j)
0.79	0.6241000000000001	0.0005550483251211056	0.6246550776762704	0.0	(0.6246550776762704+0j)
0.7925	0.62805625	0.0005555605585842292	0.6286118396609407	0.0	(0.6286118396609407+0j)
0.795	0.6320250000000001	0.0005560680443891237	0.6325810969054555	0.0	(0.6325810969054555+0j)
0.7975	0.63600625	0.0005565708384836889	0.6365628494658813	0.0	(0.6365628494658813+0j)
0.8	0.6400000000000001	0.0005570689960893604	0.6405570973975782	0.0	(0.6405570973975782+0j)
0.8025	0.64400625	0.0005575625717091049	0.6445638407551975	0.0	(0.6445638407551975+0j)
0.805	0.6480250000000001	0.0005580516191354251	0.6485830795926871	0.0	(0.6485830795926871+0j)
0.8075	0.65205625	0.0005585361914583698	0.6526148139632925	0.0	(0.6526148139632925+0j)
0.81	0.6561000000000001	0.000559016341073546	0.6566590439195855	0.0	(0.6566590439195855+0j)
0.8125	0.66015625	0.0005594921196901262	0.6607157695134614	0.0	(0.6607157695134614+0j)
0.8150000000000001	0.6642250000000001	0.0005599635783388478	0.6647849907961384	0.0	(0.6647849907961384+0j)
0.8175	0.66830625	0.0005604307673799984	0.6688667078181846	0.0	(0.6688667078181846+0j)
0.8200000000000001	0.6724000000000001	0.0005608937365113868	0.6729609206295096	0.0	(0.6729609206295096+0j)
0.8225	0.67650625	0.0005613525347762907	0.6770676292793852	0.0	(0.6770676292793852+0j)
0.8250000000000001	0.6806250000000001	0.0005618072105713811	0.6811868338164413	0.0	(0.6811868338164413+0j)
0.8275	0.6847562500000001	0.0005622578116546176	0.6853185342886865	0.0	(0.6853185342886865+0j)
0.8300000000000001	0.6889000000000001	0.0005627043851531146	0.6894627307435028	0.0	(0.6894627307435028+0j)
0.8325	0.69305625	0.0005631469775709697	0.6936194232276719	0.0	(0.6936194232276719+0j)
0.835	0.697225	0.0005635856347970566	0.6977886117873788	0.0	(0.6977886117873788+0j)
0.8375	0.70140625	0.0005640204021127767	0.7019702964681865	0.0	(0.7019702964681865+0j)
0.84	0.7055999999999999	0.000564451324199767	0.7061644773150881	0.0	(0.7061644773150881+0j)
0.8425	0.7098062500000001	0.0005648784451475626	0.7103711543725189	0.0	(0.7103711543725189+0j)
0.845	0.7140249999999999	0.0005653018084612112	0.7145903276843095	0.0	(0.7145903276843095+0j)
0.8475	0.71825625	0.000565721457068836	0.7188219972937543	0.0	(0.7188219972937543+0j)
0.85	0.7224999999999999	0.0005661374333291466	0.7230661632435742	0.0	(0.7230661632435742+0j)
0.8525	0.7267562500000001	0.000566549779038895	0.7273228255759635	0.0	(0.7273228255759635+0j)
0.855	0.7310249999999999	0.0005669585354402749	0.7315919843325758	0.0	(0.7315919843325758+0j)
0.8575	0.73530625	0.0005673637432282626	0.735873639554525	0.0	(0.735873639554525+0j)
0.86	0.7395999999999999	0.0005677654425578977	0.7401677912824146	0.0	(0.7401677912824146+0j)
0.8625	0.7439062500000001	0.0005681636730515028	0.7444744395563095	0.0	(0.7444744395563095+0j)
0.865	0.748225	0.0005685584738058392	0.7487935844158211	0.0	(0.7487935844158211+0j)
0.8675	0.75255625	0.0005689498833991999	0.7531252259000175	0.0	(0.7531252259000175+0j)
0.87	0.7569	0.0005693379398984354	0.757469364047505	0.0	(0.757469364047505+0j)
0.8725	0.7612562500000001	0.000569722680865914	0.7618259988964042	0.0	(0.7618259988964042+0j)
0.875	0.765625	0.0005701041433664146	0.766195130484354	0.0	(0.766195130484354+0j)
0.8775000000000001	0.7700062500000001	0.0005704823639739503	0.7705767588485392	0.0	(0.7705767588485392+0j)
0.88	0.7744	0.0005708573787785234	0.7749708840256918	0.0	(0.7749708840256918+0j)
0.8825000000000001	0.7788062500000001	0.0005712292233928105	0.7793775060520949	0.0	(0.7793775060520949+0j)
0.885	0.7832250000000001	0.0005715979329587754	0.7837966249636195	0.0	(0.7837966249636195+0j)
0.8875000000000001	0.7876562500000002	0.0005719635421542138	0.7882282407956623	0.0	(0.7882282407956623+0j)
0.89	0.7921	0.0005723260851992227	0.7926723535832341	0.0	(0.7926723535832341+0j)
0.8925000000000001	0.7965562500000001	0.0005726855958626007	0.7971289633609462	0.0	(0.7971289633609462+0j)
0.895	0.801025	0.0005730421074681735	0.8015980701629996	0.0	(0.8015980701629996+0j)
0.8975	0.80550625	0.0005733956529010489	0.8060796740232019	0.0	(0.8060796740232019+0j)
0.9	0.81	0.0005737462646137961	0.8105737749750055	0.0	(0.8105737749750055+0j)
0.9025	0.81450625	0.0005740939746325548	0.8150803730514837	0.0	(0.8150803730514837+0j)
0.905	0.819025	0.0005744388145630684	0.8195994682853681	0.0	(0.8195994682853681+0j)
0.9075	0.82355625	0.0005747808155966456	0.8241310607090386	0.0	(0.8241310607090386+0j)
0.91	0.8281000000000001	0.0005751200085160481	0.82867515035458	0.0	(0.82867515035458+0j)
0.9125	0.83265625	0.0005754564237013054	0.8332317372537399	0.0	(0.8332317372537399+0j)
0.915	0.8372250000000001	0.0005757900911354558	0.8378008214379888	0.0	(0.8378008214379888+0j)
0.9175	0.84180625	0.0005761210404102147	0.8423824029385207	0.0	(0.8423824029385207+0j)
0.92	0.8464	0.0005764493007315712	0.8469764817862977	0.0	(0.8469764817862977+0j)
0.9225	0.85100625	0.0005767749009253096	0.851583058012018	0.0	(0.851583058012018+0j)
0.925	0.8556250000000001	0.0005770978694424619	0.8562021316462063	0.0	(0.8562021316462063+0j)
0.9275	0.86025625	0.0005774182343646852	0.8608337027191939	0.0	(0.8608337027191939+0j)
0.93	0.8649000000000001	0.0005777360234095699	0.8654777712611765	0.0	(0.8654777712611765+0j)
0.9325	0.86955625	0.0005780512639358748	0.8701343373022489	0.0	(0.8701343373022489+0j)
0.935	0.8742250000000001	0.0005783639829486925	0.8748034008724466	0.0	(0.8748034008724466+0j)
0.9375	0.87890625	0.0005786742071045444	0.8794849620017904	0.0	(0.8794849620017904+0j)
0.9400000000000001	0.8836000000000002	0.0005789819627164043	0.884179020720353	0.0	(0.884179020720353+0j)
0.9425	0.88830625	0.0005792872757586546	0.8888855770583448	0.0	(0.8888855770583448+0j)
0.9450000000000001	0.8930250000000001	0.000579590171871972	0.8936046310461759	0.0	(0.8936046310461759+0j)
0.9475	0.89775625	0.0005798906763681454	0.8983361827145837	0.0	(0.8983361827145837+0j)
0.9500000000000001	0.9025000000000001	0.0005801888142348254	0.9030802320947569	0.0	(0.9030802320947569+0j)
0.9525	0.90725625	0.0005804846101402071	0.9078367792184856	0.0	(0.9078367792184856+0j)
0.9550000000000001	0.9120250000000001	0.0005807780884376459	0.9126058241183925	0.0	(0.9126058241183925+0j)
0.9575	0.91680625	0.0005810692731702071	0.9173873668281687	0.0	(0.9173873668281687+0j)
0.96	0.9216	0.0005813581880751499	0.922181407382922	0.0	(0.922181407382922+0j)
0.9625	0.9264062500000001	0.0005816448565883467	0.926987945819617	0.0	(0.926987945819617+0j)
0.965	0.931225	0.0005819293018486381	0.931806982177646	0.0	(0.931806982177646+0j)
0.9675	0.93605625	0.0005822115467021244	0.9366385164996529	0.0	(0.9366385164996529+0j)
0.97	0.9409	0.000582491613706394	0.9414825488326	0.0	(0.9414825488326+0j)
0.9725	0.9457562500000001	0.000582769525134689	0.9463390792293538	0.0	(0.9463390792293538+0j)
0.975	0.9506249999999999	0.0005830453029800114	0.9512081077509367	0.0	(0.9512081077509367+0j)
0.9775	0.9555062500000001	0.0005833189689591654	0.956089634469943	0.0	(0.956089634469943+0j)
0.98	0.9603999999999999	0.0005835905445167413	0.9609836594758207	0.0	(0.9609836594758207+0j)
0.9825	0.96530625	0.0005838600508290405	0.9658901828835121	0.0	(0.9658901828835121+0j)
0.985	0.970225	0.0005841275088079397	0.970809204848189	0.0	(0.970809204848189+0j)
0.9875	0.9751562500000001	0.0005843929391046988	0.975740725592425	0.0	(0.975740725592425+0j)
0.99	0.9801	0.0005846563621137107	0.9806847454604148	0.0	(0.9806847454604148+0j)
0.9925	0.9850562500000001	0.0005849177979761946	0.9856412650401153	0.0	(0.9856412650401153+0j)
0.995	0.990025	0.0005851772665838331	0.9906102854888953	0.0	(0.9906102854888953+0j)
0.9975	0.9950062500000001	0.0005854347875823551	0.995591809672214	0.0	(0.995591809672214+0j)
1.0	1.0	0.0005856903803750623	1.0005858489718125	0.0	(1.0005858489718125+0j)
