-1.0	-1.0	-3.1805523827484364e-05	-1.0000318287424492	0.0	(-1.0000318287424492+0j)
-0.9966666666666667	-0.9933444444444445	-3.1805353209597026e-05	-0.9933762607022273	0.0	(-0.9933762607022273+0j)
-0.9933333333333334	-0.9867111111111112	-3.180518087119962e-05	-0.9867429219519479	0.0	(-0.9867429219519479+0j)
-0.9900000000000001	-0.9801000000000002	-3.180500678908134e-05	-0.9801318080014076	0.0	(-0.9801318080014076+0j)
-0.9866666666666667	-0.9735111111111112	-3.180483093963862e-05	-0.9735429175742196	0.0	(-0.9735429175742196+0j)
-0.9833333333333334	-0.9669444444444446	-3.180465329886717e-05	-0.9669762500668403	0.0	(-0.9669762500668403+0j)
-0.9800000000000001	-0.9604000000000001	-3.1804473842353764e-05	-0.9604318051441342	0.0	(-0.9604318051441342+0j)
-0.9766666666666667	-0.9538777777777778	-3.1804292545267866e-05	-0.9539095826189864	0.0	(-0.9539095826189864+0j)
-0.9733333333333334	-0.9473777777777779	-3.180410938235304e-05	-0.9474095823932465	0.0	(-0.9474095823932465+0j)
-0.9700000000000001	-0.9409000000000002	-3.180392432791812e-05	-0.940931804419932	0.0	(-0.940931804419932+0j)
-0.9666666666666667	-0.9344444444444444	-3.180373735582826e-05	-0.9344762486787536	0.0	(-0.9344762486787536+0j)
-0.9633333333333334	-0.9280111111111112	-3.1803548439495634e-05	-0.9280429151618239	0.0	(-0.9280429151618239+0j)
-0.9600000000000001	-0.9216000000000002	-3.1803357551870056e-05	-0.9216318038664294	0.0	(-0.9216318038664294+0j)
-0.9566666666666668	-0.9152111111111113	-3.1803164665429255e-05	-0.9152429147916888	0.0	(-0.9152429147916888+0j)
-0.9533333333333334	-0.9088444444444445	-3.1802969752168946e-05	-0.9088762479373403	0.0	(-0.9088762479373403+0j)
-0.9500000000000001	-0.9025000000000001	-3.180277278359269e-05	-0.9025318033033022	0.0	(-0.9025318033033022+0j)
-0.9466666666666668	-0.896177777777778	-3.180257373070148e-05	-0.8962095808895332	0.0	(-0.8962095808895332+0j)
-0.9433333333333334	-0.8898777777777778	-3.180237256398304e-05	-0.8899095806960112	0.0	(-0.8899095806960112+0j)
-0.9400000000000001	-0.8836000000000002	-3.1802169253400904e-05	-0.8836318027227044	0.0	(-0.8836318027227044+0j)
-0.9366666666666668	-0.8773444444444446	-3.1801963768383204e-05	-0.8773762469695775	0.0	(-0.8773762469695775+0j)
-0.9333333333333333	-0.8711111111111112	-3.180175607781117e-05	-0.8711429134366154	0.0	(-0.8711429134366154+0j)
-0.93	-0.8649000000000001	-3.180154615000734e-05	-0.8649318021237826	0.0	(-0.8649318021237826+0j)
-0.9266666666666667	-0.8587111111111113	-3.180133395272352e-05	-0.8587429130310489	0.0	(-0.8587429130310489+0j)
-0.9233333333333333	-0.8525444444444444	-3.180111945312834e-05	-0.8525762461583849	0.0	(-0.8525762461583849+0j)
-0.92	-0.8464	-3.180090261779459e-05	-0.8464318015057671	0.0	(-0.8464318015057671+0j)
-0.9166666666666667	-0.8402777777777779	-3.18006834126862e-05	-0.8403095790731526	0.0	(-0.8403095790731526+0j)
-0.9133333333333334	-0.834177777777778	-3.180046180314486e-05	-0.83420957886053	0.0	(-0.83420957886053+0j)
-0.91	-0.8281000000000001	-3.180023775387635e-05	-0.8281318008678445	0.0	(-0.8281318008678445+0j)
-0.9066666666666667	-0.8220444444444446	-3.180001122893644e-05	-0.8220762450950774	0.0	(-0.8220762450950774+0j)
-0.9033333333333334	-0.8160111111111112	-3.1799782191716533e-05	-0.8160429115421971	0.0	(-0.8160429115421971+0j)
-0.9	-0.81	-3.1799550604928816e-05	-0.810031800209167	0.0	(-0.810031800209167+0j)
-0.8966666666666667	-0.8040111111111112	-3.1799316430591126e-05	-0.8040429110959436	0.0	(-0.8040429110959436+0j)
-0.8933333333333334	-0.7980444444444446	-3.1799079630011344e-05	-0.7980762442025059	0.0	(-0.7980762442025059+0j)
-0.89	-0.7921	-3.1798840163771436e-05	-0.7921317995288047	0.0	(-0.7921317995288047+0j)
-0.8866666666666667	-0.7861777777777779	-3.1798597991711036e-05	-0.7862095770748246	0.0	(-0.7862095770748246+0j)
-0.8833333333333334	-0.780277777777778	-3.17983530729106e-05	-0.7803095768405198	0.0	(-0.7803095768405198+0j)
-0.88	-0.7744	-3.179810536567413e-05	-0.7744317988258365	0.0	(-0.7744317988258365+0j)
-0.8766666666666667	-0.7685444444444445	-3.179785482751144e-05	-0.768576243030761	0.0	(-0.768576243030761+0j)
-0.8733333333333334	-0.7627111111111112	-3.179760141511989e-05	-0.7627429094552415	0.0	(-0.7627429094552415+0j)
-0.8700000000000001	-0.7569000000000002	-3.179734508436572e-05	-0.7569317980992453	0.0	(-0.7569317980992453+0j)
-0.8666666666666667	-0.7511111111111112	-3.179708579026482e-05	-0.7511429089627248	0.0	(-0.7511429089627248+0j)
-0.8633333333333334	-0.7453444444444446	-3.179682348696297e-05	-0.7453762420456508	0.0	(-0.7453762420456508+0j)
-0.8600000000000001	-0.7396000000000001	-3.17965581277156e-05	-0.7396317973479736	0.0	(-0.7396317973479736+0j)
-0.8566666666666667	-0.7338777777777779	-3.179628966486693e-05	-0.7339095748696411	0.0	(-0.7339095748696411+0j)
-0.8533333333333334	-0.7281777777777779	-3.1796018049828605e-05	-0.728209574610625	0.0	(-0.728209574610625+0j)
-0.8500000000000001	-0.7225000000000001	-3.179574323305768e-05	-0.7225317965708914	0.0	(-0.7225317965708914+0j)
-0.8466666666666667	-0.7168444444444445	-3.179546516403405e-05	-0.7168762407503675	0.0	(-0.7168762407503675+0j)
-0.8433333333333334	-0.7112111111111112	-3.179518379123721e-05	-0.7112429071490273	0.0	(-0.7112429071490273+0j)
-0.8400000000000001	-0.7056000000000001	-3.17948990621224e-05	-0.7056317957668236	0.0	(-0.7056317957668236+0j)
-0.8366666666666667	-0.7000111111111111	-3.179461092309608e-05	-0.7000429066037019	0.0	(-0.7000429066037019+0j)
-0.8333333333333334	-0.6944444444444445	-3.17943193194907e-05	-0.6944762396596179	0.0	(-0.6944762396596179+0j)
-0.8300000000000001	-0.6889000000000001	-3.1794024195538735e-05	-0.6889317949345185	0.0	(-0.6889317949345185+0j)
-0.8266666666666668	-0.683377777777778	-3.17937254943461e-05	-0.6834095724283599	0.0	(-0.6834095724283599+0j)
-0.8233333333333334	-0.6778777777777778	-3.1793423157864664e-05	-0.6779095721410873	0.0	(-0.6779095721410873+0j)
-0.8200000000000001	-0.6724000000000001	-3.179311712686404e-05	-0.6724317940726489	0.0	(-0.6724317940726489+0j)
-0.8166666666666668	-0.6669444444444446	-3.179280734090263e-05	-0.6669762382229955	0.0	(-0.6669762382229955+0j)
-0.8133333333333334	-0.6615111111111112	-3.1792493738297714e-05	-0.6615429045920798	0.0	(-0.6615429045920798+0j)
-0.81	-0.6561000000000001	-3.1792176256094806e-05	-0.6561317931798296	0.0	(-0.6561317931798296+0j)
-0.8066666666666668	-0.6507111111111112	-3.1791854830036e-05	-0.6507429039861949	0.0	(-0.6507429039861949+0j)
-0.8033333333333333	-0.6453444444444445	-3.179152939452749e-05	-0.6453762370111202	0.0	(-0.6453762370111202+0j)
-0.8	-0.6400000000000001	-3.1791199882606094e-05	-0.640031792254553	0.0	(-0.640031792254553+0j)
-0.7966666666666667	-0.6346777777777779	-3.1790866225904786e-05	-0.6347095697164284	0.0	(-0.6347095697164284+0j)
-0.7933333333333333	-0.6293777777777778	-3.179052835461727e-05	-0.6294095693966918	0.0	(-0.6294095693966918+0j)
-0.79	-0.6241000000000001	-3.179018619746142e-05	-0.6241317912952686	0.0	(-0.6241317912952686+0j)
-0.7866666666666667	-0.6188444444444445	-3.178983968164172e-05	-0.6188762354121036	0.0	(-0.6188762354121036+0j)
-0.7833333333333334	-0.6136111111111112	-3.178948873281051e-05	-0.6136429017471385	0.0	(-0.6136429017471385+0j)
-0.78	-0.6084	-3.178913327502814e-05	-0.6084317903003021	0.0	(-0.6084317903003021+0j)
-0.7766666666666667	-0.6032111111111113	-3.1788773230721837e-05	-0.6032429010715207	0.0	(-0.6032429010715207+0j)
-0.7733333333333334	-0.5980444444444446	-3.178840852064342e-05	-0.5980762340607294	0.0	(-0.5980762340607294+0j)
-0.77	-0.5929	-3.178803906382568e-05	-0.5929317892678682	0.0	(-0.5929317892678682+0j)
-0.7666666666666667	-0.5877777777777778	-3.178766477753742e-05	-0.5878095666928576	0.0	(-0.5878095666928576+0j)
-0.7633333333333334	-0.582677777777778	-3.178728557723715e-05	-0.5827095663356296	0.0	(-0.5827095663356296+0j)
-0.76	-0.5776	-3.178690137652536e-05	-0.5776317881961043	0.0	(-0.5776317881961043+0j)
-0.7566666666666667	-0.5725444444444445	-3.178651208709526e-05	-0.5725762322742167	0.0	(-0.5725762322742167+0j)
-0.7533333333333334	-0.5675111111111112	-3.1786117618682084e-05	-0.5675428985698769	0.0	(-0.5675428985698769+0j)
-0.75	-0.5625	-3.178571787901071e-05	-0.5625317870830153	0.0	(-0.5625317870830153+0j)
-0.7466666666666667	-0.5575111111111112	-3.178531277374172e-05	-0.5575428978135498	0.0	(-0.5575428978135498+0j)
-0.7433333333333334	-0.5525444444444445	-3.178490220641576e-05	-0.5525762307614002	0.0	(-0.5525762307614002+0j)
-0.7400000000000001	-0.5476000000000002	-3.1784486078396046e-05	-0.5476317859264695	0.0	(-0.5476317859264695+0j)
-0.7366666666666667	-0.5426777777777778	-3.178406428880917e-05	-0.5427095633086914	0.0	(-0.5427095633086914+0j)
-0.7333333333333334	-0.5377777777777779	-3.1783636734483956e-05	-0.5378095629079681	0.0	(-0.5378095629079681+0j)
-0.7300000000000001	-0.5329000000000002	-3.178320330988835e-05	-0.5329317847242212	0.0	(-0.5329317847242212+0j)
-0.7266666666666667	-0.5280444444444444	-3.1782763907064295e-05	-0.5280762287573426	0.0	(-0.5280762287573426+0j)
-0.7233333333333334	-0.5232111111111112	-3.178231841556051e-05	-0.5232428950072566	0.0	(-0.5232428950072566+0j)
-0.7200000000000001	-0.5184000000000001	-3.178186672236305e-05	-0.5184317834738528	0.0	(-0.5184317834738528+0j)
-0.7166666666666667	-0.5136111111111111	-3.178140871182367e-05	-0.5136428941570431	0.0	(-0.5136428941570431+0j)
-0.7133333333333334	-0.5088444444444445	-3.178094426558574e-05	-0.5088762270567262	0.0	(-0.5088762270567262+0j)
-0.7100000000000001	-0.5041000000000001	-3.178047326250781e-05	-0.5041317821728042	0.0	(-0.5041317821728042+0j)
-0.7066666666666667	-0.49937777777777775	-3.177999557858458e-05	-0.4994095595051744	0.0	(-0.4994095595051744+0j)
-0.7033333333333334	-0.4946777777777778	-3.177951108686533e-05	-0.4947095590537251	0.0	(-0.4947095590537251+0j)
-0.7000000000000001	-0.4900000000000001	-3.177901965736947e-05	-0.49003178081835497	0.0	(-0.49003178081835497+0j)
-0.6966666666666667	-0.4853444444444444	-3.1778521156999446e-05	-0.4853762247989511	0.0	(-0.4853762247989511+0j)
-0.6933333333333334	-0.48071111111111114	-3.177801544945055e-05	-0.48074289099540024	0.0	(-0.48074289099540024+0j)
-0.6900000000000001	-0.4761000000000001	-3.1777502395117774e-05	-0.47613177940758544	0.0	(-0.47613177940758544+0j)
-0.6866666666666668	-0.4715111111111112	-3.1776981850999405e-05	-0.4715428900353927	0.0	(-0.4715428900353927+0j)
-0.6833333333333333	-0.46694444444444444	-3.177645367059743e-05	-0.46697622287869944	0.0	(-0.46697622287869944+0j)
-0.68	-0.4624000000000001	-3.1775917703814396e-05	-0.4624317779373822	0.0	(-0.4624317779373822+0j)
-0.6766666666666667	-0.4578777777777779	-3.17753737968468e-05	-0.4579095552113166	0.0	(-0.4579095552113166+0j)
-0.6733333333333333	-0.45337777777777777	-3.17748217920747e-05	-0.45340955470037336	0.0	(-0.45340955470037336+0j)
-0.67	-0.4489000000000001	-3.1774261527947564e-05	-0.44893177640441917	0.0	(-0.44893177640441917+0j)
-0.6666666666666667	-0.44444444444444453	-3.1773692838865986e-05	-0.4444762203233262	0.0	(-0.4444762203233262+0j)
-0.6633333333333333	-0.44001111111111113	-3.177311555505937e-05	-0.44004288645694906	0.0	(-0.44004288645694906+0j)
-0.66	-0.43560000000000004	-3.177252950245918e-05	-0.4356317748051531	0.0	(-0.4356317748051531+0j)
-0.6566666666666667	-0.4312111111111112	-3.17719345025677e-05	-0.431242885367786	0.0	(-0.431242885367786+0j)
-0.6533333333333333	-0.4268444444444444	-3.177133037232213e-05	-0.42687621814470744	0.0	(-0.42687621814470744+0j)
-0.65	-0.42250000000000004	-3.177071692395373e-05	-0.42253177313576845	0.0	(-0.42253177313576845+0j)
-0.6466666666666667	-0.41817777777777787	-3.177009396484194e-05	-0.41820955034080753	0.0	(-0.41820955034080753+0j)
-0.6433333333333334	-0.4138777777777779	-3.1769461297363115e-05	-0.41390954975967126	0.0	(-0.41390954975967126+0j)
-0.64	-0.4096	-3.17688187187338e-05	-0.40963177139220047	0.0	(-0.40963177139220047+0j)
-0.6366666666666667	-0.4053444444444445	-3.176816602084821e-05	-0.4053762152382225	0.0	(-0.4053762152382225+0j)
-0.6333333333333334	-0.4011111111111112	-3.176750299010972e-05	-0.4011428812975723	0.0	(-0.4011428812975723+0j)
-0.63	-0.39690000000000003	-3.1766829407256106e-05	-0.39693176957007636	0.0	(-0.39693176957007636+0j)
-0.6266666666666667	-0.3927111111111112	-3.176614504717821e-05	-0.3927428800555554	0.0	(-0.3927428800555554+0j)
-0.6233333333333334	-0.3885444444444445	-3.176544967873186e-05	-0.38857621275383103	0.0	(-0.38857621275383103+0j)
-0.62	-0.3844	-3.176474306454269e-05	-0.38443176766471887	0.0	(-0.38443176766471887+0j)
-0.6166666666666667	-0.3802777777777778	-3.1764024960803514e-05	-0.38030954478802526	0.0	(-0.38030954478802526+0j)
-0.6133333333333334	-0.37617777777777783	-3.1763295117063986e-05	-0.37620954412355173	0.0	(-0.37620954412355173+0j)
-0.61	-0.3721	-3.176255327601222e-05	-0.37213176567110035	0.0	(-0.37213176567110035+0j)
-0.6066666666666667	-0.36804444444444445	-3.176179917324795e-05	-0.36807620943047364	0.0	(-0.36807620943047364+0j)
-0.6033333333333334	-0.3640111111111112	-3.176103253704689e-05	-0.3640428754014542	0.0	(-0.3640428754014542+0j)
-0.6000000000000001	-0.3600000000000001	-3.1760253088116004e-05	-0.36003176358383027	0.0	(-0.36003176358383027+0j)
-0.5966666666666667	-0.3560111111111111	-3.175946053933898e-05	-0.356042873977377	0.0	(-0.356042873977377+0j)
-0.5933333333333334	-0.3520444444444445	-3.17586545955119e-05	-0.35207620658187155	0.0	(-0.35207620658187155+0j)
-0.5900000000000001	-0.3481000000000001	-3.175783495306823e-05	-0.34813176139708785	0.0	(-0.34813176139708785+0j)
-0.5866666666666667	-0.3441777777777778	-3.1757001299792957e-05	-0.34420953842278557	0.0	(-0.34420953842278557+0j)
-0.5833333333333334	-0.34027777777777785	-3.1756153314525245e-05	-0.3403095376587206	0.0	(-0.3403095376587206+0j)
-0.5800000000000001	-0.3364000000000001	-3.175529066684903e-05	-0.33643175910464285	0.0	(-0.33643175910464285+0j)
-0.5766666666666667	-0.3325444444444444	-3.1754413016771155e-05	-0.33257620276030253	0.0	(-0.33257620276030253+0j)
-0.5733333333333334	-0.3287111111111111	-3.175352001438626e-05	-0.3287428686254303	0.0	(-0.3287428686254303+0j)
-0.5700000000000001	-0.3249000000000001	-3.175261129952803e-05	-0.3249317566997644	0.0	(-0.3249317566997644+0j)
-0.5666666666666667	-0.32111111111111107	-3.175168650140594e-05	-0.32114286698302824	0.0	(-0.32114286698302824+0j)
-0.5633333333333334	-0.3173444444444445	-3.1750745238227e-05	-0.3173761994749377	0.0	(-0.3173761994749377+0j)
-0.56	-0.31360000000000005	-3.174978711680157e-05	-0.31363175417520667	0.0	(-0.31363175417520667+0j)
-0.5566666666666668	-0.30987777777777786	-3.174881173213276e-05	-0.30990953108353486	0.0	(-0.30990953108353486+0j)
-0.5533333333333333	-0.30617777777777777	-3.1747818666988326e-05	-0.30620953019962044	0.0	(-0.30620953019962044+0j)
-0.55	-0.30250000000000005	-3.174680749145443e-05	-0.3025317515231508	0.0	(-0.3025317515231508+0j)
-0.5466666666666667	-0.2988444444444445	-3.174577776247026e-05	-0.29887619505380764	0.0	(-0.29887619505380764+0j)
-0.5433333333333333	-0.2952111111111111	-3.174472902334262e-05	-0.29524286079125844	0.0	(-0.29524286079125844+0j)
-0.54	-0.2916	-3.174366080323948e-05	-0.2916317487351714	0.0	(-0.2916317487351714+0j)
-0.5366666666666667	-0.28801111111111116	-3.174257261666141e-05	-0.28804285888519654	0.0	(-0.28804285888519654+0j)
-0.5333333333333333	-0.28444444444444444	-3.1741463962889876e-05	-0.28447619124098433	0.0	(-0.28447619124098433+0j)
-0.53	-0.28090000000000004	-3.1740334325411096e-05	-0.28093174580215335	0.0	(-0.28093174580215335+0j)
-0.5266666666666667	-0.27737777777777783	-3.173918317131436e-05	-0.27740952256834805	0.0	(-0.27740952256834805+0j)
-0.5233333333333333	-0.2738777777777778	-3.173800995066341e-05	-0.27390952153918213	0.0	(-0.27390952153918213+0j)
-0.52	-0.27040000000000003	-3.173681409583948e-05	-0.2704317427142593	0.0	(-0.2704317427142593+0j)
-0.5166666666666667	-0.2669444444444445	-3.1735595020854684e-05	-0.2669761860931671	0.0	(-0.2669761860931671+0j)
-0.5133333333333334	-0.2635111111111112	-3.1734352120633945e-05	-0.26354285167550207	0.0	(-0.26354285167550207+0j)
-0.51	-0.2601	-3.17330847702641e-05	-0.26013173946083307	0.0	(-0.26013173946083307+0j)
-0.5066666666666667	-0.25671111111111117	-3.173179232420822e-05	-0.25674284944872156	0.0	(-0.25674284944872156+0j)
-0.5033333333333334	-0.25334444444444454	-3.1730474115483435e-05	-0.2533761816387194	0.0	(-0.2533761816387194+0j)
-0.5	-0.25	-3.172912945480025e-05	-0.2500317360303643	0.0	(-0.2500317360303643+0j)
-0.4966666666666667	-0.2466777777777778	-3.1727757629661295e-05	-0.2467095126231835	0.0	(-0.2467095126231835+0j)
-0.49333333333333335	-0.2433777777777778	-3.1726357903417265e-05	-0.24340951141668749	0.0	(-0.24340951141668749+0j)
-0.49000000000000005	-0.24010000000000004	-3.172492951427785e-05	-0.24013173241036884	0.0	(-0.24013173241036884+0j)
-0.4866666666666667	-0.23684444444444447	-3.1723471674274956e-05	-0.23687617560374458	0.0	(-0.23687617560374458+0j)
-0.48333333333333334	-0.2336111111111111	-3.172198356817582e-05	-0.23364284099625587	0.0	(-0.23364284099625587+0j)
-0.48000000000000004	-0.23040000000000005	-3.172046435234303e-05	-0.23043172858737104	0.0	(-0.23043172858737104+0j)
-0.4766666666666667	-0.2272111111111111	-3.1718913153538573e-05	-0.2272428383765338	0.0	(-0.2272428383765338+0j)
-0.4733333333333334	-0.2240444444444445	-3.1717329067668725e-05	-0.22407617036317318	0.0	(-0.22407617036317318+0j)
-0.47000000000000003	-0.22090000000000004	-3.171571115846642e-05	-0.22093172454670398	0.0	(-0.22093172454670398+0j)
-0.4666666666666667	-0.2177777777777778	-3.171405845610747e-05	-0.21780950092651863	0.0	(-0.21780950092651863+0j)
-0.4633333333333334	-0.21467777777777783	-3.171236995575688e-05	-0.2147094995019997	0.0	(-0.2147094995019997+0j)
-0.46	-0.2116	-3.171064461604115e-05	-0.21163172027251376	0.0	(-0.21163172027251376+0j)
-0.4566666666666667	-0.2085444444444445	-3.1708881357442244e-05	-0.208576163237402	0.0	(-0.208576163237402+0j)
-0.45333333333333337	-0.20551111111111114	-3.170707906060856e-05	-0.20554282839599836	0.0	(-0.20554282839599836+0j)
-0.45	-0.2025	-3.170523656457806e-05	-0.20253171574761028	0.0	(-0.20253171574761028+0j)
-0.4466666666666667	-0.19951111111111114	-3.170335266490818e-05	-0.19954282529153197	0.0	(-0.19954282529153197+0j)
-0.44333333333333336	-0.19654444444444447	-3.170142611170694e-05	-0.19657615702703388	0.0	(-0.19657615702703388+0j)
-0.44	-0.1936	-3.169945560755932e-05	-0.19363171095337198	0.0	(-0.19363171095337198+0j)
-0.4366666666666667	-0.1906777777777778	-3.169743980534234e-05	-0.19070948706977522	0.0	(-0.19070948706977522+0j)
-0.43333333333333335	-0.1877777777777778	-3.169537730592207e-05	-0.18780948537545833	0.0	(-0.18780948537545833+0j)
-0.43000000000000005	-0.18490000000000004	-3.169326665572518e-05	-0.18493170586961405	0.0	(-0.18493170586961405+0j)
-0.4266666666666667	-0.18204444444444448	-3.16911063441772e-05	-0.18207614855141152	0.0	(-0.18207614855141152+0j)
-0.42333333333333334	-0.17921111111111113	-3.168889480099899e-05	-0.1792428134199978	0.0	(-0.1792428134199978+0j)
-0.42000000000000004	-0.17640000000000003	-3.16866303933524e-05	-0.17643170047450155	0.0	(-0.17643170047450155+0j)
-0.4166666666666667	-0.17361111111111113	-3.1684311422825574e-05	-0.17364280971402424	0.0	(-0.17364280971402424+0j)
-0.4133333333333334	-0.1708444444444445	-3.168193612224722e-05	-0.17087614113764676	0.0	(-0.17087614113764676+0j)
-0.41000000000000003	-0.16810000000000003	-3.1679502652318964e-05	-0.16813169474442402	0.0	(-0.16813169474442402+0j)
-0.4066666666666667	-0.1653777777777778	-3.1677009098053665e-05	-0.16540947053339028	0.0	(-0.16540947053339028+0j)
-0.4033333333333334	-0.1626777777777778	-3.1674453465006805e-05	-0.16270946850355322	0.0	(-0.16270946850355322+0j)
-0.4	-0.16000000000000003	-3.167183367528717e-05	-0.1600316886538969	0.0	(-0.1600316886538969+0j)
-0.39666666666666667	-0.15734444444444445	-3.166914756333187e-05	-0.15737613098338077	0.0	(-0.15737613098338077+0j)
-0.39333333333333337	-0.15471111111111113	-3.1666392871429675e-05	-0.15474279549093875	0.0	(-0.15474279549093875+0j)
-0.39	-0.1521	-3.166356724497536e-05	-0.15213168217548026	0.0	(-0.15213168217548026+0j)
-0.3866666666666667	-0.14951111111111115	-3.166066822743649e-05	-0.14954279103588936	0.0	(-0.14954279103588936+0j)
-0.38333333333333336	-0.14694444444444446	-3.165769325501247e-05	-0.1469761220710253	0.0	(-0.1469761220710253+0j)
-0.38	-0.1444	-3.165463965096423e-05	-0.14443167527972325	0.0	(-0.14443167527972325+0j)
-0.3766666666666667	-0.1418777777777778	-3.165150461959112e-05	-0.14190945066079375	0.0	(-0.14190945066079375+0j)
-0.37333333333333335	-0.1393777777777778	-3.16482852398297e-05	-0.1394094482130195	0.0	(-0.1394094482130195+0j)
-0.37000000000000005	-0.13690000000000005	-3.164497845844697e-05	-0.13693166793516345	0.0	(-0.13693166793516345+0j)
-0.3666666666666667	-0.13444444444444448	-3.164158108279863e-05	-0.1344761098259662	0.0	(-0.1344761098259662+0j)
-0.36333333333333334	-0.1320111111111111	-3.163808977311997e-05	-0.13204277388414176	0.0	(-0.13204277388414176+0j)
-0.36000000000000004	-0.12960000000000002	-3.1634501034315e-05	-0.1296316601083883	0.0	(-0.1296316601083883+0j)
-0.3566666666666667	-0.12721111111111114	-3.163081120720575e-05	-0.1272427684973792	0.0	(-0.1272427684973792+0j)
-0.35333333333333333	-0.12484444444444444	-3.162701645920113e-05	-0.12487609904977537	0.0	(-0.12487609904977537+0j)
-0.35000000000000003	-0.12250000000000003	-3.162311277434067e-05	-0.12253165176421756	0.0	(-0.12253165176421756+0j)
-0.3466666666666667	-0.12017777777777779	-3.1619095942665e-05	-0.12020942663933482	0.0	(-0.12020942663933482+0j)
-0.3433333333333334	-0.1178777777777778	-3.1614961548860424e-05	-0.11790942367374396	0.0	(-0.11790942367374396+0j)
-0.34	-0.11560000000000002	-3.161070496012039e-05	-0.1156316428660553	0.0	(-0.1156316428660553+0j)
-0.33666666666666667	-0.11334444444444444	-3.1606321313161606e-05	-0.11337608421487388	0.0	(-0.11337608421487388+0j)
-0.33333333333333337	-0.11111111111111113	-3.1601805500326736e-05	-0.1111427477188052	0.0	(-0.1111427477188052+0j)
-0.33	-0.10890000000000001	-3.1597152154699514e-05	-0.10893163337646221	0.0	(-0.10893163337646221+0j)
-0.32666666666666666	-0.1067111111111111	-3.159235563415132e-05	-0.10674274118646691	0.0	(-0.10674274118646691+0j)
-0.32333333333333336	-0.10454444444444447	-3.158741000423056e-05	-0.10457607114745834	0.0	(-0.10457607114745834+0j)
-0.32	-0.1024	-3.158230901979798e-05	-0.10243162325810258	0.0	(-0.10243162325810258+0j)
-0.3166666666666667	-0.1002777777777778	-3.157704610530169e-05	-0.10030939751709932	0.0	(-0.10030939751709932+0j)
-0.31333333333333335	-0.0981777777777778	-3.1571614333575614e-05	-0.09820939392319271	0.0	(-0.09820939392319271+0j)
-0.31	-0.0961	-3.156600640303356e-05	-0.09613161247518137	0.0	(-0.09613161247518137+0j)
-0.3066666666666667	-0.09404444444444446	-3.1560214613118756e-05	-0.0940760531719328	0.0	(-0.0940760531719328+0j)
-0.30333333333333334	-0.09201111111111111	-3.155423083785458e-05	-0.0920427160124007	0.0	(-0.0920427160124007+0j)
-0.30000000000000004	-0.09000000000000002	-3.154804649732681e-05	-0.09003160099563462	0.0	(-0.09003160099563462+0j)
-0.2966666666666667	-0.08801111111111112	-3.15416525269104e-05	-0.08804270812080564	0.0	(-0.08804270812080564+0j)
-0.29333333333333333	-0.08604444444444445	-3.153503934403463e-05	-0.08607603738722922	0.0	(-0.08607603738722922+0j)
-0.29000000000000004	-0.08410000000000002	-3.1528196812258934e-05	-0.08413158879438239	0.0	(-0.08413158879438239+0j)
-0.2866666666666667	-0.08217777777777778	-3.152111420240783e-05	-0.08220936234194237	0.0	(-0.08220936234194237+0j)
-0.2833333333333333	-0.08027777777777777	-3.151378015048657e-05	-0.08030935802980971	0.0	(-0.08030935802980971+0j)
-0.28	-0.07840000000000001	-3.1506182612069075e-05	-0.07843157585815355	0.0	(-0.07843157585815355+0j)
-0.27666666666666667	-0.07654444444444444	-3.14983088128161e-05	-0.07657601582744514	0.0	(-0.07657601582744514+0j)
-0.2733333333333334	-0.07471111111111113	-3.1490145194743834e-05	-0.07474267793851354	0.0	(-0.07474267793851354+0j)
-0.27	-0.0729	-3.1481677357820725e-05	-0.0729315621925933	0.0	(-0.0729315621925933+0j)
-0.26666666666666666	-0.07111111111111111	-3.14728899964223e-05	-0.07114266859139086	0.0	(-0.07114266859139086+0j)
-0.26333333333333336	-0.06934444444444446	-3.146376683012025e-05	-0.06937599713715356	0.0	(-0.06937599713715356+0j)
-0.26	-0.06760000000000001	-3.145429052822074e-05	-0.06763154783274938	0.0	(-0.06763154783274938+0j)
-0.2566666666666667	-0.0658777777777778	-3.144444262739858e-05	-0.06590932068175988	0.0	(-0.06590932068175988+0j)
-0.25333333333333335	-0.06417777777777779	-3.143420344169567e-05	-0.06420931568858293	0.0	(-0.06420931568858293+0j)
-0.25	-0.0625	-3.142355196406382e-05	-0.06253153285855505	0.0	(-0.06253153285855505+0j)
-0.24666666666666667	-0.06084444444444445	-3.1412465758531864e-05	-0.06087597219808578	0.0	(-0.06087597219808578+0j)
-0.24333333333333335	-0.05921111111111112	-3.140092084196261e-05	-0.05924263371481332	0.0	(-0.05924263371481332+0j)
-0.24000000000000002	-0.05760000000000001	-3.138889155423492e-05	-0.05763151741778554	0.0	(-0.05763151741778554+0j)
-0.2366666666666667	-0.05601111111111112	-3.137635041553771e-05	-0.056042623317664436	0.0	(-0.056042623317664436+0j)
-0.23333333333333334	-0.05444444444444445	-3.136326796929268e-05	-0.054475951426958456	0.0	(-0.054475951426958456+0j)
-0.23	-0.0529	-3.13496126090274e-05	-0.0529315017602963	0.0	(-0.0529315017602963+0j)
-0.22666666666666668	-0.051377777777777786	-3.133535038729704e-05	-0.05140927433473415	0.0	(-0.05140927433473415+0j)
-0.22333333333333336	-0.049877777777777785	-3.132044480449551e-05	-0.049909269170112736	0.0	(-0.049909269170112736+0j)
-0.22	-0.0484	-3.130485657510007e-05	-0.04843148628947052	0.0	(-0.04843148628947052+0j)
-0.21666666666666667	-0.04694444444444445	-3.128854336855107e-05	-0.04697592571951611	0.0	(-0.04697592571951611+0j)
-0.21333333333333335	-0.04551111111111112	-3.1271459521571625e-05	-0.04554258749117648	0.0	(-0.04554258749117648+0j)
-0.21000000000000002	-0.04410000000000001	-3.125355571827242e-05	-0.04413147164022955	0.0	(-0.04413147164022955+0j)
-0.2066666666666667	-0.04271111111111112	-3.1234778633851676e-05	-0.04274257820804313	0.0	(-0.04274257820804313+0j)
-0.20333333333333334	-0.04134444444444445	-3.121507053707746e-05	-0.04137590724241974	0.0	(-0.04137590724241974+0j)
-0.2	-0.04000000000000001	-3.1194368846011486e-05	-0.04003145879859121	0.0	(-0.04003145879859121+0j)
-0.19666666666666668	-0.03867777777777778	-3.117260563058151e-05	-0.03870923294036906	0.0	(-0.03870923294036906+0j)
-0.19333333333333336	-0.03737777777777779	-3.1149707054608766e-05	-0.03740922974148614	0.0	(-0.03740922974148614+0j)
-0.19	-0.0361	-3.11255927487197e-05	-0.036131449287167154	0.0	(-0.036131449287167154+0j)
-0.18666666666666668	-0.03484444444444445	-3.1100175104181586e-05	-0.03487589167596126	0.0	(-0.03487589167596126+0j)
-0.18333333333333335	-0.03361111111111112	-3.1073358476057316e-05	-0.03364255702189385	0.0	(-0.03364255702189385+0j)
-0.18000000000000002	-0.032400000000000005	-3.104503828212279e-05	-0.032431445456992496	0.0	(-0.032431445456992496+0j)
-0.17666666666666667	-0.03121111111111111	-3.101509998166732e-05	-0.031242557134258	0.0	(-0.031242557134258+0j)
-0.17333333333333334	-0.030044444444444447	-3.098341791552282e-05	-0.030075892231171963	0.0	(-0.030075892231171963+0j)
-0.17	-0.028900000000000006	-3.094985398534435e-05	-0.028931450953835324	0.0	(-0.028931450953835324+0j)
-0.16666666666666669	-0.027777777777777783	-3.091425614616975e-05	-0.027809233541878385	0.0	(-0.027809233541878385+0j)
-0.16333333333333333	-0.026677777777777776	-3.0876456681468074e-05	-0.026709240274280222	0.0	(-0.026709240274280222+0j)
-0.16	-0.0256	-3.0836270224054736e-05	-0.025631471476299707	0.0	(-0.025631471476299707+0j)
-0.15666666666666668	-0.02454444444444445	-3.079349147916531e-05	-0.024575927527739044	0.0	(-0.024575927527739044+0j)
-0.15333333333333335	-0.023511111111111115	-3.0747892597338004e-05	-0.02354260887282246	0.0	(-0.02354260887282246+0j)
-0.15000000000000002	-0.022500000000000006	-3.0699220134170724e-05	-0.022531516032039952	0.0	(-0.022531516032039952+0j)
-0.14666666666666667	-0.021511111111111113	-3.064719152100382e-05	-0.02154264961637685	0.0	(-0.02154264961637685+0j)
-0.14333333333333334	-0.020544444444444445	-3.059149095450282e-05	-0.020576010344464338	0.0	(-0.020576010344464338+0j)
-0.14	-0.019600000000000003	-3.053176459316885e-05	-0.01963159906329447	0.0	(-0.01963159906329447+0j)
-0.1366666666666667	-0.018677777777777783	-3.046761492393701e-05	-0.018709416773320494	0.0	(-0.018709416773320494+0j)
-0.13333333333333333	-0.017777777777777778	-3.0398594130871955e-05	-0.017809464658949056	0.0	(-0.017809464658949056+0j)
-0.13	-0.016900000000000002	-3.0324196258754023e-05	-0.01693174412569037	0.0	(-0.01693174412569037+0j)
-0.12666666666666668	-0.016044444444444448	-3.0243847914740043e-05	-0.016076256845551192	0.0	(-0.016076256845551192+0j)
-0.12333333333333334	-0.015211111111111113	-3.0156897188240473e-05	-0.015243004812652495	0.0	(-0.015243004812652495+0j)
-0.12000000000000001	-0.014400000000000003	-3.006260038873497e-05	-0.014431990411581384	0.0	(-0.014431990411581384+0j)
-0.11666666666666667	-0.013611111111111112	-2.9960106098418592e-05	-0.013643216501625756	0.0	(-0.013643216501625756+0j)
-0.11333333333333334	-0.012844444444444447	-2.984843590510108e-05	-0.012876686520887106	0.0	(-0.012876686520887106+0j)
-0.11	-0.0121	-2.9726461013397e-05	-0.012132404615320225	0.0	(-0.012132404615320225+0j)
-0.10666666666666667	-0.01137777777777778	-2.9592873721368083e-05	-0.011410375799122296	0.0	(-0.011410375799122296+0j)
-0.10333333333333335	-0.01067777777777778	-2.944615248947389e-05	-0.010710606154642498	0.0	(-0.010710606154642498+0j)
-0.1	-0.010000000000000002	-2.928451901875312e-05	-0.0100331030822491	0.0	(-0.0100331030822491+0j)
-0.09666666666666668	-0.009344444444444447	-2.9105885408780324e-05	-0.009377875613530583	0.0	(-0.009377875613530583+0j)
-0.09333333333333334	-0.008711111111111112	-2.8907789122574207e-05	-0.008744934805052852	0.0	(-0.008744934805052852+0j)
-0.09000000000000001	-0.008100000000000001	-2.8687313230689807e-05	-0.008134294234961249	0.0	(-0.008134294234961249+0j)
-0.08666666666666667	-0.007511111111111112	-2.8440989398507898e-05	-0.0075459706314370805	0.0	(-0.0075459706314370805+0j)
-0.08333333333333334	-0.006944444444444446	-2.81646815820659e-05	-0.006979984670968738	0.0	(-0.006979984670968738+0j)
-0.08	-0.0064	-2.7853449804468018e-05	-0.006436361996304372	0.0	(-0.006436361996304372+0j)
-0.07666666666666667	-0.005877777777777779	-2.7501396235092842e-05	-0.00591513451961078	0.0	(-0.00591513451961078+0j)
-0.07333333333333333	-0.005377777777777778	-2.710150073273824e-05	-0.005416342096500309	0.0	(-0.005416342096500309+0j)
-0.07	-0.004900000000000001	-2.664546068148219e-05	-0.0049400346813193614	0.0	(-0.0049400346813193614+0j)
-0.06666666666666667	-0.0044444444444444444	-2.6123560757863477e-05	-0.004486275102093486	0.0	(-0.004486275102093486+0j)
-0.06333333333333334	-0.004011111111111112	-2.5524612063058912e-05	-0.004055142620181622	0.0	(-0.004055142620181622+0j)
-0.060000000000000005	-0.0036000000000000008	-2.483601566815492e-05	-0.0036467374538044976	0.0	(-0.0036467374538044976+0j)
-0.05666666666666667	-0.0032111111111111116	-2.40440204413769e-05	-0.00326118642145266	0.0	(-0.00326118642145266+0j)
-0.05333333333333334	-0.002844444444444445	-2.3134254731121263e-05	-0.002898649746497746	0.0	(-0.002898649746497746+0j)
-0.05	-0.0025000000000000005	-2.209261019140758e-05	-0.002559328734350284	0.0	(-0.002559328734350284+0j)
-0.04666666666666667	-0.002177777777777778	-2.090653714291983e-05	-0.002243473194925816	0.0	(-0.002243473194925816+0j)
-0.043333333333333335	-0.001877777777777778	-1.956676863066282e-05	-0.001951385424085953	0.0	(-0.001951385424085953+0j)
-0.04	-0.0016	-1.8069422239374398e-05	-0.0016834124103620024	0.0	(-0.0016834124103620024+0j)
-0.03666666666666667	-0.0013444444444444445	-1.6418338008376013e-05	-0.0014399019706488171	0.0	(-0.0014399019706488171+0j)
-0.03333333333333333	-0.0011111111111111111	-1.462740848322775e-05	-0.0012209334755169494	0.0	(-0.0012209334755169494+0j)
-0.030000000000000002	-0.0009000000000000002	-1.2722562285075285e-05	-0.0011148681752385604	0.0	(-0.0011148681752385604+0j)
-0.02666666666666667	-0.0007111111111111113	-1.07430008927139e-05	-0.001028469947393887	0.0	(-0.001028469947393887+0j)
-0.023333333333333334	-0.0005444444444444445	-8.741286037160967e-06	-0.0008590291287048003	0.0	(-0.0008590291287048003+0j)
-0.02	-0.0004	-6.781952433642494e-06	-0.0007132865847519713	0.0	(-0.0007132865847519713+0j)
-0.016666666666666666	-0.0002777777777777778	-4.938483671743416e-06	-0.0005863789389475813	0.0	(-0.0005863789389475813+0j)
-0.013333333333333334	-0.0001777777777777778	-3.2887240491722482e-06	-0.00046566812023825704	0.0	(-0.00046566812023825704+0j)
-0.01	-0.0001	-1.9090705667468343e-06	-0.00033247768494873295	0.0	(-0.00033247768494873295+0j)
-0.006666666666666667	-4.444444444444445e-05	-8.680450755006296e-07	-0.0001772248838314481	0.0	(-0.0001772248838314481+0j)
-0.0033333333333333335	-1.1111111111111113e-05	-2.200287027688888e-07	-1.3942162311805784e-18	-0.00020750200528497562	(-1.3942162311805784e-18-0.00020750200528497562j)
0.0033333333333333335	1.1111111111111113e-05	2.200287027688888e-07	-1.3942162311805784e-18	0.00020750200528497562	(-1.3942162311805784e-18+0.00020750200528497562j)
0.006666666666666667	4.444444444444445e-05	8.680450755006296e-07	0.00017722488383145596	0.0	(0.00017722488383145596+0j)
0.01	0.0001	1.9090705667468343e-06	0.0003324776849487265	0.0	(0.0003324776849487265+0j)
0.013333333333333334	0.0001777777777777778	3.2887240491722482e-06	0.0004656681202382639	0.0	(0.0004656681202382639+0j)
0.016666666666666666	0.0002777777777777778	4.938483671743416e-06	0.0005863789389475898	0.0	(0.0005863789389475898+0j)
0.02	0.0004	6.781952433642494e-06	0.0007132865847519865	0.0	(0.0007132865847519865+0j)
0.023333333333333334	0.0005444444444444445	8.741286037160967e-06	0.0008590291287048231	0.0	(0.0008590291287048231+0j)
0.02666666666666667	0.0007111111111111113	1.07430008927139e-05	0.0010284699473939128	0.0	(0.0010284699473939128+0j)
0.030000000000000002	0.0009000000000000002	1.2722562285075285e-05	0.001114868175238555	0.0	(0.001114868175238555+0j)
0.03333333333333333	0.0011111111111111111	1.462740848322775e-05	0.0012209334755169268	0.0	(0.0012209334755169268+0j)
0.03666666666666667	0.0013444444444444445	1.6418338008376013e-05	0.0014399019706487883	0.0	(0.0014399019706487883+0j)
0.04	0.0016	1.8069422239374398e-05	0.0016834124103620666	0.0	(0.0016834124103620666+0j)
0.043333333333333335	0.001877777777777778	1.956676863066282e-05	0.0019513854240859562	0.0	(0.0019513854240859562+0j)
0.04666666666666667	0.002177777777777778	2.090653714291983e-05	0.002243473194925806	0.0	(0.002243473194925806+0j)
0.05	0.0025000000000000005	2.209261019140758e-05	0.0025593287343502595	0.0	(0.0025593287343502595+0j)
0.05333333333333334	0.002844444444444445	2.3134254731121263e-05	0.0028986497464977656	0.0	(0.0028986497464977656+0j)
0.05666666666666667	0.0032111111111111116	2.40440204413769e-05	0.003261186421452661	0.0	(0.003261186421452661+0j)
0.060000000000000005	0.0036000000000000008	2.483601566815492e-05	0.0036467374538044907	0.0	(0.0036467374538044907+0j)
0.06333333333333334	0.004011111111111112	2.5524612063058912e-05	0.004055142620181628	0.0	(0.004055142620181628+0j)
0.06666666666666667	0.0044444444444444444	2.6123560757863477e-05	0.004486275102093509	0.0	(0.004486275102093509+0j)
0.07	0.004900000000000001	2.664546068148219e-05	0.004940034681319395	0.0	(0.004940034681319395+0j)
0.07333333333333333	0.005377777777777778	2.710150073273824e-05	0.0054163420965002845	0.0	(0.0054163420965002845+0j)
0.07666666666666667	0.005877777777777779	2.7501396235092842e-05	0.0059151345196107805	0.0	(0.0059151345196107805+0j)
0.08	0.0064	2.7853449804468018e-05	0.0064363619963043565	0.0	(0.0064363619963043565+0j)
0.08333333333333334	0.006944444444444446	2.81646815820659e-05	0.006979984670968746	0.0	(0.006979984670968746+0j)
0.08666666666666667	0.007511111111111112	2.8440989398507898e-05	0.0075459706314370675	0.0	(0.0075459706314370675+0j)
0.09000000000000001	0.008100000000000001	2.8687313230689807e-05	0.008134294234961172	0.0	(0.008134294234961172+0j)
0.09333333333333334	0.008711111111111112	2.8907789122574207e-05	0.008744934805052893	0.0	(0.008744934805052893+0j)
0.09666666666666668	0.009344444444444447	2.9105885408780324e-05	0.009377875613530609	0.0	(0.009377875613530609+0j)
0.1	0.010000000000000002	2.928451901875312e-05	0.010033103082249063	0.0	(0.010033103082249063+0j)
0.10333333333333335	0.01067777777777778	2.944615248947389e-05	0.01071060615464245	0.0	(0.01071060615464245+0j)
0.10666666666666667	0.01137777777777778	2.9592873721368083e-05	0.011410375799122201	0.0	(0.011410375799122201+0j)
0.11	0.0121	2.9726461013397e-05	0.012132404615320176	0.0	(0.012132404615320176+0j)
0.11333333333333334	0.012844444444444447	2.984843590510108e-05	0.012876686520887177	0.0	(0.012876686520887177+0j)
0.11666666666666667	0.013611111111111112	2.9960106098418592e-05	0.013643216501625723	0.0	(0.013643216501625723+0j)
0.12000000000000001	0.014400000000000003	3.006260038873497e-05	0.014431990411581504	0.0	(0.014431990411581504+0j)
0.12333333333333334	0.015211111111111113	3.0156897188240473e-05	0.015243004812652665	0.0	(0.015243004812652665+0j)
0.12666666666666668	0.016044444444444448	3.0243847914740043e-05	0.01607625684555127	0.0	(0.01607625684555127+0j)
0.13	0.016900000000000002	3.0324196258754023e-05	0.01693174412569055	0.0	(0.01693174412569055+0j)
0.13333333333333333	0.017777777777777778	3.0398594130871955e-05	0.017809464658949007	0.0	(0.017809464658949007+0j)
0.1366666666666667	0.018677777777777783	3.046761492393701e-05	0.018709416773320452	0.0	(0.018709416773320452+0j)
0.14	0.019600000000000003	3.053176459316885e-05	0.019631599063294317	0.0	(0.019631599063294317+0j)
0.14333333333333334	0.020544444444444445	3.059149095450282e-05	0.020576010344464296	0.0	(0.020576010344464296+0j)
0.14666666666666667	0.021511111111111113	3.064719152100382e-05	0.021542649616376745	0.0	(0.021542649616376745+0j)
0.15000000000000002	0.022500000000000006	3.0699220134170724e-05	0.022531516032039577	0.0	(0.022531516032039577+0j)
0.15333333333333335	0.023511111111111115	3.0747892597338004e-05	0.023542608872822775	0.0	(0.023542608872822775+0j)
0.15666666666666668	0.02454444444444445	3.079349147916531e-05	0.024575927527739145	0.0	(0.024575927527739145+0j)
0.16	0.0256	3.0836270224054736e-05	0.02563147147629988	0.0	(0.02563147147629988+0j)
0.16333333333333333	0.026677777777777776	3.0876456681468074e-05	0.0267092402742801	0.0	(0.0267092402742801+0j)
0.16666666666666669	0.027777777777777783	3.091425614616975e-05	0.02780923354187831	0.0	(0.02780923354187831+0j)
0.17	0.028900000000000006	3.094985398534435e-05	0.028931450953835654	0.0	(0.028931450953835654+0j)
0.17333333333333334	0.030044444444444447	3.098341791552282e-05	0.03007589223117187	0.0	(0.03007589223117187+0j)
0.17666666666666667	0.03121111111111111	3.101509998166732e-05	0.031242557134258064	0.0	(0.031242557134258064+0j)
0.18000000000000002	0.032400000000000005	3.104503828212279e-05	0.032431445456992815	0.0	(0.032431445456992815+0j)
0.18333333333333335	0.03361111111111112	3.1073358476057316e-05	0.033642557021894094	0.0	(0.033642557021894094+0j)
0.18666666666666668	0.03484444444444445	3.1100175104181586e-05	0.03487589167596133	0.0	(0.03487589167596133+0j)
0.19	0.0361	3.11255927487197e-05	0.03613144928716717	0.0	(0.03613144928716717+0j)
0.19333333333333336	0.03737777777777779	3.1149707054608766e-05	0.03740922974148629	0.0	(0.03740922974148629+0j)
0.19666666666666668	0.03867777777777778	3.117260563058151e-05	0.03870923294036904	0.0	(0.03870923294036904+0j)
0.2	0.04000000000000001	3.1194368846011486e-05	0.04003145879859145	0.0	(0.04003145879859145+0j)
0.20333333333333334	0.04134444444444445	3.121507053707746e-05	0.04137590724241955	0.0	(0.04137590724241955+0j)
0.2066666666666667	0.04271111111111112	3.1234778633851676e-05	0.042742578208042996	0.0	(0.042742578208042996+0j)
0.21000000000000002	0.04410000000000001	3.125355571827242e-05	0.04413147164022984	0.0	(0.04413147164022984+0j)
0.21333333333333335	0.04551111111111112	3.1271459521571625e-05	0.045542587491175957	0.0	(0.045542587491175957+0j)
0.21666666666666667	0.04694444444444445	3.128854336855107e-05	0.04697592571951613	0.0	(0.04697592571951613+0j)
0.22	0.0484	3.130485657510007e-05	0.048431486289470804	0.0	(0.048431486289470804+0j)
0.22333333333333336	0.049877777777777785	3.132044480449551e-05	0.049909269170112666	0.0	(0.049909269170112666+0j)
0.22666666666666668	0.051377777777777786	3.133535038729704e-05	0.05140927433473371	0.0	(0.05140927433473371+0j)
0.23	0.0529	3.13496126090274e-05	0.05293150176029643	0.0	(0.05293150176029643+0j)
0.23333333333333334	0.05444444444444445	3.136326796929268e-05	0.05447595142695862	0.0	(0.05447595142695862+0j)
0.2366666666666667	0.05601111111111112	3.137635041553771e-05	0.05604262331766412	0.0	(0.05604262331766412+0j)
0.24000000000000002	0.05760000000000001	3.138889155423492e-05	0.05763151741778546	0.0	(0.05763151741778546+0j)
0.24333333333333335	0.05921111111111112	3.140092084196261e-05	0.05924263371481273	0.0	(0.05924263371481273+0j)
0.24666666666666667	0.06084444444444445	3.1412465758531864e-05	0.060875972198085306	0.0	(0.060875972198085306+0j)
0.25	0.0625	3.142355196406382e-05	0.06253153285855531	0.0	(0.06253153285855531+0j)
0.25333333333333335	0.06417777777777779	3.143420344169567e-05	0.0642093156885833	0.0	(0.0642093156885833+0j)
0.2566666666666667	0.0658777777777778	3.144444262739858e-05	0.06590932068175932	0.0	(0.06590932068175932+0j)
0.26	0.06760000000000001	3.145429052822074e-05	0.06763154783274905	0.0	(0.06763154783274905+0j)
0.26333333333333336	0.06934444444444446	3.146376683012025e-05	0.06937599713715331	0.0	(0.06937599713715331+0j)
0.26666666666666666	0.07111111111111111	3.14728899964223e-05	0.07114266859139079	0.0	(0.07114266859139079+0j)
0.27	0.0729	3.1481677357820725e-05	0.07293156219259254	0.0	(0.07293156219259254+0j)
0.2733333333333334	0.07471111111111113	3.1490145194743834e-05	0.07474267793851365	0.0	(0.07474267793851365+0j)
0.27666666666666667	0.07654444444444444	3.14983088128161e-05	0.07657601582744535	0.0	(0.07657601582744535+0j)
0.28	0.07840000000000001	3.1506182612069075e-05	0.07843157585815372	0.0	(0.07843157585815372+0j)
0.2833333333333333	0.08027777777777777	3.151378015048657e-05	0.08030935802981018	0.0	(0.08030935802981018+0j)
0.2866666666666667	0.08217777777777778	3.152111420240783e-05	0.08220936234194179	0.0	(0.08220936234194179+0j)
0.29000000000000004	0.08410000000000002	3.1528196812258934e-05	0.0841315887943832	0.0	(0.0841315887943832+0j)
0.29333333333333333	0.08604444444444445	3.153503934403463e-05	0.0860760373872291	0.0	(0.0860760373872291+0j)
0.2966666666666667	0.08801111111111112	3.15416525269104e-05	0.08804270812080667	0.0	(0.08804270812080667+0j)
0.30000000000000004	0.09000000000000002	3.154804649732681e-05	0.09003160099563452	0.0	(0.09003160099563452+0j)
0.30333333333333334	0.09201111111111111	3.155423083785458e-05	0.09204271601240101	0.0	(0.09204271601240101+0j)
0.3066666666666667	0.09404444444444446	3.1560214613118756e-05	0.09407605317193396	0.0	(0.09407605317193396+0j)
0.31	0.0961	3.156600640303356e-05	0.09613161247518118	0.0	(0.09613161247518118+0j)
0.31333333333333335	0.0981777777777778	3.1571614333575614e-05	0.09820939392319272	0.0	(0.09820939392319272+0j)
0.3166666666666667	0.1002777777777778	3.157704610530169e-05	0.10030939751709912	0.0	(0.10030939751709912+0j)
0.32	0.1024	3.158230901979798e-05	0.10243162325810203	0.0	(0.10243162325810203+0j)
0.32333333333333336	0.10454444444444447	3.158741000423056e-05	0.10457607114745752	0.0	(0.10457607114745752+0j)
0.32666666666666666	0.1067111111111111	3.159235563415132e-05	0.10674274118646612	0.0	(0.10674274118646612+0j)
0.33	0.10890000000000001	3.1597152154699514e-05	0.10893163337646188	0.0	(0.10893163337646188+0j)
0.33333333333333337	0.11111111111111113	3.1601805500326736e-05	0.11114274771880552	0.0	(0.11114274771880552+0j)
0.33666666666666667	0.11334444444444444	3.1606321313161606e-05	0.11337608421487384	0.0	(0.11337608421487384+0j)
0.34	0.11560000000000002	3.161070496012039e-05	0.1156316428660555	0.0	(0.1156316428660555+0j)
0.3433333333333334	0.1178777777777778	3.1614961548860424e-05	0.11790942367374388	0.0	(0.11790942367374388+0j)
0.3466666666666667	0.12017777777777779	3.1619095942665e-05	0.12020942663933439	0.0	(0.12020942663933439+0j)
0.35000000000000003	0.12250000000000003	3.162311277434067e-05	0.12253165176421747	0.0	(0.12253165176421747+0j)
0.35333333333333333	0.12484444444444444	3.162701645920113e-05	0.12487609904977481	0.0	(0.12487609904977481+0j)
0.3566666666666667	0.12721111111111114	3.163081120720575e-05	0.1272427684973794	0.0	(0.1272427684973794+0j)
0.36000000000000004	0.12960000000000002	3.1634501034315e-05	0.12963166010838684	0.0	(0.12963166010838684+0j)
0.36333333333333334	0.1320111111111111	3.163808977311997e-05	0.13204277388414182	0.0	(0.13204277388414182+0j)
0.3666666666666667	0.13444444444444448	3.164158108279863e-05	0.13447610982596517	0.0	(0.13447610982596517+0j)
0.37000000000000005	0.13690000000000005	3.164497845844697e-05	0.13693166793516287	0.0	(0.13693166793516287+0j)
0.37333333333333335	0.1393777777777778	3.16482852398297e-05	0.1394094482130188	0.0	(0.1394094482130188+0j)
0.3766666666666667	0.1418777777777778	3.165150461959112e-05	0.14190945066079316	0.0	(0.14190945066079316+0j)
0.38	0.1444	3.165463965096423e-05	0.14443167527972423	0.0	(0.14443167527972423+0j)
0.38333333333333336	0.14694444444444446	3.165769325501247e-05	0.14697612207102642	0.0	(0.14697612207102642+0j)
0.3866666666666667	0.14951111111111115	3.166066822743649e-05	0.14954279103588983	0.0	(0.14954279103588983+0j)
0.39	0.1521	3.166356724497536e-05	0.15213168217547984	0.0	(0.15213168217547984+0j)
0.39333333333333337	0.15471111111111113	3.1666392871429675e-05	0.15474279549093814	0.0	(0.15474279549093814+0j)
0.39666666666666667	0.15734444444444445	3.166914756333187e-05	0.157376130983381	0.0	(0.157376130983381+0j)
0.4	0.16000000000000003	3.167183367528717e-05	0.16003168865389675	0.0	(0.16003168865389675+0j)
0.4033333333333334	0.1626777777777778	3.1674453465006805e-05	0.1627094685035522	0.0	(0.1627094685035522+0j)
0.4066666666666667	0.1653777777777778	3.1677009098053665e-05	0.16540947053338945	0.0	(0.16540947053338945+0j)
0.41000000000000003	0.16810000000000003	3.1679502652318964e-05	0.16813169474442483	0.0	(0.16813169474442483+0j)
0.4133333333333334	0.1708444444444445	3.168193612224722e-05	0.17087614113764785	0.0	(0.17087614113764785+0j)
0.4166666666666667	0.17361111111111113	3.1684311422825574e-05	0.17364280971402477	0.0	(0.17364280971402477+0j)
0.42000000000000004	0.17640000000000003	3.16866303933524e-05	0.17643170047450216	0.0	(0.17643170047450216+0j)
0.42333333333333334	0.17921111111111113	3.168889480099899e-05	0.179242813419999	0.0	(0.179242813419999+0j)
0.4266666666666667	0.18204444444444448	3.16911063441772e-05	0.18207614855141116	0.0	(0.18207614855141116+0j)
0.43000000000000005	0.18490000000000004	3.169326665572518e-05	0.1849317058696139	0.0	(0.1849317058696139+0j)
0.43333333333333335	0.1877777777777778	3.169537730592207e-05	0.1878094853754578	0.0	(0.1878094853754578+0j)
0.4366666666666667	0.1906777777777778	3.169743980534234e-05	0.19070948706977411	0.0	(0.19070948706977411+0j)
0.44	0.1936	3.169945560755932e-05	0.19363171095337	0.0	(0.19363171095337+0j)
0.44333333333333336	0.19654444444444447	3.170142611170694e-05	0.19657615702703218	0.0	(0.19657615702703218+0j)
0.4466666666666667	0.19951111111111114	3.170335266490818e-05	0.1995428252915312	0.0	(0.1995428252915312+0j)
0.45	0.2025	3.170523656457806e-05	0.20253171574761095	0.0	(0.20253171574761095+0j)
0.45333333333333337	0.20551111111111114	3.170707906060856e-05	0.205542828395999	0.0	(0.205542828395999+0j)
0.4566666666666667	0.2085444444444445	3.1708881357442244e-05	0.20857616323740139	0.0	(0.20857616323740139+0j)
0.46	0.2116	3.171064461604115e-05	0.211631720272513	0.0	(0.211631720272513+0j)
0.4633333333333334	0.21467777777777783	3.171236995575688e-05	0.21470949950199714	0.0	(0.21470949950199714+0j)
0.4666666666666667	0.2177777777777778	3.171405845610747e-05	0.21780950092651774	0.0	(0.21780950092651774+0j)
0.47000000000000003	0.22090000000000004	3.171571115846642e-05	0.22093172454670332	0.0	(0.22093172454670332+0j)
0.4733333333333334	0.2240444444444445	3.1717329067668725e-05	0.22407617036317368	0.0	(0.22407617036317368+0j)
0.4766666666666667	0.2272111111111111	3.1718913153538573e-05	0.2272428383765343	0.0	(0.2272428383765343+0j)
0.48000000000000004	0.23040000000000005	3.172046435234303e-05	0.23043172858737024	0.0	(0.23043172858737024+0j)
0.48333333333333334	0.2336111111111111	3.172198356817582e-05	0.23364284099625454	0.0	(0.23364284099625454+0j)
0.4866666666666667	0.23684444444444447	3.1723471674274956e-05	0.2368761756037452	0.0	(0.2368761756037452+0j)
0.49000000000000005	0.24010000000000004	3.172492951427785e-05	0.24013173241037064	0.0	(0.24013173241037064+0j)
0.49333333333333335	0.2433777777777778	3.1726357903417265e-05	0.24340951141668954	0.0	(0.24340951141668954+0j)
0.4966666666666667	0.2466777777777778	3.1727757629661295e-05	0.24670951262318244	0.0	(0.24670951262318244+0j)
0.5	0.25	3.172912945480025e-05	0.250031736030364	0.0	(0.250031736030364+0j)
0.5033333333333334	0.25334444444444454	3.1730474115483435e-05	0.2533761816387205	0.0	(0.2533761816387205+0j)
0.5066666666666667	0.25671111111111117	3.173179232420822e-05	0.2567428494487234	0.0	(0.2567428494487234+0j)
0.51	0.2601	3.17330847702641e-05	0.26013173946083323	0.0	(0.26013173946083323+0j)
0.5133333333333334	0.2635111111111112	3.1734352120633945e-05	0.26354285167550184	0.0	(0.26354285167550184+0j)
0.5166666666666667	0.2669444444444445	3.1735595020854684e-05	0.2669761860931686	0.0	(0.2669761860931686+0j)
0.52	0.27040000000000003	3.173681409583948e-05	0.270431742714258	0.0	(0.270431742714258+0j)
0.5233333333333333	0.2738777777777778	3.173800995066341e-05	0.27390952153918297	0.0	(0.27390952153918297+0j)
0.5266666666666667	0.27737777777777783	3.173918317131436e-05	0.2774095225683506	0.0	(0.2774095225683506+0j)
0.53	0.28090000000000004	3.1740334325411096e-05	0.2809317458021537	0.0	(0.2809317458021537+0j)
0.5333333333333333	0.28444444444444444	3.1741463962889876e-05	0.28447619124098356	0.0	(0.28447619124098356+0j)
0.5366666666666667	0.28801111111111116	3.174257261666141e-05	0.28804285888519454	0.0	(0.28804285888519454+0j)
0.54	0.2916	3.174366080323948e-05	0.2916317487351721	0.0	(0.2916317487351721+0j)
0.5433333333333333	0.2952111111111111	3.174472902334262e-05	0.29524286079126033	0.0	(0.29524286079126033+0j)
0.5466666666666667	0.2988444444444445	3.174577776247026e-05	0.29887619505380886	0.0	(0.29887619505380886+0j)
0.55	0.30250000000000005	3.174680749145443e-05	0.30253175152315315	0.0	(0.30253175152315315+0j)
0.5533333333333333	0.30617777777777777	3.1747818666988326e-05	0.306209530199621	0.0	(0.306209530199621+0j)
0.5566666666666668	0.30987777777777786	3.174881173213276e-05	0.30990953108353236	0.0	(0.30990953108353236+0j)
0.56	0.31360000000000005	3.174978711680157e-05	0.31363175417520733	0.0	(0.31363175417520733+0j)
0.5633333333333334	0.3173444444444445	3.1750745238227e-05	0.3173761994749396	0.0	(0.3173761994749396+0j)
0.5666666666666667	0.32111111111111107	3.175168650140594e-05	0.3211428669830256	0.0	(0.3211428669830256+0j)
0.5700000000000001	0.3249000000000001	3.175261129952803e-05	0.32493175669976226	0.0	(0.32493175669976226+0j)
0.5733333333333334	0.3287111111111111	3.175352001438626e-05	0.3287428686254293	0.0	(0.3287428686254293+0j)
0.5766666666666667	0.3325444444444444	3.1754413016771155e-05	0.3325762027602994	0.0	(0.3325762027602994+0j)
0.5800000000000001	0.3364000000000001	3.175529066684903e-05	0.33643175910464734	0.0	(0.33643175910464734+0j)
0.5833333333333334	0.34027777777777785	3.1756153314525245e-05	0.3403095376587216	0.0	(0.3403095376587216+0j)
0.5866666666666667	0.3441777777777778	3.1757001299792957e-05	0.3442095384227867	0.0	(0.3442095384227867+0j)
0.5900000000000001	0.3481000000000001	3.175783495306823e-05	0.3481317613970882	0.0	(0.3481317613970882+0j)
0.5933333333333334	0.3520444444444445	3.17586545955119e-05	0.3520762065818747	0.0	(0.3520762065818747+0j)
0.5966666666666667	0.3560111111111111	3.175946053933898e-05	0.3560428739773772	0.0	(0.3560428739773772+0j)
0.6000000000000001	0.3600000000000001	3.1760253088116004e-05	0.3600317635838289	0.0	(0.3600317635838289+0j)
0.6033333333333334	0.3640111111111112	3.176103253704689e-05	0.3640428754014541	0.0	(0.3640428754014541+0j)
0.6066666666666667	0.36804444444444445	3.176179917324795e-05	0.36807620943047414	0.0	(0.36807620943047414+0j)
0.61	0.3721	3.176255327601222e-05	0.3721317656711034	0.0	(0.3721317656711034+0j)
0.6133333333333334	0.37617777777777783	3.1763295117063986e-05	0.376209544123549	0.0	(0.376209544123549+0j)
0.6166666666666667	0.3802777777777778	3.1764024960803514e-05	0.38030954478802315	0.0	(0.38030954478802315+0j)
0.62	0.3844	3.176474306454269e-05	0.384431767664719	0.0	(0.384431767664719+0j)
0.6233333333333334	0.3885444444444445	3.176544967873186e-05	0.3885762127538332	0.0	(0.3885762127538332+0j)
0.6266666666666667	0.3927111111111112	3.176614504717821e-05	0.3927428800555582	0.0	(0.3927428800555582+0j)
0.63	0.39690000000000003	3.1766829407256106e-05	0.3969317695700757	0.0	(0.3969317695700757+0j)
0.6333333333333334	0.4011111111111112	3.176750299010972e-05	0.40114288129757225	0.0	(0.40114288129757225+0j)
0.6366666666666667	0.4053444444444445	3.176816602084821e-05	0.4053762152382223	0.0	(0.4053762152382223+0j)
0.64	0.4096	3.17688187187338e-05	0.40963177139219825	0.0	(0.40963177139219825+0j)
0.6433333333333334	0.4138777777777779	3.1769461297363115e-05	0.4139095497596725	0.0	(0.4139095497596725+0j)
0.6466666666666667	0.41817777777777787	3.177009396484194e-05	0.41820955034080826	0.0	(0.41820955034080826+0j)
0.65	0.42250000000000004	3.177071692395373e-05	0.42253177313576773	0.0	(0.42253177313576773+0j)
0.6533333333333333	0.4268444444444444	3.177133037232213e-05	0.4268762181447111	0.0	(0.4268762181447111+0j)
0.6566666666666667	0.4312111111111112	3.17719345025677e-05	0.43124288536778627	0.0	(0.43124288536778627+0j)
0.66	0.43560000000000004	3.177252950245918e-05	0.4356317748051494	0.0	(0.4356317748051494+0j)
0.6633333333333333	0.44001111111111113	3.177311555505937e-05	0.440042886456949	0.0	(0.440042886456949+0j)
0.6666666666666667	0.44444444444444453	3.1773692838865986e-05	0.44447622032332373	0.0	(0.44447622032332373+0j)
0.67	0.4489000000000001	3.1774261527947564e-05	0.44893177640441856	0.0	(0.44893177640441856+0j)
0.6733333333333333	0.45337777777777777	3.17748217920747e-05	0.45340955470037253	0.0	(0.45340955470037253+0j)
0.6766666666666667	0.4578777777777779	3.17753737968468e-05	0.45790955521131405	0.0	(0.45790955521131405+0j)
0.68	0.4624000000000001	3.1775917703814396e-05	0.4624317779373795	0.0	(0.4624317779373795+0j)
0.6833333333333333	0.46694444444444444	3.177645367059743e-05	0.46697622287869733	0.0	(0.46697622287869733+0j)
0.6866666666666668	0.4715111111111112	3.1776981850999405e-05	0.47154289003539107	0.0	(0.47154289003539107+0j)
0.6900000000000001	0.4761000000000001	3.1777502395117774e-05	0.47613177940758383	0.0	(0.47613177940758383+0j)
0.6933333333333334	0.48071111111111114	3.177801544945055e-05	0.4807428909953986	0.0	(0.4807428909953986+0j)
0.6966666666666667	0.4853444444444444	3.1778521156999446e-05	0.4853762247989507	0.0	(0.4853762247989507+0j)
0.7000000000000001	0.4900000000000001	3.177901965736947e-05	0.49003178081835735	0.0	(0.49003178081835735+0j)
0.7033333333333334	0.4946777777777778	3.177951108686533e-05	0.49470955905372876	0.0	(0.49470955905372876+0j)
0.7066666666666667	0.49937777777777775	3.177999557858458e-05	0.49940955950517685	0.0	(0.49940955950517685+0j)
0.7100000000000001	0.5041000000000001	3.178047326250781e-05	0.5041317821728053	0.0	(0.5041317821728053+0j)
0.7133333333333334	0.5088444444444445	3.178094426558574e-05	0.5088762270567228	0.0	(0.5088762270567228+0j)
0.7166666666666667	0.5136111111111111	3.178140871182367e-05	0.5136428941570449	0.0	(0.5136428941570449+0j)
0.7200000000000001	0.5184000000000001	3.178186672236305e-05	0.518431783473853	0.0	(0.518431783473853+0j)
0.7233333333333334	0.5232111111111112	3.178231841556051e-05	0.5232428950072558	0.0	(0.5232428950072558+0j)
0.7266666666666667	0.5280444444444444	3.1782763907064295e-05	0.5280762287573484	0.0	(0.5280762287573484+0j)
0.7300000000000001	0.5329000000000002	3.178320330988835e-05	0.5329317847242188	0.0	(0.5329317847242188+0j)
0.7333333333333334	0.5377777777777779	3.1783636734483956e-05	0.5378095629079742	0.0	(0.5378095629079742+0j)
0.7366666666666667	0.5426777777777778	3.178406428880917e-05	0.5427095633086958	0.0	(0.5427095633086958+0j)
0.7400000000000001	0.5476000000000002	3.1784486078396046e-05	0.5476317859264742	0.0	(0.5476317859264742+0j)
0.7433333333333334	0.5525444444444445	3.178490220641576e-05	0.5525762307613958	0.0	(0.5525762307613958+0j)
0.7466666666666667	0.5575111111111112	3.178531277374172e-05	0.5575428978135497	0.0	(0.5575428978135497+0j)
0.75	0.5625	3.178571787901071e-05	0.5625317870830167	0.0	(0.5625317870830167+0j)
0.7533333333333334	0.5675111111111112	3.1786117618682084e-05	0.5675428985698742	0.0	(0.5675428985698742+0j)
0.7566666666666667	0.5725444444444445	3.178651208709526e-05	0.5725762322742148	0.0	(0.5725762322742148+0j)
0.76	0.5776	3.178690137652536e-05	0.5776317881961035	0.0	(0.5776317881961035+0j)
0.7633333333333334	0.582677777777778	3.178728557723715e-05	0.582709566335625	0.0	(0.582709566335625+0j)
0.7666666666666667	0.5877777777777778	3.178766477753742e-05	0.5878095666928583	0.0	(0.5878095666928583+0j)
0.77	0.5929	3.178803906382568e-05	0.5929317892678695	0.0	(0.5929317892678695+0j)
0.7733333333333334	0.5980444444444446	3.178840852064342e-05	0.598076234060729	0.0	(0.598076234060729+0j)
0.7766666666666667	0.6032111111111113	3.1788773230721837e-05	0.6032429010715159	0.0	(0.6032429010715159+0j)
0.78	0.6084	3.178913327502814e-05	0.6084317903002956	0.0	(0.6084317903002956+0j)
0.7833333333333334	0.6136111111111112	3.178948873281051e-05	0.6136429017471429	0.0	(0.6136429017471429+0j)
0.7866666666666667	0.6188444444444445	3.178983968164172e-05	0.6188762354121051	0.0	(0.6188762354121051+0j)
0.79	0.6241000000000001	3.179018619746142e-05	0.6241317912952694	0.0	(0.6241317912952694+0j)
0.7933333333333333	0.6293777777777778	3.179052835461727e-05	0.6294095693966906	0.0	(0.6294095693966906+0j)
0.7966666666666667	0.6346777777777779	3.1790866225904786e-05	0.6347095697164337	0.0	(0.6347095697164337+0j)
0.8	0.6400000000000001	3.1791199882606094e-05	0.640031792254558	0.0	(0.640031792254558+0j)
0.8033333333333333	0.6453444444444445	3.179152939452749e-05	0.6453762370111219	0.0	(0.6453762370111219+0j)
0.8066666666666668	0.6507111111111112	3.1791854830036e-05	0.6507429039861913	0.0	(0.6507429039861913+0j)
0.81	0.6561000000000001	3.1792176256094806e-05	0.6561317931798238	0.0	(0.6561317931798238+0j)
0.8133333333333334	0.6615111111111112	3.1792493738297714e-05	0.6615429045920785	0.0	(0.6615429045920785+0j)
0.8166666666666668	0.6669444444444446	3.179280734090263e-05	0.6669762382230032	0.0	(0.6669762382230032+0j)
0.8200000000000001	0.6724000000000001	3.179311712686404e-05	0.6724317940726491	0.0	(0.6724317940726491+0j)
0.8233333333333334	0.6778777777777778	3.1793423157864664e-05	0.6779095721410898	0.0	(0.6779095721410898+0j)
0.8266666666666668	0.683377777777778	3.17937254943461e-05	0.6834095724283652	0.0	(0.6834095724283652+0j)
0.8300000000000001	0.6889000000000001	3.1794024195538735e-05	0.6889317949345221	0.0	(0.6889317949345221+0j)
0.8333333333333334	0.6944444444444445	3.17943193194907e-05	0.6944762396596104	0.0	(0.6944762396596104+0j)
0.8366666666666667	0.7000111111111111	3.179461092309608e-05	0.7000429066036975	0.0	(0.7000429066036975+0j)
0.8400000000000001	0.7056000000000001	3.17948990621224e-05	0.7056317957668204	0.0	(0.7056317957668204+0j)
0.8433333333333334	0.7112111111111112	3.179518379123721e-05	0.7112429071490305	0.0	(0.7112429071490305+0j)
0.8466666666666667	0.7168444444444445	3.179546516403405e-05	0.7168762407503686	0.0	(0.7168762407503686+0j)
0.8500000000000001	0.7225000000000001	3.179574323305768e-05	0.7225317965708831	0.0	(0.7225317965708831+0j)
0.8533333333333334	0.7281777777777779	3.1796018049828605e-05	0.7282095746106394	0.0	(0.7282095746106394+0j)
0.8566666666666667	0.7338777777777779	3.179628966486693e-05	0.7339095748696495	0.0	(0.7339095748696495+0j)
0.8600000000000001	0.7396000000000001	3.17965581277156e-05	0.7396317973479669	0.0	(0.7396317973479669+0j)
0.8633333333333334	0.7453444444444446	3.179682348696297e-05	0.7453762420456473	0.0	(0.7453762420456473+0j)
0.8666666666666667	0.7511111111111112	3.179708579026482e-05	0.7511429089627218	0.0	(0.7511429089627218+0j)
0.8700000000000001	0.7569000000000002	3.179734508436572e-05	0.756931798099246	0.0	(0.756931798099246+0j)
0.8733333333333334	0.7627111111111112	3.179760141511989e-05	0.7627429094552438	0.0	(0.7627429094552438+0j)
0.8766666666666667	0.7685444444444445	3.179785482751144e-05	0.7685762430307628	0.0	(0.7685762430307628+0j)
0.88	0.7744	3.179810536567413e-05	0.7744317988258359	0.0	(0.7744317988258359+0j)
0.8833333333333334	0.780277777777778	3.17983530729106e-05	0.7803095768405153	0.0	(0.7803095768405153+0j)
0.8866666666666667	0.7861777777777779	3.1798597991711036e-05	0.7862095770748254	0.0	(0.7862095770748254+0j)
0.89	0.7921	3.1798840163771436e-05	0.792131799528807	0.0	(0.792131799528807+0j)
0.8933333333333334	0.7980444444444446	3.1799079630011344e-05	0.7980762442025032	0.0	(0.7980762442025032+0j)
0.8966666666666667	0.8040111111111112	3.1799316430591126e-05	0.8040429110959363	0.0	(0.8040429110959363+0j)
0.9	0.81	3.1799550604928816e-05	0.8100318002091579	0.0	(0.8100318002091579+0j)
0.9033333333333334	0.8160111111111112	3.1799782191716533e-05	0.8160429115421906	0.0	(0.8160429115421906+0j)
0.9066666666666667	0.8220444444444446	3.180001122893644e-05	0.8220762450950779	0.0	(0.8220762450950779+0j)
0.91	0.8281000000000001	3.180023775387635e-05	0.8281318008678441	0.0	(0.8281318008678441+0j)
0.9133333333333334	0.834177777777778	3.180046180314486e-05	0.8342095788605296	0.0	(0.8342095788605296+0j)
0.9166666666666667	0.8402777777777779	3.18006834126862e-05	0.8403095790731534	0.0	(0.8403095790731534+0j)
0.92	0.8464	3.180090261779459e-05	0.8464318015057606	0.0	(0.8464318015057606+0j)
0.9233333333333333	0.8525444444444444	3.180111945312834e-05	0.8525762461583825	0.0	(0.8525762461583825+0j)
0.9266666666666667	0.8587111111111113	3.180133395272352e-05	0.8587429130310498	0.0	(0.8587429130310498+0j)
0.93	0.8649000000000001	3.180154615000734e-05	0.8649318021237783	0.0	(0.8649318021237783+0j)
0.9333333333333333	0.8711111111111112	3.180175607781117e-05	0.8711429134366087	0.0	(0.8711429134366087+0j)
0.9366666666666668	0.8773444444444446	3.1801963768383204e-05	0.8773762469695776	0.0	(0.8773762469695776+0j)
0.9400000000000001	0.8836000000000002	3.1802169253400904e-05	0.8836318027227011	0.0	(0.8836318027227011+0j)
0.9433333333333334	0.8898777777777778	3.180237256398304e-05	0.8899095806960119	0.0	(0.8899095806960119+0j)
0.9466666666666668	0.896177777777778	3.180257373070148e-05	0.8962095808895321	0.0	(0.8962095808895321+0j)
0.9500000000000001	0.9025000000000001	3.180277278359269e-05	0.9025318033032996	0.0	(0.9025318033032996+0j)
0.9533333333333334	0.9088444444444445	3.1802969752168946e-05	0.9088762479373401	0.0	(0.9088762479373401+0j)
0.9566666666666668	0.9152111111111113	3.1803164665429255e-05	0.9152429147916923	0.0	(0.9152429147916923+0j)
0.9600000000000001	0.9216000000000002	3.1803357551870056e-05	0.92163180386643	0.0	(0.92163180386643+0j)
0.9633333333333334	0.9280111111111112	3.1803548439495634e-05	0.9280429151618306	0.0	(0.9280429151618306+0j)
0.9666666666666667	0.9344444444444444	3.180373735582826e-05	0.9344762486787479	0.0	(0.9344762486787479+0j)
0.9700000000000001	0.9409000000000002	3.180392432791812e-05	0.9409318044199286	0.0	(0.9409318044199286+0j)
0.9733333333333334	0.9473777777777779	3.180410938235304e-05	0.9474095823932474	0.0	(0.9474095823932474+0j)
0.9766666666666667	0.9538777777777778	3.1804292545267866e-05	0.9539095826189832	0.0	(0.9539095826189832+0j)
0.9800000000000001	0.9604000000000001	3.1804473842353764e-05	0.9604318051441417	0.0	(0.9604318051441417+0j)
0.9833333333333334	0.9669444444444446	3.180465329886717e-05	0.9669762500668384	0.0	(0.9669762500668384+0j)
0.9866666666666667	0.9735111111111112	3.180483093963862e-05	0.9735429175742206	0.0	(0.9735429175742206+0j)
0.9900000000000001	0.9801000000000002	3.180500678908134e-05	0.9801318080014075	0.0	(0.9801318080014075+0j)
0.9933333333333334	0.9867111111111112	3.180518087119962e-05	0.9867429219519517	0.0	(0.9867429219519517+0j)
0.9966666666666667	0.9933444444444445	3.1805353209597026e-05	0.9933762607022224	0.0	(0.9933762607022224+0j)
1.0	1.0	3.1805523827484364e-05	1.0000318287424488	0.0	(1.0000318287424488+0j)
