-1.0	-1.0	-0.007798592211502872	-1.0079946966265623	0.0	(-1.0079946966265623+0j)
-0.99	-0.9801	-0.007795360721483967	-0.9880258166261852	0.0	(-0.9880258166261852+0j)
-0.98	-0.9603999999999999	-0.007792029804436608	-0.9682877185475668	0.0	(-0.9682877185475668+0j)
-0.97	-0.9409	-0.00778859533921386	-0.94876165398878	0.0	(-0.94876165398878+0j)
-0.96	-0.9216	-0.007785052988913457	-0.9294424217001045	0.0	(-0.9294424217001045+0j)
-0.9500000000000001	-0.9025000000000001	-0.0077813981871799245	-0.9103277340905915	0.0	(-0.9103277340905915+0j)
-0.9400000000000001	-0.8836000000000002	-0.007777626123481259	-0.8914162905933164	0.0	(-0.8914162905933164+0j)
-0.93	-0.8649000000000001	-0.007773731727271498	-0.8727072211063861	0.0	(-0.8727072211063861+0j)
-0.92	-0.8464	-0.007769709650941771	-0.854199886286052	0.0	(-0.854199886286052+0j)
-0.91	-0.8281000000000001	-0.0077655542514527606	-0.8358937960398155	0.0	(-0.8358937960398155+0j)
-0.9	-0.81	-0.007761259570530699	-0.8177885715192141	0.0	(-0.8177885715192141+0j)
-0.89	-0.7921	-0.007756819313297083	-0.7998839232554237	0.0	(-0.7998839232554237+0j)
-0.88	-0.7744	-0.00775222682518891	-0.7821796349666241	0.0	(-0.7821796349666241+0j)
-0.87	-0.7569	-0.007747475067011341	-0.7646755494092455	0.0	(-0.7646755494092455+0j)
-0.86	-0.7395999999999999	-0.007742556587948072	-0.7473715554701895	0.0	(-0.7473715554701895+0j)
-0.85	-0.7224999999999999	-0.0077374634963360885	-0.730267576696087	0.0	(-0.730267576696087+0j)
-0.84	-0.7055999999999999	-0.007732187427990606	-0.713363561611269	0.0	(-0.713363561611269+0j)
-0.8300000000000001	-0.6889000000000001	-0.007726719511842705	-0.6966594759993086	0.0	(-0.6966594759993086+0j)
-0.8200000000000001	-0.6724000000000001	-0.0077210503326258575	-0.6801552970834709	0.0	(-0.6801552970834709+0j)
-0.81	-0.6561000000000001	-0.0077151698903181395	-0.6638510093614548	0.0	(-0.6638510093614548+0j)
-0.8	-0.6400000000000001	-0.007709067556013684	-0.6477466017631256	0.0	(-0.6477466017631256+0j)
-0.79	-0.6241000000000001	-0.007702732023859483	-0.6318420657930514	0.0	(-0.6318420657930514+0j)
-0.78	-0.6084	-0.007696151258651496	-0.6161373943620101	0.0	(-0.6161373943620101+0j)
-0.77	-0.5929	-0.007689312438636133	-0.6006325810755084	0.0	(-0.6006325810755084+0j)
-0.76	-0.5776	-0.007682201893009154	-0.5853276198111989	0.0	(-0.5853276198111989+0j)
-0.75	-0.5625	-0.007674805033542681	-0.5702225044714866	0.0	(-0.5702225044714866+0j)
-0.74	-0.5476	-0.007667106279701249	-0.5553172288382805	0.0	(-0.5553172288382805+0j)
-0.73	-0.5328999999999999	-0.007659088976528583	-0.5406117864851914	0.0	(-0.5406117864851914+0j)
-0.72	-0.5184	-0.007650735304496359	-0.5261061707207307	0.0	(-0.5261061707207307+0j)
-0.71	-0.5041	-0.007642026180402951	-0.5118003745473402	0.0	(-0.5118003745473402+0j)
-0.7000000000000001	-0.4900000000000001	-0.007632941148292214	-0.4976943906276525	0.0	(-0.4976943906276525+0j)
-0.6900000000000001	-0.4761000000000001	-0.0076234582592270015	-0.48378821125313076	0.0	(-0.48378821125313076+0j)
-0.68	-0.4624000000000001	-0.007613553938596909	-0.4700818283121654	0.0	(-0.4700818283121654+0j)
-0.67	-0.4489000000000001	-0.007603202839461229	-0.45657523325584115	0.0	(-0.45657523325584115+0j)
-0.66	-0.43560000000000004	-0.007592377680222464	-0.4432684170599862	0.0	(-0.4432684170599862+0j)
-0.65	-0.42250000000000004	-0.007581049064688505	-0.43016137018231293	0.0	(-0.43016137018231293+0j)
-0.64	-0.4096	-0.007569185282307394	-0.41725408251344265	0.0	(-0.41725408251344265+0j)
-0.63	-0.39690000000000003	-0.007556752086041344	-0.40454654332048584	0.0	(-0.40454654332048584+0j)
-0.62	-0.3844	-0.007543712444979056	-0.3920387411816069	0.0	(-0.3920387411816069+0j)
-0.61	-0.3721	-0.0075300262683592085	-0.3797306639097084	0.0	(-0.3797306639097084+0j)
-0.6	-0.36	-0.007515650097183742	-0.36762229846297384	0.0	(-0.36762229846297384+0j)
-0.59	-0.34809999999999997	-0.007500536759026707	-0.3557136308395744	0.0	(-0.3557136308395744+0j)
-0.58	-0.3364	-0.007484634980981415	-0.34400464595319796	0.0	(-0.34400464595319796+0j)
-0.5700000000000001	-0.3249000000000001	-0.007467888954923352	-0.3324953274853979	0.0	(-0.3324953274853979+0j)
-0.56	-0.31360000000000005	-0.007450237848386832	-0.32118565770992297	0.0	(-0.32118565770992297+0j)
-0.55	-0.30250000000000005	-0.0074316152533492495	-0.31007561728312033	0.0	(-0.31007561728312033+0j)
-0.54	-0.2916	-0.00741194856408078	-0.29916518499340766	0.0	(-0.29916518499340766+0j)
-0.53	-0.28090000000000004	-0.007391158273949105	-0.28845433746130655	0.0	(-0.28845433746130655+0j)
-0.52	-0.27040000000000003	-0.007369157179677871	-0.2779430487800292	0.0	(-0.2779430487800292+0j)
-0.51	-0.2601	-0.007345849480071427	-0.2676312900847062	0.0	(-0.2676312900847062+0j)
-0.5	-0.25	-0.00732112975468828	-0.2575190290364543	0.0	(-0.2575190290364543+0j)
-0.49	-0.24009999999999998	-0.007294881806459266	-0.24760622920523404	0.0	(-0.24760622920523404+0j)
-0.48	-0.2304	-0.007266977350939373	-0.23789284933340696	0.0	(-0.23789284933340696+0j)
-0.47000000000000003	-0.22090000000000004	-0.007237274533955054	-0.22837884245980555	0.0	(-0.22837884245980555+0j)
-0.46	-0.2116	-0.0072056162591446395	-0.2190641548824956	0.0	(-0.2190641548824956+0j)
-0.45	-0.2025	-0.007171828307672452	-0.20994872493748049	0.0	(-0.20994872493748049+0j)
-0.44	-0.1936	-0.007135717234731543	-0.2010324815707699	0.0	(-0.2010324815707699+0j)
-0.43	-0.18489999999999998	-0.00709706803197372	-0.19231534268325984	0.0	(-0.19231534268325984+0j)
-0.42	-0.17639999999999997	-0.007055641552497087	-0.1837972132323173	0.0	(-0.1837972132323173+0j)
-0.41000000000000003	-0.16810000000000003	-0.007011171706392335	-0.1754779830817893	0.0	(-0.1754779830817893+0j)
-0.4	-0.16000000000000003	-0.006963362451117005	-0.16735752460429307	0.0	(-0.16735752460429307+0j)
-0.39	-0.1521	-0.006911884623200134	-0.15943569005711616	0.0	(-0.15943569005711616+0j)
-0.38	-0.1444	-0.006856372687007759	-0.1517123087766624	0.0	(-0.1517123087766624+0j)
-0.37	-0.1369	-0.006796421513381529	-0.14418718426680058	0.0	(-0.14418718426680058+0j)
-0.36	-0.1296	-0.00673158334641179	-0.1368600912936464	0.0	(-0.1368600912936464+0j)
-0.35000000000000003	-0.12250000000000003	-0.0066613651703705465	-0.12973077314247392	0.0	(-0.12973077314247392+0j)
-0.34	-0.11560000000000002	-0.006585226750037065	-0.12279893923888323	0.0	(-0.12279893923888323+0j)
-0.33	-0.10890000000000001	-0.006502579684335808	-0.1160642633820374	0.0	(-0.1160642633820374+0j)
-0.32	-0.1024	-0.006412787882054485	-0.10952638287474017	0.0	(-0.10952638287474017+0j)
-0.31	-0.0961	-0.006315169934532789	-0.10318489885192886	0.0	(-0.10318489885192886+0j)
-0.3	-0.09	-0.00620900391703873	-0.09703937808667293	0.0	(-0.09703937808667293+0j)
-0.29	-0.0841	-0.0060935351898600875	-0.0910893564582105	0.0	(-0.0910893564582105+0j)
-0.28	-0.07840000000000001	-0.005967987782311933	-0.08533434403085276	0.0	(-0.08533434403085276+0j)
-0.27	-0.0729	-0.005831579917377828	-0.0797738311336589	0.0	(-0.0797738311336589+0j)
-0.26	-0.06760000000000001	-0.005683544160938166	-0.07440729335020263	0.0	(-0.07440729335020263+0j)
-0.25	-0.0625	-0.005523152547851894	-0.06923418850278944	0.0	(-0.06923418850278944+0j)
-0.24	-0.0576	-0.005349746840227549	-0.06425391793141828	0.0	(-0.06425391793141828+0j)
-0.23	-0.0529	-0.005162773807558027	-0.05946559021736593	0.0	(-0.05946559021736593+0j)
-0.22	-0.0484	-0.004961825085885935	-0.05486541071116943	0.0	(-0.05486541071116943+0j)
-0.21	-0.04409999999999999	-0.004746680782458521	-0.05199286506068863	0.0	(-0.05199286506068863+0j)
-0.2	-0.04000000000000001	-0.004517355559843599	-0.05048880764396799	0.0	(-0.05048880764396799+0j)
-0.19	-0.0361	-0.00427414548381117	-0.04626569466635346	0.0	(-0.04626569466635346+0j)
-0.18	-0.0324	-0.004017673484802095	-0.042245227935002315	0.0	(-0.042245227935002315+0j)
-0.17	-0.028900000000000006	-0.0037489309022242043	-0.03841812685025537	0.0	(-0.03841812685025537+0j)
-0.16	-0.0256	-0.003469312296749336	-0.03478423146835063	0.0	(-0.03478423146835063+0j)
-0.15	-0.0225	-0.0031806405712688206	-0.03134444477312644	0.0	(-0.03134444477312644+0j)
-0.14	-0.019600000000000003	-0.002885179475388433	-0.028100555912453997	0.0	(-0.028100555912453997+0j)
-0.13	-0.016900000000000002	-0.0025856308119225633	-0.02505556931918359	0.0	(-0.02505556931918359+0j)
-0.12	-0.0144	-0.0022851141341271013	-0.02221411933069462	0.0	(-0.02221411933069462+0j)
-0.11	-0.0121	-0.0019871274193788147	-0.019582344879183127	0.0	(-0.019582344879183127+0j)
-0.1	-0.010000000000000002	-0.0016954881084106231	-0.017165745601166744	0.0	(-0.017165745601166744+0j)
-0.09	-0.0081	-0.001414254967421803	-0.014962852842473152	0.0	(-0.014962852842473152+0j)
-0.08	-0.0064	-0.0011476324014389147	-0.012954118353432508	0.0	(-0.012954118353432508+0j)
-0.07	-0.004900000000000001	-0.0008998600423003626	-0.011091514544375467	0.0	(-0.011091514544375467+0j)
-0.06	-0.0036	-0.0006750915633783926	-0.009301429585616784	0.0	(-0.009301429585616784+0j)
-0.05	-0.0025000000000000005	-0.00047726764168669854	-0.007508890034158401	0.0	(-0.007508890034158401+0j)
-0.04	-0.0016	-0.0003099887073872848	-0.005670858269710594	0.0	(-0.005670858269710594+0j)
-0.03	-0.0009	-0.0001763935159802485	-0.003791171422992822	0.0	(-0.003791171422992822+0j)
-0.02	-0.0004	-7.904959707628889e-05	-0.001897910287498555	0.0	(-0.001897910287498555+0j)
-0.01	-0.0001	-1.9861252011921238e-05	3.906515952736833e-17	-0.002914801387450694	(3.906515952736833e-17-0.002914801387450694j)
0.01	0.0001	1.9861252011921238e-05	3.906515952736833e-17	0.002914801387450694	(3.906515952736833e-17+0.002914801387450694j)
0.02	0.0004	7.904959707628889e-05	0.0018979102874985773	0.0	(0.0018979102874985773+0j)
0.03	0.0009	0.0001763935159802485	0.0037911714229927574	0.0	(0.0037911714229927574+0j)
0.04	0.0016	0.0003099887073872848	0.0056708582697105915	0.0	(0.0056708582697105915+0j)
0.05	0.0025000000000000005	0.00047726764168669854	0.007508890034158389	0.0	(0.007508890034158389+0j)
0.06	0.0036	0.0006750915633783926	0.009301429585616746	0.0	(0.009301429585616746+0j)
0.07	0.004900000000000001	0.0008998600423003626	0.011091514544375498	0.0	(0.011091514544375498+0j)
0.08	0.0064	0.0011476324014389147	0.012954118353432494	0.0	(0.012954118353432494+0j)
0.09	0.0081	0.001414254967421803	0.014962852842473168	0.0	(0.014962852842473168+0j)
0.1	0.010000000000000002	0.0016954881084106231	0.017165745601166748	0.0	(0.017165745601166748+0j)
0.11	0.0121	0.0019871274193788147	0.01958234487918316	0.0	(0.01958234487918316+0j)
0.12	0.0144	0.0022851141341271013	0.022214119330694615	0.0	(0.022214119330694615+0j)
0.13	0.016900000000000002	0.0025856308119225633	0.0250555693191836	0.0	(0.0250555693191836+0j)
0.14	0.019600000000000003	0.002885179475388433	0.028100555912454046	0.0	(0.028100555912454046+0j)
0.15	0.0225	0.0031806405712688206	0.03134444477312649	0.0	(0.03134444477312649+0j)
0.16	0.0256	0.003469312296749336	0.03478423146835064	0.0	(0.03478423146835064+0j)
0.17	0.028900000000000006	0.0037489309022242043	0.03841812685025539	0.0	(0.03841812685025539+0j)
0.18	0.0324	0.004017673484802095	0.04224522793500231	0.0	(0.04224522793500231+0j)
0.19	0.0361	0.00427414548381117	0.04626569466635355	0.0	(0.04626569466635355+0j)
0.2	0.04000000000000001	0.004517355559843599	0.05048880764396797	0.0	(0.05048880764396797+0j)
0.21	0.04409999999999999	0.004746680782458521	0.05199286506068866	0.0	(0.05199286506068866+0j)
0.22	0.0484	0.004961825085885935	0.054865410711169654	0.0	(0.054865410711169654+0j)
0.23	0.0529	0.005162773807558027	0.05946559021736596	0.0	(0.05946559021736596+0j)
0.24	0.0576	0.005349746840227549	0.06425391793141819	0.0	(0.06425391793141819+0j)
0.25	0.0625	0.005523152547851894	0.06923418850278887	0.0	(0.06923418850278887+0j)
0.26	0.06760000000000001	0.005683544160938166	0.07440729335020294	0.0	(0.07440729335020294+0j)
0.27	0.0729	0.005831579917377828	0.07977383113365903	0.0	(0.07977383113365903+0j)
0.28	0.07840000000000001	0.005967987782311933	0.08533434403085297	0.0	(0.08533434403085297+0j)
0.29	0.0841	0.0060935351898600875	0.09108935645821122	0.0	(0.09108935645821122+0j)
0.3	0.09	0.00620900391703873	0.09703937808667357	0.0	(0.09703937808667357+0j)
0.31	0.0961	0.006315169934532789	0.10318489885192923	0.0	(0.10318489885192923+0j)
0.32	0.1024	0.006412787882054485	0.10952638287474037	0.0	(0.10952638287474037+0j)
0.33	0.10890000000000001	0.006502579684335808	0.11606426338203689	0.0	(0.11606426338203689+0j)
0.34	0.11560000000000002	0.006585226750037065	0.1227989392388837	0.0	(0.1227989392388837+0j)
0.35000000000000003	0.12250000000000003	0.0066613651703705465	0.1297307731424734	0.0	(0.1297307731424734+0j)
0.36	0.1296	0.00673158334641179	0.13686009129364676	0.0	(0.13686009129364676+0j)
0.37	0.1369	0.006796421513381529	0.14418718426679997	0.0	(0.14418718426679997+0j)
0.38	0.1444	0.006856372687007759	0.15171230877666383	0.0	(0.15171230877666383+0j)
0.39	0.1521	0.006911884623200134	0.15943569005711553	0.0	(0.15943569005711553+0j)
0.4	0.16000000000000003	0.006963362451117005	0.16735752460429218	0.0	(0.16735752460429218+0j)
0.41000000000000003	0.16810000000000003	0.007011171706392335	0.17547798308179063	0.0	(0.17547798308179063+0j)
0.42	0.17639999999999997	0.007055641552497087	0.1837972132323184	0.0	(0.1837972132323184+0j)
0.43	0.18489999999999998	0.00709706803197372	0.1923153426832593	0.0	(0.1923153426832593+0j)
0.44	0.1936	0.007135717234731543	0.20103248157076872	0.0	(0.20103248157076872+0j)
0.45	0.2025	0.007171828307672452	0.20994872493748037	0.0	(0.20994872493748037+0j)
0.46	0.2116	0.0072056162591446395	0.2190641548824949	0.0	(0.2190641548824949+0j)
0.47000000000000003	0.22090000000000004	0.007237274533955054	0.22837884245980478	0.0	(0.22837884245980478+0j)
0.48	0.2304	0.007266977350939373	0.23789284933340749	0.0	(0.23789284933340749+0j)
0.49	0.24009999999999998	0.007294881806459266	0.24760622920523415	0.0	(0.24760622920523415+0j)
0.5	0.25	0.00732112975468828	0.2575190290364542	0.0	(0.2575190290364542+0j)
0.51	0.2601	0.007345849480071427	0.26763129008470665	0.0	(0.26763129008470665+0j)
0.52	0.27040000000000003	0.007369157179677871	0.27794304878002946	0.0	(0.27794304878002946+0j)
0.53	0.28090000000000004	0.007391158273949105	0.28845433746130805	0.0	(0.28845433746130805+0j)
0.54	0.2916	0.00741194856408078	0.29916518499340844	0.0	(0.29916518499340844+0j)
0.55	0.30250000000000005	0.0074316152533492495	0.3100756172831193	0.0	(0.3100756172831193+0j)
0.56	0.31360000000000005	0.007450237848386832	0.321185657709922	0.0	(0.321185657709922+0j)
0.5700000000000001	0.3249000000000001	0.007467888954923352	0.33249532748539806	0.0	(0.33249532748539806+0j)
0.58	0.3364	0.007484634980981415	0.34400464595319696	0.0	(0.34400464595319696+0j)
0.59	0.34809999999999997	0.007500536759026707	0.3557136308395734	0.0	(0.3557136308395734+0j)
0.6	0.36	0.007515650097183742	0.3676222984629734	0.0	(0.3676222984629734+0j)
0.61	0.3721	0.0075300262683592085	0.3797306639097083	0.0	(0.3797306639097083+0j)
0.62	0.3844	0.007543712444979056	0.39203874118160814	0.0	(0.39203874118160814+0j)
0.63	0.39690000000000003	0.007556752086041344	0.40454654332048484	0.0	(0.40454654332048484+0j)
0.64	0.4096	0.007569185282307394	0.4172540825134394	0.0	(0.4172540825134394+0j)
0.65	0.42250000000000004	0.007581049064688505	0.4301613701823112	0.0	(0.4301613701823112+0j)
0.66	0.43560000000000004	0.007592377680222464	0.44326841705998443	0.0	(0.44326841705998443+0j)
0.67	0.4489000000000001	0.007603202839461229	0.4565752332558417	0.0	(0.4565752332558417+0j)
0.68	0.4624000000000001	0.007613553938596909	0.4700818283121674	0.0	(0.4700818283121674+0j)
0.6900000000000001	0.4761000000000001	0.0076234582592270015	0.4837882112531332	0.0	(0.4837882112531332+0j)
0.7000000000000001	0.4900000000000001	0.007632941148292214	0.49769439062765214	0.0	(0.49769439062765214+0j)
0.71	0.5041	0.007642026180402951	0.5118003745473383	0.0	(0.5118003745473383+0j)
0.72	0.5184	0.007650735304496359	0.5261061707207311	0.0	(0.5261061707207311+0j)
0.73	0.5328999999999999	0.007659088976528583	0.5406117864851907	0.0	(0.5406117864851907+0j)
0.74	0.5476	0.007667106279701249	0.5553172288382806	0.0	(0.5553172288382806+0j)
0.75	0.5625	0.007674805033542681	0.5702225044714876	0.0	(0.5702225044714876+0j)
0.76	0.5776	0.007682201893009154	0.5853276198111999	0.0	(0.5853276198111999+0j)
0.77	0.5929	0.007689312438636133	0.6006325810755059	0.0	(0.6006325810755059+0j)
0.78	0.6084	0.007696151258651496	0.6161373943620125	0.0	(0.6161373943620125+0j)
0.79	0.6241000000000001	0.007702732023859483	0.6318420657930515	0.0	(0.6318420657930515+0j)
0.8	0.6400000000000001	0.007709067556013684	0.6477466017631228	0.0	(0.6477466017631228+0j)
0.81	0.6561000000000001	0.0077151698903181395	0.6638510093614524	0.0	(0.6638510093614524+0j)
0.8200000000000001	0.6724000000000001	0.0077210503326258575	0.6801552970834718	0.0	(0.6801552970834718+0j)
0.8300000000000001	0.6889000000000001	0.007726719511842705	0.696659475999308	0.0	(0.696659475999308+0j)
0.84	0.7055999999999999	0.007732187427990606	0.7133635616112676	0.0	(0.7133635616112676+0j)
0.85	0.7224999999999999	0.0077374634963360885	0.730267576696087	0.0	(0.730267576696087+0j)
0.86	0.7395999999999999	0.007742556587948072	0.7473715554701912	0.0	(0.7473715554701912+0j)
0.87	0.7569	0.007747475067011341	0.7646755494092462	0.0	(0.7646755494092462+0j)
0.88	0.7744	0.00775222682518891	0.7821796349666225	0.0	(0.7821796349666225+0j)
0.89	0.7921	0.007756819313297083	0.799883923255422	0.0	(0.799883923255422+0j)
0.9	0.81	0.007761259570530699	0.817788571519217	0.0	(0.817788571519217+0j)
0.91	0.8281000000000001	0.0077655542514527606	0.8358937960398115	0.0	(0.8358937960398115+0j)
0.92	0.8464	0.007769709650941771	0.854199886286053	0.0	(0.854199886286053+0j)
0.93	0.8649000000000001	0.007773731727271498	0.8727072211063819	0.0	(0.8727072211063819+0j)
0.9400000000000001	0.8836000000000002	0.007777626123481259	0.8914162905933223	0.0	(0.8914162905933223+0j)
0.9500000000000001	0.9025000000000001	0.0077813981871799245	0.9103277340905949	0.0	(0.9103277340905949+0j)
0.96	0.9216	0.007785052988913457	0.9294424217001067	0.0	(0.9294424217001067+0j)
0.97	0.9409	0.00778859533921386	0.9487616539887765	0.0	(0.9487616539887765+0j)
0.98	0.9603999999999999	0.007792029804436608	0.9682877185475696	0.0	(0.9682877185475696+0j)
0.99	0.9801	0.007795360721483967	0.9880258166261839	0.0	(0.9880258166261839+0j)
1.0	1.0	0.007798592211502872	1.0079946966265603	0.0	(1.0079946966265603+0j)
