-1.0	-1.0	-0.1695488108410624	-1.170347494842583	0.0	(-1.170347494842583+0j)
-0.998	-0.996004	-0.16897476270698292	-1.165734454972231	0.0	(-1.165734454972231+0j)
-0.996	-0.992016	-0.1684011336550252	-1.1611475583278963	0.0	(-1.1611475583278963+0j)
-0.994	-0.988036	-0.16782792701474036	-1.1565760396856957	0.0	(-1.1565760396856957+0j)
-0.992	-0.9840639999999999	-0.16725514611798234	-1.1520167473738292	0.0	(-1.1520167473738292+0j)
-0.99	-0.9801	-0.1666827942988748	-1.147468309765782	0.0	(-1.147468309765782+0j)
-0.988	-0.976144	-0.16611087489377743	-1.1429300007300047	0.0	(-1.1429300007300047+0j)
-0.986	-0.972196	-0.16553939124125172	-1.1384013873519867	0.0	(-1.1384013873519867+0j)
-0.984	-0.968256	-0.16496834668202787	-1.1338821900236395	0.0	(-1.1338821900236395+0j)
-0.982	-0.964324	-0.16439774455896977	-1.1293722174615453	0.0	(-1.1293722174615453+0j)
-0.98	-0.9603999999999999	-0.16382758821704188	-1.1248713330312123	0.0	(-1.1248713330312123+0j)
-0.978	-0.956484	-0.16325788100327504	-1.1203794358142525	0.0	(-1.1203794358142525+0j)
-0.976	-0.952576	-0.16268862626673153	-1.1158964492708627	0.0	(-1.1158964492708627+0j)
-0.974	-0.948676	-0.1621198273584712	-1.11142231409931	0.0	(-1.11142231409931+0j)
-0.972	-0.944784	-0.16155148763151744	-1.1069569835492725	0.0	(-1.1069569835492725+0j)
-0.97	-0.9409	-0.16098361044082188	-1.1025004202380067	0.0	(-1.1025004202380067+0j)
-0.968	-0.937024	-0.16041619914323013	-1.0980525939233663	0.0	(-1.0980525939233663+0j)
-0.966	-0.933156	-0.1598492570974476	-1.0936134799066146	0.0	(-1.0936134799066146+0j)
-0.964	-0.9292959999999999	-0.15928278766400378	-1.0891830578617596	0.0	(-1.0891830578617596+0j)
-0.962	-0.9254439999999999	-0.1587167942052184	-1.0847613109609848	0.0	(-1.0847613109609848+0j)
-0.96	-0.9216	-0.15815128008516546	-1.0803482252101282	0.0	(-1.0803482252101282+0j)
-0.9580000000000001	-0.9177640000000001	-0.15758624866963847	-1.0759437889362524	0.0	(-1.0759437889362524+0j)
-0.9560000000000001	-0.9139360000000002	-0.15702170332611662	-1.071547992387033	0.0	(-1.071547992387033+0j)
-0.9540000000000001	-0.9101160000000001	-0.15645764742372711	-1.0671608274138213	0.0	(-1.0671608274138213+0j)
-0.9520000000000001	-0.9063040000000001	-0.15589408433321225	-1.062782287218096	0.0	(-1.062782287218096+0j)
-0.9500000000000001	-0.9025000000000001	-0.1553310174268925	-1.058412366146637	0.0	(-1.058412366146637+0j)
-0.9480000000000001	-0.8987040000000002	-0.15476845007863185	-1.054051059524428	0.0	(-1.054051059524428+0j)
-0.9460000000000001	-0.8949160000000002	-0.1542063856638018	-1.0496983635173887	0.0	(-1.0496983635173887+0j)
-0.9440000000000001	-0.8911360000000002	-0.15364482755924586	-1.045354275018531	0.0	(-1.045354275018531+0j)
-0.9420000000000001	-0.8873640000000002	-0.15308377914324364	-1.0410187915529612	0.0	(-1.0410187915529612+0j)
-0.9400000000000001	-0.8836000000000002	-0.15252324379547613	-1.0366919111981212	0.0	(-1.0366919111981212+0j)
-0.9380000000000001	-0.8798440000000001	-0.15196322489698738	-1.0323736325163284	0.0	(-1.0323736325163284+0j)
-0.936	-0.8760960000000001	-0.15140372583015163	-1.0280639544974335	0.0	(-1.0280639544974335+0j)
-0.934	-0.8723560000000001	-0.150844749978635	-1.0237628765098348	0.0	(-1.0237628765098348+0j)
-0.932	-0.8686240000000001	-0.15028630072736	-1.0194703982583255	0.0	(-1.0194703982583255+0j)
-0.93	-0.8649000000000001	-0.14972838146246933	-1.0151865197478016	0.0	(-1.0151865197478016+0j)
-0.928	-0.8611840000000001	-0.14917099557129027	-1.0109112412517727	0.0	(-1.0109112412517727+0j)
-0.926	-0.8574760000000001	-0.14861414644229673	-1.0066445632848928	0.0	(-1.0066445632848928+0j)
-0.924	-0.8537760000000001	-0.14805783746507456	-1.0023864865790506	0.0	(-1.0023864865790506+0j)
-0.922	-0.8500840000000001	-0.14750207203028345	-0.9981370120622763	0.0	(-0.9981370120622763+0j)
-0.92	-0.8464	-0.14694685352962214	-0.993896140840337	0.0	(-0.993896140840337+0j)
-0.918	-0.842724	-0.14639218535578924	-0.9896638741803017	0.0	(-0.9896638741803017+0j)
-0.916	-0.839056	-0.14583807090244913	-0.9854402134960728	0.0	(-0.9854402134960728+0j)
-0.914	-0.835396	-0.14528451356419322	-0.9812251603355554	0.0	(-0.9812251603355554+0j)
-0.912	-0.831744	-0.1447315167365039	-0.9770187163691328	0.0	(-0.9770187163691328+0j)
-0.91	-0.8281000000000001	-0.1441790838157174	-0.972820883379444	0.0	(-0.972820883379444+0j)
-0.908	-0.8244640000000001	-0.14362721819898658	-0.9686316632521652	0.0	(-0.9686316632521652+0j)
-0.906	-0.820836	-0.14307592328424365	-0.9644510579677716	0.0	(-0.9644510579677716+0j)
-0.904	-0.817216	-0.14252520247016384	-0.9602790695941059	0.0	(-0.9602790695941059+0j)
-0.902	-0.813604	-0.14197505915612682	-0.9561157002796261	0.0	(-0.9561157002796261+0j)
-0.9	-0.81	-0.14142549674218033	-0.9519609522473856	0.0	(-0.9519609522473856+0j)
-0.898	-0.806404	-0.14087651862900244	-0.9478148277894819	0.0	(-0.9478148277894819+0j)
-0.896	-0.8028160000000001	-0.1403281282178638	-0.9436773292620889	0.0	(-0.9436773292620889+0j)
-0.894	-0.7992360000000001	-0.1397803289105902	-0.9395484590808731	0.0	(-0.9395484590808731+0j)
-0.892	-0.795664	-0.13923312410952557	-0.9354282197168743	0.0	(-0.9354282197168743+0j)
-0.89	-0.7921	-0.13868651721749323	-0.931316613692694	0.0	(-0.931316613692694+0j)
-0.888	-0.788544	-0.13814051163775862	-0.9272136435790077	0.0	(-0.9272136435790077+0j)
-0.886	-0.784996	-0.13759511077399242	-0.9231193119914145	0.0	(-0.9231193119914145+0j)
-0.884	-0.781456	-0.13705031803023002	-0.9190336215874951	0.0	(-0.9190336215874951+0j)
-0.882	-0.7779240000000001	-0.13650613681083612	-0.9149565750641261	0.0	(-0.9149565750641261+0j)
-0.88	-0.7744	-0.13596257052046562	-0.9108881751549911	0.0	(-0.9108881751549911+0j)
-0.878	-0.770884	-0.13541962256402584	-0.906828424628338	0.0	(-0.906828424628338+0j)
-0.876	-0.767376	-0.1348772963466377	-0.90277732628479	0.0	(-0.90277732628479+0j)
-0.874	-0.763876	-0.13433559527359834	-0.8987348829554821	0.0	(-0.8987348829554821+0j)
-0.872	-0.760384	-0.13379452275034204	-0.8947010975001767	0.0	(-0.8947010975001767+0j)
-0.87	-0.7569	-0.13325408218240214	-0.8906759728056106	0.0	(-0.8906759728056106+0j)
-0.868	-0.753424	-0.13271427697537364	-0.8866595117839724	0.0	(-0.8866595117839724+0j)
-0.866	-0.749956	-0.13217511053487146	-0.8826517173713821	0.0	(-0.8826517173713821+0j)
-0.864	-0.7464959999999999	-0.131636586266497	-0.8786525925265777	0.0	(-0.8786525925265777+0j)
-0.862	-0.7430439999999999	-0.13109870757579467	-0.8746621402296748	0.0	(-0.8746621402296748+0j)
-0.86	-0.7395999999999999	-0.1305614778682157	-0.8706803634809254	0.0	(-0.8706803634809254+0j)
-0.858	-0.7361639999999999	-0.13002490054907945	-0.866707265299687	0.0	(-0.866707265299687+0j)
-0.856	-0.7327359999999999	-0.12948897902353346	-0.8627428487233555	0.0	(-0.8627428487233555+0j)
-0.854	-0.729316	-0.1289537166965149	-0.8587871168064052	0.0	(-0.8587871168064052+0j)
-0.852	-0.725904	-0.1284191169727128	-0.854840072619499	0.0	(-0.854840072619499+0j)
-0.85	-0.7224999999999999	-0.1278851832565281	-0.8509017192486044	0.0	(-0.8509017192486044+0j)
-0.848	-0.719104	-0.12735191895203501	-0.8469720597942725	0.0	(-0.8469720597942725+0j)
-0.846	-0.7157159999999999	-0.12681932746294033	-0.843051097370777	0.0	(-0.843051097370777+0j)
-0.844	-0.712336	-0.12628741219254697	-0.8391388351055016	0.0	(-0.8391388351055016+0j)
-0.842	-0.7089639999999999	-0.12575617654371263	-0.8352352761382301	0.0	(-0.8352352761382301+0j)
-0.84	-0.7055999999999999	-0.1252256239188132	-0.8313404236205328	0.0	(-0.8313404236205328+0j)
-0.838	-0.702244	-0.1246957577196986	-0.8274542807151668	0.0	(-0.8274542807151668+0j)
-0.836	-0.698896	-0.12416658134765918	-0.8235768505955194	0.0	(-0.8235768505955194+0j)
-0.834	-0.695556	-0.12363809820338273	-0.8197081364450618	0.0	(-0.8197081364450618+0j)
-0.8320000000000001	-0.6922240000000002	-0.12311031168691478	-0.8158481414568912	0.0	(-0.8158481414568912+0j)
-0.8300000000000001	-0.6889000000000001	-0.12258322519762166	-0.8119968688331802	0.0	(-0.8119968688331802+0j)
-0.8280000000000001	-0.6855840000000001	-0.12205684213414891	-0.8081543217848038	0.0	(-0.8081543217848038+0j)
-0.8260000000000001	-0.6822760000000001	-0.12153116589438212	-0.8043205035308664	0.0	(-0.8043205035308664+0j)
-0.8240000000000001	-0.6789760000000001	-0.12100619987540834	-0.8004954172982894	0.0	(-0.8004954172982894+0j)
-0.8220000000000001	-0.6756840000000001	-0.12048194747347446	-0.7966790663214711	0.0	(-0.7966790663214711+0j)
-0.8200000000000001	-0.6724000000000001	-0.11995841208394836	-0.7928714538418417	0.0	(-0.7928714538418417+0j)
-0.8180000000000001	-0.669124	-0.11943559710127921	-0.7890725831076018	0.0	(-0.7890725831076018+0j)
-0.8160000000000001	-0.6658560000000001	-0.11891350591895888	-0.7852824573733093	0.0	(-0.7852824573733093+0j)
-0.8140000000000001	-0.6625960000000001	-0.1183921419294795	-0.7815010798995919	0.0	(-0.7815010798995919+0j)
-0.812	-0.659344	-0.11787150852429484	-0.7777284539528557	0.0	(-0.7777284539528557+0j)
-0.81	-0.6561000000000001	-0.11735160909378095	-0.7739645828049697	0.0	(-0.7739645828049697+0j)
-0.808	-0.6528640000000001	-0.11683244702719531	-0.7702094697330133	0.0	(-0.7702094697330133+0j)
-0.806	-0.6496360000000001	-0.11631402571263633	-0.7664631180189739	0.0	(-0.7664631180189739+0j)
-0.804	-0.6464160000000001	-0.11579634853700532	-0.7627255309495189	0.0	(-0.7627255309495189+0j)
-0.802	-0.6432040000000001	-0.11527941888596238	-0.7589967118157426	0.0	(-0.7589967118157426+0j)
-0.8	-0.6400000000000001	-0.11476324014389139	-0.7552766639129217	0.0	(-0.7552766639129217+0j)
-0.798	-0.636804	-0.11424781569385534	-0.7515653905403276	0.0	(-0.7515653905403276+0j)
-0.796	-0.6336160000000001	-0.11373314891755915	-0.7478628950009482	0.0	(-0.7478628950009482+0j)
-0.794	-0.6304360000000001	-0.11321924319530635	-0.7441691806013233	0.0	(-0.7441691806013233+0j)
-0.792	-0.627264	-0.11270610190596247	-0.7404842506513565	0.0	(-0.7404842506513565+0j)
-0.79	-0.6241000000000001	-0.11219372842691033	-0.7368081084640629	0.0	(-0.7368081084640629+0j)
-0.788	-0.620944	-0.11168212613401424	-0.7331407573554409	0.0	(-0.7331407573554409+0j)
-0.786	-0.617796	-0.11117129840157558	-0.7294822006442716	0.0	(-0.7294822006442716+0j)
-0.784	-0.6146560000000001	-0.11066124860229426	-0.7258324416519488	0.0	(-0.7258324416519488+0j)
-0.782	-0.6115240000000001	-0.11015198010722871	-0.7221914837022989	0.0	(-0.7221914837022989+0j)
-0.78	-0.6084	-0.10964349628575343	-0.7185593301214513	0.0	(-0.7185593301214513+0j)
-0.778	-0.605284	-0.10913580050551958	-0.7149359842376417	0.0	(-0.7149359842376417+0j)
-0.776	-0.602176	-0.10862889613241555	-0.7113214493810949	0.0	(-0.7113214493810949+0j)
-0.774	-0.599076	-0.10812278653052287	-0.7077157288838662	0.0	(-0.7077157288838662+0j)
-0.772	-0.5959840000000001	-0.1076174750620798	-0.7041188260796941	0.0	(-0.7041188260796941+0j)
-0.77	-0.5929	-0.10711296508743612	-0.7005307443038816	0.0	(-0.7005307443038816+0j)
-0.768	-0.589824	-0.1066092599650173	-0.6969514868931488	0.0	(-0.6969514868931488+0j)
-0.766	-0.586756	-0.10610636305127985	-0.6933810571855159	0.0	(-0.6933810571855159+0j)
-0.764	-0.583696	-0.10560427770067132	-0.6898194585201505	0.0	(-0.6898194585201505+0j)
-0.762	-0.580644	-0.10510300726559035	-0.6862666942372858	0.0	(-0.6862666942372858+0j)
-0.76	-0.5776	-0.10460255509634614	-0.6827227676780854	0.0	(-0.6827227676780854+0j)
-0.758	-0.574564	-0.10410292454111625	-0.6791876821845099	0.0	(-0.6791876821845099+0j)
-0.756	-0.571536	-0.10360411894590665	-0.6756614410992399	0.0	(-0.6756614410992399+0j)
-0.754	-0.568516	-0.10310614165450954	-0.6721440477655419	0.0	(-0.6721440477655419+0j)
-0.752	-0.565504	-0.10260899600846446	-0.6686355055271794	0.0	(-0.6686355055271794+0j)
-0.75	-0.5625	-0.10211268534701556	-0.6651358177282821	0.0	(-0.6651358177282821+0j)
-0.748	-0.559504	-0.1016172130070711	-0.66164498771329	0.0	(-0.66164498771329+0j)
-0.746	-0.556516	-0.10112258232316318	-0.6581630188268318	0.0	(-0.6581630188268318+0j)
-0.744	-0.553536	-0.10062879662740554	-0.654689914413588	0.0	(-0.654689914413588+0j)
-0.742	-0.5505639999999999	-0.10013585924945251	-0.6512256778182802	0.0	(-0.6512256778182802+0j)
-0.74	-0.5476	-0.09964377351645959	-0.6477703123855116	0.0	(-0.6477703123855116+0j)
-0.738	-0.544644	-0.09915254275303986	-0.6443238214597137	0.0	(-0.6443238214597137+0j)
-0.736	-0.541696	-0.09866217028122543	-0.6408862083850364	0.0	(-0.6408862083850364+0j)
-0.734	-0.538756	-0.09817265942042464	-0.6374574765052777	0.0	(-0.6374574765052777+0j)
-0.732	-0.535824	-0.0976840134873802	-0.6340376291638142	0.0	(-0.6340376291638142+0j)
-0.73	-0.5328999999999999	-0.09719623579613063	-0.630626669703458	0.0	(-0.630626669703458+0j)
-0.728	-0.529984	-0.09670932965796797	-0.6272246014664509	0.0	(-0.6272246014664509+0j)
-0.726	-0.527076	-0.09622329838139349	-0.6238314277943384	0.0	(-0.6238314277943384+0j)
-0.724	-0.524176	-0.09573814527208291	-0.6204471520279113	0.0	(-0.6204471520279113+0j)
-0.722	-0.521284	-0.09525387363283816	-0.6170717775071015	0.0	(-0.6170717775071015+0j)
-0.72	-0.5184	-0.09477048676355126	-0.6137053075709615	0.0	(-0.6137053075709615+0j)
-0.718	-0.515524	-0.09428798796116106	-0.6103477455575373	0.0	(-0.6103477455575373+0j)
-0.716	-0.512656	-0.09380638051961154	-0.6069990948038104	0.0	(-0.6069990948038104+0j)
-0.714	-0.5097959999999999	-0.09332566772981221	-0.6036593586456408	0.0	(-0.6036593586456408+0j)
-0.712	-0.506944	-0.09284585287959474	-0.6003285404176829	0.0	(-0.6003285404176829+0j)
-0.71	-0.5041	-0.09236693925367329	-0.5970066434533348	0.0	(-0.5970066434533348+0j)
-0.708	-0.5012639999999999	-0.09188893013360289	-0.5936936710846219	0.0	(-0.5936936710846219+0j)
-0.706	-0.49843599999999993	-0.09141182879773752	-0.590389626642199	0.0	(-0.590389626642199+0j)
-0.704	-0.49561599999999995	-0.09093563852118902	-0.58709451345521	0.0	(-0.58709451345521+0j)
-0.7020000000000001	-0.4928040000000001	-0.09046036257578716	-0.5838083348512918	0.0	(-0.5838083348512918+0j)
-0.7000000000000001	-0.4900000000000001	-0.08998600423003655	-0.5805310941564628	0.0	(-0.5805310941564628+0j)
-0.6980000000000001	-0.4872040000000001	-0.08951256674907426	-0.5772627946950624	0.0	(-0.5772627946950624+0j)
-0.6960000000000001	-0.48441600000000007	-0.08904005339463283	-0.5740034397897192	0.0	(-0.5740034397897192+0j)
-0.6940000000000001	-0.48163600000000006	-0.08856846742499425	-0.5707530327612443	0.0	(-0.5707530327612443+0j)
-0.6920000000000001	-0.47886400000000007	-0.08809781209495271	-0.5675115769285958	0.0	(-0.5675115769285958+0j)
-0.6900000000000001	-0.4761000000000001	-0.08762809065576915	-0.5642790756088334	0.0	(-0.5642790756088334+0j)
-0.6880000000000001	-0.4733440000000001	-0.08715930635513347	-0.5610555321170024	0.0	(-0.5610555321170024+0j)
-0.686	-0.47059600000000007	-0.08669146243712123	-0.557840949766119	0.0	(-0.557840949766119+0j)
-0.684	-0.46785600000000005	-0.08622456214215257	-0.5546353318671131	0.0	(-0.5546353318671131+0j)
-0.682	-0.4651240000000001	-0.08575860870695229	-0.5514386817287288	0.0	(-0.5514386817287288+0j)
-0.68	-0.4624000000000001	-0.08529360536450592	-0.5482510026574975	0.0	(-0.5482510026574975+0j)
-0.678	-0.45968400000000004	-0.08482955534402148	-0.5450722979576844	0.0	(-0.5450722979576844+0j)
-0.676	-0.45697600000000005	-0.08436646187088503	-0.5419025709311924	0.0	(-0.5419025709311924+0j)
-0.674	-0.45427600000000007	-0.08390432816662297	-0.5387418248775435	0.0	(-0.5387418248775435+0j)
-0.672	-0.45158400000000004	-0.083443157448857	-0.5355900630938049	0.0	(-0.5355900630938049+0j)
-0.67	-0.4489000000000001	-0.08298295293126479	-0.5324472888745179	0.0	(-0.5324472888745179+0j)
-0.668	-0.44622400000000007	-0.08252371782354051	-0.52931350551167	0.0	(-0.52931350551167+0j)
-0.666	-0.44355600000000006	-0.08206545533134824	-0.5261887162946116	0.0	(-0.5261887162946116+0j)
-0.664	-0.44089600000000007	-0.08160816865628806	-0.5230729245100162	0.0	(-0.5230729245100162+0j)
-0.662	-0.438244	-0.08115186099584615	-0.5199661334418129	0.0	(-0.5199661334418129+0j)
-0.66	-0.43560000000000004	-0.08069653554336198	-0.5168683463711179	0.0	(-0.5168683463711179+0j)
-0.658	-0.432964	-0.08024219548798117	-0.5137795665762127	0.0	(-0.5137795665762127+0j)
-0.656	-0.43033600000000005	-0.07978884401461828	-0.5106997973324616	0.0	(-0.5106997973324616+0j)
-0.654	-0.42771600000000004	-0.07933648430391238	-0.5076290419122633	0.0	(-0.5076290419122633+0j)
-0.652	-0.42510400000000004	-0.07888511953218602	-0.5045673035849845	0.0	(-0.5045673035849845+0j)
-0.65	-0.42250000000000004	-0.078434752871408	-0.5015145856169099	0.0	(-0.5015145856169099+0j)
-0.648	-0.419904	-0.07798538748914785	-0.49847089127119626	0.0	(-0.49847089127119626+0j)
-0.646	-0.417316	-0.07753702654853645	-0.4954362238077956	0.0	(-0.4954362238077956+0j)
-0.644	-0.41473600000000005	-0.07708967320822491	-0.4924105864834123	0.0	(-0.4924105864834123+0j)
-0.642	-0.41216400000000003	-0.07664333062234352	-0.4893939825514491	0.0	(-0.4893939825514491+0j)
-0.64	-0.4096	-0.07619800194046122	-0.4863864152619259	0.0	(-0.4863864152619259+0j)
-0.638	-0.407044	-0.0757536903075412	-0.4833878878614596	0.0	(-0.4833878878614596+0j)
-0.636	-0.404496	-0.07531039886390534	-0.4803984035931719	0.0	(-0.4803984035931719+0j)
-0.634	-0.40195600000000004	-0.07486813074518928	-0.47741796569665684	0.0	(-0.47741796569665684+0j)
-0.632	-0.399424	-0.07442688908230188	-0.4744465774079006	0.0	(-0.4744465774079006+0j)
-0.63	-0.39690000000000003	-0.07398667700138584	-0.4714842419592523	0.0	(-0.4714842419592523+0j)
-0.628	-0.394384	-0.07354749762377488	-0.46853096257933363	0.0	(-0.46853096257933363+0j)
-0.626	-0.391876	-0.07310935406595387	-0.4655867424929995	0.0	(-0.4655867424929995+0j)
-0.624	-0.389376	-0.07267224943951822	-0.4626515849212835	0.0	(-0.4626515849212835+0j)
-0.622	-0.386884	-0.07223618685113176	-0.45972549308131655	0.0	(-0.45972549308131655+0j)
-0.62	-0.3844	-0.07180116940248726	-0.4568084701862819	0.0	(-0.4568084701862819+0j)
-0.618	-0.381924	-0.07136720019026543	-0.4539005194453677	0.0	(-0.4539005194453677+0j)
-0.616	-0.379456	-0.07093428230609156	-0.45100164406367566	0.0	(-0.45100164406367566+0j)
-0.614	-0.376996	-0.07050241883649999	-0.4481118472421833	0.0	(-0.4481118472421833+0j)
-0.612	-0.374544	-0.07007161286288754	-0.4452311321776747	0.0	(-0.4452311321776747+0j)
-0.61	-0.3721	-0.06964186746147794	-0.44235950206267205	0.0	(-0.44235950206267205+0j)
-0.608	-0.369664	-0.06921318570327573	-0.43949696008539785	0.0	(-0.43949696008539785+0j)
-0.606	-0.367236	-0.06878557065403246	-0.4366435094296789	0.0	(-0.4366435094296789+0j)
-0.604	-0.364816	-0.06835902537419836	-0.4337991532748971	0.0	(-0.4337991532748971+0j)
-0.602	-0.36240399999999995	-0.06793355291888903	-0.4309638947959349	0.0	(-0.4309638947959349+0j)
-0.6	-0.36	-0.06750915633783938	-0.42813773716309445	0.0	(-0.42813773716309445+0j)
-0.598	-0.357604	-0.06708583867536644	-0.4253206835420437	0.0	(-0.4253206835420437+0j)
-0.596	-0.355216	-0.0666636029703277	-0.42251273709374315	0.0	(-0.42251273709374315+0j)
-0.594	-0.352836	-0.0662424522560795	-0.41971390097439026	0.0	(-0.41971390097439026+0j)
-0.592	-0.35046399999999994	-0.0658223895604404	-0.41692417833533035	0.0	(-0.41692417833533035+0j)
-0.59	-0.34809999999999997	-0.06540341790564563	-0.4141435723230062	0.0	(-0.4141435723230062+0j)
-0.588	-0.34574399999999994	-0.06498554030831105	-0.41137208607889025	0.0	(-0.41137208607889025+0j)
-0.586	-0.343396	-0.06456875977939147	-0.4086097227394067	0.0	(-0.4086097227394067+0j)
-0.584	-0.34105599999999997	-0.06415307932413905	-0.4058564854358627	0.0	(-0.4058564854358627+0j)
-0.582	-0.33872399999999997	-0.06373850194206554	-0.40311237729438015	0.0	(-0.40311237729438015+0j)
-0.58	-0.3364	-0.06332503062690009	-0.4003774014358182	0.0	(-0.4003774014358182+0j)
-0.578	-0.33408399999999994	-0.06291266836655096	-0.39765156097570725	0.0	(-0.39765156097570725+0j)
-0.5760000000000001	-0.33177600000000007	-0.06250141814306331	-0.3949348590241769	0.0	(-0.3949348590241769+0j)
-0.5740000000000001	-0.3294760000000001	-0.06209128293258093	-0.39222729868587564	0.0	(-0.39222729868587564+0j)
-0.5720000000000001	-0.3271840000000001	-0.061682265705306216	-0.38952888305989314	0.0	(-0.38952888305989314+0j)
-0.5700000000000001	-0.3249000000000001	-0.06127436942545916	-0.3868396152396915	0.0	(-0.3868396152396915+0j)
-0.5680000000000001	-0.3226240000000001	-0.06086759705123845	-0.3841594983130267	0.0	(-0.3841594983130267+0j)
-0.5660000000000001	-0.3203560000000001	-0.0604619515347804	-0.3814885353618659	0.0	(-0.3814885353618659+0j)
-0.5640000000000001	-0.31809600000000005	-0.0600574358221212	-0.37882672946231183	0.0	(-0.37882672946231183+0j)
-0.562	-0.31584400000000007	-0.05965405285315584	-0.37617408368452643	0.0	(-0.37617408368452643+0j)
-0.56	-0.31360000000000005	-0.05925180556159759	-0.3735306010926513	0.0	(-0.3735306010926513+0j)
-0.558	-0.3113640000000001	-0.05885069687494082	-0.3708962847447099	0.0	(-0.3708962847447099+0j)
-0.556	-0.3091360000000001	-0.05845072971441878	-0.36827113769255154	0.0	(-0.36827113769255154+0j)
-0.554	-0.3069160000000001	-0.05805190699496754	-0.36565516298173284	0.0	(-0.36565516298173284+0j)
-0.552	-0.30470400000000003	-0.05765423162518157	-0.36304836365147763	0.0	(-0.36304836365147763+0j)
-0.55	-0.30250000000000005	-0.057257706507277684	-0.3604507427345525	0.0	(-0.3604507427345525+0j)
-0.548	-0.30030400000000007	-0.0568623345370578	-0.35786230325719376	0.0	(-0.35786230325719376+0j)
-0.546	-0.29811600000000005	-0.056468118603864026	-0.3552830482390453	0.0	(-0.3552830482390453+0j)
-0.544	-0.29593600000000003	-0.056075061590543096	-0.35271298069300616	0.0	(-0.35271298069300616+0j)
-0.542	-0.293764	-0.05568316637340753	-0.35015210362521276	0.0	(-0.35015210362521276+0j)
-0.54	-0.2916	-0.0552924358221929	-0.3476004200349088	0.0	(-0.3476004200349088+0j)
-0.538	-0.28944400000000003	-0.05490287280002504	-0.3450579329143577	0.0	(-0.3450579329143577+0j)
-0.536	-0.28729600000000005	-0.05451448016337401	-0.3425246452487579	0.0	(-0.3425246452487579+0j)
-0.534	-0.285156	-0.05412726076201968	-0.3400005600161493	0.0	(-0.3400005600161493+0j)
-0.532	-0.28302400000000005	-0.053741217439012834	-0.3374856801873028	0.0	(-0.3374856801873028+0j)
-0.53	-0.28090000000000004	-0.05335635303063302	-0.33498000872564676	0.0	(-0.33498000872564676+0j)
-0.528	-0.27878400000000003	-0.05297267036635245	-0.33248354858716034	0.0	(-0.33248354858716034+0j)
-0.526	-0.27667600000000003	-0.05259017226879881	-0.32999630272027936	0.0	(-0.32999630272027936+0j)
-0.524	-0.27457600000000004	-0.05220886155371085	-0.32751827406578254	0.0	(-0.32751827406578254+0j)
-0.522	-0.272484	-0.051828741029907865	-0.3250494655567158	0.0	(-0.3250494655567158+0j)
-0.52	-0.27040000000000003	-0.0514498134992436	-0.32258988011827183	0.0	(-0.32258988011827183+0j)
-0.518	-0.268324	-0.05107208175657352	-0.3201395206677032	0.0	(-0.3201395206677032+0j)
-0.516	-0.266256	-0.050695548589713146	-0.3176983901142112	0.0	(-0.3176983901142112+0j)
-0.514	-0.264196	-0.05032021677939924	-0.3152664913588415	0.0	(-0.3152664913588415+0j)
-0.512	-0.262144	-0.04994608909925535	-0.31284382729438326	0.0	(-0.31284382729438326+0j)
-0.51	-0.2601	-0.04957316831574965	-0.31043040080526213	0.0	(-0.31043040080526213+0j)
-0.508	-0.258064	-0.04920145718816049	-0.3080262147674429	0.0	(-0.3080262147674429+0j)
-0.506	-0.256036	-0.04883095846853425	-0.30563127204829815	0.0	(-0.30563127204829815+0j)
-0.504	-0.254016	-0.048461674901650875	-0.3032455755065333	0.0	(-0.3032455755065333+0j)
-0.502	-0.252004	-0.04809360922498618	-0.30086912799205223	0.0	(-0.30086912799205223+0j)
-0.5	-0.25	-0.04772676416867072	-0.29850193234585404	0.0	(-0.29850193234585404+0j)
-0.498	-0.248004	-0.0473611424554532	-0.29614399139992303	0.0	(-0.29614399139992303+0j)
-0.496	-0.24601599999999998	-0.04699674680066601	-0.2937953079771278	0.0	(-0.2937953079771278+0j)
-0.494	-0.244036	-0.04663357991218531	-0.29145588489108254	0.0	(-0.29145588489108254+0j)
-0.492	-0.242064	-0.046271644490389896	-0.2891257249460712	0.0	(-0.2891257249460712+0j)
-0.49	-0.24009999999999998	-0.045910943228133494	-0.2868048309368989	0.0	(-0.2868048309368989+0j)
-0.488	-0.238144	-0.04555147881069699	-0.2844932056487903	0.0	(-0.2844932056487903+0j)
-0.486	-0.236196	-0.04519325391575624	-0.28219085185728526	0.0	(-0.28219085185728526+0j)
-0.484	-0.234256	-0.044836271213346546	-0.2798977723281043	0.0	(-0.2798977723281043+0j)
-0.482	-0.23232399999999997	-0.044480533365819364	-0.2776139698170484	0.0	(-0.2776139698170484+0j)
-0.48	-0.2304	-0.04412604302781342	-0.27533944706986757	0.0	(-0.27533944706986757+0j)
-0.47800000000000004	-0.22848400000000005	-0.043772802846212544	-0.27307420682215555	0.0	(-0.27307420682215555+0j)
-0.47600000000000003	-0.22657600000000003	-0.0434208154601079	-0.270818251799221	0.0	(-0.270818251799221+0j)
-0.47400000000000003	-0.22467600000000004	-0.0430700835007658	-0.2685715847159769	0.0	(-0.2685715847159769+0j)
-0.47200000000000003	-0.22278400000000004	-0.042720609591586634	-0.26633420827681775	0.0	(-0.26633420827681775+0j)
-0.47000000000000003	-0.22090000000000004	-0.04237239634807155	-0.2641061251754988	0.0	(-0.2641061251754988+0j)
-0.468	-0.21902400000000002	-0.042025446377783604	-0.26188733809501663	0.0	(-0.26188733809501663+0j)
-0.466	-0.21715600000000002	-0.04167976228031334	-0.2596778497074934	0.0	(-0.2596778497074934+0j)
-0.464	-0.21529600000000002	-0.041335346647241034	-0.2574776626740444	0.0	(-0.2574776626740444+0j)
-0.462	-0.21344400000000002	-0.04099220206210119	-0.2552867796446676	0.0	(-0.2552867796446676+0j)
-0.46	-0.2116	-0.04065033110034588	-0.25310520325812164	0.0	(-0.25310520325812164+0j)
-0.458	-0.209764	-0.04030973632930812	-0.250932936141795	0.0	(-0.250932936141795+0j)
-0.456	-0.207936	-0.03997042030816744	-0.24876998091159874	0.0	(-0.24876998091159874+0j)
-0.454	-0.20611600000000002	-0.039632385587916596	-0.24661634017182596	0.0	(-0.24661634017182596+0j)
-0.452	-0.204304	-0.03929563471131603	-0.24447201651504205	0.0	(-0.24447201651504205+0j)
-0.45	-0.2025	-0.03896017021286946	-0.24233701252196713	0.0	(-0.24233701252196713+0j)
-0.448	-0.20070400000000002	-0.0386259946187828	-0.2402113307613386	0.0	(-0.2402113307613386+0j)
-0.446	-0.198916	-0.038293110446928624	-0.23809497378980324	0.0	(-0.23809497378980324+0j)
-0.444	-0.197136	-0.03796152020681176	-0.23598794415177815	0.0	(-0.23598794415177815+0j)
-0.442	-0.195364	-0.03763122639953376	-0.23389024437935294	0.0	(-0.23389024437935294+0j)
-0.44	-0.1936	-0.037302231517758466	-0.23180187699214286	0.0	(-0.23180187699214286+0j)
-0.438	-0.191844	-0.03697453804567652	-0.22972284449717678	0.0	(-0.22972284449717678+0j)
-0.436	-0.190096	-0.03664814845896758	-0.2276531493887826	0.0	(-0.2276531493887826+0j)
-0.434	-0.188356	-0.036323065224769246	-0.22559279414845665	0.0	(-0.22559279414845665+0j)
-0.432	-0.18662399999999998	-0.03599929080164266	-0.22354178124474433	0.0	(-0.22354178124474433+0j)
-0.43	-0.18489999999999998	-0.035676827639533615	-0.22150011313311643	0.0	(-0.22150011313311643+0j)
-0.428	-0.18318399999999999	-0.03535567817974261	-0.21946779225585847	0.0	(-0.21946779225585847+0j)
-0.426	-0.181476	-0.03503584485488598	-0.217444821041938	0.0	(-0.217444821041938+0j)
-0.424	-0.179776	-0.034717330088863685	-0.21543120190688833	0.0	(-0.21543120190688833+0j)
-0.422	-0.178084	-0.034400136296826034	-0.21342693725269724	0.0	(-0.21342693725269724+0j)
-0.42	-0.17639999999999997	-0.03408426588513924	-0.21143202946767262	0.0	(-0.21143202946767262+0j)
-0.418	-0.174724	-0.033769721251347695	-0.209446480926339	0.0	(-0.209446480926339+0j)
-0.41600000000000004	-0.17305600000000004	-0.03345650478414619	-0.20747029398931052	0.0	(-0.20747029398931052+0j)
-0.41400000000000003	-0.17139600000000002	-0.03314461886334108	-0.20550347100317298	0.0	(-0.20550347100317298+0j)
-0.41200000000000003	-0.16974400000000003	-0.03283406585981585	-0.20354601430036984	0.0	(-0.20354601430036984+0j)
-0.41000000000000003	-0.16810000000000003	-0.03252484813550449	-0.20159792619908806	0.0	(-0.20159792619908806+0j)
-0.40800000000000003	-0.16646400000000003	-0.03221696804334928	-0.19965920900313427	0.0	(-0.19965920900313427+0j)
-0.406	-0.164836	-0.031910427927273055	-0.19772986500182485	0.0	(-0.19772986500182485+0j)
-0.404	-0.16321600000000003	-0.03160523012214589	-0.1958098964698698	0.0	(-0.1958098964698698+0j)
-0.402	-0.16160400000000003	-0.03130137695374291	-0.1938993056672587	0.0	(-0.1938993056672587+0j)
-0.4	-0.16000000000000003	-0.030998870738727646	-0.1919980948391475	0.0	(-0.1919980948391475+0j)
-0.398	-0.15840400000000002	-0.030697713784604286	-0.19010626621574447	0.0	(-0.19010626621574447+0j)
-0.396	-0.156816	-0.03039790838969103	-0.1882238220121959	0.0	(-0.1882238220121959+0j)
-0.394	-0.155236	-0.03009945684308568	-0.18635076442848067	0.0	(-0.18635076442848067+0j)
-0.392	-0.15366400000000002	-0.02980236142463899	-0.18448709564929036	0.0	(-0.18448709564929036+0j)
-0.39	-0.1521	-0.029506624404909143	-0.18263281784392724	0.0	(-0.18263281784392724+0j)
-0.388	-0.150544	-0.029212248045142886	-0.18078793316618552	0.0	(-0.18078793316618552+0j)
-0.386	-0.14899600000000002	-0.028919234597235555	-0.17895244375424907	0.0	(-0.17895244375424907+0j)
-0.384	-0.147456	-0.028627586303699992	-0.17712635173058539	0.0	(-0.17712635173058539+0j)
-0.382	-0.145924	-0.02833730539764101	-0.17530965920182087	0.0	(-0.17530965920182087+0j)
-0.38	-0.1444	-0.028048394102708762	-0.17350236825864948	0.0	(-0.17350236825864948+0j)
-0.378	-0.142884	-0.027760854633078758	-0.17170448097572322	0.0	(-0.17170448097572322+0j)
-0.376	-0.141376	-0.027474689193425217	-0.16991599941153393	0.0	(-0.16991599941153393+0j)
-0.374	-0.139876	-0.027189899978870002	-0.1681369256083216	0.0	(-0.1681369256083216+0j)
-0.372	-0.138384	-0.026906489174971515	-0.16636726159195503	0.0	(-0.16636726159195503+0j)
-0.37	-0.1369	-0.026624458957678065	-0.16460700937183792	0.0	(-0.16460700937183792+0j)
-0.368	-0.135424	-0.02634381149330789	-0.16285617094079038	0.0	(-0.16285617094079038+0j)
-0.366	-0.133956	-0.02606454893851362	-0.1611147482749543	0.0	(-0.1611147482749543+0j)
-0.364	-0.132496	-0.025786673440242325	-0.15938274333368313	0.0	(-0.15938274333368313+0j)
-0.362	-0.131044	-0.025510187135726614	-0.15766015805943365	0.0	(-0.15766015805943365+0j)
-0.36	-0.1296	-0.02523509215243136	-0.1559469943776675	0.0	(-0.1559469943776675+0j)
-0.358	-0.128164	-0.024961390608031486	-0.15424325419673665	0.0	(-0.15424325419673665+0j)
-0.356	-0.126736	-0.024689084610389767	-0.1525489394077918	0.0	(-0.1525489394077918+0j)
-0.354	-0.12531599999999998	-0.024418176257516855	-0.15086405188465407	0.0	(-0.15086405188465407+0j)
-0.352	-0.12390399999999999	-0.02414866763753576	-0.14918859348372907	0.0	(-0.14918859348372907+0j)
-0.35000000000000003	-0.12250000000000003	-0.023880560828666297	-0.14752256604388742	0.0	(-0.14752256604388742+0j)
-0.34800000000000003	-0.12110400000000002	-0.02361385789918735	-0.14586597138636345	0.0	(-0.14586597138636345+0j)
-0.34600000000000003	-0.11971600000000002	-0.02334856090740578	-0.14421881131464212	0.0	(-0.14421881131464212+0j)
-0.34400000000000003	-0.11833600000000002	-0.023084671901631992	-0.14258108761435273	0.0	(-0.14258108761435273+0j)
-0.342	-0.11696400000000001	-0.022822192920144424	-0.1409528020531535	0.0	(-0.1409528020531535+0j)
-0.34	-0.11560000000000002	-0.02256112599116067	-0.1393339563806186	0.0	(-0.1393339563806186+0j)
-0.338	-0.11424400000000001	-0.022301473132815275	-0.13772455232813202	0.0	(-0.13772455232813202+0j)
-0.336	-0.11289600000000001	-0.022043236353121998	-0.13612459160876997	0.0	(-0.13612459160876997+0j)
-0.334	-0.11155600000000002	-0.021786417649947154	-0.13453407591717437	0.0	(-0.13453407591717437+0j)
-0.332	-0.11022400000000002	-0.021531019010987418	-0.1329530069294465	0.0	(-0.1329530069294465+0j)
-0.33	-0.10890000000000001	-0.02127704241372763	-0.13138138630301613	0.0	(-0.13138138630301613+0j)
-0.328	-0.10758400000000001	-0.021024489825427484	-0.1298192156765285	0.0	(-0.1298192156765285+0j)
-0.326	-0.10627600000000001	-0.02077336320308154	-0.12826649666970175	0.0	(-0.12826649666970175+0j)
-0.324	-0.104976	-0.020523664493394822	-0.12672323088321039	0.0	(-0.12672323088321039+0j)
-0.322	-0.10368400000000001	-0.020275395632753934	-0.12518941989855217	0.0	(-0.12518941989855217+0j)
-0.32	-0.1024	-0.020028558547204867	-0.12366506527790581	0.0	(-0.12366506527790581+0j)
-0.318	-0.101124	-0.019783155152410803	-0.12215016856399236	0.0	(-0.12215016856399236+0j)
-0.316	-0.099856	-0.01953918735364324	-0.12064473127993526	0.0	(-0.12064473127993526+0j)
-0.314	-0.098596	-0.019296657045735355	-0.11914875492910934	0.0	(-0.11914875492910934+0j)
-0.312	-0.097344	-0.01905556611306869	-0.11766224099498733	0.0	(-0.11766224099498733+0j)
-0.31	-0.0961	-0.018815916429542057	-0.11618519094098459	0.0	(-0.11618519094098459+0j)
-0.308	-0.094864	-0.01857770985853824	-0.11471760621028936	0.0	(-0.11471760621028936+0j)
-0.306	-0.093636	-0.01834094825290178	-0.11325948822570092	0.0	(-0.11325948822570092+0j)
-0.304	-0.092416	-0.01810563345491456	-0.11181083838944877	0.0	(-0.11181083838944877+0j)
-0.302	-0.091204	-0.017871767296264718	-0.11037165808301276	0.0	(-0.11037165808301276+0j)
-0.3	-0.09	-0.017639351598024433	-0.10894194866692952	0.0	(-0.10894194866692952+0j)
-0.298	-0.088804	-0.017408388170609967	-0.1075217114806006	0.0	(-0.1075217114806006+0j)
-0.296	-0.08761599999999999	-0.01717887881377944	-0.10611094784208479	0.0	(-0.10611094784208479+0j)
-0.294	-0.08643599999999999	-0.016950825316581764	-0.10470965904787889	0.0	(-0.10470965904787889+0j)
-0.292	-0.08526399999999999	-0.01672422945734775	-0.1033178463727035	0.0	(-0.1033178463727035+0j)
-0.29	-0.0841	-0.016499093003654597	-0.10193551106926399	0.0	(-0.10193551106926399+0j)
-0.28800000000000003	-0.08294400000000002	-0.016275417712305895	-0.10056265436800431	0.0	(-0.10056265436800431+0j)
-0.28600000000000003	-0.08179600000000002	-0.016053205329300546	-0.09919927747685775	0.0	(-0.09919927747685775+0j)
-0.28400000000000003	-0.08065600000000002	-0.015832457589812776	-0.09784538158097447	0.0	(-0.09784538158097447+0j)
-0.28200000000000003	-0.07952400000000001	-0.015613176218161051	-0.09650096784244618	0.0	(-0.09650096784244618+0j)
-0.28	-0.07840000000000001	-0.015395362927792533	-0.09516603740000931	0.0	(-0.09516603740000931+0j)
-0.278	-0.07728400000000002	-0.015179019421243112	-0.09384059136873822	0.0	(-0.09384059136873822+0j)
-0.276	-0.07617600000000001	-0.014964147390124083	-0.09252463083972252	0.0	(-0.09252463083972252+0j)
-0.274	-0.07507600000000002	-0.014750748515095502	-0.09121815687973307	0.0	(-0.09121815687973307+0j)
-0.272	-0.07398400000000001	-0.01453882446584398	-0.08992117053085562	0.0	(-0.08992117053085562+0j)
-0.27	-0.0729	-0.014328376901042716	-0.08863367281012603	0.0	(-0.08863367281012603+0j)
-0.268	-0.07182400000000001	-0.014119407468351497	-0.08735566470913013	0.0	(-0.08735566470913013+0j)
-0.266	-0.07075600000000001	-0.013911917804367846	-0.08608714719359822	0.0	(-0.08608714719359822+0j)
-0.264	-0.06969600000000001	-0.013705909534631466	-0.08482812120295867	0.0	(-0.08482812120295867+0j)
-0.262	-0.06864400000000001	-0.013501384273566508	-0.0835785876498853	0.0	(-0.0835785876498853+0j)
-0.26	-0.06760000000000001	-0.013298343624481568	-0.08233854741981785	0.0	(-0.08233854741981785+0j)
-0.258	-0.066564	-0.013096789179547486	-0.08110800137044667	0.0	(-0.08110800137044667+0j)
-0.256	-0.065536	-0.012896722519757375	-0.07988695033117905	0.0	(-0.07988695033117905+0j)
-0.254	-0.064516	-0.012698145214917744	-0.0786753951025773	0.0	(-0.0786753951025773+0j)
-0.252	-0.063504	-0.012501058823621847	-0.07747333645575069	0.0	(-0.07747333645575069+0j)
-0.25	-0.0625	-0.012305464893214157	-0.07628077513173796	0.0	(-0.07628077513173796+0j)
-0.248	-0.061503999999999996	-0.012111364959790372	-0.07509771184084182	0.0	(-0.07509771184084182+0j)
-0.246	-0.060516	-0.011918760548157437	-0.07392414726192012	0.0	(-0.07392414726192012+0j)
-0.244	-0.059536	-0.011727653171815788	-0.0727600820416569	0.0	(-0.0727600820416569+0j)
-0.242	-0.058564	-0.01153804433294603	-0.07160551679377081	0.0	(-0.07160551679377081+0j)
-0.24	-0.0576	-0.011349935522368959	-0.0704604520981911	0.0	(-0.0704604520981911+0j)
-0.23800000000000002	-0.05664400000000001	-0.011163328219536695	-0.06932488850019147	0.0	(-0.06932488850019147+0j)
-0.23600000000000002	-0.05569600000000001	-0.010978223892514904	-0.06819882650945511	0.0	(-0.06819882650945511+0j)
-0.234	-0.054756000000000006	-0.010794623997942843	-0.06708226659910123	0.0	(-0.06708226659910123+0j)
-0.232	-0.053824000000000004	-0.010612529981020025	-0.06597520920466844	0.0	(-0.06597520920466844+0j)
-0.23	-0.0529	-0.010431943275510669	-0.0648776547229974	0.0	(-0.0648776547229974+0j)
-0.228	-0.051984	-0.010252865303672642	-0.06378960351109272	0.0	(-0.06378960351109272+0j)
-0.226	-0.051076	-0.010075297476284106	-0.06271105588488773	0.0	(-0.06271105588488773+0j)
-0.224	-0.050176000000000005	-0.009899241192590225	-0.061642012117946794	0.0	(-0.061642012117946794+0j)
-0.222	-0.049284	-0.009724697840289842	-0.060582472440108205	0.0	(-0.060582472440108205+0j)
-0.22	-0.0484	-0.009551668795539925	-0.0595324370360071	0.0	(-0.0595324370360071+0j)
-0.218	-0.047524	-0.009380155422897829	-0.05849190604354131	0.0	(-0.05849190604354131+0j)
-0.216	-0.046655999999999996	-0.00921015907531686	-0.05746087955223838	0.0	(-0.05746087955223838+0j)
-0.214	-0.045795999999999996	-0.009041681094141829	-0.05643935760151596	0.0	(-0.05643935760151596+0j)
-0.212	-0.044944	-0.00887472280906465	-0.055427340178838345	0.0	(-0.055427340178838345+0j)
-0.21	-0.04409999999999999	-0.008709285538115452	-0.05442482721776323	0.0	(-0.05442482721776323+0j)
-0.20800000000000002	-0.04326400000000001	-0.008545370587644818	-0.05343181859587044	0.0	(-0.05343181859587044+0j)
-0.20600000000000002	-0.04243600000000001	-0.008382979252306022	-0.052448314132549245	0.0	(-0.052448314132549245+0j)
-0.20400000000000001	-0.04161600000000001	-0.0082221128150195	-0.05147431358666675	0.0	(-0.05147431358666675+0j)
-0.202	-0.04080400000000001	-0.008062772546986174	-0.05050981665406551	0.0	(-0.05050981665406551+0j)
-0.2	-0.04000000000000001	-0.007904959707625281	-0.04955482296493495	0.0	(-0.04955482296493495+0j)
-0.198	-0.039204	-0.0077486755446054545	-0.048609332080979124	0.0	(-0.048609332080979124+0j)
-0.196	-0.038416000000000006	-0.007593921293782557	-0.04767334349242919	0.0	(-0.04767334349242919+0j)
-0.194	-0.037636	-0.007440698179204119	-0.04674685661484916	0.0	(-0.04674685661484916+0j)
-0.192	-0.036864	-0.007289007413078252	-0.045829870785754644	0.0	(-0.045829870785754644+0j)
-0.19	-0.0361	-0.00713885019577809	-0.044922385260984625	0.0	(-0.044922385260984625+0j)
-0.188	-0.035344	-0.006990227715801822	-0.04402439921085038	0.0	(-0.04402439921085038+0j)
-0.186	-0.034596	-0.0068431411497638095	-0.04313591171602008	0.0	(-0.04313591171602008+0j)
-0.184	-0.033856	-0.006697591662367941	-0.04225692176315341	0.0	(-0.04225692176315341+0j)
-0.182	-0.033124	-0.006553580406416515	-0.041387428240204915	0.0	(-0.041387428240204915+0j)
-0.18	-0.0324	-0.0064111085227569475	-0.04052742993144927	0.0	(-0.04052742993144927+0j)
-0.178	-0.031684	-0.006270177140299538	-0.03967692551213006	0.0	(-0.03967692551213006+0j)
-0.176	-0.030975999999999997	-0.006130787375964175	-0.038835913542781986	0.0	(-0.038835913542781986+0j)
-0.17400000000000002	-0.030276000000000004	-0.005992940334698105	-0.03800439246313444	0.0	(-0.03800439246313444+0j)
-0.17200000000000001	-0.029584000000000006	-0.005856637109440399	-0.03718236058560195	0.0	(-0.03718236058560195+0j)
-0.17	-0.028900000000000006	-0.005721878781113077	-0.03636981608831592	0.0	(-0.03636981608831592+0j)
-0.168	-0.028224000000000003	-0.005588666418603339	-0.03556675700766398	0.0	(-0.03556675700766398+0j)
-0.166	-0.027556000000000004	-0.005457001078736923	-0.03477318123031882	0.0	(-0.03477318123031882+0j)
-0.164	-0.026896000000000003	-0.005326883806295868	-0.03398908648465078	0.0	(-0.03398908648465078+0j)
-0.162	-0.026244	-0.005198315633938577	-0.033214470331593006	0.0	(-0.033214470331593006+0j)
-0.16	-0.0256	-0.005071297582261991	-0.032449330154791574	0.0	(-0.032449330154791574+0j)
-0.158	-0.024964	-0.004945830659748296	-0.03169366315002638	0.0	(-0.03169366315002638+0j)
-0.156	-0.024336	-0.004821915862720516	-0.030947466313914703	0.0	(-0.030947466313914703+0j)
-0.154	-0.023716	-0.004699554175386922	-0.030210736431728183	0.0	(-0.030210736431728183+0j)
-0.152	-0.023104	-0.004578746569796621	-0.029483470064295213	0.0	(-0.029483470064295213+0j)
-0.15	-0.0225	-0.004459494005804032	-0.028765663533958093	0.0	(-0.028765663533958093+0j)
-0.148	-0.021903999999999996	-0.004341797431086647	-0.02805731290945756	0.0	(-0.02805731290945756+0j)
-0.146	-0.021315999999999998	-0.004225657781145031	-0.02735841398962141	0.0	(-0.02735841398962141+0j)
-0.14400000000000002	-0.020736000000000004	-0.004111075979240653	-0.026668962285838118	0.0	(-0.026668962285838118+0j)
-0.14200000000000002	-0.020164000000000005	-0.003998052936404761	-0.025988953003180146	0.0	(-0.025988953003180146+0j)
-0.14	-0.019600000000000003	-0.003886589551438391	-0.025318381020032338	0.0	(-0.025318381020032338+0j)
-0.138	-0.019044000000000002	-0.0037766867108857127	-0.02465724086610583	0.0	(-0.02465724086610583+0j)
-0.136	-0.018496000000000002	-0.0036683452889896273	-0.024005526698817614	0.0	(-0.024005526698817614+0j)
-0.134	-0.017956000000000003	-0.003561566147798345	-0.023363232277571106	0.0	(-0.023363232277571106+0j)
-0.132	-0.017424000000000002	-0.0034563501369433425	-0.022730350936251472	0.0	(-0.022730350936251472+0j)
-0.13	-0.016900000000000002	-0.003352698093852524	-0.022106875553264113	0.0	(-0.022106875553264113+0j)
-0.128	-0.016384	-0.0032506108435725878	-0.02149279851928805	0.0	(-0.02149279851928805+0j)
-0.126	-0.015876	-0.0031500891988578417	-0.020888111702303536	0.0	(-0.020888111702303536+0j)
-0.124	-0.015375999999999999	-0.0030511339600991505	-0.02029280640977421	0.0	(-0.02029280640977421+0j)
-0.122	-0.014884	-0.0029537459153239354	-0.01970687334771762	0.0	(-0.01970687334771762+0j)
-0.12	-0.0144	-0.0028579258402139374	-0.01913030257628585	0.0	(-0.01913030257628585+0j)
-0.11800000000000001	-0.013924000000000002	-0.0027636744980163996	-0.018563083461779484	0.0	(-0.018563083461779484+0j)
-0.116	-0.013456000000000001	-0.002670992639686176	-0.018005204624375475	0.0	(-0.018005204624375475+0j)
-0.114	-0.012996	-0.0025798810036725683	-0.017456653881668296	0.0	(-0.017456653881668296+0j)
-0.112	-0.012544000000000001	-0.002490340316079198	-0.016917418187232844	0.0	(-0.016917418187232844+0j)
-0.11	-0.0121	-0.0024023712905574257	-0.01638748356402354	0.0	(-0.01638748356402354+0j)
-0.108	-0.011663999999999999	-0.0023159746283596405	-0.01586683503193969	0.0	(-0.01586683503193969+0j)
-0.106	-0.011236	-0.00223115101823268	-0.015355456529260063	0.0	(-0.015355456529260063+0j)
-0.10400000000000001	-0.010816000000000003	-0.0021479011364888834	-0.014853330827226589	0.0	(-0.014853330827226589+0j)
-0.10200000000000001	-0.010404000000000002	-0.0020662256470060925	-0.014360439437168948	0.0	(-0.014360439437168948+0j)
-0.1	-0.010000000000000002	-0.0019861252011921238	-0.013876762509493193	0.0	(-0.013876762509493193+0j)
-0.098	-0.009604000000000001	-0.001907600437895951	-0.013402278724036609	0.0	(-0.013402278724036609+0j)
-0.096	-0.009216	-0.0018306519835675772	-0.012936965170563749	0.0	(-0.012936965170563749+0j)
-0.094	-0.008836	-0.0017552804520448717	-0.012480797219109298	0.0	(-0.012480797219109298+0j)
-0.092	-0.008464	-0.0016814864447667333	-0.012033748378670854	0.0	(-0.012033748378670854+0j)
-0.09	-0.0081	-0.001609270550559927	-0.011595790143776456	0.0	(-0.011595790143776456+0j)
-0.088	-0.007743999999999999	-0.0015386333457456658	-0.01116689182762896	0.0	(-0.01116689182762896+0j)
-0.08600000000000001	-0.0073960000000000015	-0.0014695753941751377	-0.010747020380565494	0.0	(-0.010747020380565494+0j)
-0.084	-0.007056000000000001	-0.00140209724705187	-0.010336140193069387	0.0	(-0.010336140193069387+0j)
-0.082	-0.006724000000000001	-0.001336199443109365	-0.009934212881505183	0.0	(-0.009934212881505183+0j)
-0.08	-0.0064	-0.0012718825083624097	-0.009541197056003809	0.0	(-0.009541197056003809+0j)
-0.078	-0.006084	-0.001209146956462348	-0.009157048068138404	0.0	(-0.009157048068138404+0j)
-0.076	-0.005776	-0.0011479932883418087	-0.008781717737866948	0.0	(-0.008781717737866948+0j)
-0.074	-0.005475999999999999	-0.001088421992392341	-0.008415154057730944	0.0	(-0.008415154057730944+0j)
-0.07200000000000001	-0.005184000000000001	-0.001030433544393361	-0.008057300873042272	0.0	(-0.008057300873042272+0j)
-0.07	-0.004900000000000001	-0.0009740284075121508	-0.00770809753658577	0.0	(-0.00770809753658577+0j)
-0.068	-0.0046240000000000005	-0.0009192070323393864	-0.007367478536356497	0.0	(-0.007367478536356497+0j)
-0.066	-0.0043560000000000005	-0.0008659698568891372	-0.007035373094936109	0.0	(-0.007035373094936109+0j)
-0.064	-0.004096	-0.0008143173064922848	-0.00671170473946879	0.0	(-0.00671170473946879+0j)
-0.062	-0.0038439999999999998	-0.000764249793760996	-0.006396390841473459	0.0	(-0.006396390841473459+0j)
-0.06	-0.0036	-0.0007157677188729394	-0.006089342124900856	0.0	(-0.006089342124900856+0j)
-0.058	-0.0033640000000000002	-0.0006688714691449604	-0.005790462143468788	0.0	(-0.005790462143468788+0j)
-0.056	-0.0031360000000000003	-0.0006235614195304606	-0.005499646725792369	0.0	(-0.005499646725792369+0j)
-0.054	-0.0029159999999999998	-0.0005798379321220182	-0.005216783390339693	0.0	(-0.005216783390339693+0j)
-0.052000000000000005	-0.0027040000000000007	-0.000537701356222442	-0.004941750731707698	0.0	(-0.004941750731707698+0j)
-0.05	-0.0025000000000000005	-0.0004971520289132059	-0.004674417778753625	0.0	(-0.004674417778753625+0j)
-0.048	-0.002304	-0.00045819027420179737	-0.0044146433304288225	0.0	(-0.0044146433304288225+0j)
-0.046	-0.002116	-0.0004208164034480433	-0.004162275272742044	0.0	(-0.004162275272742044+0j)
-0.044	-0.0019359999999999998	-0.0003850307156483268	-0.003917149882079836	0.0	(-0.003917149882079836+0j)
-0.042	-0.0017640000000000002	-0.00035083349686715337	-0.0036790911241699276	0.0	(-0.0036790911241699276+0j)
-0.04	-0.0016	-0.0003182250205213677	-0.003447909956852483	0.0	(-0.003447909956852483+0j)
-0.038	-0.001444	-0.00028720554723804526	-0.0032234036489152966	0.0	(-0.0032234036489152966+0j)
-0.036000000000000004	-0.0012960000000000003	-0.0002577753252808179	-0.00300535512655831	0.0	(-0.00300535512655831+0j)
-0.034	-0.0011560000000000001	-0.00022993458998143979	-0.0027935323642075136	0.0	(-0.0027935323642075136+0j)
-0.032	-0.001024	-0.00020368356359767859	-0.0025876878384694752	0.0	(-0.0025876878384694752+0j)
-0.03	-0.0009	-0.0001790224567344012	-0.0023875580578180057	0.0	(-0.0023875580578180057+0j)
-0.028	-0.0007840000000000001	-0.0001559514660698369	-0.0021928631978362194	0.0	(-0.0021928631978362194+0j)
-0.026000000000000002	-0.0006760000000000002	-0.00013447077606087987	-0.002003306857850998	0.0	(-0.002003306857850998+0j)
-0.024	-0.000576	-0.00011458055951152346	-0.0018185759559738086	0.0	(-0.0018185759559738086+0j)
-0.022	-0.00048399999999999995	-9.6280974162255e-05	-0.001638340802051415	0.0	(-0.001638340802051415+0j)
-0.02	-0.0004	-7.957216723752936e-05	-0.0014622553438446847	0.0	(-0.0014622553438446847+0j)
-0.018000000000000002	-0.00032400000000000007	-6.445427118251246e-05	-0.001289957632575375	0.0	(-0.001289957632575375+0j)
-0.016	-0.000256	-5.092740821055486e-05	-0.0011210704928313183	0.0	(-0.0011210704928313183+0j)
-0.014	-0.00019600000000000002	-3.89916863241524e-05	-0.0009552024358476624	0.0	(-0.0009552024358476624+0j)
-0.012	-0.000144	-2.8647202725551324e-05	-0.0007919487720739558	0.0	(-0.0007919487720739558+0j)
-0.01	-0.0001	-1.989403472180129e-05	-0.0006308930454944205	0.0	(-0.0006308930454944205+0j)
-0.008	-6.4e-05	-1.2732261893688701e-05	-0.00047160851918626417	0.0	(-0.00047160851918626417+0j)
-0.006	-3.6e-05	-7.161934263422154e-06	-0.00031366009436498257	0.0	(-0.00031366009436498257+0j)
-0.004	-1.6e-05	-3.1831041269470006e-06	-0.00015660579696720144	0.0	(-0.00015660579696720144+0j)
-0.002	-4e-06	-7.957714842632413e-07	-1.9853097030925193e-16	-0.37536844666286906	(-1.9853097030925193e-16-0.37536844666286906j)
0.002	4e-06	7.957714842632413e-07	-1.9853097030925193e-16	0.37536844666286906	(-1.9853097030925193e-16+0.37536844666286906j)
0.004	1.6e-05	3.1831041269470006e-06	0.000156605796967204	0.0	(0.000156605796967204+0j)
0.006	3.6e-05	7.161934263422154e-06	0.0003136600943649817	0.0	(0.0003136600943649817+0j)
0.008	6.4e-05	1.2732261893688701e-05	0.0004716085191862426	0.0	(0.0004716085191862426+0j)
0.01	0.0001	1.989403472180129e-05	0.0006308930454944107	0.0	(0.0006308930454944107+0j)
0.012	0.000144	2.8647202725551324e-05	0.000791948772073924	0.0	(0.000791948772073924+0j)
0.014	0.00019600000000000002	3.89916863241524e-05	0.0009552024358476626	0.0	(0.0009552024358476626+0j)
0.016	0.000256	5.092740821055486e-05	0.001121070492831336	0.0	(0.001121070492831336+0j)
0.018000000000000002	0.00032400000000000007	6.445427118251246e-05	0.0012899576325753684	0.0	(0.0012899576325753684+0j)
0.02	0.0004	7.957216723752936e-05	0.0014622553438447023	0.0	(0.0014622553438447023+0j)
0.022	0.00048399999999999995	9.6280974162255e-05	0.0016383408020514147	0.0	(0.0016383408020514147+0j)
0.024	0.000576	0.00011458055951152346	0.0018185759559737917	0.0	(0.0018185759559737917+0j)
0.026000000000000002	0.0006760000000000002	0.00013447077606087987	0.0020033068578509975	0.0	(0.0020033068578509975+0j)
0.028	0.0007840000000000001	0.0001559514660698369	0.002192863197836216	0.0	(0.002192863197836216+0j)
0.03	0.0009	0.0001790224567344012	0.0023875580578180235	0.0	(0.0023875580578180235+0j)
0.032	0.001024	0.00020368356359767859	0.002587687838469478	0.0	(0.002587687838469478+0j)
0.034	0.0011560000000000001	0.00022993458998143979	0.002793532364207481	0.0	(0.002793532364207481+0j)
0.036000000000000004	0.0012960000000000003	0.0002577753252808179	0.0030053551265582725	0.0	(0.0030053551265582725+0j)
0.038	0.001444	0.00028720554723804526	0.003223403648915309	0.0	(0.003223403648915309+0j)
0.04	0.0016	0.0003182250205213677	0.0034479099568524474	0.0	(0.0034479099568524474+0j)
0.042	0.0017640000000000002	0.00035083349686715337	0.00367909112416992	0.0	(0.00367909112416992+0j)
0.044	0.0019359999999999998	0.0003850307156483268	0.003917149882079847	0.0	(0.003917149882079847+0j)
0.046	0.002116	0.0004208164034480433	0.0041622752727420165	0.0	(0.0041622752727420165+0j)
0.048	0.002304	0.00045819027420179737	0.004414643330428812	0.0	(0.004414643330428812+0j)
0.05	0.0025000000000000005	0.0004971520289132059	0.004674417778753632	0.0	(0.004674417778753632+0j)
0.052000000000000005	0.0027040000000000007	0.000537701356222442	0.004941750731707733	0.0	(0.004941750731707733+0j)
0.054	0.0029159999999999998	0.0005798379321220182	0.005216783390339694	0.0	(0.005216783390339694+0j)
0.056	0.0031360000000000003	0.0006235614195304606	0.005499646725792368	0.0	(0.005499646725792368+0j)
0.058	0.0033640000000000002	0.0006688714691449604	0.005790462143468774	0.0	(0.005790462143468774+0j)
0.06	0.0036	0.0007157677188729394	0.006089342124900892	0.0	(0.006089342124900892+0j)
0.062	0.0038439999999999998	0.000764249793760996	0.006396390841473491	0.0	(0.006396390841473491+0j)
0.064	0.004096	0.0008143173064922848	0.006711704739468785	0.0	(0.006711704739468785+0j)
0.066	0.0043560000000000005	0.0008659698568891372	0.0070353730949360704	0.0	(0.0070353730949360704+0j)
0.068	0.0046240000000000005	0.0009192070323393864	0.007367478536356501	0.0	(0.007367478536356501+0j)
0.07	0.004900000000000001	0.0009740284075121508	0.007708097536585773	0.0	(0.007708097536585773+0j)
0.07200000000000001	0.005184000000000001	0.001030433544393361	0.008057300873042182	0.0	(0.008057300873042182+0j)
0.074	0.005475999999999999	0.001088421992392341	0.008415154057730906	0.0	(0.008415154057730906+0j)
0.076	0.005776	0.0011479932883418087	0.00878171773786688	0.0	(0.00878171773786688+0j)
0.078	0.006084	0.001209146956462348	0.00915704806813834	0.0	(0.00915704806813834+0j)
0.08	0.0064	0.0012718825083624097	0.009541197056003727	0.0	(0.009541197056003727+0j)
0.082	0.006724000000000001	0.001336199443109365	0.009934212881505181	0.0	(0.009934212881505181+0j)
0.084	0.007056000000000001	0.00140209724705187	0.010336140193069497	0.0	(0.010336140193069497+0j)
0.08600000000000001	0.0073960000000000015	0.0014695753941751377	0.010747020380565504	0.0	(0.010747020380565504+0j)
0.088	0.007743999999999999	0.0015386333457456658	0.011166891827628983	0.0	(0.011166891827628983+0j)
0.09	0.0081	0.001609270550559927	0.011595790143776423	0.0	(0.011595790143776423+0j)
0.092	0.008464	0.0016814864447667333	0.012033748378670783	0.0	(0.012033748378670783+0j)
0.094	0.008836	0.0017552804520448717	0.012480797219109234	0.0	(0.012480797219109234+0j)
0.096	0.009216	0.0018306519835675772	0.012936965170563865	0.0	(0.012936965170563865+0j)
0.098	0.009604000000000001	0.001907600437895951	0.013402278724036647	0.0	(0.013402278724036647+0j)
0.1	0.010000000000000002	0.0019861252011921238	0.013876762509493228	0.0	(0.013876762509493228+0j)
0.10200000000000001	0.010404000000000002	0.0020662256470060925	0.014360439437168903	0.0	(0.014360439437168903+0j)
0.10400000000000001	0.010816000000000003	0.0021479011364888834	0.01485333082722665	0.0	(0.01485333082722665+0j)
0.106	0.011236	0.00223115101823268	0.015355456529260089	0.0	(0.015355456529260089+0j)
0.108	0.011663999999999999	0.0023159746283596405	0.015866835031939735	0.0	(0.015866835031939735+0j)
0.11	0.0121	0.0024023712905574257	0.01638748356402347	0.0	(0.01638748356402347+0j)
0.112	0.012544000000000001	0.002490340316079198	0.016917418187232792	0.0	(0.016917418187232792+0j)
0.114	0.012996	0.0025798810036725683	0.017456653881668338	0.0	(0.017456653881668338+0j)
0.116	0.013456000000000001	0.002670992639686176	0.01800520462437565	0.0	(0.01800520462437565+0j)
0.11800000000000001	0.013924000000000002	0.0027636744980163996	0.018563083461779453	0.0	(0.018563083461779453+0j)
0.12	0.0144	0.0028579258402139374	0.01913030257628592	0.0	(0.01913030257628592+0j)
0.122	0.014884	0.0029537459153239354	0.019706873347717625	0.0	(0.019706873347717625+0j)
0.124	0.015375999999999999	0.0030511339600991505	0.020292806409774187	0.0	(0.020292806409774187+0j)
0.126	0.015876	0.0031500891988578417	0.02088811170230339	0.0	(0.02088811170230339+0j)
0.128	0.016384	0.0032506108435725878	0.021492798519287856	0.0	(0.021492798519287856+0j)
0.13	0.016900000000000002	0.003352698093852524	0.022106875553264068	0.0	(0.022106875553264068+0j)
0.132	0.017424000000000002	0.0034563501369433425	0.022730350936251635	0.0	(0.022730350936251635+0j)
0.134	0.017956000000000003	0.003561566147798345	0.023363232277571092	0.0	(0.023363232277571092+0j)
0.136	0.018496000000000002	0.0036683452889896273	0.02400552669881769	0.0	(0.02400552669881769+0j)
0.138	0.019044000000000002	0.0037766867108857127	0.024657240866105854	0.0	(0.024657240866105854+0j)
0.14	0.019600000000000003	0.003886589551438391	0.02531838102003233	0.0	(0.02531838102003233+0j)
0.14200000000000002	0.020164000000000005	0.003998052936404761	0.025988953003180215	0.0	(0.025988953003180215+0j)
0.14400000000000002	0.020736000000000004	0.004111075979240653	0.02666896228583804	0.0	(0.02666896228583804+0j)
0.146	0.021315999999999998	0.004225657781145031	0.027358413989621362	0.0	(0.027358413989621362+0j)
0.148	0.021903999999999996	0.004341797431086647	0.02805731290945756	0.0	(0.02805731290945756+0j)
0.15	0.0225	0.004459494005804032	0.028765663533957885	0.0	(0.028765663533957885+0j)
0.152	0.023104	0.004578746569796621	0.029483470064295338	0.0	(0.029483470064295338+0j)
0.154	0.023716	0.004699554175386922	0.03021073643172813	0.0	(0.03021073643172813+0j)
0.156	0.024336	0.004821915862720516	0.03094746631391471	0.0	(0.03094746631391471+0j)
0.158	0.024964	0.004945830659748296	0.031693663150026224	0.0	(0.031693663150026224+0j)
0.16	0.0256	0.005071297582261991	0.03244933015479152	0.0	(0.03244933015479152+0j)
0.162	0.026244	0.005198315633938577	0.03321447033159314	0.0	(0.03321447033159314+0j)
0.164	0.026896000000000003	0.005326883806295868	0.03398908648465098	0.0	(0.03398908648465098+0j)
0.166	0.027556000000000004	0.005457001078736923	0.0347731812303191	0.0	(0.0347731812303191+0j)
0.168	0.028224000000000003	0.005588666418603339	0.03556675700766379	0.0	(0.03556675700766379+0j)
0.17	0.028900000000000006	0.005721878781113077	0.03636981608831596	0.0	(0.03636981608831596+0j)
0.17200000000000001	0.029584000000000006	0.005856637109440399	0.0371823605856019	0.0	(0.0371823605856019+0j)
0.17400000000000002	0.030276000000000004	0.005992940334698105	0.038004392463134556	0.0	(0.038004392463134556+0j)
0.176	0.030975999999999997	0.006130787375964175	0.03883591354278209	0.0	(0.03883591354278209+0j)
0.178	0.031684	0.006270177140299538	0.03967692551212971	0.0	(0.03967692551212971+0j)
0.18	0.0324	0.0064111085227569475	0.040527429931449054	0.0	(0.040527429931449054+0j)
0.182	0.033124	0.006553580406416515	0.04138742824020484	0.0	(0.04138742824020484+0j)
0.184	0.033856	0.006697591662367941	0.042256921763152995	0.0	(0.042256921763152995+0j)
0.186	0.034596	0.0068431411497638095	0.04313591171601996	0.0	(0.04313591171601996+0j)
0.188	0.035344	0.006990227715801822	0.044024399210850385	0.0	(0.044024399210850385+0j)
0.19	0.0361	0.00713885019577809	0.04492238526098473	0.0	(0.04492238526098473+0j)
0.192	0.036864	0.007289007413078252	0.04582987078575425	0.0	(0.04582987078575425+0j)
0.194	0.037636	0.007440698179204119	0.04674685661484895	0.0	(0.04674685661484895+0j)
0.196	0.038416000000000006	0.007593921293782557	0.047673343492428924	0.0	(0.047673343492428924+0j)
0.198	0.039204	0.0077486755446054545	0.04860933208097901	0.0	(0.04860933208097901+0j)
0.2	0.04000000000000001	0.007904959707625281	0.04955482296493486	0.0	(0.04955482296493486+0j)
0.202	0.04080400000000001	0.008062772546986174	0.050509816654065585	0.0	(0.050509816654065585+0j)
0.20400000000000001	0.04161600000000001	0.0082221128150195	0.051474313586667104	0.0	(0.051474313586667104+0j)
0.20600000000000002	0.04243600000000001	0.008382979252306022	0.05244831413254907	0.0	(0.05244831413254907+0j)
0.20800000000000002	0.04326400000000001	0.008545370587644818	0.05343181859587056	0.0	(0.05343181859587056+0j)
0.21	0.04409999999999999	0.008709285538115452	0.05442482721776331	0.0	(0.05442482721776331+0j)
0.212	0.044944	0.00887472280906465	0.0554273401788383	0.0	(0.0554273401788383+0j)
0.214	0.045795999999999996	0.009041681094141829	0.05643935760151621	0.0	(0.05643935760151621+0j)
0.216	0.046655999999999996	0.00921015907531686	0.057460879552238615	0.0	(0.057460879552238615+0j)
0.218	0.047524	0.009380155422897829	0.05849190604354122	0.0	(0.05849190604354122+0j)
0.22	0.0484	0.009551668795539925	0.05953243703600741	0.0	(0.05953243703600741+0j)
0.222	0.049284	0.009724697840289842	0.060582472440107754	0.0	(0.060582472440107754+0j)
0.224	0.050176000000000005	0.009899241192590225	0.06164201211794657	0.0	(0.06164201211794657+0j)
0.226	0.051076	0.010075297476284106	0.06271105588488736	0.0	(0.06271105588488736+0j)
0.228	0.051984	0.010252865303672642	0.06378960351109277	0.0	(0.06378960351109277+0j)
0.23	0.0529	0.010431943275510669	0.0648776547229972	0.0	(0.0648776547229972+0j)
0.232	0.053824000000000004	0.010612529981020025	0.06597520920466855	0.0	(0.06597520920466855+0j)
0.234	0.054756000000000006	0.010794623997942843	0.06708226659910123	0.0	(0.06708226659910123+0j)
0.23600000000000002	0.05569600000000001	0.010978223892514904	0.06819882650945465	0.0	(0.06819882650945465+0j)
0.23800000000000002	0.05664400000000001	0.011163328219536695	0.0693248885001912	0.0	(0.0693248885001912+0j)
0.24	0.0576	0.011349935522368959	0.07046045209819123	0.0	(0.07046045209819123+0j)
0.242	0.058564	0.01153804433294603	0.07160551679377068	0.0	(0.07160551679377068+0j)
0.244	0.059536	0.011727653171815788	0.07276008204165725	0.0	(0.07276008204165725+0j)
0.246	0.060516	0.011918760548157437	0.07392414726191969	0.0	(0.07392414726191969+0j)
0.248	0.061503999999999996	0.012111364959790372	0.07509771184084155	0.0	(0.07509771184084155+0j)
0.25	0.0625	0.012305464893214157	0.07628077513173785	0.0	(0.07628077513173785+0j)
0.252	0.063504	0.012501058823621847	0.07747333645575019	0.0	(0.07747333645575019+0j)
0.254	0.064516	0.012698145214917744	0.0786753951025773	0.0	(0.0786753951025773+0j)
0.256	0.065536	0.012896722519757375	0.07988695033117968	0.0	(0.07988695033117968+0j)
0.258	0.066564	0.013096789179547486	0.08110800137044683	0.0	(0.08110800137044683+0j)
0.26	0.06760000000000001	0.013298343624481568	0.08233854741981864	0.0	(0.08233854741981864+0j)
0.262	0.06864400000000001	0.013501384273566508	0.08357858764988561	0.0	(0.08357858764988561+0j)
0.264	0.06969600000000001	0.013705909534631466	0.08482812120295902	0.0	(0.08482812120295902+0j)
0.266	0.07075600000000001	0.013911917804367846	0.08608714719359865	0.0	(0.08608714719359865+0j)
0.268	0.07182400000000001	0.014119407468351497	0.08735566470913046	0.0	(0.08735566470913046+0j)
0.27	0.0729	0.014328376901042716	0.08863367281012612	0.0	(0.08863367281012612+0j)
0.272	0.07398400000000001	0.01453882446584398	0.08992117053085616	0.0	(0.08992117053085616+0j)
0.274	0.07507600000000002	0.014750748515095502	0.09121815687973332	0.0	(0.09121815687973332+0j)
0.276	0.07617600000000001	0.014964147390124083	0.0925246308397226	0.0	(0.0925246308397226+0j)
0.278	0.07728400000000002	0.015179019421243112	0.09384059136873785	0.0	(0.09384059136873785+0j)
0.28	0.07840000000000001	0.015395362927792533	0.09516603740000944	0.0	(0.09516603740000944+0j)
0.28200000000000003	0.07952400000000001	0.015613176218161051	0.09650096784244602	0.0	(0.09650096784244602+0j)
0.28400000000000003	0.08065600000000002	0.015832457589812776	0.09784538158097424	0.0	(0.09784538158097424+0j)
0.28600000000000003	0.08179600000000002	0.016053205329300546	0.09919927747685772	0.0	(0.09919927747685772+0j)
0.28800000000000003	0.08294400000000002	0.016275417712305895	0.10056265436800424	0.0	(0.10056265436800424+0j)
0.29	0.0841	0.016499093003654597	0.10193551106926382	0.0	(0.10193551106926382+0j)
0.292	0.08526399999999999	0.01672422945734775	0.10331784637270355	0.0	(0.10331784637270355+0j)
0.294	0.08643599999999999	0.016950825316581764	0.10470965904787892	0.0	(0.10470965904787892+0j)
0.296	0.08761599999999999	0.01717887881377944	0.10611094784208425	0.0	(0.10611094784208425+0j)
0.298	0.088804	0.017408388170609967	0.10752171148060082	0.0	(0.10752171148060082+0j)
0.3	0.09	0.017639351598024433	0.10894194866692959	0.0	(0.10894194866692959+0j)
0.302	0.091204	0.017871767296264718	0.11037165808301252	0.0	(0.11037165808301252+0j)
0.304	0.092416	0.01810563345491456	0.11181083838944897	0.0	(0.11181083838944897+0j)
0.306	0.093636	0.01834094825290178	0.1132594882257016	0.0	(0.1132594882257016+0j)
0.308	0.094864	0.01857770985853824	0.11471760621028967	0.0	(0.11471760621028967+0j)
0.31	0.0961	0.018815916429542057	0.11618519094098527	0.0	(0.11618519094098527+0j)
0.312	0.097344	0.01905556611306869	0.11766224099498719	0.0	(0.11766224099498719+0j)
0.314	0.098596	0.019296657045735355	0.11914875492910873	0.0	(0.11914875492910873+0j)
0.316	0.099856	0.01953918735364324	0.12064473127993541	0.0	(0.12064473127993541+0j)
0.318	0.101124	0.019783155152410803	0.12215016856399223	0.0	(0.12215016856399223+0j)
0.32	0.1024	0.020028558547204867	0.12366506527790609	0.0	(0.12366506527790609+0j)
0.322	0.10368400000000001	0.020275395632753934	0.12518941989855253	0.0	(0.12518941989855253+0j)
0.324	0.104976	0.020523664493394822	0.12672323088321086	0.0	(0.12672323088321086+0j)
0.326	0.10627600000000001	0.02077336320308154	0.128266496669701	0.0	(0.128266496669701+0j)
0.328	0.10758400000000001	0.021024489825427484	0.12981921567652707	0.0	(0.12981921567652707+0j)
0.33	0.10890000000000001	0.02127704241372763	0.13138138630301707	0.0	(0.13138138630301707+0j)
0.332	0.11022400000000002	0.021531019010987418	0.132953006929446	0.0	(0.132953006929446+0j)
0.334	0.11155600000000002	0.021786417649947154	0.13453407591717523	0.0	(0.13453407591717523+0j)
0.336	0.11289600000000001	0.022043236353121998	0.13612459160876983	0.0	(0.13612459160876983+0j)
0.338	0.11424400000000001	0.022301473132815275	0.13772455232813235	0.0	(0.13772455232813235+0j)
0.34	0.11560000000000002	0.02256112599116067	0.13933395638061769	0.0	(0.13933395638061769+0j)
0.342	0.11696400000000001	0.022822192920144424	0.14095280205315278	0.0	(0.14095280205315278+0j)
0.34400000000000003	0.11833600000000002	0.023084671901631992	0.14258108761435317	0.0	(0.14258108761435317+0j)
0.34600000000000003	0.11971600000000002	0.02334856090740578	0.14421881131464326	0.0	(0.14421881131464326+0j)
0.34800000000000003	0.12110400000000002	0.02361385789918735	0.1458659713863633	0.0	(0.1458659713863633+0j)
0.35000000000000003	0.12250000000000003	0.023880560828666297	0.14752256604388722	0.0	(0.14752256604388722+0j)
0.352	0.12390399999999999	0.02414866763753576	0.14918859348372923	0.0	(0.14918859348372923+0j)
0.354	0.12531599999999998	0.024418176257516855	0.15086405188465463	0.0	(0.15086405188465463+0j)
0.356	0.126736	0.024689084610389767	0.1525489394077912	0.0	(0.1525489394077912+0j)
0.358	0.128164	0.024961390608031486	0.154243254196737	0.0	(0.154243254196737+0j)
0.36	0.1296	0.02523509215243136	0.1559469943776671	0.0	(0.1559469943776671+0j)
0.362	0.131044	0.025510187135726614	0.15766015805943256	0.0	(0.15766015805943256+0j)
0.364	0.132496	0.025786673440242325	0.15938274333368163	0.0	(0.15938274333368163+0j)
0.366	0.133956	0.02606454893851362	0.16111474827495342	0.0	(0.16111474827495342+0j)
0.368	0.135424	0.02634381149330789	0.16285617094079033	0.0	(0.16285617094079033+0j)
0.37	0.1369	0.026624458957678065	0.16460700937183792	0.0	(0.16460700937183792+0j)
0.372	0.138384	0.026906489174971515	0.16636726159195556	0.0	(0.16636726159195556+0j)
0.374	0.139876	0.027189899978870002	0.1681369256083217	0.0	(0.1681369256083217+0j)
0.376	0.141376	0.027474689193425217	0.1699159994115353	0.0	(0.1699159994115353+0j)
0.378	0.142884	0.027760854633078758	0.171704480975722	0.0	(0.171704480975722+0j)
0.38	0.1444	0.028048394102708762	0.17350236825865112	0.0	(0.17350236825865112+0j)
0.382	0.145924	0.02833730539764101	0.17530965920182162	0.0	(0.17530965920182162+0j)
0.384	0.147456	0.028627586303699992	0.17712635173058597	0.0	(0.17712635173058597+0j)
0.386	0.14899600000000002	0.028919234597235555	0.17895244375425057	0.0	(0.17895244375425057+0j)
0.388	0.150544	0.029212248045142886	0.18078793316618558	0.0	(0.18078793316618558+0j)
0.39	0.1521	0.029506624404909143	0.18263281784392674	0.0	(0.18263281784392674+0j)
0.392	0.15366400000000002	0.02980236142463899	0.18448709564929097	0.0	(0.18448709564929097+0j)
0.394	0.155236	0.03009945684308568	0.18635076442848025	0.0	(0.18635076442848025+0j)
0.396	0.156816	0.03039790838969103	0.18822382201219595	0.0	(0.18822382201219595+0j)
0.398	0.15840400000000002	0.030697713784604286	0.1901062662157439	0.0	(0.1901062662157439+0j)
0.4	0.16000000000000003	0.030998870738727646	0.19199809483914843	0.0	(0.19199809483914843+0j)
0.402	0.16160400000000003	0.03130137695374291	0.1938993056672577	0.0	(0.1938993056672577+0j)
0.404	0.16321600000000003	0.03160523012214589	0.19580989646986938	0.0	(0.19580989646986938+0j)
0.406	0.164836	0.031910427927273055	0.19772986500182482	0.0	(0.19772986500182482+0j)
0.40800000000000003	0.16646400000000003	0.03221696804334928	0.19965920900313372	0.0	(0.19965920900313372+0j)
0.41000000000000003	0.16810000000000003	0.03252484813550449	0.20159792619908926	0.0	(0.20159792619908926+0j)
0.41200000000000003	0.16974400000000003	0.03283406585981585	0.20354601430037148	0.0	(0.20354601430037148+0j)
0.41400000000000003	0.17139600000000002	0.03314461886334108	0.2055034710031744	0.0	(0.2055034710031744+0j)
0.41600000000000004	0.17305600000000004	0.03345650478414619	0.20747029398931136	0.0	(0.20747029398931136+0j)
0.418	0.174724	0.033769721251347695	0.20944648092633877	0.0	(0.20944648092633877+0j)
0.42	0.17639999999999997	0.03408426588513924	0.2114320294676731	0.0	(0.2114320294676731+0j)
0.422	0.178084	0.034400136296826034	0.21342693725269796	0.0	(0.21342693725269796+0j)
0.424	0.179776	0.034717330088863685	0.2154312019068906	0.0	(0.2154312019068906+0j)
0.426	0.181476	0.03503584485488598	0.21744482104193893	0.0	(0.21744482104193893+0j)
0.428	0.18318399999999999	0.03535567817974261	0.219467792255859	0.0	(0.219467792255859+0j)
0.43	0.18489999999999998	0.035676827639533615	0.22150011313311735	0.0	(0.22150011313311735+0j)
0.432	0.18662399999999998	0.03599929080164266	0.22354178124474364	0.0	(0.22354178124474364+0j)
0.434	0.188356	0.036323065224769246	0.22559279414845523	0.0	(0.22559279414845523+0j)
0.436	0.190096	0.03664814845896758	0.22765314938878312	0.0	(0.22765314938878312+0j)
0.438	0.191844	0.03697453804567652	0.22972284449717556	0.0	(0.22972284449717556+0j)
0.44	0.1936	0.037302231517758466	0.2318018769921392	0.0	(0.2318018769921392+0j)
0.442	0.195364	0.03763122639953376	0.23389024437935327	0.0	(0.23389024437935327+0j)
0.444	0.197136	0.03796152020681176	0.2359879441517807	0.0	(0.2359879441517807+0j)
0.446	0.198916	0.038293110446928624	0.2380949737898043	0.0	(0.2380949737898043+0j)
0.448	0.20070400000000002	0.0386259946187828	0.24021133076133933	0.0	(0.24021133076133933+0j)
0.45	0.2025	0.03896017021286946	0.2423370125219676	0.0	(0.2423370125219676+0j)
0.452	0.204304	0.03929563471131603	0.24447201651504155	0.0	(0.24447201651504155+0j)
0.454	0.20611600000000002	0.039632385587916596	0.24661634017182388	0.0	(0.24661634017182388+0j)
0.456	0.207936	0.03997042030816744	0.2487699809115971	0.0	(0.2487699809115971+0j)
0.458	0.209764	0.04030973632930812	0.25093293614179674	0.0	(0.25093293614179674+0j)
0.46	0.2116	0.04065033110034588	0.25310520325812086	0.0	(0.25310520325812086+0j)
0.462	0.21344400000000002	0.04099220206210119	0.25528677964466717	0.0	(0.25528677964466717+0j)
0.464	0.21529600000000002	0.041335346647241034	0.25747766267404343	0.0	(0.25747766267404343+0j)
0.466	0.21715600000000002	0.04167976228031334	0.2596778497074927	0.0	(0.2596778497074927+0j)
0.468	0.21902400000000002	0.042025446377783604	0.26188733809501863	0.0	(0.26188733809501863+0j)
0.47000000000000003	0.22090000000000004	0.04237239634807155	0.26410612517549975	0.0	(0.26410612517549975+0j)
0.47200000000000003	0.22278400000000004	0.042720609591586634	0.2663342082768184	0.0	(0.2663342082768184+0j)
0.47400000000000003	0.22467600000000004	0.0430700835007658	0.26857158471597653	0.0	(0.26857158471597653+0j)
0.47600000000000003	0.22657600000000003	0.0434208154601079	0.2708182517992211	0.0	(0.2708182517992211+0j)
0.47800000000000004	0.22848400000000005	0.043772802846212544	0.27307420682215594	0.0	(0.27307420682215594+0j)
0.48	0.2304	0.04412604302781342	0.2753394470698694	0.0	(0.2753394470698694+0j)
0.482	0.23232399999999997	0.044480533365819364	0.27761396981704795	0.0	(0.27761396981704795+0j)
0.484	0.234256	0.044836271213346546	0.2798977723281053	0.0	(0.2798977723281053+0j)
0.486	0.236196	0.04519325391575624	0.2821908518572833	0.0	(0.2821908518572833+0j)
0.488	0.238144	0.04555147881069699	0.28449320564879116	0.0	(0.28449320564879116+0j)
0.49	0.24009999999999998	0.045910943228133494	0.28680483093689785	0.0	(0.28680483093689785+0j)
0.492	0.242064	0.046271644490389896	0.2891257249460736	0.0	(0.2891257249460736+0j)
0.494	0.244036	0.04663357991218531	0.2914558848910837	0.0	(0.2914558848910837+0j)
0.496	0.24601599999999998	0.04699674680066601	0.2937953079771264	0.0	(0.2937953079771264+0j)
0.498	0.248004	0.0473611424554532	0.29614399139992176	0.0	(0.29614399139992176+0j)
0.5	0.25	0.04772676416867072	0.2985019323458516	0.0	(0.2985019323458516+0j)
0.502	0.252004	0.04809360922498618	0.3008691279920508	0.0	(0.3008691279920508+0j)
0.504	0.254016	0.048461674901650875	0.3032455755065352	0.0	(0.3032455755065352+0j)
0.506	0.256036	0.04883095846853425	0.30563127204829776	0.0	(0.30563127204829776+0j)
0.508	0.258064	0.04920145718816049	0.3080262147674411	0.0	(0.3080262147674411+0j)
0.51	0.2601	0.04957316831574965	0.3104304008052628	0.0	(0.3104304008052628+0j)
0.512	0.262144	0.04994608909925535	0.3128438272943821	0.0	(0.3128438272943821+0j)
0.514	0.264196	0.05032021677939924	0.31526649135884005	0.0	(0.31526649135884005+0j)
0.516	0.266256	0.050695548589713146	0.31769839011421147	0.0	(0.31769839011421147+0j)
0.518	0.268324	0.05107208175657352	0.3201395206677042	0.0	(0.3201395206677042+0j)
0.52	0.27040000000000003	0.0514498134992436	0.3225898801182731	0.0	(0.3225898801182731+0j)
0.522	0.272484	0.051828741029907865	0.3250494655567171	0.0	(0.3250494655567171+0j)
0.524	0.27457600000000004	0.05220886155371085	0.3275182740657829	0.0	(0.3275182740657829+0j)
0.526	0.27667600000000003	0.05259017226879881	0.32999630272028074	0.0	(0.32999630272028074+0j)
0.528	0.27878400000000003	0.05297267036635245	0.3324835485871632	0.0	(0.3324835485871632+0j)
0.53	0.28090000000000004	0.05335635303063302	0.33498000872564715	0.0	(0.33498000872564715+0j)
0.532	0.28302400000000005	0.053741217439012834	0.33748568018730096	0.0	(0.33748568018730096+0j)
0.534	0.285156	0.05412726076201968	0.3400005600161476	0.0	(0.3400005600161476+0j)
0.536	0.28729600000000005	0.05451448016337401	0.34252464524876136	0.0	(0.34252464524876136+0j)
0.538	0.28944400000000003	0.05490287280002504	0.3450579329143596	0.0	(0.3450579329143596+0j)
0.54	0.2916	0.0552924358221929	0.34760042003490976	0.0	(0.34760042003490976+0j)
0.542	0.293764	0.05568316637340753	0.35015210362521193	0.0	(0.35015210362521193+0j)
0.544	0.29593600000000003	0.056075061590543096	0.3527129806930063	0.0	(0.3527129806930063+0j)
0.546	0.29811600000000005	0.056468118603864026	0.3552830482390428	0.0	(0.3552830482390428+0j)
0.548	0.30030400000000007	0.0568623345370578	0.35786230325719776	0.0	(0.35786230325719776+0j)
0.55	0.30250000000000005	0.057257706507277684	0.3604507427345489	0.0	(0.3604507427345489+0j)
0.552	0.30470400000000003	0.05765423162518157	0.36304836365147636	0.0	(0.36304836365147636+0j)
0.554	0.3069160000000001	0.05805190699496754	0.36565516298173245	0.0	(0.36565516298173245+0j)
0.556	0.3091360000000001	0.05845072971441878	0.3682711376925465	0.0	(0.3682711376925465+0j)
0.558	0.3113640000000001	0.05885069687494082	0.3708962847447092	0.0	(0.3708962847447092+0j)
0.56	0.31360000000000005	0.05925180556159759	0.3735306010926487	0.0	(0.3735306010926487+0j)
0.562	0.31584400000000007	0.05965405285315584	0.37617408368452765	0.0	(0.37617408368452765+0j)
0.5640000000000001	0.31809600000000005	0.0600574358221212	0.3788267294623101	0.0	(0.3788267294623101+0j)
0.5660000000000001	0.3203560000000001	0.0604619515347804	0.38148853536186506	0.0	(0.38148853536186506+0j)
0.5680000000000001	0.3226240000000001	0.06086759705123845	0.3841594983130253	0.0	(0.3841594983130253+0j)
0.5700000000000001	0.3249000000000001	0.06127436942545916	0.38683961523969024	0.0	(0.38683961523969024+0j)
0.5720000000000001	0.3271840000000001	0.061682265705306216	0.3895288830598921	0.0	(0.3895288830598921+0j)
0.5740000000000001	0.3294760000000001	0.06209128293258093	0.39222729868587536	0.0	(0.39222729868587536+0j)
0.5760000000000001	0.33177600000000007	0.06250141814306331	0.39493485902417685	0.0	(0.39493485902417685+0j)
0.578	0.33408399999999994	0.06291266836655096	0.39765156097570686	0.0	(0.39765156097570686+0j)
0.58	0.3364	0.06332503062690009	0.40037740143581524	0.0	(0.40037740143581524+0j)
0.582	0.33872399999999997	0.06373850194206554	0.4031123772943787	0.0	(0.4031123772943787+0j)
0.584	0.34105599999999997	0.06415307932413905	0.40585648543586045	0.0	(0.40585648543586045+0j)
0.586	0.343396	0.06456875977939147	0.4086097227394062	0.0	(0.4086097227394062+0j)
0.588	0.34574399999999994	0.06498554030831105	0.41137208607888787	0.0	(0.41137208607888787+0j)
0.59	0.34809999999999997	0.06540341790564563	0.41414357232300475	0.0	(0.41414357232300475+0j)
0.592	0.35046399999999994	0.0658223895604404	0.4169241783353268	0.0	(0.4169241783353268+0j)
0.594	0.352836	0.0662424522560795	0.41971390097438754	0.0	(0.41971390097438754+0j)
0.596	0.355216	0.0666636029703277	0.4225127370937433	0.0	(0.4225127370937433+0j)
0.598	0.357604	0.06708583867536644	0.4253206835420407	0.0	(0.4253206835420407+0j)
0.6	0.36	0.06750915633783938	0.4281377371630916	0.0	(0.4281377371630916+0j)
0.602	0.36240399999999995	0.06793355291888903	0.43096389479593233	0.0	(0.43096389479593233+0j)
0.604	0.364816	0.06835902537419836	0.4337991532748954	0.0	(0.4337991532748954+0j)
0.606	0.367236	0.06878557065403246	0.43664350942967595	0.0	(0.43664350942967595+0j)
0.608	0.369664	0.06921318570327573	0.4394969600853969	0.0	(0.4394969600853969+0j)
0.61	0.3721	0.06964186746147794	0.4423595020626737	0.0	(0.4423595020626737+0j)
0.612	0.374544	0.07007161286288754	0.4452311321776746	0.0	(0.4452311321776746+0j)
0.614	0.376996	0.07050241883649999	0.448111847242183	0.0	(0.448111847242183+0j)
0.616	0.379456	0.07093428230609156	0.45100164406367516	0.0	(0.45100164406367516+0j)
0.618	0.381924	0.07136720019026543	0.45390051944537047	0.0	(0.45390051944537047+0j)
0.62	0.3844	0.07180116940248726	0.45680847018628623	0.0	(0.45680847018628623+0j)
0.622	0.386884	0.07223618685113176	0.45972549308131444	0.0	(0.45972549308131444+0j)
0.624	0.389376	0.07267224943951822	0.4626515849212804	0.0	(0.4626515849212804+0j)
0.626	0.391876	0.07310935406595387	0.46558674249300114	0.0	(0.46558674249300114+0j)
0.628	0.394384	0.07354749762377488	0.4685309625793336	0.0	(0.4685309625793336+0j)
0.63	0.39690000000000003	0.07398667700138584	0.47148424195925165	0.0	(0.47148424195925165+0j)
0.632	0.399424	0.07442688908230188	0.4744465774078992	0.0	(0.4744465774078992+0j)
0.634	0.40195600000000004	0.07486813074518928	0.47741796569665534	0.0	(0.47741796569665534+0j)
0.636	0.404496	0.07531039886390534	0.4803984035931702	0.0	(0.4803984035931702+0j)
0.638	0.407044	0.0757536903075412	0.48338788786145626	0.0	(0.48338788786145626+0j)
0.64	0.4096	0.07619800194046122	0.4863864152619257	0.0	(0.4863864152619257+0j)
0.642	0.41216400000000003	0.07664333062234352	0.4893939825514441	0.0	(0.4893939825514441+0j)
0.644	0.41473600000000005	0.07708967320822491	0.4924105864834125	0.0	(0.4924105864834125+0j)
0.646	0.417316	0.07753702654853645	0.49543622380779234	0.0	(0.49543622380779234+0j)
0.648	0.419904	0.07798538748914785	0.4984708912711932	0.0	(0.4984708912711932+0j)
0.65	0.42250000000000004	0.078434752871408	0.5015145856169038	0.0	(0.5015145856169038+0j)
0.652	0.42510400000000004	0.07888511953218602	0.5045673035849825	0.0	(0.5045673035849825+0j)
0.654	0.42771600000000004	0.07933648430391238	0.5076290419122657	0.0	(0.5076290419122657+0j)
0.656	0.43033600000000005	0.07978884401461828	0.5106997973324618	0.0	(0.5106997973324618+0j)
0.658	0.432964	0.08024219548798117	0.5137795665762163	0.0	(0.5137795665762163+0j)
0.66	0.43560000000000004	0.08069653554336198	0.5168683463711173	0.0	(0.5168683463711173+0j)
0.662	0.438244	0.08115186099584615	0.5199661334418072	0.0	(0.5199661334418072+0j)
0.664	0.44089600000000007	0.08160816865628806	0.5230729245100209	0.0	(0.5230729245100209+0j)
0.666	0.44355600000000006	0.08206545533134824	0.5261887162946189	0.0	(0.5261887162946189+0j)
0.668	0.44622400000000007	0.08252371782354051	0.5293135055116699	0.0	(0.5293135055116699+0j)
0.67	0.4489000000000001	0.08298295293126479	0.5324472888745168	0.0	(0.5324472888745168+0j)
0.672	0.45158400000000004	0.083443157448857	0.5355900630938054	0.0	(0.5355900630938054+0j)
0.674	0.45427600000000007	0.08390432816662297	0.5387418248775497	0.0	(0.5387418248775497+0j)
0.676	0.45697600000000005	0.08436646187088503	0.5419025709311933	0.0	(0.5419025709311933+0j)
0.678	0.45968400000000004	0.08482955534402148	0.5450722979576809	0.0	(0.5450722979576809+0j)
0.68	0.4624000000000001	0.08529360536450592	0.5482510026574987	0.0	(0.5482510026574987+0j)
0.682	0.4651240000000001	0.08575860870695229	0.5514386817287267	0.0	(0.5514386817287267+0j)
0.684	0.46785600000000005	0.08622456214215257	0.5546353318671131	0.0	(0.5546353318671131+0j)
0.686	0.47059600000000007	0.08669146243712123	0.5578409497661226	0.0	(0.5578409497661226+0j)
0.6880000000000001	0.4733440000000001	0.08715930635513347	0.5610555321170017	0.0	(0.5610555321170017+0j)
0.6900000000000001	0.4761000000000001	0.08762809065576915	0.5642790756088338	0.0	(0.5642790756088338+0j)
0.6920000000000001	0.47886400000000007	0.08809781209495271	0.5675115769285999	0.0	(0.5675115769285999+0j)
0.6940000000000001	0.48163600000000006	0.08856846742499425	0.5707530327612383	0.0	(0.5707530327612383+0j)
0.6960000000000001	0.48441600000000007	0.08904005339463283	0.5740034397897154	0.0	(0.5740034397897154+0j)
0.6980000000000001	0.4872040000000001	0.08951256674907426	0.5772627946950624	0.0	(0.5772627946950624+0j)
0.7000000000000001	0.4900000000000001	0.08998600423003655	0.5805310941564604	0.0	(0.5805310941564604+0j)
0.7020000000000001	0.4928040000000001	0.09046036257578716	0.5838083348512854	0.0	(0.5838083348512854+0j)
0.704	0.49561599999999995	0.09093563852118902	0.587094513455207	0.0	(0.587094513455207+0j)
0.706	0.49843599999999993	0.09141182879773752	0.5903896266421941	0.0	(0.5903896266421941+0j)
0.708	0.5012639999999999	0.09188893013360289	0.5936936710846229	0.0	(0.5936936710846229+0j)
0.71	0.5041	0.09236693925367329	0.5970066434533311	0.0	(0.5970066434533311+0j)
0.712	0.506944	0.09284585287959474	0.6003285404176892	0.0	(0.6003285404176892+0j)
0.714	0.5097959999999999	0.09332566772981221	0.6036593586456444	0.0	(0.6036593586456444+0j)
0.716	0.512656	0.09380638051961154	0.6069990948038049	0.0	(0.6069990948038049+0j)
0.718	0.515524	0.09428798796116106	0.6103477455575333	0.0	(0.6103477455575333+0j)
0.72	0.5184	0.09477048676355126	0.6137053075709594	0.0	(0.6137053075709594+0j)
0.722	0.521284	0.09525387363283816	0.6170717775071055	0.0	(0.6170717775071055+0j)
0.724	0.524176	0.09573814527208291	0.6204471520279067	0.0	(0.6204471520279067+0j)
0.726	0.527076	0.09622329838139349	0.6238314277943388	0.0	(0.6238314277943388+0j)
0.728	0.529984	0.09670932965796797	0.6272246014664516	0.0	(0.6272246014664516+0j)
0.73	0.5328999999999999	0.09719623579613063	0.6306266697034557	0.0	(0.6306266697034557+0j)
0.732	0.535824	0.0976840134873802	0.6340376291638133	0.0	(0.6340376291638133+0j)
0.734	0.538756	0.09817265942042464	0.637457476505281	0.0	(0.637457476505281+0j)
0.736	0.541696	0.09866217028122543	0.6408862083850372	0.0	(0.6408862083850372+0j)
0.738	0.544644	0.09915254275303986	0.6443238214597106	0.0	(0.6443238214597106+0j)
0.74	0.5476	0.09964377351645959	0.6477703123855153	0.0	(0.6477703123855153+0j)
0.742	0.5505639999999999	0.10013585924945251	0.6512256778182796	0.0	(0.6512256778182796+0j)
0.744	0.553536	0.10062879662740554	0.6546899144135896	0.0	(0.6546899144135896+0j)
0.746	0.556516	0.10112258232316318	0.6581630188268318	0.0	(0.6581630188268318+0j)
0.748	0.559504	0.1016172130070711	0.6616449877133012	0.0	(0.6616449877133012+0j)
0.75	0.5625	0.10211268534701556	0.6651358177282845	0.0	(0.6651358177282845+0j)
0.752	0.565504	0.10260899600846446	0.6686355055271732	0.0	(0.6686355055271732+0j)
0.754	0.568516	0.10310614165450954	0.6721440477655418	0.0	(0.6721440477655418+0j)
0.756	0.571536	0.10360411894590665	0.6756614410992396	0.0	(0.6756614410992396+0j)
0.758	0.574564	0.10410292454111625	0.6791876821845121	0.0	(0.6791876821845121+0j)
0.76	0.5776	0.10460255509634614	0.682722767678087	0.0	(0.682722767678087+0j)
0.762	0.580644	0.10510300726559035	0.6862666942372868	0.0	(0.6862666942372868+0j)
0.764	0.583696	0.10560427770067132	0.6898194585201504	0.0	(0.6898194585201504+0j)
0.766	0.586756	0.10610636305127985	0.6933810571855147	0.0	(0.6933810571855147+0j)
0.768	0.589824	0.1066092599650173	0.696951486893153	0.0	(0.696951486893153+0j)
0.77	0.5929	0.10711296508743612	0.7005307443038826	0.0	(0.7005307443038826+0j)
0.772	0.5959840000000001	0.1076174750620798	0.7041188260796913	0.0	(0.7041188260796913+0j)
0.774	0.599076	0.10812278653052287	0.7077157288838627	0.0	(0.7077157288838627+0j)
0.776	0.602176	0.10862889613241555	0.7113214493810938	0.0	(0.7113214493810938+0j)
0.778	0.605284	0.10913580050551958	0.7149359842376427	0.0	(0.7149359842376427+0j)
0.78	0.6084	0.10964349628575343	0.7185593301214448	0.0	(0.7185593301214448+0j)
0.782	0.6115240000000001	0.11015198010722871	0.7221914837023058	0.0	(0.7221914837023058+0j)
0.784	0.6146560000000001	0.11066124860229426	0.7258324416519493	0.0	(0.7258324416519493+0j)
0.786	0.617796	0.11117129840157558	0.7294822006442725	0.0	(0.7294822006442725+0j)
0.788	0.620944	0.11168212613401424	0.7331407573554372	0.0	(0.7331407573554372+0j)
0.79	0.6241000000000001	0.11219372842691033	0.736808108464059	0.0	(0.736808108464059+0j)
0.792	0.627264	0.11270610190596247	0.7404842506513566	0.0	(0.7404842506513566+0j)
0.794	0.6304360000000001	0.11321924319530635	0.7441691806013313	0.0	(0.7441691806013313+0j)
0.796	0.6336160000000001	0.11373314891755915	0.7478628950009466	0.0	(0.7478628950009466+0j)
0.798	0.636804	0.11424781569385534	0.7515653905403287	0.0	(0.7515653905403287+0j)
0.8	0.6400000000000001	0.11476324014389139	0.7552766639129225	0.0	(0.7552766639129225+0j)
0.802	0.6432040000000001	0.11527941888596238	0.7589967118157384	0.0	(0.7589967118157384+0j)
0.804	0.6464160000000001	0.11579634853700532	0.7627255309495187	0.0	(0.7627255309495187+0j)
0.806	0.6496360000000001	0.11631402571263633	0.7664631180189723	0.0	(0.7664631180189723+0j)
0.808	0.6528640000000001	0.11683244702719531	0.7702094697330147	0.0	(0.7702094697330147+0j)
0.81	0.6561000000000001	0.11735160909378095	0.7739645828049723	0.0	(0.7739645828049723+0j)
0.812	0.659344	0.11787150852429484	0.7777284539528588	0.0	(0.7777284539528588+0j)
0.8140000000000001	0.6625960000000001	0.1183921419294795	0.7815010798995947	0.0	(0.7815010798995947+0j)
0.8160000000000001	0.6658560000000001	0.11891350591895888	0.78528245737331	0.0	(0.78528245737331+0j)
0.8180000000000001	0.669124	0.11943559710127921	0.7890725831076115	0.0	(0.7890725831076115+0j)
0.8200000000000001	0.6724000000000001	0.11995841208394836	0.7928714538418511	0.0	(0.7928714538418511+0j)
0.8220000000000001	0.6756840000000001	0.12048194747347446	0.7966790663214783	0.0	(0.7966790663214783+0j)
0.8240000000000001	0.6789760000000001	0.12100619987540834	0.8004954172982978	0.0	(0.8004954172982978+0j)
0.8260000000000001	0.6822760000000001	0.12153116589438212	0.8043205035308653	0.0	(0.8043205035308653+0j)
0.8280000000000001	0.6855840000000001	0.12205684213414891	0.8081543217848051	0.0	(0.8081543217848051+0j)
0.8300000000000001	0.6889000000000001	0.12258322519762166	0.8119968688331756	0.0	(0.8119968688331756+0j)
0.8320000000000001	0.6922240000000002	0.12311031168691478	0.8158481414568903	0.0	(0.8158481414568903+0j)
0.834	0.695556	0.12363809820338273	0.8197081364450677	0.0	(0.8197081364450677+0j)
0.836	0.698896	0.12416658134765918	0.8235768505955174	0.0	(0.8235768505955174+0j)
0.838	0.702244	0.1246957577196986	0.8274542807151658	0.0	(0.8274542807151658+0j)
0.84	0.7055999999999999	0.1252256239188132	0.8313404236205317	0.0	(0.8313404236205317+0j)
0.842	0.7089639999999999	0.12575617654371263	0.8352352761382276	0.0	(0.8352352761382276+0j)
0.844	0.712336	0.12628741219254697	0.8391388351054949	0.0	(0.8391388351054949+0j)
0.846	0.7157159999999999	0.12681932746294033	0.8430510973707748	0.0	(0.8430510973707748+0j)
0.848	0.719104	0.12735191895203501	0.8469720597942743	0.0	(0.8469720597942743+0j)
0.85	0.7224999999999999	0.1278851832565281	0.8509017192486086	0.0	(0.8509017192486086+0j)
0.852	0.725904	0.1284191169727128	0.8548400726195019	0.0	(0.8548400726195019+0j)
0.854	0.729316	0.1289537166965149	0.8587871168064043	0.0	(0.8587871168064043+0j)
0.856	0.7327359999999999	0.12948897902353346	0.8627428487233543	0.0	(0.8627428487233543+0j)
0.858	0.7361639999999999	0.13002490054907945	0.8667072652996853	0.0	(0.8667072652996853+0j)
0.86	0.7395999999999999	0.1305614778682157	0.8706803634809228	0.0	(0.8706803634809228+0j)
0.862	0.7430439999999999	0.13109870757579467	0.8746621402296676	0.0	(0.8746621402296676+0j)
0.864	0.7464959999999999	0.131636586266497	0.8786525925265808	0.0	(0.8786525925265808+0j)
0.866	0.749956	0.13217511053487146	0.8826517173713833	0.0	(0.8826517173713833+0j)
0.868	0.753424	0.13271427697537364	0.8866595117839775	0.0	(0.8866595117839775+0j)
0.87	0.7569	0.13325408218240214	0.8906759728056162	0.0	(0.8906759728056162+0j)
0.872	0.760384	0.13379452275034204	0.8947010975001689	0.0	(0.8947010975001689+0j)
0.874	0.763876	0.13433559527359834	0.8987348829554821	0.0	(0.8987348829554821+0j)
0.876	0.767376	0.1348772963466377	0.9027773262847943	0.0	(0.9027773262847943+0j)
0.878	0.770884	0.13541962256402584	0.9068284246283378	0.0	(0.9068284246283378+0j)
0.88	0.7744	0.13596257052046562	0.9108881751549998	0.0	(0.9108881751549998+0j)
0.882	0.7779240000000001	0.13650613681083612	0.9149565750641286	0.0	(0.9149565750641286+0j)
0.884	0.781456	0.13705031803023002	0.9190336215874947	0.0	(0.9190336215874947+0j)
0.886	0.784996	0.13759511077399242	0.923119311991414	0.0	(0.923119311991414+0j)
0.888	0.788544	0.13814051163775862	0.9272136435790053	0.0	(0.9272136435790053+0j)
0.89	0.7921	0.13868651721749323	0.9313166136926891	0.0	(0.9313166136926891+0j)
0.892	0.795664	0.13923312410952557	0.9354282197168784	0.0	(0.9354282197168784+0j)
0.894	0.7992360000000001	0.1397803289105902	0.9395484590808745	0.0	(0.9395484590808745+0j)
0.896	0.8028160000000001	0.1403281282178638	0.9436773292620871	0.0	(0.9436773292620871+0j)
0.898	0.806404	0.14087651862900244	0.9478148277894793	0.0	(0.9478148277894793+0j)
0.9	0.81	0.14142549674218033	0.9519609522473892	0.0	(0.9519609522473892+0j)
0.902	0.813604	0.14197505915612682	0.9561157002796307	0.0	(0.9561157002796307+0j)
0.904	0.817216	0.14252520247016384	0.9602790695941049	0.0	(0.9602790695941049+0j)
0.906	0.820836	0.14307592328424365	0.964451057967775	0.0	(0.964451057967775+0j)
0.908	0.8244640000000001	0.14362721819898658	0.9686316632521665	0.0	(0.9686316632521665+0j)
0.91	0.8281000000000001	0.1441790838157174	0.9728208833794437	0.0	(0.9728208833794437+0j)
0.912	0.831744	0.1447315167365039	0.9770187163691312	0.0	(0.9770187163691312+0j)
0.914	0.835396	0.14528451356419322	0.9812251603355541	0.0	(0.9812251603355541+0j)
0.916	0.839056	0.14583807090244913	0.98544021349607	0.0	(0.98544021349607+0j)
0.918	0.842724	0.14639218535578924	0.989663874180297	0.0	(0.989663874180297+0j)
0.92	0.8464	0.14694685352962214	0.9938961408403385	0.0	(0.9938961408403385+0j)
0.922	0.8500840000000001	0.14750207203028345	0.9981370120622773	0.0	(0.9981370120622773+0j)
0.924	0.8537760000000001	0.14805783746507456	1.0023864865790462	0.0	(1.0023864865790462+0j)
0.926	0.8574760000000001	0.14861414644229673	1.006644563284896	0.0	(1.006644563284896+0j)
0.928	0.8611840000000001	0.14917099557129027	1.0109112412517762	0.0	(1.0109112412517762+0j)
0.93	0.8649000000000001	0.14972838146246933	1.0151865197478105	0.0	(1.0151865197478105+0j)
0.932	0.8686240000000001	0.15028630072736	1.0194703982583266	0.0	(1.0194703982583266+0j)
0.934	0.8723560000000001	0.150844749978635	1.0237628765098374	0.0	(1.0237628765098374+0j)
0.936	0.8760960000000001	0.15140372583015163	1.0280639544974406	0.0	(1.0280639544974406+0j)
0.9380000000000001	0.8798440000000001	0.15196322489698738	1.0323736325163273	0.0	(1.0323736325163273+0j)
0.9400000000000001	0.8836000000000002	0.15252324379547613	1.0366919111981212	0.0	(1.0366919111981212+0j)
0.9420000000000001	0.8873640000000002	0.15308377914324364	1.0410187915529623	0.0	(1.0410187915529623+0j)
0.9440000000000001	0.8911360000000002	0.15364482755924586	1.0453542750185338	0.0	(1.0453542750185338+0j)
0.9460000000000001	0.8949160000000002	0.1542063856638018	1.049698363517395	0.0	(1.049698363517395+0j)
0.9480000000000001	0.8987040000000002	0.15476845007863185	1.0540510595244257	0.0	(1.0540510595244257+0j)
0.9500000000000001	0.9025000000000001	0.1553310174268925	1.0584123661466327	0.0	(1.0584123661466327+0j)
0.9520000000000001	0.9063040000000001	0.15589408433321225	1.0627822872180956	0.0	(1.0627822872180956+0j)
0.9540000000000001	0.9101160000000001	0.15645764742372711	1.0671608274138236	0.0	(1.0671608274138236+0j)
0.9560000000000001	0.9139360000000002	0.15702170332611662	1.0715479923870292	0.0	(1.0715479923870292+0j)
0.9580000000000001	0.9177640000000001	0.15758624866963847	1.0759437889362573	0.0	(1.0759437889362573+0j)
0.96	0.9216	0.15815128008516546	1.080348225210127	0.0	(1.080348225210127+0j)
0.962	0.9254439999999999	0.1587167942052184	1.0847613109609857	0.0	(1.0847613109609857+0j)
0.964	0.9292959999999999	0.15928278766400378	1.0891830578617636	0.0	(1.0891830578617636+0j)
0.966	0.933156	0.1598492570974476	1.0936134799066124	0.0	(1.0936134799066124+0j)
0.968	0.937024	0.16041619914323013	1.0980525939233632	0.0	(1.0980525939233632+0j)
0.97	0.9409	0.16098361044082188	1.10250042023801	0.0	(1.10250042023801+0j)
0.972	0.944784	0.16155148763151744	1.1069569835492747	0.0	(1.1069569835492747+0j)
0.974	0.948676	0.1621198273584712	1.1114223140993116	0.0	(1.1114223140993116+0j)
0.976	0.952576	0.16268862626673153	1.1158964492708625	0.0	(1.1158964492708625+0j)
0.978	0.956484	0.16325788100327504	1.120379435814252	0.0	(1.120379435814252+0j)
0.98	0.9603999999999999	0.16382758821704188	1.1248713330312143	0.0	(1.1248713330312143+0j)
0.982	0.964324	0.16439774455896977	1.1293722174615448	0.0	(1.1293722174615448+0j)
0.984	0.968256	0.16496834668202787	1.1338821900236393	0.0	(1.1338821900236393+0j)
0.986	0.972196	0.16553939124125172	1.1384013873519876	0.0	(1.1384013873519876+0j)
0.988	0.976144	0.16611087489377743	1.142930000730006	0.0	(1.142930000730006+0j)
0.99	0.9801	0.1666827942988748	1.1474683097657787	0.0	(1.1474683097657787+0j)
0.992	0.9840639999999999	0.16725514611798234	1.1520167473738308	0.0	(1.1520167473738308+0j)
0.994	0.988036	0.16782792701474036	1.1565760396856988	0.0	(1.1565760396856988+0j)
0.996	0.992016	0.1684011336550252	1.1611475583278947	0.0	(1.1611475583278947+0j)
0.998	0.996004	0.16897476270698292	1.1657344549722333	0.0	(1.1657344549722333+0j)
1.0	1.0	0.1695488108410624	1.1703474948425832	0.0	(1.1703474948425832+0j)
