-1.0	-1.0	-0.1695488108410624	-1.1763768465407693	0.0	(-1.1763768465407693+0j)
-0.99	-0.9801	-0.1666827942988748	-1.153266782488559	0.0	(-1.153266782488559+0j)
-0.98	-0.9603999999999999	-0.16382758821704188	-1.130523994518003	0.0	(-1.130523994518003+0j)
-0.97	-0.9409	-0.16098361044082188	-1.1080572551477714	0.0	(-1.1080572551477714+0j)
-0.96	-0.9216	-0.15815128008516546	-1.0858391201402857	0.0	(-1.0858391201402857+0j)
-0.9500000000000001	-0.9025000000000001	-0.1553310174268925	-1.0638576476114885	0.0	(-1.0638576476114885+0j)
-0.9400000000000001	-0.8836000000000002	-0.15252324379547613	-1.042106644044017	0.0	(-1.042106644044017+0j)
-0.93	-0.8649000000000001	-0.14972838146246933	-1.020582568817365	0.0	(-1.020582568817365+0j)
-0.92	-0.8464	-0.14694685352962214	-0.9992832858107656	0.0	(-0.9992832858107656+0j)
-0.91	-0.8281000000000001	-0.1441790838157174	-0.9782074766692119	0.0	(-0.9782074766692119+0j)
-0.9	-0.81	-0.14142549674218033	-0.957354333761956	0.0	(-0.957354333761956+0j)
-0.89	-0.7921	-0.13868651721749323	-0.936723386102746	0.0	(-0.936723386102746+0j)
-0.88	-0.7744	-0.13596257052046562	-0.9163143943054646	0.0	(-0.9163143943054646+0j)
-0.87	-0.7569	-0.13325408218240214	-0.8961272839397526	0.0	(-0.8961272839397526+0j)
-0.86	-0.7395999999999999	-0.1305614778682157	-0.8761621014616583	0.0	(-0.8761621014616583+0j)
-0.85	-0.7224999999999999	-0.1278851832565281	-0.8564189840331186	0.0	(-0.8564189840331186+0j)
-0.84	-0.7055999999999999	-0.1252256239188132	-0.8368981382166804	0.0	(-0.8368981382166804+0j)
-0.8300000000000001	-0.6889000000000001	-0.12258322519762166	-0.8175998245265752	0.0	(-0.8175998245265752+0j)
-0.8200000000000001	-0.6724000000000001	-0.11995841208394836	-0.798524345950832	0.0	(-0.798524345950832+0j)
-0.81	-0.6561000000000001	-0.11735160909378095	-0.7796720392299739	0.0	(-0.7796720392299739+0j)
-0.8	-0.6400000000000001	-0.11476324014389139	-0.7610432680877828	0.0	(-0.7610432680877828+0j)
-0.79	-0.6241000000000001	-0.11219372842691033	-0.7426384178680997	0.0	(-0.7426384178680997+0j)
-0.78	-0.6084	-0.10964349628575343	-0.7244578911990329	0.0	(-0.7244578911990329+0j)
-0.77	-0.5929	-0.10711296508743612	-0.7065021044166753	0.0	(-0.7065021044166753+0j)
-0.76	-0.5776	-0.10460255509634614	-0.6887714845555837	0.0	(-0.6887714845555837+0j)
-0.75	-0.5625	-0.10211268534701556	-0.6712664667648193	0.0	(-0.6712664667648193+0j)
-0.74	-0.5476	-0.09964377351645959	-0.6539874920449443	0.0	(-0.6539874920449443+0j)
-0.73	-0.5328999999999999	-0.09719623579613063	-0.6369350052271273	0.0	(-0.6369350052271273+0j)
-0.72	-0.5184	-0.09477048676355126	-0.6201094531344431	0.0	(-0.6201094531344431+0j)
-0.71	-0.5041	-0.09236693925367329	-0.6035112828792615	0.0	(-0.6035112828792615+0j)
-0.7000000000000001	-0.4900000000000001	-0.08998600423003655	-0.5871409402610418	0.0	(-0.5871409402610418+0j)
-0.6900000000000001	-0.4761000000000001	-0.08762809065576915	-0.5709988682364999	0.0	(-0.5709988682364999+0j)
-0.68	-0.4624000000000001	-0.08529360536450592	-0.5550855054405006	0.0	(-0.5550855054405006+0j)
-0.67	-0.4489000000000001	-0.08298295293126479	-0.539401284740244	0.0	(-0.539401284740244+0j)
-0.66	-0.43560000000000004	-0.08069653554336198	-0.5239466318094679	0.0	(-0.5239466318094679+0j)
-0.65	-0.42250000000000004	-0.078434752871408	-0.5087219637120192	0.0	(-0.5087219637120192+0j)
-0.64	-0.4096	-0.07619800194046122	-0.4937276874867145	0.0	(-0.4937276874867145+0j)
-0.63	-0.39690000000000003	-0.07398667700138584	-0.47896419872722945	0.0	(-0.47896419872722945+0j)
-0.62	-0.3844	-0.07180116940248726	-0.46443188015238135	0.0	(-0.46443188015238135+0j)
-0.61	-0.3721	-0.06964186746147794	-0.4501311001633547	0.0	(-0.4501311001633547+0j)
-0.6	-0.36	-0.06750915633783938	-0.43606221138545986	0.0	(-0.43606221138545986+0j)
-0.59	-0.34809999999999997	-0.06540341790564563	-0.42222554919270516	0.0	(-0.42222554919270516+0j)
-0.58	-0.3364	-0.06332503062690009	-0.40862143021392033	0.0	(-0.40862143021392033+0j)
-0.5700000000000001	-0.3249000000000001	-0.06127436942545916	-0.39525015081951825	0.0	(-0.39525015081951825+0j)
-0.56	-0.31360000000000005	-0.05925180556159759	-0.3821119855878758	0.0	(-0.3821119855878758+0j)
-0.55	-0.30250000000000005	-0.057257706507277684	-0.36920718575023165	0.0	(-0.36920718575023165+0j)
-0.54	-0.2916	-0.0552924358221929	-0.3565359776123476	0.0	(-0.3565359776123476+0j)
-0.53	-0.28090000000000004	-0.05335635303063302	-0.3440985609506093	0.0	(-0.3440985609506093+0j)
-0.52	-0.27040000000000003	-0.0514498134992436	-0.3318951073790474	0.0	(-0.3318951073790474+0j)
-0.51	-0.2601	-0.04957316831574965	-0.31992575868252743	0.0	(-0.31992575868252743+0j)
-0.5	-0.25	-0.04772676416867072	-0.3081906251096726	0.0	(-0.3081906251096726+0j)
-0.49	-0.24009999999999998	-0.045910943228133494	-0.2966897836170516	0.0	(-0.2966897836170516+0j)
-0.48	-0.2304	-0.04412604302781342	-0.28542327605391093	0.0	(-0.28542327605391093+0j)
-0.47000000000000003	-0.22090000000000004	-0.04237239634807155	-0.2743911072738795	0.0	(-0.2743911072738795+0j)
-0.46	-0.2116	-0.04065033110034588	-0.26359324315701926	0.0	(-0.26359324315701926+0j)
-0.45	-0.2025	-0.03896017021286946	-0.2530296085220186	0.0	(-0.2530296085220186+0j)
-0.44	-0.1936	-0.037302231517758466	-0.24270008490418568	0.0	(-0.24270008490418568+0j)
-0.43	-0.18489999999999998	-0.035676827639533615	-0.23260450817040385	0.0	(-0.23260450817040385+0j)
-0.42	-0.17639999999999997	-0.03408426588513924	-0.22274266593701433	0.0	(-0.22274266593701433+0j)
-0.41000000000000003	-0.16810000000000003	-0.03252484813550449	-0.2131142947508066	0.0	(-0.2131142947508066+0j)
-0.4	-0.16000000000000003	-0.030998870738727646	-0.20371907698677616	0.0	(-0.20371907698677616+0j)
-0.39	-0.1521	-0.029506624404909143	-0.19455663740901893	0.0	(-0.19455663740901893+0j)
-0.38	-0.1444	-0.028048394102708762	-0.18562653933298548	0.0	(-0.18562653933298548+0j)
-0.37	-0.1369	-0.026624458957678065	-0.17692828031805882	0.0	(-0.17692828031805882+0j)
-0.36	-0.1296	-0.02523509215243136	-0.16846128730921206	0.0	(-0.16846128730921206+0j)
-0.35000000000000003	-0.12250000000000003	-0.023880560828666297	-0.16022491113502324	0.0	(-0.16022491113502324+0j)
-0.34	-0.11560000000000002	-0.02256112599116067	-0.15221842025645815	0.0	(-0.15221842025645815+0j)
-0.33	-0.10890000000000001	-0.02127704241372763	-0.14444099364669663	0.0	(-0.14444099364669663+0j)
-0.32	-0.1024	-0.020028558547204867	-0.13689171266655975	0.0	(-0.13689171266655975+0j)
-0.31	-0.0961	-0.018815916429542057	-0.12956955178296806	0.0	(-0.12956955178296806+0j)
-0.3	-0.09	-0.017639351598024433	-0.12247336795928461	0.0	(-0.12247336795928461+0j)
-0.29	-0.0841	-0.016499093003654597	-0.11560188852665698	0.0	(-0.11560188852665698+0j)
-0.28	-0.07840000000000001	-0.015395362927792533	-0.10895369732489668	0.0	(-0.10895369732489668+0j)
-0.27	-0.0729	-0.014328376901042716	-0.1025272188805994	0.0	(-0.1025272188805994+0j)
-0.26	-0.06760000000000001	-0.013298343624481568	-0.09632070037019572	0.0	(-0.09632070037019572+0j)
-0.25	-0.0625	-0.012305464893214157	-0.09033219109777144	0.0	(-0.09033219109777144+0j)
-0.24	-0.0576	-0.011349935522368959	-0.08455951920374284	0.0	(-0.08455951920374284+0j)
-0.23	-0.0529	-0.010431943275510669	-0.07900026531379355	0.0	(-0.07900026531379355+0j)
-0.22	-0.0484	-0.009551668795539925	-0.07365173284139755	0.0	(-0.07365173284139755+0j)
-0.21	-0.04409999999999999	-0.008709285538115452	-0.06851091467672725	0.0	(-0.06851091467672725+0j)
-0.2	-0.04000000000000001	-0.007904959707625281	-0.06357445603595012	0.0	(-0.06357445603595012+0j)
-0.19	-0.0361	-0.00713885019577809	-0.058838613315296946	0.0	(-0.058838613315296946+0j)
-0.18	-0.0324	-0.0064111085227569475	-0.05429920890328768	0.0	(-0.05429920890328768+0j)
-0.17	-0.028900000000000006	-0.005721878781113077	-0.049951582061578424	0.0	(-0.049951582061578424+0j)
-0.16	-0.0256	-0.005071297582261991	-0.04579053620182551	0.0	(-0.04579053620182551+0j)
-0.15	-0.0225	-0.004459494005804032	-0.04181028317190752	0.0	(-0.04181028317190752+0j)
-0.14	-0.019600000000000003	-0.003886589551438391	-0.038004385529341225	0.0	(-0.038004385529341225+0j)
-0.13	-0.016900000000000002	-0.003352698093852524	-0.034365698223874294	0.0	(-0.034365698223874294+0j)
-0.12	-0.0144	-0.0028579258402139374	-0.030886311632114218	0.0	(-0.030886311632114218+0j)
-0.11	-0.0121	-0.0024023712905574257	-0.02755749846453631	0.0	(-0.02755749846453631+0j)
-0.1	-0.010000000000000002	-0.0019861252011921238	-0.024369667663171547	0.0	(-0.024369667663171547+0j)
-0.09	-0.0081	-0.001609270550559927	-0.02131232897145826	0.0	(-0.02131232897145826+0j)
-0.08	-0.0064	-0.0012718825083624097	-0.018374072297492477	0.0	(-0.018374072297492477+0j)
-0.07	-0.004900000000000001	-0.0009740284075121508	-0.015542566205561303	0.0	(-0.015542566205561303+0j)
-0.06	-0.0036	-0.0007157677188729394	-0.012804579733900144	0.0	(-0.012804579733900144+0j)
-0.05	-0.0025000000000000005	-0.0004971520289132059	-0.010146031128931067	0.0	(-0.010146031128931067+0j)
-0.04	-0.0016	-0.0003182250205213677	-0.007552065917680841	0.0	(-0.007552065917680841+0j)
-0.03	-0.0009	-0.0001790224567344012	-0.00500716499346012	0.0	(-0.00500716499346012+0j)
-0.02	-0.0004	-7.957216723752936e-05	-0.0024952811260786694	0.0	(-0.0024952811260786694+0j)
-0.01	-0.0001	-1.989403472180129e-05	9.93129189996722e-16	-0.6258285480591775	(9.93129189996722e-16-0.6258285480591775j)
0.01	0.0001	1.989403472180129e-05	9.93129189996722e-16	0.6258285480591775	(9.93129189996722e-16+0.6258285480591775j)
0.02	0.0004	7.957216723752936e-05	0.002495281126078502	0.0	(0.002495281126078502+0j)
0.03	0.0009	0.0001790224567344012	0.005007164993459979	0.0	(0.005007164993459979+0j)
0.04	0.0016	0.0003182250205213677	0.007552065917680785	0.0	(0.007552065917680785+0j)
0.05	0.0025000000000000005	0.0004971520289132059	0.01014603112893101	0.0	(0.01014603112893101+0j)
0.06	0.0036	0.0007157677188729394	0.012804579733900113	0.0	(0.012804579733900113+0j)
0.07	0.004900000000000001	0.0009740284075121508	0.015542566205561242	0.0	(0.015542566205561242+0j)
0.08	0.0064	0.0012718825083624097	0.018374072297492463	0.0	(0.018374072297492463+0j)
0.09	0.0081	0.001609270550559927	0.021312328971458232	0.0	(0.021312328971458232+0j)
0.1	0.010000000000000002	0.0019861252011921238	0.024369667663171616	0.0	(0.024369667663171616+0j)
0.11	0.0121	0.0024023712905574257	0.027557498464536343	0.0	(0.027557498464536343+0j)
0.12	0.0144	0.0028579258402139374	0.03088631163211411	0.0	(0.03088631163211411+0j)
0.13	0.016900000000000002	0.003352698093852524	0.034365698223874176	0.0	(0.034365698223874176+0j)
0.14	0.019600000000000003	0.003886589551438391	0.03800438552934128	0.0	(0.03800438552934128+0j)
0.15	0.0225	0.004459494005804032	0.041810283171907596	0.0	(0.041810283171907596+0j)
0.16	0.0256	0.005071297582261991	0.04579053620182555	0.0	(0.04579053620182555+0j)
0.17	0.028900000000000006	0.005721878781113077	0.04995158206157866	0.0	(0.04995158206157866+0j)
0.18	0.0324	0.0064111085227569475	0.054299208903287974	0.0	(0.054299208903287974+0j)
0.19	0.0361	0.00713885019577809	0.058838613315297085	0.0	(0.058838613315297085+0j)
0.2	0.04000000000000001	0.007904959707625281	0.06357445603595034	0.0	(0.06357445603595034+0j)
0.21	0.04409999999999999	0.008709285538115452	0.06851091467672746	0.0	(0.06851091467672746+0j)
0.22	0.0484	0.009551668795539925	0.07365173284139732	0.0	(0.07365173284139732+0j)
0.23	0.0529	0.010431943275510669	0.07900026531379373	0.0	(0.07900026531379373+0j)
0.24	0.0576	0.011349935522368959	0.0845595192037431	0.0	(0.0845595192037431+0j)
0.25	0.0625	0.012305464893214157	0.0903321910977716	0.0	(0.0903321910977716+0j)
0.26	0.06760000000000001	0.013298343624481568	0.09632070037019554	0.0	(0.09632070037019554+0j)
0.27	0.0729	0.014328376901042716	0.10252721888059899	0.0	(0.10252721888059899+0j)
0.28	0.07840000000000001	0.015395362927792533	0.10895369732489703	0.0	(0.10895369732489703+0j)
0.29	0.0841	0.016499093003654597	0.115601888526657	0.0	(0.115601888526657+0j)
0.3	0.09	0.017639351598024433	0.12247336795928354	0.0	(0.12247336795928354+0j)
0.31	0.0961	0.018815916429542057	0.12956955178296892	0.0	(0.12956955178296892+0j)
0.32	0.1024	0.020028558547204867	0.1368917126665594	0.0	(0.1368917126665594+0j)
0.33	0.10890000000000001	0.02127704241372763	0.1444409936466961	0.0	(0.1444409936466961+0j)
0.34	0.11560000000000002	0.02256112599116067	0.15221842025645838	0.0	(0.15221842025645838+0j)
0.35000000000000003	0.12250000000000003	0.023880560828666297	0.1602249111350232	0.0	(0.1602249111350232+0j)
0.36	0.1296	0.02523509215243136	0.16846128730921214	0.0	(0.16846128730921214+0j)
0.37	0.1369	0.026624458957678065	0.17692828031805863	0.0	(0.17692828031805863+0j)
0.38	0.1444	0.028048394102708762	0.18562653933298615	0.0	(0.18562653933298615+0j)
0.39	0.1521	0.029506624404909143	0.19455663740901974	0.0	(0.19455663740901974+0j)
0.4	0.16000000000000003	0.030998870738727646	0.20371907698677522	0.0	(0.20371907698677522+0j)
0.41000000000000003	0.16810000000000003	0.03252484813550449	0.21311429475080673	0.0	(0.21311429475080673+0j)
0.42	0.17639999999999997	0.03408426588513924	0.22274266593701403	0.0	(0.22274266593701403+0j)
0.43	0.18489999999999998	0.035676827639533615	0.2326045081704027	0.0	(0.2326045081704027+0j)
0.44	0.1936	0.037302231517758466	0.24270008490418576	0.0	(0.24270008490418576+0j)
0.45	0.2025	0.03896017021286946	0.2530296085220195	0.0	(0.2530296085220195+0j)
0.46	0.2116	0.04065033110034588	0.26359324315702043	0.0	(0.26359324315702043+0j)
0.47000000000000003	0.22090000000000004	0.04237239634807155	0.2743911072738789	0.0	(0.2743911072738789+0j)
0.48	0.2304	0.04412604302781342	0.2854232760539112	0.0	(0.2854232760539112+0j)
0.49	0.24009999999999998	0.045910943228133494	0.296689783617052	0.0	(0.296689783617052+0j)
0.5	0.25	0.04772676416867072	0.30819062510967116	0.0	(0.30819062510967116+0j)
0.51	0.2601	0.04957316831574965	0.31992575868252726	0.0	(0.31992575868252726+0j)
0.52	0.27040000000000003	0.0514498134992436	0.33189510737905015	0.0	(0.33189510737905015+0j)
0.53	0.28090000000000004	0.05335635303063302	0.3440985609506109	0.0	(0.3440985609506109+0j)
0.54	0.2916	0.0552924358221929	0.3565359776123482	0.0	(0.3565359776123482+0j)
0.55	0.30250000000000005	0.057257706507277684	0.3692071857502321	0.0	(0.3692071857502321+0j)
0.56	0.31360000000000005	0.05925180556159759	0.3821119855878781	0.0	(0.3821119855878781+0j)
0.5700000000000001	0.3249000000000001	0.06127436942545916	0.39525015081951836	0.0	(0.39525015081951836+0j)
0.58	0.3364	0.06332503062690009	0.4086214302139216	0.0	(0.4086214302139216+0j)
0.59	0.34809999999999997	0.06540341790564563	0.42222554919270455	0.0	(0.42222554919270455+0j)
0.6	0.36	0.06750915633783938	0.43606221138546064	0.0	(0.43606221138546064+0j)
0.61	0.3721	0.06964186746147794	0.450131100163354	0.0	(0.450131100163354+0j)
0.62	0.3844	0.07180116940248726	0.4644318801523823	0.0	(0.4644318801523823+0j)
0.63	0.39690000000000003	0.07398667700138584	0.47896419872722984	0.0	(0.47896419872722984+0j)
0.64	0.4096	0.07619800194046122	0.49372768748671375	0.0	(0.49372768748671375+0j)
0.65	0.42250000000000004	0.078434752871408	0.5087219637120182	0.0	(0.5087219637120182+0j)
0.66	0.43560000000000004	0.08069653554336198	0.5239466318094659	0.0	(0.5239466318094659+0j)
0.67	0.4489000000000001	0.08298295293126479	0.5394012847402442	0.0	(0.5394012847402442+0j)
0.68	0.4624000000000001	0.08529360536450592	0.5550855054405025	0.0	(0.5550855054405025+0j)
0.6900000000000001	0.4761000000000001	0.08762809065576915	0.5709988682364984	0.0	(0.5709988682364984+0j)
0.7000000000000001	0.4900000000000001	0.08998600423003655	0.5871409402610422	0.0	(0.5871409402610422+0j)
0.71	0.5041	0.09236693925367329	0.6035112828792611	0.0	(0.6035112828792611+0j)
0.72	0.5184	0.09477048676355126	0.6201094531344427	0.0	(0.6201094531344427+0j)
0.73	0.5328999999999999	0.09719623579613063	0.6369350052271301	0.0	(0.6369350052271301+0j)
0.74	0.5476	0.09964377351645959	0.6539874920449471	0.0	(0.6539874920449471+0j)
0.75	0.5625	0.10211268534701556	0.6712664667648197	0.0	(0.6712664667648197+0j)
0.76	0.5776	0.10460255509634614	0.6887714845555838	0.0	(0.6887714845555838+0j)
0.77	0.5929	0.10711296508743612	0.706502104416677	0.0	(0.706502104416677+0j)
0.78	0.6084	0.10964349628575343	0.7244578911990317	0.0	(0.7244578911990317+0j)
0.79	0.6241000000000001	0.11219372842691033	0.7426384178681016	0.0	(0.7426384178681016+0j)
0.8	0.6400000000000001	0.11476324014389139	0.7610432680877806	0.0	(0.7610432680877806+0j)
0.81	0.6561000000000001	0.11735160909378095	0.7796720392299739	0.0	(0.7796720392299739+0j)
0.8200000000000001	0.6724000000000001	0.11995841208394836	0.7985243459508282	0.0	(0.7985243459508282+0j)
0.8300000000000001	0.6889000000000001	0.12258322519762166	0.8175998245265751	0.0	(0.8175998245265751+0j)
0.84	0.7055999999999999	0.1252256239188132	0.8368981382166827	0.0	(0.8368981382166827+0j)
0.85	0.7224999999999999	0.1278851832565281	0.8564189840331174	0.0	(0.8564189840331174+0j)
0.86	0.7395999999999999	0.1305614778682157	0.8761621014616625	0.0	(0.8761621014616625+0j)
0.87	0.7569	0.13325408218240214	0.8961272839397516	0.0	(0.8961272839397516+0j)
0.88	0.7744	0.13596257052046562	0.916314394305464	0.0	(0.916314394305464+0j)
0.89	0.7921	0.13868651721749323	0.9367233861027471	0.0	(0.9367233861027471+0j)
0.9	0.81	0.14142549674218033	0.9573543337619558	0.0	(0.9573543337619558+0j)
0.91	0.8281000000000001	0.1441790838157174	0.9782074766692099	0.0	(0.9782074766692099+0j)
0.92	0.8464	0.14694685352962214	0.9992832858107696	0.0	(0.9992832858107696+0j)
0.93	0.8649000000000001	0.14972838146246933	1.0205825688173649	0.0	(1.0205825688173649+0j)
0.9400000000000001	0.8836000000000002	0.15252324379547613	1.0421066440440176	0.0	(1.0421066440440176+0j)
0.9500000000000001	0.9025000000000001	0.1553310174268925	1.0638576476114916	0.0	(1.0638576476114916+0j)
0.96	0.9216	0.15815128008516546	1.0858391201402873	0.0	(1.0858391201402873+0j)
0.97	0.9409	0.16098361044082188	1.1080572551477716	0.0	(1.1080572551477716+0j)
0.98	0.9603999999999999	0.16382758821704188	1.1305239945180026	0.0	(1.1305239945180026+0j)
0.99	0.9801	0.1666827942988748	1.1532667824885596	0.0	(1.1532667824885596+0j)
1.0	1.0	0.1695488108410624	1.1763768465407658	0.0	(1.1763768465407658+0j)
