-1.0	-1.0	-0.00015597184423005745	-1.0001560302160821	0.0	(-1.0001560302160821+0j)
-0.995	-0.990025	-0.00015593977290746778	-0.9901809798003498	0.0	(-0.9901809798003498+0j)
-0.99	-0.9801	-0.00015590721442967936	-0.9802559382846121	0.0	(-0.9802559382846121+0j)
-0.985	-0.970225	-0.00015587415888015281	-0.9703808994312436	0.0	(-0.9703808994312436+0j)
-0.98	-0.9603999999999999	-0.00015584059608873217	-0.9605558616781986	0.0	(-0.9605558616781986+0j)
-0.975	-0.9506249999999999	-0.0001558065156238213	-0.95078082439548	0.0	(-0.95078082439548+0j)
-0.97	-0.9409	-0.0001557719067842772	-0.9410557872618287	0.0	(-0.9410557872618287+0j)
-0.965	-0.931225	-0.00015573675859100898	-0.931380750087116	0.0	(-0.931380750087116+0j)
-0.96	-0.9216	-0.00015570105977826915	-0.9217557127460406	0.0	(-0.9217557127460406+0j)
-0.9550000000000001	-0.9120250000000001	-0.00015566479878462538	-0.9121806751488506	0.0	(-0.9121806751488506+0j)
-0.9500000000000001	-0.9025000000000001	-0.0001556279637435985	-0.9026556372268496	0.0	(-0.9026556372268496+0j)
-0.9450000000000001	-0.8930250000000001	-0.00015559054247395307	-0.8931805989245841	0.0	(-0.8931805989245841+0j)
-0.9400000000000001	-0.8836000000000002	-0.0001555525224696252	-0.8837555601953963	0.0	(-0.8837555601953963+0j)
-0.935	-0.8742250000000001	-0.00015551389088927254	-0.8743805209987143	0.0	(-0.8743805209987143+0j)
-0.93	-0.8649000000000001	-0.00015547463454542996	-0.8650554812984046	0.0	(-0.8650554812984046+0j)
-0.925	-0.8556250000000001	-0.00015543473989325352	-0.8557804410616571	0.0	(-0.8557804410616571+0j)
-0.92	-0.8464	-0.00015539419301883542	-0.8465554002582311	0.0	(-0.8465554002582311+0j)
-0.915	-0.8372250000000001	-0.00015535297962707058	-0.8373803588599574	0.0	(-0.8373803588599574+0j)
-0.91	-0.8281000000000001	-0.0001553110850290552	-0.828255316840342	0.0	(-0.828255316840342+0j)
-0.905	-0.819025	-0.0001552684941289969	-0.8191802741742412	0.0	(-0.8191802741742412+0j)
-0.9	-0.81	-0.00015522519141061397	-0.8101552308376483	0.0	(-0.8101552308376483+0j)
-0.895	-0.801025	-0.00015518116092300184	-0.8011801868074842	0.0	(-0.8011801868074842+0j)
-0.89	-0.7921	-0.00015513638626594168	-0.7922551420613589	0.0	(-0.7922551420613589+0j)
-0.885	-0.7832250000000001	-0.00015509085057462647	-0.7833800965774727	0.0	(-0.7833800965774727+0j)
-0.88	-0.7744	-0.0001550445365037782	-0.7745550503344201	0.0	(-0.7745550503344201+0j)
-0.875	-0.765625	-0.00015499742621112746	-0.7657800033110626	0.0	(-0.7657800033110626+0j)
-0.87	-0.7569	-0.00015494950134022683	-0.7570549554863929	0.0	(-0.7570549554863929+0j)
-0.865	-0.748225	-0.00015490074300256672	-0.7483799068394221	0.0	(-0.7483799068394221+0j)
-0.86	-0.7395999999999999	-0.00015485113175896145	-0.7397548573490649	0.0	(-0.7397548573490649+0j)
-0.855	-0.7310249999999999	-0.00015480064760017083	-0.731179806994052	0.0	(-0.731179806994052+0j)
-0.85	-0.7224999999999999	-0.00015474926992672177	-0.7226547557528336	0.0	(-0.7226547557528336+0j)
-0.845	-0.7140249999999999	-0.0001546969775278914	-0.7141797036035002	0.0	(-0.7141797036035002+0j)
-0.84	-0.7055999999999999	-0.00015464374855981213	-0.7057546505237009	0.0	(-0.7057546505237009+0j)
-0.835	-0.697225	-0.000154589560522656	-0.6973795964906068	0.0	(-0.6973795964906068+0j)
-0.8300000000000001	-0.6889000000000001	-0.00015453439023685412	-0.6890545414808262	0.0	(-0.6890545414808262+0j)
-0.8250000000000001	-0.6806250000000001	-0.0001544782138183043	-0.6807794854703725	0.0	(-0.6807794854703725+0j)
-0.8200000000000001	-0.6724000000000001	-0.00015442100665251715	-0.6725544284345978	0.0	(-0.6725544284345978+0j)
-0.8150000000000001	-0.6642250000000001	-0.00015436274336764845	-0.6643793703481611	0.0	(-0.6643793703481611+0j)
-0.81	-0.6561000000000001	-0.0001543033978063628	-0.6562543111849813	0.0	(-0.6562543111849813+0j)
-0.805	-0.6480250000000001	-0.0001542429429964702	-0.6481792509182086	0.0	(-0.6481792509182086+0j)
-0.8	-0.6400000000000001	-0.00015418135112027368	-0.640154189520161	0.0	(-0.640154189520161+0j)
-0.795	-0.6320250000000001	-0.00015411859348256368	-0.6321791269623246	0.0	(-0.6321791269623246+0j)
-0.79	-0.6241000000000001	-0.00015405464047718966	-0.6242540632152732	0.0	(-0.6242540632152732+0j)
-0.785	-0.616225	-0.0001539894615521367	-0.616378998248656	0.0	(-0.616378998248656+0j)
-0.78	-0.6084	-0.00015392302517302993	-0.6085539320311714	0.0	(-0.6085539320311714+0j)
-0.775	-0.6006250000000001	-0.00015385529878498568	-0.60077886453049	0.0	(-0.60077886453049+0j)
-0.77	-0.5929	-0.00015378624877272266	-0.5930537957132546	0.0	(-0.5930537957132546+0j)
-0.765	-0.585225	-0.0001537158404188426	-0.5853787255449994	0.0	(-0.5853787255449994+0j)
-0.76	-0.5776	-0.0001536440378601831	-0.5777536539901322	0.0	(-0.5777536539901322+0j)
-0.755	-0.570025	-0.00015357080404214038	-0.5701785810118893	0.0	(-0.5701785810118893+0j)
-0.75	-0.5625	-0.00015349610067085363	-0.5626535065722748	0.0	(-0.5626535065722748+0j)
-0.745	-0.555025	-0.00015341988816313523	-0.5551784306320208	0.0	(-0.5551784306320208+0j)
-0.74	-0.5476	-0.00015334212559402498	-0.5477533531505226	0.0	(-0.5477533531505226+0j)
-0.735	-0.540225	-0.00015326277064183844	-0.5403782740858049	0.0	(-0.5403782740858049+0j)
-0.73	-0.5328999999999999	-0.00015318177953057167	-0.5330531933944437	0.0	(-0.5330531933944437+0j)
-0.725	-0.525625	-0.00015309910696951603	-0.5257781110315253	0.0	(-0.5257781110315253+0j)
-0.72	-0.5184	-0.0001530147060899272	-0.5185530269505659	0.0	(-0.5185530269505659+0j)
-0.715	-0.5112249999999999	-0.00015292852837858382	-0.5113779411034658	0.0	(-0.5113779411034658+0j)
-0.71	-0.5041	-0.00015284052360805904	-0.5042528534404209	0.0	(-0.5042528534404209+0j)
-0.705	-0.49702499999999994	-0.00015275063976351828	-0.4971777639098648	0.0	(-0.4971777639098648+0j)
-0.7000000000000001	-0.4900000000000001	-0.0001526588229658443	-0.4901526724583824	0.0	(-0.4901526724583824+0j)
-0.6950000000000001	-0.4830250000000001	-0.0001525650173908765	-0.4831775790306407	0.0	(-0.4831775790306407+0j)
-0.6900000000000001	-0.4761000000000001	-0.00015246916518454003	-0.47625248356929684	0.0	(-0.47625248356929684+0j)
-0.685	-0.46922500000000006	-0.00015237120637362166	-0.46937738601490997	0.0	(-0.46937738601490997+0j)
-0.68	-0.4624000000000001	-0.00015227107877193818	-0.46255228630586065	0.0	(-0.46255228630586065+0j)
-0.675	-0.45562500000000006	-0.00015216871788162068	-0.4557771843782359	0.0	(-0.4557771843782359+0j)
-0.67	-0.4489000000000001	-0.0001520640567892246	-0.4490520801657449	0.0	(-0.4490520801657449+0j)
-0.665	-0.44222500000000003	-0.00015195702605635129	-0.44237697359958755	0.0	(-0.44237697359958755+0j)
-0.66	-0.43560000000000004	-0.0001518475536044493	-0.43575186460837395	0.0	(-0.43575186460837395+0j)
-0.655	-0.42902500000000005	-0.00015173556459343758	-0.4291767531179677	0.0	(-0.4291767531179677+0j)
-0.65	-0.42250000000000004	-0.0001516209812937701	-0.42265163905139164	0.0	(-0.42265163905139164+0j)
-0.645	-0.41602500000000003	-0.00015150372295153454	-0.41617652232866786	0.0	(-0.41617652232866786+0j)
-0.64	-0.4096	-0.0001513837056461479	-0.40975140286670825	0.0	(-0.40975140286670825+0j)
-0.635	-0.403225	-0.00015126084214018328	-0.4033762805791387	0.0	(-0.4033762805791387+0j)
-0.63	-0.39690000000000003	-0.0001511350417208269	-0.3970511553761491	0.0	(-0.3970511553761491+0j)
-0.625	-0.390625	-0.0001510062100324299	-0.3907760271643472	0.0	(-0.3907760271643472+0j)
-0.62	-0.3844	-0.00015087424889958113	-0.3845508958465579	0.0	(-0.3845508958465579+0j)
-0.615	-0.378225	-0.0001507390561400849	-0.37837576132165235	0.0	(-0.37837576132165235+0j)
-0.61	-0.3721	-0.0001506005253671842	-0.3722506234843577	0.0	(-0.3722506234843577+0j)
-0.605	-0.366025	-0.00015045854578032102	-0.3661754822250389	0.0	(-0.3661754822250389+0j)
-0.6	-0.36	-0.00015031300194367486	-0.36015033742949243	0.0	(-0.36015033742949243+0j)
-0.595	-0.354025	-0.00015016377355166378	-0.3541751889787086	0.0	(-0.3541751889787086+0j)
-0.59	-0.34809999999999997	-0.00015001073518053416	-0.3482500367486259	0.0	(-0.3482500367486259+0j)
-0.585	-0.34222499999999995	-0.0001498537560251005	-0.34237488060987875	0.0	(-0.34237488060987875+0j)
-0.58	-0.3364	-0.0001496926996196283	-0.3365497204275116	0.0	(-0.3365497204275116+0j)
-0.5750000000000001	-0.33062500000000006	-0.00014952742354178036	-0.33077455606070383	0.0	(-0.33077455606070383+0j)
-0.5700000000000001	-0.3249000000000001	-0.00014935777909846706	-0.3250493873624414	0.0	(-0.3250493873624414+0j)
-0.5650000000000001	-0.3192250000000001	-0.00014918361099235987	-0.31937421417921324	0.0	(-0.31937421417921324+0j)
-0.56	-0.31360000000000005	-0.00014900475696773665	-0.3137490363506259	0.0	(-0.3137490363506259+0j)
-0.555	-0.30802500000000005	-0.00014882104743423435	-0.3081738537090736	0.0	(-0.3081738537090736+0j)
-0.55	-0.30250000000000005	-0.00014863230506698502	-0.30264866607932156	0.0	(-0.30264866607932156+0j)
-0.545	-0.29702500000000004	-0.0001484383443815073	-0.2971734732780907	0.0	(-0.2971734732780907+0j)
-0.54	-0.2916	-0.00014823897128161563	-0.2917482751136197	0.0	(-0.2917482751136197+0j)
-0.535	-0.286225	-0.0001480339825784962	-0.2863730713851809	0.0	(-0.2863730713851809+0j)
-0.53	-0.28090000000000004	-0.0001478231654789821	-0.2810478618825906	0.0	(-0.2810478618825906+0j)
-0.525	-0.275625	-0.00014760629704093972	-0.27577264638566623	0.0	(-0.27577264638566623+0j)
-0.52	-0.27040000000000003	-0.00014738314359355744	-0.2705474246636476	0.0	(-0.2705474246636476+0j)
-0.515	-0.265225	-0.00014715346012020693	-0.26537219647461097	0.0	(-0.26537219647461097+0j)
-0.51	-0.2601	-0.00014691698960142855	-0.26024696156480104	0.0	(-0.26024696156480104+0j)
-0.505	-0.255025	-0.00014667346231547783	-0.25517171966795965	0.0	(-0.25517171966795965+0j)
-0.5	-0.25	-0.00014642259509376558	-0.25014647050458966	0.0	(-0.25014647050458966+0j)
-0.495	-0.245025	-0.00014616409052842767	-0.24517121378116402	0.0	(-0.24517121378116402+0j)
-0.49	-0.24009999999999998	-0.00014589763612918533	-0.24024594918931597	0.0	(-0.24024594918931597+0j)
-0.485	-0.235225	-0.0001456229034265985	-0.2353706764049479	0.0	(-0.2353706764049479+0j)
-0.48	-0.2304	-0.00014533954701878747	-0.23054539508729224	0.0	(-0.23054539508729224+0j)
-0.47500000000000003	-0.22562500000000002	-0.00014504720355870636	-0.22577010487792193	0.0	(-0.22577010487792193+0j)
-0.47000000000000003	-0.22090000000000004	-0.00014474549067910108	-0.2210448053996909	0.0	(-0.2210448053996909+0j)
-0.465	-0.21622500000000003	-0.00014443400585239247	-0.21636949625561797	0.0	(-0.21636949625561797+0j)
-0.46	-0.2116	-0.0001441123251828928	-0.21174417702769618	0.0	(-0.21174417702769618+0j)
-0.455	-0.20702500000000001	-0.00014378000212901204	-0.20716884727563983	0.0	(-0.20716884727563983+0j)
-0.45	-0.2025	-0.00014343656615344903	-0.20264350653556565	0.0	(-0.20264350653556565+0j)
-0.445	-0.198025	-0.00014308152129980568	-0.19816815431858453	0.0	(-0.19816815431858453+0j)
-0.44	-0.1936	-0.00014271434469463086	-0.19374279010934375	0.0	(-0.19374279010934375+0j)
-0.435	-0.189225	-0.00014233448497460885	-0.18936741336447357	0.0	(-0.18936741336447357+0j)
-0.43	-0.18489999999999998	-0.00014194136063947442	-0.18504202351098453	0.0	(-0.18504202351098453+0j)
-0.425	-0.18062499999999998	-0.00014153435833228666	-0.1807666199445741	0.0	(-0.1807666199445741+0j)
-0.42	-0.17639999999999997	-0.00014111283104994174	-0.1765412020278789	0.0	(-0.1765412020278789+0j)
-0.41500000000000004	-0.17222500000000002	-0.00014067609628827865	-0.17236576908865484	0.0	(-0.17236576908865484+0j)
-0.41000000000000003	-0.16810000000000003	-0.0001402234341278467	-0.16824032041791084	0.0	(-0.16824032041791084+0j)
-0.405	-0.16402500000000003	-0.0001397540852683865	-0.16416485526798782	0.0	(-0.16416485526798782+0j)
-0.4	-0.16000000000000003	-0.0001392672490223401	-0.16013937285059746	0.0	(-0.16013937285059746+0j)
-0.395	-0.15602500000000002	-0.0001387620812802764	-0.15616387233484202	0.0	(-0.15616387233484202+0j)
-0.39	-0.1521	-0.00013823769246400268	-0.1522383528452214	0.0	(-0.1522383528452214+0j)
-0.385	-0.148225	-0.00013769314548634775	-0.1483628134596522	0.0	(-0.1483628134596522+0j)
-0.38	-0.1444	-0.0001371274537401552	-0.14453725320751584	0.0	(-0.14453725320751584+0j)
-0.375	-0.140625	-0.00013653957914290876	-0.14076167106777296	0.0	(-0.14076167106777296+0j)
-0.37	-0.1369	-0.00013592843026763058	-0.13703606596716184	0.0	(-0.13703606596716184+0j)
-0.365	-0.13322499999999998	-0.00013529286059522198	-0.13336043677852122	0.0	(-0.13336043677852122+0j)
-0.36	-0.1296	-0.0001346316669282358	-0.12973478231928587	0.0	(-0.12973478231928587+0j)
-0.355	-0.126025	-0.0001339435880111407	-0.1261591013501872	0.0	(-0.1261591013501872+0j)
-0.35000000000000003	-0.12250000000000003	-0.00013322730340741093	-0.12263339257421346	0.0	(-0.12263339257421346+0j)
-0.34500000000000003	-0.11902500000000002	-0.00013248143268918902	-0.11915765463588958	0.0	(-0.11915765463588958+0j)
-0.34	-0.11560000000000002	-0.0001317045350007413	-0.11573188612093463	0.0	(-0.11573188612093463+0j)
-0.335	-0.11222500000000002	-0.0001308951090623672	-0.11235608555636172	0.0	(-0.11235608555636172+0j)
-0.33	-0.10890000000000001	-0.00013005159368671617	-0.10903025141109304	0.0	(-0.10903025141109304+0j)
-0.325	-0.10562500000000001	-0.00012917236888448762	-0.10575438209716818	0.0	(-0.10575438209716818+0j)
-0.32	-0.1024	-0.0001282557576410897	-0.10252847597163021	0.0	(-0.10252847597163021+0j)
-0.315	-0.09922500000000001	-0.00012730002844985302	-0.09935253133915667	0.0	(-0.09935253133915667+0j)
-0.31	-0.0961	-0.0001263033986906558	-0.09622654645555796	0.0	(-0.09622654645555796+0j)
-0.305	-0.093025	-0.00012526403894512969	-0.09315051953219158	0.0	(-0.09315051953219158+0j)
-0.3	-0.09	-0.0001241800783407746	-0.09012444874142167	0.0	(-0.09012444874142167+0j)
-0.295	-0.08702499999999999	-0.00012304961101610874	-0.08714833222318621	0.0	(-0.08714833222318621+0j)
-0.29	-0.0841	-0.00012187070379720176	-0.08422216809277991	0.0	(-0.08422216809277991+0j)
-0.28500000000000003	-0.08122500000000002	-0.00012064140517236938	-0.08134595444993219	0.0	(-0.08134595444993219+0j)
-0.28	-0.07840000000000001	-0.00011935975564623866	-0.07851968938925831	0.0	(-0.07851968938925831+0j)
-0.275	-0.07562500000000001	-0.00011802379954662919	-0.07574337101215754	0.0	(-0.07574337101215754+0j)
-0.27	-0.0729	-0.00011663159834755656	-0.07301699744022126	0.0	(-0.07301699744022126+0j)
-0.265	-0.07022500000000001	-0.00011518124555899967	-0.07034056683020705	0.0	(-0.07034056683020705+0j)
-0.26	-0.06760000000000001	-0.00011367088321876333	-0.06771407739060246	0.0	(-0.06771407739060246+0j)
-0.255	-0.065025	-0.00011209872000373343	-0.06513752739980277	0.0	(-0.06513752739980277+0j)
-0.25	-0.0625	-0.0001104630509570379	-0.06261091522589397	0.0	(-0.06261091522589397+0j)
-0.245	-0.060024999999999995	-0.00010876227880411487	-0.06013423934802661	0.0	(-0.06013423934802661+0j)
-0.24	-0.0576	-0.00010699493680455099	-0.05770749837929866	0.0	(-0.05770749837929866+0j)
-0.23500000000000001	-0.05522500000000001	-0.00010515971305793868	-0.055330691091091594	0.0	(-0.055330691091091594+0j)
-0.23	-0.0529	-0.00010325547615116056	-0.05300381643871964	0.0	(-0.05300381643871964+0j)
-0.225	-0.050625	-0.00010128130200175148	-0.05072687358824157	0.0	(-0.05072687358824157+0j)
-0.22	-0.0484	-9.92365017177187e-05	-0.048499861944241315	0.0	(-0.048499861944241315+0j)
-0.215	-0.046224999999999995	-9.71206502589e-05	-0.04632278117832978	0.0	(-0.04632278117832978+0j)
-0.21	-0.04409999999999999	-9.493361564917043e-05	-0.04419563125808641	0.0	(-0.04419563125808641+0j)
-0.20500000000000002	-0.04202500000000001	-9.267558845321499e-05	-0.04211841247611048	0.0	(-0.04211841247611048+0j)
-0.2	-0.04000000000000001	-9.034711119687199e-05	-0.04009112547881122	0.0	(-0.04009112547881122+0j)
-0.195	-0.038025	-8.794910737699791e-05	-0.03811377129453932	0.0	(-0.03811377129453932+0j)
-0.19	-0.0361	-8.54829096762234e-05	-0.0361863513606538	0.0	(-0.0361863513606538+0j)
-0.185	-0.034225	-8.295028697071969e-05	-0.034308867549137895	0.0	(-0.034308867549137895+0j)
-0.18	-0.0324	-8.035346969604192e-05	-0.03248132219046507	0.0	(-0.03248132219046507+0j)
-0.17500000000000002	-0.030625000000000006	-7.769517311813184e-05	-0.030703718095548817	0.0	(-0.030703718095548817+0j)
-0.17	-0.028900000000000006	-7.49786180444841e-05	-0.028976058575870545	0.0	(-0.028976058575870545+0j)
-0.165	-0.027225000000000003	-7.220754850511006e-05	-0.027298347462217123	0.0	(-0.027298347462217123+0j)
-0.16	-0.0256	-6.938624593498672e-05	-0.02567058912293578	0.0	(-0.02567058912293578+0j)
-0.155	-0.024025	-6.651953939978896e-05	-0.02409278848315211	0.0	(-0.02409278848315211+0j)
-0.15	-0.0225	-6.361281142537642e-05	-0.02256495104693215	0.0	(-0.02256495104693215+0j)
-0.145	-0.021025	-6.067199901910594e-05	-0.02108708292473584	0.0	(-0.02108708292473584+0j)
-0.14	-0.019600000000000003	-5.770358950776866e-05	-0.01965919086844164	0.0	(-0.01965919086844164+0j)
-0.135	-0.018225	-5.4714610862824854e-05	-0.018281282315360654	0.0	(-0.018281282315360654+0j)
-0.13	-0.016900000000000002	-5.171261623845127e-05	-0.01695336544057884	0.0	(-0.01695336544057884+0j)
-0.125	-0.015625	-4.8705662511334776e-05	-0.015675449213231715	0.0	(-0.015675449213231715+0j)
-0.12	-0.0144	-4.570228268254203e-05	-0.014447543446643691	0.0	(-0.014447543446643691+0j)
-0.115	-0.013225	-4.271145208034691e-05	-0.013269658824646431	0.0	(-0.013269658824646431+0j)
-0.11	-0.0121	-3.974254838757629e-05	-0.012141806877225136	0.0	(-0.012141806877225136+0j)
-0.105	-0.011024999999999998	-3.6805305606608336e-05	-0.011063999868673301	0.0	(-0.011063999868673301+0j)
-0.1	-0.010000000000000002	-3.3909762168212464e-05	-0.010036250551356068	0.0	(-0.010036250551356068+0j)
-0.095	-0.009025	-3.106620348537852e-05	-0.009058571727892139	0.0	(-0.009058571727892139+0j)
-0.09	-0.0081	-2.828509934843606e-05	-0.008130975552159182	0.0	(-0.008130975552159182+0j)
-0.085	-0.007225000000000001	-2.5577036651305667e-05	-0.0072534724809661085	0.0	(-0.0072534724809661085+0j)
-0.08	-0.0064	-2.2952648028778296e-05	-0.006426069758788184	0.0	(-0.006426069758788184+0j)
-0.075	-0.005625	-2.0422537069403075e-05	-0.005648769277774844	0.0	(-0.005648769277774844+0j)
-0.07	-0.004900000000000001	-1.7997200846007252e-05	-0.004921564620788564	0.0	(-0.004921564620788564+0j)
-0.065	-0.0042250000000000005	-1.5686950574281613e-05	-0.004244437119873568	0.0	(-0.004244437119873568+0j)
-0.06	-0.0036	-1.3501831267567854e-05	-0.0036173509739246853	0.0	(-0.0036173509739246853+0j)
-0.055	-0.003025	-1.1451541301455566e-05	-0.0030402481512797623	0.0	(-0.0030402481512797623+0j)
-0.05	-0.0025000000000000005	-9.545352833733971e-06	-0.0025130456007972563	0.0	(-0.0025130456007972563+0j)
-0.045	-0.002025	-7.792034042573837e-06	-0.0020356417109921466	0.0	(-0.0020356417109921466+0j)
-0.04	-0.0016	-6.199774147745696e-06	-0.001607949204727028	0.0	(-0.001607949204727028+0j)
-0.035	-0.0012250000000000002	-4.776112165733385e-06	-0.0012299918200900485	0.0	(-0.0012299918200900485+0j)
-0.03	-0.0009	-3.52787031960497e-06	-0.0009021190074349052	0.0	(-0.0009021190074349052+0j)
-0.025	-0.0006250000000000001	-2.4610929786429706e-06	-0.000625283994137102	0.0	(-0.000625283994137102+0j)
-0.02	-0.0004	-1.580991941525778e-06	-0.00040075292088306104	0.0	(-0.00040075292088306104+0j)
-0.015	-0.000225	-8.918988011613616e-07	-0.00022788947131251747	0.0	(-0.00022788947131251747+0j)
-0.01	-0.0001	-3.9722504023842476e-07	-9.998838837313251e-05	0.0	(-9.998838837313251e-05+0j)
-0.005	-2.5e-05	-9.943040577553575e-08	5.117434254131581e-17	-0.0007459712973437023	(5.117434254131581e-17-0.0007459712973437023j)
0.005	2.5e-05	9.943040577553575e-08	5.117434254131581e-17	0.0007459712973437023	(5.117434254131581e-17+0.0007459712973437023j)
0.01	0.0001	3.9722504023842476e-07	9.99883883731189e-05	0.0	(9.99883883731189e-05+0j)
0.015	0.000225	8.918988011613616e-07	0.00022788947131250598	0.0	(0.00022788947131250598+0j)
0.02	0.0004	1.580991941525778e-06	0.00040075292088304586	0.0	(0.00040075292088304586+0j)
0.025	0.0006250000000000001	2.4610929786429706e-06	0.000625283994137093	0.0	(0.000625283994137093+0j)
0.03	0.0009	3.52787031960497e-06	0.000902119007434961	0.0	(0.000902119007434961+0j)
0.035	0.0012250000000000002	4.776112165733385e-06	0.0012299918200900362	0.0	(0.0012299918200900362+0j)
0.04	0.0016	6.199774147745696e-06	0.0016079492047269878	0.0	(0.0016079492047269878+0j)
0.045	0.002025	7.792034042573837e-06	0.0020356417109921305	0.0	(0.0020356417109921305+0j)
0.05	0.0025000000000000005	9.545352833733971e-06	0.0025130456007972654	0.0	(0.0025130456007972654+0j)
0.055	0.003025	1.1451541301455566e-05	0.003040248151279772	0.0	(0.003040248151279772+0j)
0.06	0.0036	1.3501831267567854e-05	0.003617350973924709	0.0	(0.003617350973924709+0j)
0.065	0.0042250000000000005	1.5686950574281613e-05	0.0042444371198735505	0.0	(0.0042444371198735505+0j)
0.07	0.004900000000000001	1.7997200846007252e-05	0.004921564620788618	0.0	(0.004921564620788618+0j)
0.075	0.005625	2.0422537069403075e-05	0.005648769277774833	0.0	(0.005648769277774833+0j)
0.08	0.0064	2.2952648028778296e-05	0.0064260697587881655	0.0	(0.0064260697587881655+0j)
0.085	0.007225000000000001	2.5577036651305667e-05	0.007253472480966154	0.0	(0.007253472480966154+0j)
0.09	0.0081	2.828509934843606e-05	0.00813097555215922	0.0	(0.00813097555215922+0j)
0.095	0.009025	3.106620348537852e-05	0.009058571727892175	0.0	(0.009058571727892175+0j)
0.1	0.010000000000000002	3.3909762168212464e-05	0.010036250551356034	0.0	(0.010036250551356034+0j)
0.105	0.011024999999999998	3.6805305606608336e-05	0.011063999868673262	0.0	(0.011063999868673262+0j)
0.11	0.0121	3.974254838757629e-05	0.012141806877225127	0.0	(0.012141806877225127+0j)
0.115	0.013225	4.271145208034691e-05	0.013269658824646443	0.0	(0.013269658824646443+0j)
0.12	0.0144	4.570228268254203e-05	0.014447543446643691	0.0	(0.014447543446643691+0j)
0.125	0.015625	4.8705662511334776e-05	0.015675449213231638	0.0	(0.015675449213231638+0j)
0.13	0.016900000000000002	5.171261623845127e-05	0.01695336544057884	0.0	(0.01695336544057884+0j)
0.135	0.018225	5.4714610862824854e-05	0.0182812823153607	0.0	(0.0182812823153607+0j)
0.14	0.019600000000000003	5.770358950776866e-05	0.01965919086844167	0.0	(0.01965919086844167+0j)
0.145	0.021025	6.067199901910594e-05	0.02108708292473593	0.0	(0.02108708292473593+0j)
0.15	0.0225	6.361281142537642e-05	0.022564951046932114	0.0	(0.022564951046932114+0j)
0.155	0.024025	6.651953939978896e-05	0.024092788483152116	0.0	(0.024092788483152116+0j)
0.16	0.0256	6.938624593498672e-05	0.025670589122935874	0.0	(0.025670589122935874+0j)
0.165	0.027225000000000003	7.220754850511006e-05	0.027298347462217126	0.0	(0.027298347462217126+0j)
0.17	0.028900000000000006	7.49786180444841e-05	0.02897605857587056	0.0	(0.02897605857587056+0j)
0.17500000000000002	0.030625000000000006	7.769517311813184e-05	0.030703718095548987	0.0	(0.030703718095548987+0j)
0.18	0.0324	8.035346969604192e-05	0.03248132219046494	0.0	(0.03248132219046494+0j)
0.185	0.034225	8.295028697071969e-05	0.03430886754913799	0.0	(0.03430886754913799+0j)
0.19	0.0361	8.54829096762234e-05	0.03618635136065394	0.0	(0.03618635136065394+0j)
0.195	0.038025	8.794910737699791e-05	0.03811377129453924	0.0	(0.03811377129453924+0j)
0.2	0.04000000000000001	9.034711119687199e-05	0.04009112547881113	0.0	(0.04009112547881113+0j)
0.20500000000000002	0.04202500000000001	9.267558845321499e-05	0.042118412476110666	0.0	(0.042118412476110666+0j)
0.21	0.04409999999999999	9.493361564917043e-05	0.04419563125808641	0.0	(0.04419563125808641+0j)
0.215	0.046224999999999995	9.71206502589e-05	0.04632278117832988	0.0	(0.04632278117832988+0j)
0.22	0.0484	9.92365017177187e-05	0.04849986194424123	0.0	(0.04849986194424123+0j)
0.225	0.050625	0.00010128130200175148	0.050726873588241544	0.0	(0.050726873588241544+0j)
0.23	0.0529	0.00010325547615116056	0.05300381643871957	0.0	(0.05300381643871957+0j)
0.23500000000000001	0.05522500000000001	0.00010515971305793868	0.05533069109109158	0.0	(0.05533069109109158+0j)
0.24	0.0576	0.00010699493680455099	0.05770749837929893	0.0	(0.05770749837929893+0j)
0.245	0.060024999999999995	0.00010876227880411487	0.06013423934802657	0.0	(0.06013423934802657+0j)
0.25	0.0625	0.0001104630509570379	0.06261091522589426	0.0	(0.06261091522589426+0j)
0.255	0.065025	0.00011209872000373343	0.06513752739980198	0.0	(0.06513752739980198+0j)
0.26	0.06760000000000001	0.00011367088321876333	0.06771407739060308	0.0	(0.06771407739060308+0j)
0.265	0.07022500000000001	0.00011518124555899967	0.07034056683020727	0.0	(0.07034056683020727+0j)
0.27	0.0729	0.00011663159834755656	0.0730169974402208	0.0	(0.0730169974402208+0j)
0.275	0.07562500000000001	0.00011802379954662919	0.0757433710121574	0.0	(0.0757433710121574+0j)
0.28	0.07840000000000001	0.00011935975564623866	0.07851968938925893	0.0	(0.07851968938925893+0j)
0.28500000000000003	0.08122500000000002	0.00012064140517236938	0.08134595444993224	0.0	(0.08134595444993224+0j)
0.29	0.0841	0.00012187070379720176	0.08422216809277995	0.0	(0.08422216809277995+0j)
0.295	0.08702499999999999	0.00012304961101610874	0.08714833222318573	0.0	(0.08714833222318573+0j)
0.3	0.09	0.0001241800783407746	0.0901244487414219	0.0	(0.0901244487414219+0j)
0.305	0.093025	0.00012526403894512969	0.09315051953219196	0.0	(0.09315051953219196+0j)
0.31	0.0961	0.0001263033986906558	0.09622654645555782	0.0	(0.09622654645555782+0j)
0.315	0.09922500000000001	0.00012730002844985302	0.09935253133915677	0.0	(0.09935253133915677+0j)
0.32	0.1024	0.0001282557576410897	0.10252847597163003	0.0	(0.10252847597163003+0j)
0.325	0.10562500000000001	0.00012917236888448762	0.10575438209716854	0.0	(0.10575438209716854+0j)
0.33	0.10890000000000001	0.00013005159368671617	0.10903025141109336	0.0	(0.10903025141109336+0j)
0.335	0.11222500000000002	0.0001308951090623672	0.1123560855563617	0.0	(0.1123560855563617+0j)
0.34	0.11560000000000002	0.0001317045350007413	0.11573188612093513	0.0	(0.11573188612093513+0j)
0.34500000000000003	0.11902500000000002	0.00013248143268918902	0.11915765463588918	0.0	(0.11915765463588918+0j)
0.35000000000000003	0.12250000000000003	0.00013322730340741093	0.1226333925742132	0.0	(0.1226333925742132+0j)
0.355	0.126025	0.0001339435880111407	0.12615910135018682	0.0	(0.12615910135018682+0j)
0.36	0.1296	0.0001346316669282358	0.12973478231928579	0.0	(0.12973478231928579+0j)
0.365	0.13322499999999998	0.00013529286059522198	0.13336043677852047	0.0	(0.13336043677852047+0j)
0.37	0.1369	0.00013592843026763058	0.13703606596716128	0.0	(0.13703606596716128+0j)
0.375	0.140625	0.00013653957914290876	0.1407616710677736	0.0	(0.1407616710677736+0j)
0.38	0.1444	0.0001371274537401552	0.1445372532075161	0.0	(0.1445372532075161+0j)
0.385	0.148225	0.00013769314548634775	0.14836281345965258	0.0	(0.14836281345965258+0j)
0.39	0.1521	0.00013823769246400268	0.1522383528452212	0.0	(0.1522383528452212+0j)
0.395	0.15602500000000002	0.0001387620812802764	0.15616387233484125	0.0	(0.15616387233484125+0j)
0.4	0.16000000000000003	0.0001392672490223401	0.16013937285059807	0.0	(0.16013937285059807+0j)
0.405	0.16402500000000003	0.0001397540852683865	0.16416485526798755	0.0	(0.16416485526798755+0j)
0.41000000000000003	0.16810000000000003	0.0001402234341278467	0.1682403204179107	0.0	(0.1682403204179107+0j)
0.41500000000000004	0.17222500000000002	0.00014067609628827865	0.17236576908865384	0.0	(0.17236576908865384+0j)
0.42	0.17639999999999997	0.00014111283104994174	0.17654120202787915	0.0	(0.17654120202787915+0j)
0.425	0.18062499999999998	0.00014153435833228666	0.18076661994457396	0.0	(0.18076661994457396+0j)
0.43	0.18489999999999998	0.00014194136063947442	0.18504202351098484	0.0	(0.18504202351098484+0j)
0.435	0.189225	0.00014233448497460885	0.18936741336447474	0.0	(0.18936741336447474+0j)
0.44	0.1936	0.00014271434469463086	0.1937427901093428	0.0	(0.1937427901093428+0j)
0.445	0.198025	0.00014308152129980568	0.1981681543185859	0.0	(0.1981681543185859+0j)
0.45	0.2025	0.00014343656615344903	0.20264350653556637	0.0	(0.20264350653556637+0j)
0.455	0.20702500000000001	0.00014378000212901204	0.207168847275641	0.0	(0.207168847275641+0j)
0.46	0.2116	0.0001441123251828928	0.2117441770276955	0.0	(0.2117441770276955+0j)
0.465	0.21622500000000003	0.00014443400585239247	0.21636949625561863	0.0	(0.21636949625561863+0j)
0.47000000000000003	0.22090000000000004	0.00014474549067910108	0.2210448053996922	0.0	(0.2210448053996922+0j)
0.47500000000000003	0.22562500000000002	0.00014504720355870636	0.22577010487792354	0.0	(0.22577010487792354+0j)
0.48	0.2304	0.00014533954701878747	0.2305453950872924	0.0	(0.2305453950872924+0j)
0.485	0.235225	0.0001456229034265985	0.23537067640494835	0.0	(0.23537067640494835+0j)
0.49	0.24009999999999998	0.00014589763612918533	0.2402459491893172	0.0	(0.2402459491893172+0j)
0.495	0.245025	0.00014616409052842767	0.24517121378116366	0.0	(0.24517121378116366+0j)
0.5	0.25	0.00014642259509376558	0.25014647050458816	0.0	(0.25014647050458816+0j)
0.505	0.255025	0.00014667346231547783	0.25517171966796137	0.0	(0.25517171966796137+0j)
0.51	0.2601	0.00014691698960142855	0.26024696156480137	0.0	(0.26024696156480137+0j)
0.515	0.265225	0.00014715346012020693	0.2653721964746092	0.0	(0.2653721964746092+0j)
0.52	0.27040000000000003	0.00014738314359355744	0.2705474246636496	0.0	(0.2705474246636496+0j)
0.525	0.275625	0.00014760629704093972	0.2757726463856672	0.0	(0.2757726463856672+0j)
0.53	0.28090000000000004	0.0001478231654789821	0.2810478618825924	0.0	(0.2810478618825924+0j)
0.535	0.286225	0.0001480339825784962	0.28637307138518	0.0	(0.28637307138518+0j)
0.54	0.2916	0.00014823897128161563	0.29174827511361817	0.0	(0.29174827511361817+0j)
0.545	0.29702500000000004	0.0001484383443815073	0.2971734732780908	0.0	(0.2971734732780908+0j)
0.55	0.30250000000000005	0.00014863230506698502	0.3026486660793214	0.0	(0.3026486660793214+0j)
0.555	0.30802500000000005	0.00014882104743423435	0.3081738537090727	0.0	(0.3081738537090727+0j)
0.56	0.31360000000000005	0.00014900475696773665	0.313749036350625	0.0	(0.313749036350625+0j)
0.5650000000000001	0.3192250000000001	0.00014918361099235987	0.31937421417921114	0.0	(0.31937421417921114+0j)
0.5700000000000001	0.3249000000000001	0.00014935777909846706	0.325049387362444	0.0	(0.325049387362444+0j)
0.5750000000000001	0.33062500000000006	0.00014952742354178036	0.33077455606070294	0.0	(0.33077455606070294+0j)
0.58	0.3364	0.0001496926996196283	0.3365497204275105	0.0	(0.3365497204275105+0j)
0.585	0.34222499999999995	0.0001498537560251005	0.34237488060987814	0.0	(0.34237488060987814+0j)
0.59	0.34809999999999997	0.00015001073518053416	0.3482500367486276	0.0	(0.3482500367486276+0j)
0.595	0.354025	0.00015016377355166378	0.3541751889787075	0.0	(0.3541751889787075+0j)
0.6	0.36	0.00015031300194367486	0.3601503374294922	0.0	(0.3601503374294922+0j)
0.605	0.366025	0.00015045854578032102	0.36617548222503793	0.0	(0.36617548222503793+0j)
0.61	0.3721	0.0001506005253671842	0.37225062348435733	0.0	(0.37225062348435733+0j)
0.615	0.378225	0.0001507390561400849	0.37837576132165207	0.0	(0.37837576132165207+0j)
0.62	0.3844	0.00015087424889958113	0.3845508958465585	0.0	(0.3845508958465585+0j)
0.625	0.390625	0.0001510062100324299	0.39077602716435	0.0	(0.39077602716435+0j)
0.63	0.39690000000000003	0.0001511350417208269	0.3970511553761509	0.0	(0.3970511553761509+0j)
0.635	0.403225	0.00015126084214018328	0.40337628057913855	0.0	(0.40337628057913855+0j)
0.64	0.4096	0.0001513837056461479	0.4097514028667093	0.0	(0.4097514028667093+0j)
0.645	0.41602500000000003	0.00015150372295153454	0.4161765223286674	0.0	(0.4161765223286674+0j)
0.65	0.42250000000000004	0.0001516209812937701	0.4226516390513872	0.0	(0.4226516390513872+0j)
0.655	0.42902500000000005	0.00015173556459343758	0.42917675311796655	0.0	(0.42917675311796655+0j)
0.66	0.43560000000000004	0.0001518475536044493	0.4357518646083718	0.0	(0.4357518646083718+0j)
0.665	0.44222500000000003	0.00015195702605635129	0.4423769735995875	0.0	(0.4423769735995875+0j)
0.67	0.4489000000000001	0.0001520640567892246	0.44905208016574305	0.0	(0.44905208016574305+0j)
0.675	0.45562500000000006	0.00015216871788162068	0.45577718437823594	0.0	(0.45577718437823594+0j)
0.68	0.4624000000000001	0.00015227107877193818	0.4625522863058604	0.0	(0.4625522863058604+0j)
0.685	0.46922500000000006	0.00015237120637362166	0.46937738601490836	0.0	(0.46937738601490836+0j)
0.6900000000000001	0.4761000000000001	0.00015246916518454003	0.4762524835692957	0.0	(0.4762524835692957+0j)
0.6950000000000001	0.4830250000000001	0.0001525650173908765	0.4831775790306403	0.0	(0.4831775790306403+0j)
0.7000000000000001	0.4900000000000001	0.0001526588229658443	0.4901526724583819	0.0	(0.4901526724583819+0j)
0.705	0.49702499999999994	0.00015275063976351828	0.4971777639098648	0.0	(0.4971777639098648+0j)
0.71	0.5041	0.00015284052360805904	0.5042528534404228	0.0	(0.5042528534404228+0j)
0.715	0.5112249999999999	0.00015292852837858382	0.5113779411034697	0.0	(0.5113779411034697+0j)
0.72	0.5184	0.0001530147060899272	0.5185530269505659	0.0	(0.5185530269505659+0j)
0.725	0.525625	0.00015309910696951603	0.5257781110315264	0.0	(0.5257781110315264+0j)
0.73	0.5328999999999999	0.00015318177953057167	0.5330531933944452	0.0	(0.5330531933944452+0j)
0.735	0.540225	0.00015326277064183844	0.5403782740858037	0.0	(0.5403782740858037+0j)
0.74	0.5476	0.00015334212559402498	0.547753353150523	0.0	(0.547753353150523+0j)
0.745	0.555025	0.00015341988816313523	0.5551784306320205	0.0	(0.5551784306320205+0j)
0.75	0.5625	0.00015349610067085363	0.5626535065722785	0.0	(0.5626535065722785+0j)
0.755	0.570025	0.00015357080404214038	0.5701785810118911	0.0	(0.5701785810118911+0j)
0.76	0.5776	0.0001536440378601831	0.5777536539901325	0.0	(0.5777536539901325+0j)
0.765	0.585225	0.0001537158404188426	0.5853787255449967	0.0	(0.5853787255449967+0j)
0.77	0.5929	0.00015378624877272266	0.5930537957132513	0.0	(0.5930537957132513+0j)
0.775	0.6006250000000001	0.00015385529878498568	0.6007788645304917	0.0	(0.6007788645304917+0j)
0.78	0.6084	0.00015392302517302993	0.6085539320311721	0.0	(0.6085539320311721+0j)
0.785	0.616225	0.0001539894615521367	0.6163789982486556	0.0	(0.6163789982486556+0j)
0.79	0.6241000000000001	0.00015405464047718966	0.6242540632152705	0.0	(0.6242540632152705+0j)
0.795	0.6320250000000001	0.00015411859348256368	0.6321791269623234	0.0	(0.6321791269623234+0j)
0.8	0.6400000000000001	0.00015418135112027368	0.6401541895201593	0.0	(0.6401541895201593+0j)
0.805	0.6480250000000001	0.0001542429429964702	0.6481792509182009	0.0	(0.6481792509182009+0j)
0.81	0.6561000000000001	0.0001543033978063628	0.6562543111849827	0.0	(0.6562543111849827+0j)
0.8150000000000001	0.6642250000000001	0.00015436274336764845	0.6643793703481609	0.0	(0.6643793703481609+0j)
0.8200000000000001	0.6724000000000001	0.00015442100665251715	0.672554428434596	0.0	(0.672554428434596+0j)
0.8250000000000001	0.6806250000000001	0.0001544782138183043	0.680779485470373	0.0	(0.680779485470373+0j)
0.8300000000000001	0.6889000000000001	0.00015453439023685412	0.689054541480829	0.0	(0.689054541480829+0j)
0.835	0.697225	0.000154589560522656	0.6973795964906044	0.0	(0.6973795964906044+0j)
0.84	0.7055999999999999	0.00015464374855981213	0.7057546505236986	0.0	(0.7057546505236986+0j)
0.845	0.7140249999999999	0.0001546969775278914	0.7141797036034955	0.0	(0.7141797036034955+0j)
0.85	0.7224999999999999	0.00015474926992672177	0.722654755752832	0.0	(0.722654755752832+0j)
0.855	0.7310249999999999	0.00015480064760017083	0.7311798069940495	0.0	(0.7311798069940495+0j)
0.86	0.7395999999999999	0.00015485113175896145	0.7397548573490642	0.0	(0.7397548573490642+0j)
0.865	0.748225	0.00015490074300256672	0.7483799068394212	0.0	(0.7483799068394212+0j)
0.87	0.7569	0.00015494950134022683	0.7570549554863917	0.0	(0.7570549554863917+0j)
0.875	0.765625	0.00015499742621112746	0.7657800033110673	0.0	(0.7657800033110673+0j)
0.88	0.7744	0.0001550445365037782	0.7745550503344181	0.0	(0.7745550503344181+0j)
0.885	0.7832250000000001	0.00015509085057462647	0.7833800965774698	0.0	(0.7833800965774698+0j)
0.89	0.7921	0.00015513638626594168	0.7922551420613566	0.0	(0.7922551420613566+0j)
0.895	0.801025	0.00015518116092300184	0.8011801868074833	0.0	(0.8011801868074833+0j)
0.9	0.81	0.00015522519141061397	0.8101552308376537	0.0	(0.8101552308376537+0j)
0.905	0.819025	0.0001552684941289969	0.8191802741742361	0.0	(0.8191802741742361+0j)
0.91	0.8281000000000001	0.0001553110850290552	0.8282553168403405	0.0	(0.8282553168403405+0j)
0.915	0.8372250000000001	0.00015535297962707058	0.8373803588599587	0.0	(0.8373803588599587+0j)
0.92	0.8464	0.00015539419301883542	0.8465554002582334	0.0	(0.8465554002582334+0j)
0.925	0.8556250000000001	0.00015543473989325352	0.8557804410616602	0.0	(0.8557804410616602+0j)
0.93	0.8649000000000001	0.00015547463454542996	0.8650554812984104	0.0	(0.8650554812984104+0j)
0.935	0.8742250000000001	0.00015551389088927254	0.8743805209987171	0.0	(0.8743805209987171+0j)
0.9400000000000001	0.8836000000000002	0.0001555525224696252	0.883755560195394	0.0	(0.883755560195394+0j)
0.9450000000000001	0.8930250000000001	0.00015559054247395307	0.8931805989245862	0.0	(0.8931805989245862+0j)
0.9500000000000001	0.9025000000000001	0.0001556279637435985	0.902655637226849	0.0	(0.902655637226849+0j)
0.9550000000000001	0.9120250000000001	0.00015566479878462538	0.9121806751488545	0.0	(0.9121806751488545+0j)
0.96	0.9216	0.00015570105977826915	0.9217557127460371	0.0	(0.9217557127460371+0j)
0.965	0.931225	0.00015573675859100898	0.9313807500871103	0.0	(0.9313807500871103+0j)
0.97	0.9409	0.0001557719067842772	0.9410557872618295	0.0	(0.9410557872618295+0j)
0.975	0.9506249999999999	0.0001558065156238213	0.9507808243954855	0.0	(0.9507808243954855+0j)
0.98	0.9603999999999999	0.00015584059608873217	0.9605558616781996	0.0	(0.9605558616781996+0j)
0.985	0.970225	0.00015587415888015281	0.9703808994312437	0.0	(0.9703808994312437+0j)
0.99	0.9801	0.00015590721442967936	0.9802559382846117	0.0	(0.9802559382846117+0j)
0.995	0.990025	0.00015593977290746778	0.9901809798003497	0.0	(0.9901809798003497+0j)
1.0	1.0	0.00015597184423005745	1.0001560302160868	0.0	(1.0001560302160868+0j)
