-1.0	-1.0	-7.798592211502872e-05	-1.0000779946802663	0.0	-1.0000779946802663
-0.9975	-0.9950062500000001	-7.797793442653867e-05	-0.9950842344056198	0.0	-0.9950842344056198
-0.995	-0.990025	-7.796988645373389e-05	-0.9901029752282802	0.0	-0.9901029752282802
-0.9925	-0.9850562500000001	-7.796177758845139e-05	-0.9851342163757899	0.0	-0.9851342163757899
-0.99	-0.9801	-7.795360721483968e-05	-0.9801779576549787	0.0	-0.9801779576549787
-0.9875	-0.9751562500000001	-7.794537470924181e-05	-0.9752341989884237	0.0	-0.9752341989884237
-0.985	-0.970225	-7.793707944007641e-05	-0.9703029403371645	0.0	-0.9703029403371645
-0.9825	-0.96530625	-7.792872076771646e-05	-0.9653841816787558	0.0	-0.9653841816787558
-0.98	-0.9603999999999999	-7.792029804436608e-05	-0.9604779229988923	0.0	-0.9604779229988923
-0.9775	-0.9555062500000001	-7.791181061393498e-05	-0.9555841642878588	0.0	-0.9555841642878588
-0.975	-0.9506249999999999	-7.790325781191064e-05	-0.9507029055386362	0.0	-0.9507029055386362
-0.9725	-0.9457562500000001	-7.789463896522833e-05	-0.9458341467459165	0.0	-0.9458341467459165
-0.97	-0.9409	-7.78859533921386e-05	-0.940977887905529	0.0	-0.940977887905529
-0.9675	-0.93605625	-7.787720040207255e-05	-0.9361341290140804	0.0	-0.9361341290140804
-0.965	-0.931225	-7.786837929550449e-05	-0.9313028700687478	0.0	-0.9313028700687478
-0.9625	-0.9264062500000001	-7.785948936381218e-05	-0.9264841110670934	0.0	-0.9264841110670934
-0.96	-0.9216	-7.785052988913457e-05	-0.9216778520069643	0.0	-0.9216778520069643
-0.9575	-0.91680625	-7.78415001442268e-05	-0.9168840928864603	0.0	-0.9168840928864603
-0.9550000000000001	-0.9120250000000001	-7.783239939231269e-05	-0.9121028337038313	0.0	-0.9121028337038313
-0.9525	-0.90725625	-7.782322688693435e-05	-0.9073340744574603	0.0	-0.9073340744574603
-0.9500000000000001	-0.9025000000000001	-7.781398187179925e-05	-0.9025778151458342	0.0	-0.9025778151458342
-0.9475	-0.89775625	-7.780466358062417e-05	-0.8978340557675485	0.0	-0.8978340557675485
-0.9450000000000001	-0.8930250000000001	-7.779527123697653e-05	-0.89310279632122	0.0	-0.89310279632122
-0.9425	-0.88830625	-7.778580405411256e-05	-0.8883840368055473	0.0	-0.8883840368055473
-0.9400000000000001	-0.8836000000000002	-7.77762612348126e-05	-0.8836777772192624	0.0	-0.8836777772192624
-0.9375	-0.87890625	-7.776664197121322e-05	-0.8789840175611308	0.0	-0.8789840175611308
-0.935	-0.8742250000000001	-7.775694544463627e-05	-0.8743027578299785	0.0	-0.8743027578299785
-0.9325	-0.86955625	-7.77471708254147e-05	-0.8696339980245579	0.0	-0.8696339980245579
-0.93	-0.8649000000000001	-7.773731727271498e-05	-0.8649777381437656	0.0	-0.8649777381437656
-0.9275	-0.86025625	-7.77273839343564e-05	-0.860333978186433	0.0	-0.860333978186433
-0.925	-0.8556250000000001	-7.771736994662676e-05	-0.8557027181514265	0.0	-0.8557027181514265
-0.9225	-0.85100625	-7.770727443409456e-05	-0.8510839580376259	0.0	-0.8510839580376259
-0.92	-0.8464	-7.769709650941771e-05	-0.846477697843906	0.0	-0.846477697843906
-0.9175	-0.84180625	-7.768683527314861e-05	-0.8418839375691682	0.0	-0.8418839375691682
-0.915	-0.8372250000000001	-7.767648981353529e-05	-0.8373026772122918	0.0	-0.8373026772122918
-0.9125	-0.83265625	-7.766605920631899e-05	-0.8327339167721732	0.0	-0.8327339167721732
-0.91	-0.8281000000000001	-7.76555425145276e-05	-0.8281776562477057	0.0	-0.8281776562477057
-0.9075	-0.82355625	-7.764493878826542e-05	-0.8236338956377907	0.0	-0.8236338956377907
-0.905	-0.819025	-7.763424706449845e-05	-0.8191026349413291	0.0	-0.8191026349413291
-0.9025	-0.81450625	-7.762346636683585e-05	-0.814583874157205	0.0	-0.814583874157205
-0.9	-0.81	-7.761259570530698e-05	-0.8100776132843199	0.0	-0.8100776132843199
-0.8975	-0.80550625	-7.760163407613419e-05	-0.8055838523215535	0.0	-0.8055838523215535
-0.895	-0.801025	-7.759058046150092e-05	-0.8011025912677867	0.0	-0.8011025912677867
-0.8925000000000001	-0.7965562500000001	-7.757943382931566e-05	-0.7966338301219015	0.0	-0.7966338301219015
-0.89	-0.7921	-7.756819313297084e-05	-0.7921775688827628	0.0	-0.7921775688827628
-0.8875000000000001	-0.7876562500000002	-7.755685731109718e-05	-0.7877338075492353	0.0	-0.7877338075492353
-0.885	-0.7832250000000001	-7.754542528731324e-05	-0.7833025461201794	0.0	-0.7833025461201794
-0.8825000000000001	-0.7788062500000001	-7.753389596996976e-05	-0.7788837845944329	0.0	-0.7788837845944329
-0.88	-0.7744	-7.75222682518891e-05	-0.7744775229708416	0.0	-0.7744775229708416
-0.8775000000000001	-0.7700062500000001	-7.75105410100995e-05	-0.7700837612482226	0.0	-0.7700837612482226
-0.875	-0.765625	-7.749871310556373e-05	-0.7657024994253975	0.0	-0.7657024994253975
-0.8725	-0.7612562500000001	-7.748678338290276e-05	-0.7613337375011645	0.0	-0.7613337375011645
-0.87	-0.7569	-7.747475067011341e-05	-0.7569774754743317	0.0	-0.7569774754743317
-0.8675	-0.75255625	-7.746261377828053e-05	-0.7526337133436557	0.0	-0.7526337133436557
-0.865	-0.748225	-7.745037150128336e-05	-0.7483024511079203	0.0	-0.7483024511079203
-0.8625	-0.7439062500000001	-7.743802261549582e-05	-0.7439836887658484	0.0	-0.7439836887658484
-0.86	-0.7395999999999999	-7.742556587948072e-05	-0.7396774263162311	0.0	-0.7396774263162311
-0.8575	-0.73530625	-7.741300003367784e-05	-0.735383663757743	0.0	-0.735383663757743
-0.855	-0.7310249999999999	-7.740032380008542e-05	-0.7311024010890975	0.0	-0.7311024010890975
-0.8525	-0.7267562500000001	-7.738753588193522e-05	-0.7268336383089921	0.0	-0.7268336383089921
-0.85	-0.7224999999999999	-7.737463496336088e-05	-0.7225773754160916	0.0	-0.7225773754160916
-0.8475	-0.71825625	-7.736161970905944e-05	-0.7183336124090507	0.0	-0.7183336124090507
-0.845	-0.7140249999999999	-7.73484887639457e-05	-0.7141023492865073	0.0	-0.7141023492865073
-0.8425	-0.7098062500000001	-7.73352407527996e-05	-0.7098835860470767	0.0	-0.7098835860470767
-0.84	-0.7055999999999999	-7.732187427990607e-05	-0.705677322689359	0.0	-0.705677322689359
-0.8375	-0.70140625	-7.730838792868741e-05	-0.7014835592119313	0.0	-0.7014835592119313
-0.835	-0.697225	-7.7294780261328e-05	-0.69730229561335	0.0	-0.69730229561335
-0.8325	-0.69305625	-7.7281049818391e-05	-0.6931335318921541	0.0	-0.6931335318921541
-0.8300000000000001	-0.6889000000000001	-7.726719511842706e-05	-0.6889772680468602	0.0	-0.6889772680468602
-0.8275	-0.6847562500000001	-7.725321465757469e-05	-0.6848335040759593	0.0	-0.6848335040759593
-0.8250000000000001	-0.6806250000000001	-7.723910690915216e-05	-0.6807022399779241	0.0	-0.6807022399779241
-0.8225	-0.67650625	-7.722487032324063e-05	-0.676583475751208	0.0	-0.676583475751208
-0.8200000000000001	-0.6724000000000001	-7.721050332625858e-05	-0.6724772113942321	0.0	-0.6724772113942321
-0.8175	-0.66830625	-7.719600432052676e-05	-0.6683834469054014	0.0	-0.6683834469054014
-0.8150000000000001	-0.6642250000000001	-7.718137168382423e-05	-0.6643021822830953	0.0	-0.6643021822830953
-0.8125	-0.66015625	-7.716660376893436e-05	-0.6602334175256658	0.0	-0.6602334175256658
-0.81	-0.6561000000000001	-7.71516989031814e-05	-0.6561771526314406	0.0	-0.6561771526314406
-0.8075	-0.65205625	-7.71366553879568e-05	-0.6521333875987253	0.0	-0.6521333875987253
-0.805	-0.6480250000000001	-7.71214714982351e-05	-0.6481021224257931	0.0	-0.6481021224257931
-0.8025	-0.64400625	-7.710614548207959e-05	-0.644083357110897	0.0	-0.644083357110897
-0.8	-0.6400000000000001	-7.709067556013684e-05	-0.6400770916522543	0.0	-0.6400770916522543
-0.7975	-0.63600625	-7.707505992512017e-05	-0.6360833260480695	0.0	-0.6360833260480695
-0.795	-0.6320250000000001	-7.705929674128184e-05	-0.6321020602965051	0.0	-0.6321020602965051
-0.7925	-0.62805625	-7.704338414387354e-05	-0.6281332943956898	0.0	-0.6281332943956898
-0.79	-0.6241000000000001	-7.702732023859483e-05	-0.6241770283437421	0.0	-0.6241770283437421
-0.7875	-0.62015625	-7.701110310102933e-05	-0.6202332621387396	0.0	-0.6202332621387396
-0.785	-0.616225	-7.699473077606835e-05	-0.6163019957787287	0.0	-0.6163019957787287
-0.7825	-0.6123062499999999	-7.697820127732168e-05	-0.6123832292617207	0.0	-0.6123832292617207
-0.78	-0.6084	-7.696151258651497e-05	-0.6084769625857083	0.0	-0.6084769625857083
-0.7775	-0.6045062499999999	-7.694466265287364e-05	-0.6045831957486375	0.0	-0.6045831957486375
-0.775	-0.6006250000000001	-7.692764939249284e-05	-0.6007019287484311	0.0	-0.6007019287484311
-0.7725	-0.59675625	-7.69104706876931e-05	-0.5968331615829755	0.0	-0.5968331615829755
-0.77	-0.5929	-7.689312438636133e-05	-0.5929768942501183	0.0	-0.5929768942501183
-0.7675000000000001	-0.5890562500000001	-7.687560830127673e-05	-0.5891331267476788	0.0	-0.5891331267476788
-0.765	-0.585225	-7.68579202094213e-05	-0.5853018590734388	0.0	-0.5853018590734388
-0.7625000000000001	-0.5814062500000001	-7.68400578512745e-05	-0.5814830912251336	0.0	-0.5814830912251336
-0.76	-0.5776	-7.682201893009155e-05	-0.5776768232004783	0.0	-0.5776768232004783
-0.7575000000000001	-0.5738062500000001	-7.68038011111652e-05	-0.5738830549971454	0.0	-0.5738830549971454
-0.755	-0.570025	-7.678540202107019e-05	-0.5701017866127494	0.0	-0.5701017866127494
-0.7525000000000001	-0.5662562500000001	-7.676681924689022e-05	-0.5663330180448972	0.0	-0.5663330180448972
-0.75	-0.5625	-7.674805033542682e-05	-0.5625767492911321	0.0	-0.5625767492911321
-0.7475	-0.5587562500000001	-7.672909279238959e-05	-0.5588329803489671	0.0	-0.5588329803489671
-0.745	-0.555025	-7.670994408156762e-05	-0.55510171121587	0.0	-0.55510171121587
-0.7425	-0.5513062500000001	-7.669060162398097e-05	-0.551382941889259	0.0	-0.551382941889259
-0.74	-0.5476	-7.667106279701249e-05	-0.5476766723665223	0.0	-0.5476766723665223
-0.7375	-0.54390625	-7.665132493351862e-05	-0.5439829026450016	0.0	-0.5439829026450016
-0.735	-0.540225	-7.663138532091922e-05	-0.5403016327219788	0.0	-0.5403016327219788
-0.7325	-0.5365562500000001	-7.661124120026556e-05	-0.536632862594709	0.0	-0.536632862594709
-0.73	-0.5328999999999999	-7.659088976528583e-05	-0.5329765922603806	0.0	-0.5329765922603806
-0.7275	-0.5292562500000001	-7.657032816140789e-05	-0.5293328217161494	0.0	-0.5293328217161494
-0.725	-0.525625	-7.654955348475801e-05	-0.5257015509591135	0.0	-0.5257015509591135
-0.7225	-0.52200625	-7.652856278113576e-05	-0.5220827799863308	0.0	-0.5220827799863308
-0.72	-0.5184	-7.65073530449636e-05	-0.5184765087947941	0.0	-0.5184765087947941
-0.7175	-0.51480625	-7.648592121821096e-05	-0.51488273738145	0.0	-0.51488273738145
-0.715	-0.5112249999999999	-7.646426418929191e-05	-0.5113014657431924	0.0	-0.5113014657431924
-0.7125	-0.50765625	-7.644237879193572e-05	-0.5077326938768627	0.0	-0.5077326938768627
-0.71	-0.5041	-7.642026180402952e-05	-0.5041764217792457	0.0	-0.5041764217792457
-0.7075	-0.50055625	-7.639790994643222e-05	-0.5006326494470609	0.0	-0.5006326494470609
-0.705	-0.49702499999999994	-7.637531988175914e-05	-0.4971013768769892	0.0	-0.4971013768769892
-0.7025	-0.49350625000000004	-7.635248821313605e-05	-0.49358260406562793	0.0	-0.49358260406562793
-0.7000000000000001	-0.4900000000000001	-7.632941148292215e-05	-0.49007633100953035	0.0	-0.49007633100953035
-0.6975	-0.48650625000000003	-7.630608617140099e-05	-0.4865825577051827	0.0	-0.4865825577051827
-0.6950000000000001	-0.4830250000000001	-7.628250869543826e-05	-0.48310128414900394	0.0	-0.48310128414900394
-0.6925	-0.47955625	-7.625867540710573e-05	-0.47963251033735893	0.0	-0.47963251033735893
-0.6900000000000001	-0.4761000000000001	-7.623458259227002e-05	-0.4761762362665387	0.0	-0.4761762362665387
-0.6875	-0.47265625	-7.621022646914563e-05	-0.4727324619327607	0.0	-0.4727324619327607
-0.685	-0.46922500000000006	-7.618560318681083e-05	-0.46930118733219034	0.0	-0.46930118733219034
-0.6825	-0.46580625	-7.616070882368539e-05	-0.46588241246090495	0.0	-0.46588241246090495
-0.68	-0.4624000000000001	-7.613553938596909e-05	-0.4624761373149238	0.0	-0.4624761373149238
-0.6775	-0.45900625	-7.611009080603985e-05	-0.45908236189018176	0.0	-0.45908236189018176
-0.675	-0.45562500000000006	-7.608435894081034e-05	-0.45570108618255356	0.0	-0.45570108618255356
-0.6725	-0.45225624999999997	-7.605833957004153e-05	-0.4523323101878103	0.0	-0.4523323101878103
-0.67	-0.4489000000000001	-7.60320283946123e-05	-0.44897603390166996	0.0	-0.44897603390166996
-0.6675	-0.44555625	-7.600542103474357e-05	-0.44563225731975786	0.0	-0.44563225731975786
-0.665	-0.44222500000000003	-7.597851302817564e-05	-0.44230098043762117	0.0	-0.44230098043762117
-0.6625	-0.43890625	-7.595129982829716e-05	-0.4389822032507222	0.0	-0.4389822032507222
-0.66	-0.43560000000000004	-7.592377680222465e-05	-0.4356759257544373	0.0	-0.4356759257544373
-0.6575	-0.43230624999999995	-7.589593922883056e-05	-0.43238214794405117	0.0	-0.43238214794405117
-0.655	-0.42902500000000005	-7.586778229671879e-05	-0.42910086981476014	0.0	-0.42910086981476014
-0.6525	-0.42575624999999995	-7.583930110214568e-05	-0.4258320913616725	0.0	-0.4258320913616725
-0.65	-0.42250000000000004	-7.581049064688505e-05	-0.42257581257979626	0.0	-0.42257581257979626
-0.6475	-0.41925624999999994	-7.578134583603534e-05	-0.4193320334640468	0.0	-0.4193320334640468
-0.645	-0.41602500000000003	-7.575186147576727e-05	-0.41610075400924257	0.0	-0.41610075400924257
-0.6425	-0.41280624999999993	-7.572203227100998e-05	-0.4128819742100936	0.0	-0.4128819742100936
-0.64	-0.4096	-7.569185282307395e-05	-0.4096756940612156	0.0	-0.4096756940612156
-0.6375000000000001	-0.4064062500000001	-7.566131762720844e-05	-0.40648191355710817	0.0	-0.40648191355710817
-0.635	-0.403225	-7.563042107009164e-05	-0.4033006326921766	0.0	-0.4033006326921766
-0.6325000000000001	-0.40005625000000006	-7.559915742725128e-05	-0.4001318514606988	0.0	-0.4001318514606988
-0.63	-0.39690000000000003	-7.556752086041345e-05	-0.39697556985685106	0.0	-0.39697556985685106
-0.6275000000000001	-0.3937562500000001	-7.553550541477758e-05	-0.39383178787468937	0.0	-0.39383178787468937
-0.625	-0.390625	-7.550310501621495e-05	-0.3907005055081498	0.0	-0.3907005055081498
-0.6225	-0.38750625000000005	-7.547031346838835e-05	-0.3875817227510491	0.0	-0.3875817227510491
-0.62	-0.3844	-7.543712444979056e-05	-0.3844754395970748	0.0	-0.3844754395970748
-0.6175	-0.38130625000000007	-7.54035315106988e-05	-0.3813816560397956	0.0	-0.3813816560397956
-0.615	-0.378225	-7.536952807004245e-05	-0.3783003720726317	0.0	-0.3783003720726317
-0.6125	-0.3751562500000001	-7.533510741218144e-05	-0.3752315876888954	0.0	-0.3752315876888954
-0.61	-0.3721	-7.53002626835921e-05	-0.37217530288173184	0.0	-0.37217530288173184
-0.6075	-0.36905625000000003	-7.52649868894577e-05	-0.3691315176441667	0.0	-0.3691315176441667
-0.605	-0.366025	-7.522927289016051e-05	-0.36610023196907127	0.0	-0.36610023196907127
-0.6025	-0.36300625000000003	-7.519311339767188e-05	-0.3630814458491701	0.0	-0.3630814458491701
-0.6	-0.36	-7.515650097183743e-05	-0.3600751592770406	0.0	-0.3600751592770406
-0.5975	-0.35700625	-7.511942801655359e-05	-0.35708137224509967	0.0	-0.35708137224509967
-0.595	-0.354025	-7.508188677583189e-05	-0.3541000847456044	0.0	-0.3541000847456044
-0.5925	-0.35105625	-7.504386932974733e-05	-0.35113129677065347	0.0	-0.35113129677065347
-0.59	-0.34809999999999997	-7.500536759026708e-05	-0.34817500831216963	0.0	-0.34817500831216963
-0.5875	-0.34515625000000005	-7.496637329695535e-05	-0.3452312193619136	0.0	-0.3452312193619136
-0.585	-0.34222499999999995	-7.492687801255025e-05	-0.342299929911457	0.0	-0.342299929911457
-0.5825	-0.33930625000000003	-7.488687311840864e-05	-0.3393811399522043	0.0	-0.3393811399522043
-0.58	-0.3364	-7.484634980981415e-05	-0.33647484947536493	0.0	-0.33647484947536493
-0.5775	-0.33350625	-7.480529909114409e-05	-0.33358105847196073	0.0	-0.33358105847196073
-0.5750000000000001	-0.33062500000000006	-7.476371177089018e-05	-0.3306997669328167	0.0	-0.3306997669328167
-0.5725	-0.32775625	-7.472157845652855e-05	-0.3278309748485567	0.0	-0.3278309748485567
-0.5700000000000001	-0.3249000000000001	-7.467888954923353e-05	-0.3249746822096056	0.0	-0.3249746822096056
-0.5675	-0.32205625	-7.463563523843016e-05	-0.3221308890061673	0.0	-0.3221308890061673
-0.5650000000000001	-0.3192250000000001	-7.459180549617993e-05	-0.3192995952282338	0.0	-0.3192995952282338
-0.5625	-0.31640625	-7.454739007139404e-05	-0.3164808008655759	0.0	-0.3164808008655759
-0.56	-0.31360000000000005	-7.450237848386832e-05	-0.3136745059077295	0.0	-0.3136745059077295
-0.5575	-0.31080625	-7.445676001813391e-05	-0.3108807103440031	0.0	-0.3108807103440031
-0.555	-0.30802500000000005	-7.441052371711717e-05	-0.30809941416346076	0.0	-0.30809941416346076
-0.5525	-0.30525625	-7.43636583756027e-05	-0.3053306173549153	0.0	-0.3053306173549153
-0.55	-0.30250000000000005	-7.431615253349251e-05	-0.3025743199069308	0.0	-0.3025743199069308
-0.5475	-0.29975625	-7.426799446885455e-05	-0.2998305218078076	0.0	-0.2998305218078076
-0.545	-0.29702500000000004	-7.421917219075366e-05	-0.29709922304557596	0.0	-0.29709922304557596
-0.5425	-0.29430625	-7.416967343185709e-05	-0.29438042360799477	0.0	-0.29438042360799477
-0.54	-0.2916	-7.411948564080781e-05	-0.2916741234825364	0.0	-0.2916741234825364
-0.5375	-0.28890625	-7.406859597435697e-05	-0.2889803226563846	0.0	-0.2889803226563846
-0.535	-0.286225	-7.40169912892481e-05	-0.2862990211164119	0.0	-0.2862990211164119
-0.5325	-0.28355624999999995	-7.396465813384443e-05	-0.2836302188492015	0.0	-0.2836302188492015
-0.53	-0.28090000000000004	-7.391158273949105e-05	-0.2809739158410046	0.0	-0.2809739158410046
-0.5275	-0.27825625	-7.385775101160289e-05	-0.27833011207775915	0.0	-0.27833011207775915
-0.525	-0.275625	-7.380314852046986e-05	-0.2756988075450605	0.0	-0.2756988075450605
-0.5225	-0.27300624999999995	-7.37477604917696e-05	-0.2730800022281611	0.0	-0.2730800022281611
-0.52	-0.27040000000000003	-7.369157179677872e-05	-0.2704736961119595	0.0	-0.2704736961119595
-0.5175	-0.26780624999999997	-7.363456694227247e-05	-0.26787988918100114	0.0	-0.26787988918100114
-0.515	-0.265225	-7.357673006010346e-05	-0.26529858141943286	0.0	-0.26529858141943286
-0.5125	-0.26265625	-7.351804489644851e-05	-0.26272977281104215	0.0	-0.26272977281104215
-0.51	-0.2601	-7.345849480071428e-05	-0.26017346333920566	0.0	-0.26017346333920566
-0.5075000000000001	-0.25755625000000004	-7.339806271409023e-05	-0.25762965298689894	0.0	-0.25762965298689894
-0.505	-0.255025	-7.333673115773892e-05	-0.2550983417366725	0.0	-0.2550983417366725
-0.5025000000000001	-0.25250625000000004	-7.327448222061225e-05	-0.25257952957064983	0.0	-0.25257952957064983
-0.5	-0.25	-7.321129754688279e-05	-0.2500732164705104	0.0	-0.2500732164705104
-0.4975	-0.24750625	-7.314715832297914e-05	-0.24757940241747547	0.0	-0.24757940241747547
-0.495	-0.245025	-7.308204526421383e-05	-0.2450980873922964	0.0	-0.2450980873922964
-0.4925	-0.24255625	-7.301593860099247e-05	-0.24262927137523682	0.0	-0.24262927137523682
-0.49	-0.24009999999999998	-7.294881806459266e-05	-0.2401729543460676	0.0	-0.2401729543460676
-0.4875	-0.23765624999999999	-7.288066287250143e-05	-0.2377291362840427	0.0	-0.2377291362840427
-0.485	-0.235225	-7.281145171329924e-05	-0.2352978171678878	0.0	-0.2352978171678878
-0.4825	-0.23280625	-7.274116273107976e-05	-0.2328789969757916	0.0	-0.2328789969757916
-0.48	-0.2304	-7.266977350939374e-05	-0.23047267568537186	0.0	-0.23047267568537186
-0.47750000000000004	-0.22800625000000002	-7.259726105470574e-05	-0.2280788532736809	0.0	-0.2280788532736809
-0.47500000000000003	-0.22562500000000002	-7.252360177935318e-05	-0.22569752971717125	0.0	-0.22569752971717125
-0.47250000000000003	-0.22325625000000002	-7.24487714839965e-05	-0.2233287049916851	0.0	-0.2233287049916851
-0.47000000000000003	-0.22090000000000004	-7.237274533955054e-05	-0.22097237907243833	0.0	-0.22097237907243833
-0.4675	-0.21855625000000004	-7.229549786858657e-05	-0.21862855193399852	0.0	-0.21862855193399852
-0.465	-0.21622500000000003	-7.221700292619624e-05	-0.21629722355026412	0.0	-0.21629722355026412
-0.4625	-0.21390625000000002	-7.213723368030773e-05	-0.21397839389444873	0.0	-0.21397839389444873
-0.46	-0.2116	-7.20561625914464e-05	-0.21167206293906524	0.0	-0.21167206293906524
-0.4575	-0.20930625000000003	-7.197376139193198e-05	-0.20937823065588837	0.0	-0.20937823065588837
-0.455	-0.20702500000000001	-7.189000106450602e-05	-0.20709689701595332	0.0	-0.20709689701595332
-0.4525	-0.20475625	-7.180485182038355e-05	-0.2048280619895175	0.0	-0.2048280619895175
-0.45	-0.2025	-7.171828307672452e-05	-0.20257172554605288	0.0	-0.20257172554605288
-0.4475	-0.20025625	-7.163026343352169e-05	-0.2003278876542081	0.0	-0.2003278876542081
-0.445	-0.198025	-7.154076064990284e-05	-0.1980965482817965	0.0	-0.1980965482817965
-0.4425	-0.19580625000000002	-7.144974161984693e-05	-0.19587770739576416	0.0	-0.19587770739576416
-0.44	-0.1936	-7.135717234731543e-05	-0.1936713649621719	0.0	-0.1936713649621719
-0.4375	-0.19140625	-7.126301792080183e-05	-0.19147752094616147	0.0	-0.19147752094616147
-0.435	-0.189225	-7.116724248730442e-05	-0.18929617531193305	0.0	-0.18929617531193305
-0.4325	-0.18705625	-7.10698092257299e-05	-0.18712732802272786	0.0	-0.18712732802272786
-0.43	-0.18489999999999998	-7.097068031973721e-05	-0.18497097904078402	0.0	-0.18497097904078402
-0.4275	-0.18275624999999998	-7.086981693003436e-05	-0.18282712832732323	0.0	-0.18282712832732323
-0.425	-0.18062499999999998	-7.076717916614333e-05	-0.18069577584251378	0.0	-0.18069577584251378
-0.4225	-0.17850624999999998	-7.06627260576514e-05	-0.17857692154544347	0.0	-0.17857692154544347
-0.42	-0.17639999999999997	-7.055641552497087e-05	-0.1764705653940965	0.0	-0.1764705653940965
-0.4175	-0.17430625	-7.044820434963208e-05	-0.17437670734531502	0.0	-0.17437670734531502
-0.41500000000000004	-0.17222500000000002	-7.033804814413933e-05	-0.1722953473547781	0.0	-0.1722953473547781
-0.41250000000000003	-0.17015625000000004	-7.022590132142263e-05	-0.17022648537695229	0.0	-0.17022648537695229
-0.41000000000000003	-0.16810000000000003	-7.011171706392336e-05	-0.16817012136509282	0.0	-0.16817012136509282
-0.40750000000000003	-0.16605625000000002	-6.999544729235597e-05	-0.16612625527118363	0.0	-0.16612625527118363
-0.405	-0.16402500000000003	-6.987704263419325e-05	-0.16409488704591246	0.0	-0.16409488704591246
-0.4025	-0.16200625000000002	-6.975645239192813e-05	-0.16207601663865165	0.0	-0.16207601663865165
-0.4	-0.16000000000000003	-6.963362451117005e-05	-0.1600696439974117	0.0	-0.1600696439974117
-0.3975	-0.15800625000000001	-6.950850554864047e-05	-0.15807576906881687	0.0	-0.15807576906881687
-0.395	-0.15602500000000002	-6.93810406401382e-05	-0.15609439179806703	0.0	-0.15609439179806703
-0.3925	-0.15405625	-6.925117346855153e-05	-0.15412551212891204	0.0	-0.15412551212891204
-0.39	-0.1521	-6.911884623200134e-05	-0.15216913000361731	0.0	-0.15216913000361731
-0.3875	-0.15015625000000002	-6.898399961220708e-05	-0.15022524536293258	0.0	-0.15022524536293258
-0.385	-0.148225	-6.884657274317388e-05	-0.1482938581460575	0.0	-0.1482938581460575
-0.3825	-0.14630625	-6.870650318030825e-05	-0.14637496829061394	0.0	-0.14637496829061394
-0.38	-0.1444	-6.85637268700776e-05	-0.14446857573261468	0.0	-0.14446857573261468
-0.3775	-0.14250625	-6.841817812033666e-05	-0.14257468040643312	0.0	-0.14257468040643312
-0.375	-0.140625	-6.826978957145438e-05	-0.14069328224477262	0.0	-0.14069328224477262
-0.3725	-0.13875625	-6.81184921683822e-05	-0.1388243811786458	0.0	-0.1388243811786458
-0.37	-0.1369	-6.796421513381529e-05	-0.1369679771373344	0.0	-0.1369679771373344
-0.3675	-0.13505625	-6.780688594260752e-05	-0.13512407004837826	0.0	-0.13512407004837826
-0.365	-0.13322499999999998	-6.764643029761099e-05	-0.13329265983753752	0.0	-0.13329265983753752
-0.3625	-0.13140625	-6.748277210712103e-05	-0.13147374642878124	0.0	-0.13147374642878124
-0.36	-0.1296	-6.73158334641179e-05	-0.1296673297442571	0.0	-0.1296673297442571
-0.3575	-0.12780624999999998	-6.714553462750708e-05	-0.12787340970428046	0.0	-0.12787340970428046
-0.355	-0.126025	-6.697179400557035e-05	-0.12609198622730894	0.0	-0.12609198622730894
-0.3525	-0.12425624999999998	-6.679452814185075e-05	-0.12432305922993639	0.0	-0.12432305922993639
-0.35000000000000003	-0.12250000000000003	-6.661365170370547e-05	-0.12256662862687695	0.0	-0.12256662862687695
-0.34750000000000003	-0.12075625000000002	-6.642907747377076e-05	-0.1208226943309537	0.0	-0.1208226943309537
-0.34500000000000003	-0.11902500000000002	-6.624071634459451e-05	-0.11909125625309859	0.0	-0.11909125625309859
-0.3425	-0.11730625000000001	-6.60484773167019e-05	-0.11737231430234668	0.0	-0.11737231430234668
-0.34	-0.11560000000000002	-6.585226750037066e-05	-0.11566586838583712	0.0	-0.11566586838583712
-0.3375	-0.11390625000000001	-6.5651992121402e-05	-0.11397191840881962	0.0	-0.11397191840881962
-0.335	-0.11222500000000002	-6.54475545311836e-05	-0.11229046427466362	0.0	-0.11229046427466362
-0.3325	-0.11055625000000001	-6.523885622135044e-05	-0.11062150588487417	0.0	-0.11062150588487417
-0.33	-0.10890000000000001	-6.502579684335808e-05	-0.10896504313910842	0.0	-0.10896504313910842
-0.3275	-0.10725625000000001	-6.480827423329194e-05	-0.10732107593519796	0.0	-0.10732107593519796
-0.325	-0.10562500000000001	-6.458618444224381e-05	-0.1056896041691851	0.0	-0.1056896041691851
-0.3225	-0.10400625000000001	-6.43594217725941e-05	-0.10407062773535306	0.0	-0.10407062773535306
-0.32	-0.1024	-6.412787882054485e-05	-0.10246414652626917	0.0	-0.10246414652626917
-0.3175	-0.10080625	-6.389144652525404e-05	-0.10087016043283362	0.0	-0.10087016043283362
-0.315	-0.09922500000000001	-6.365001422492651e-05	-0.09928866934433454	0.0	-0.09928866934433454
-0.3125	-0.09765625	-6.340346972022003e-05	-0.09771967314851214	0.0	-0.09771967314851214
-0.31	-0.0961	-6.31516993453279e-05	-0.09616317173162375	0.0	-0.09616317173162375
-0.3075	-0.09455625	-6.289458804710008e-05	-0.09461916497852745	0.0	-0.09461916497852745
-0.305	-0.093025	-6.263201947256484e-05	-0.0930876527727663	0.0	-0.0930876527727663
-0.3025	-0.09150625	-6.236387606521092e-05	-0.09156863499666407	0.0	-0.09156863499666407
-0.3	-0.09	-6.20900391703873e-05	-0.09006211153142897	0.0	-0.09006211153142897
-0.2975	-0.08850625	-6.181038915017192e-05	-0.0885680822572669	0.0	-0.0885680822572669
-0.295	-0.08702499999999999	-6.152480550805437e-05	-0.08708654705350656	0.0	-0.08708654705350656
-0.2925	-0.08555624999999999	-6.123316702376861e-05	-0.08561750579872929	0.0	-0.08561750579872929
-0.29	-0.0841	-6.093535189860088e-05	-0.08416095837091846	0.0	-0.08416095837091846
-0.28750000000000003	-0.08265625000000001	-6.063123791148536e-05	-0.08271690464760907	0.0	-0.08271690464760907
-0.28500000000000003	-0.08122500000000002	-6.032070258618469e-05	-0.0812853445060547	0.0	-0.0812853445060547
-0.28250000000000003	-0.07980625000000002	-6.0003623369835556e-05	-0.07986627782340706	0.0	-0.07986627782340706
-0.28	-0.07840000000000001	-5.967987782311933e-05	-0.0784597044769014	0.0	-0.0784597044769014
-0.2775	-0.07700625000000001	-5.934934382229598e-05	-0.07706562434405505	0.0	-0.07706562434405505
-0.275	-0.07562500000000001	-5.901189977331459e-05	-0.07568403730288548	0.0	-0.07568403730288548
-0.2725	-0.07425625000000001	-5.866742483818664e-05	-0.07431494323212941	0.0	-0.07431494323212941
-0.27	-0.0729	-5.831579917377828e-05	-0.07295834201148135	0.0	-0.07295834201148135
-0.2675	-0.07155625	-5.795690418314534e-05	-0.07161423352184251	0.0	-0.07161423352184251
-0.265	-0.07022500000000001	-5.7590622779499834e-05	-0.07028261764558202	0.0	-0.07028261764558202
-0.2625	-0.06890625	-5.721683966285819e-05	-0.06896349426681216	0.0	-0.06896349426681216
-0.26	-0.06760000000000001	-5.6835441609381666e-05	-0.06765686327167424	0.0	-0.06765686327167424
-0.2575	-0.06630625	-5.6446317773375316e-05	-0.06636272454863616	0.0	-0.06636272454863616
-0.255	-0.065025	-5.6049360001866715e-05	-0.06508107798880756	0.0	-0.06508107798880756
-0.2525	-0.06375625	-5.564446316163601e-05	-0.06381192348626273	0.0	-0.06381192348626273
-0.25	-0.0625	-5.523152547851895e-05	-0.06255526093837399	0.0	-0.06255526093837399
-0.2475	-0.06125625	-5.481044888875007e-05	-0.06131109024616274	0.0	-0.06131109024616274
-0.245	-0.060024999999999995	-5.4381139402057436e-05	-0.060079411314657716	0.0	-0.060079411314657716
-0.2425	-0.05880625	-5.394350747616214e-05	-0.05886022405326637	0.0	-0.05886022405326637
-0.24	-0.0576	-5.3497468402275496e-05	-0.05765352837615514	0.0	-0.05765352837615514
-0.23750000000000002	-0.056406250000000005	-5.304294270112413e-05	-0.056459324202644066	0.0	-0.056459324202644066
-0.23500000000000001	-0.05522500000000001	-5.257985652896934e-05	-0.05527761145760354	0.0	-0.05527761145760354
-0.2325	-0.05405625000000001	-5.210814209302114e-05	-0.054108390071871966	0.0	-0.054108390071871966
-0.23	-0.0529	-5.162773807558028e-05	-0.05295165998266796	0.0	-0.05295165998266796
-0.2275	-0.051756250000000004	-5.11385900661732e-05	-0.051807421134022966	0.0	-0.051807421134022966
-0.225	-0.050625	-5.064065100087574e-05	-0.050675673477212226	0.0	-0.050675673477212226
-0.2225	-0.04950625	-5.013388160795128e-05	-0.04955641697119575	0.0	-0.04955641697119575
-0.22	-0.0484	-4.961825085885935e-05	-0.048449651583063864	0.0	-0.048449651583063864
-0.2175	-0.04730625	-4.909373642362009e-05	-0.04735537728848532	0.0	-0.04735537728848532
-0.215	-0.046224999999999995	-4.856032512945e-05	-0.04627359407216021	0.0	-0.04627359407216021
-0.2125	-0.045156249999999995	-4.801801342151593e-05	-0.04520430192827564	0.0	-0.04520430192827564
-0.21	-0.04409999999999999	-4.7466807824585216e-05	-0.044147500860956645	0.0	-0.044147500860956645
-0.20750000000000002	-0.043056250000000004	-4.6906725404283585e-05	-0.04310319088472406	0.0	-0.04310319088472406
-0.20500000000000002	-0.04202500000000001	-4.6337794226607496e-05	-0.042071372024946055	0.0	-0.042071372024946055
-0.2025	-0.04100625000000001	-4.5760053814274586e-05	-0.04105204431828427	0.0	-0.04105204431828427
-0.2	-0.04000000000000001	-4.5173555598435995e-05	-0.04004520781314157	0.0	-0.04004520781314157
-0.1975	-0.039006250000000006	-4.457836336421699e-05	-0.0390508625700983	0.0	-0.0390508625700983
-0.195	-0.038025	-4.3974553688498956e-05	-0.03806900866234091	0.0	-0.03806900866234091
-0.1925	-0.03705625	-4.3362216368305646e-05	-0.037099646176084564	0.0	-0.037099646176084564
-0.19	-0.0361	-4.27414548381117e-05	-0.036142775210981914	0.0	-0.036142775210981914
-0.1875	-0.03515625	-4.211238657435004e-05	-0.035198395880519755	0.0	-0.035198395880519755
-0.185	-0.034225	-4.147514348535984e-05	-0.034266508312401585	0.0	-0.034266508312401585
-0.1825	-0.033306249999999996	-4.0829872284986495e-05	-0.0333471126489125	0.0	-0.0333471126489125
-0.18	-0.0324	-4.017673484802096e-05	-0.03244020904726875	0.0	-0.03244020904726875
-0.1775	-0.03150625	-3.951590854564853e-05	-0.031545797679943546	0.0	-0.031545797679943546
-0.17500000000000002	-0.030625000000000006	-3.884758655906592e-05	-0.030663878734974014	0.0	-0.030663878734974014
-0.17250000000000001	-0.029756250000000005	-3.817197816942214e-05	-0.029794452416241773	0.0	-0.029794452416241773
-0.17	-0.028900000000000006	-3.748930902224205e-05	-0.02893751894372887	0.0	-0.02893751894372887
-0.1675	-0.028056250000000005	-3.679982136450305e-05	-0.028093078553743565	0.0	-0.028093078553743565
-0.165	-0.027225000000000003	-3.610377425255503e-05	-0.027261131499116374	0.0	-0.027261131499116374
-0.1625	-0.026406250000000003	-3.5401443729101106e-05	-0.026441678049363048	0.0	-0.026441678049363048
-0.16	-0.0256	-3.469312296749336e-05	-0.02563471849081022	0.0	-0.02563471849081022
-0.1575	-0.024806250000000002	-3.3979122381642534e-05	-0.02484025312668393	0.0	-0.02484025312668393
-0.155	-0.024025	-3.325976969989448e-05	-0.024058282277156576	0.0	-0.024058282277156576
-0.1525	-0.02325625	-3.253541000128899e-05	-0.023288806279349848	0.0	-0.023288806279349848
-0.15	-0.0225	-3.180640571268821e-05	-0.022531825487290165	0.0	-0.022531825487290165
-0.1475	-0.021756249999999998	-3.107313656534273e-05	-0.02178734027181735	0.0	-0.02178734027181735
-0.145	-0.021025	-3.033599950955297e-05	-0.02105535102043891	0.0	-0.02105535102043891
-0.14250000000000002	-0.020306250000000005	-2.9595408586182144e-05	-0.020335858137131502	0.0	-0.020335858137131502
-0.14	-0.019600000000000003	-2.885179475388433e-05	-0.019628862042086737	0.0	-0.019628862042086737
-0.1375	-0.018906250000000003	-2.810560567102715e-05	-0.018934363171400646	0.0	-0.018934363171400646
-0.135	-0.018225	-2.7357305431412427e-05	-0.018252361976704455	0.0	-0.018252361976704455
-0.1325	-0.017556250000000002	-2.6607374253030796e-05	-0.017582858924741988	0.0	-0.017582858924741988
-0.13	-0.016900000000000002	-2.5856308119225634e-05	-0.016925854496888427	0.0	-0.016925854496888427
-0.1275	-0.01625625	-2.510461837178918e-05	-0.01628134918862335	0.0	-0.01628134918862335
-0.125	-0.015625	-2.4352831255667388e-05	-0.01564934350895517	0.0	-0.01564934350895517
-0.1225	-0.015006249999999999	-2.3601487415110307e-05	-0.01502983797980979	0.0	-0.01502983797980979
-0.12	-0.0144	-2.2851141341271015e-05	-0.01442283313539241	0.0	-0.01442283313539241
-0.11750000000000001	-0.013806250000000003	-2.2102360771426997e-05	-0.01382832952153525	0.0	-0.01382832952153525
-0.115	-0.013225	-2.1355726040173455e-05	-0.01324632769504776	0.0	-0.01324632769504776
-0.1125	-0.01265625	-2.0611829383118068e-05	-0.012676828223088351	0.0	-0.012676828223088351
-0.11	-0.0121	-1.9871274193788144e-05	-0.012119831682580046	0.0	-0.012119831682580046
-0.1075	-0.011556249999999999	-1.913467423464738e-05	-0.011575338659696703	0.0	-0.011575338659696703
-0.105	-0.011024999999999998	-1.8402652803304168e-05	-0.011043349749446653	0.0	-0.011043349749446653
-0.10250000000000001	-0.010506250000000002	-1.767584185518175e-05	-0.010523865555385944	0.0	-0.010523865555385944
-0.1	-0.010000000000000002	-1.6954881084106232e-05	-0.010016886689492922	0.0	-0.010016886689492922
-0.0975	-0.00950625	-1.624041696245477e-05	-0.009522413772236891	0.0	-0.009522413772236891
-0.095	-0.009025	-1.553310174268926e-05	-0.009040447432871494	0.0	-0.009040447432871494
-0.0925	-0.00855625	-1.4833592422282294e-05	-0.00857098830998058	0.0	-0.00857098830998058
-0.09	-0.0081	-1.414254967421803e-05	-0.008114037052295343	0.0	-0.008114037052295343
-0.08750000000000001	-0.007656250000000002	-1.3460636745423784e-05	-0.007669594319794161	0.0	-0.007669594319794161
-0.085	-0.007225000000000001	-1.2788518325652834e-05	-0.007237660785078749	0.0	-0.007237660785078749
-0.0825	-0.006806250000000001	-1.2126859389501098e-05	-0.006818237135001773	0.0	-0.006818237135001773
-0.08	-0.0064	-1.1476324014389148e-05	-0.006411324072496655	0.0	-0.006411324072496655
-0.0775	-0.00600625	-1.083757417748841e-05	-0.006016922318528452	0.0	-0.006016922318528452
-0.075	-0.005625	-1.0211268534701538e-05	-0.005635032614050832	0.0	-0.005635032614050832
-0.0725	-0.00525625	-9.598061184933712e-06	-0.005265655721814662	0.0	-0.005265655721814662
-0.07	-0.004900000000000001	-8.998600423003626e-06	-0.004908792427832712	0.0	-0.004908792427832712
-0.0675	-0.00455625	-8.413527484645153e-06	-0.004564443542265977	0.0	-0.004564443542265977
-0.065	-0.0042250000000000005	-7.843475287140807e-06	-0.004232609899460145	0.0	-0.004232609899460145
-0.0625	-0.00390625	-7.289067169203006e-06	-0.003913292356835945	0.0	-0.003913292356835945
-0.06	-0.0036	-6.750915633783927e-06	-0.003606491792324209	0.0	-0.003606491792324209
-0.0575	-0.00330625	-6.229621097541844e-06	-0.0033122091000441656	0.0	-0.0033122091000441656
-0.055	-0.003025	-5.725770650727783e-06	-0.0030304451839570346	0.0	-0.0030304451839570346
-0.0525	-0.0027562499999999996	-5.2399368312732595e-06	-0.002761200949288824	0.0	-0.002761200949288824
-0.05	-0.0025000000000000005	-4.772676416866986e-06	-0.002504477291612636	0.0	-0.002504477291612636
-0.0475	-0.00225625	-4.32452923879445e-06	-0.0022602750836091517	0.0	-0.0022602750836091517
-0.045	-0.002025	-3.896017021286918e-06	-0.002028595159683941	0.0	-0.002028595159683941
-0.0425	-0.0018062500000000003	-3.487642250086902e-06	-0.0018094382988046174	0.0	-0.0018094382988046174
-0.04	-0.0016	-3.099887073872848e-06	-0.0016028052061192717	0.0	-0.0016028052061192717
-0.0375	-0.00140625	-2.733212242118921e-06	-0.0014086964941132974	0.0	-0.0014086964941132974
-0.035	-0.0012250000000000002	-2.3880560828666924e-06	-0.0012271126642402345	0.0	-0.0012271126642402345
-0.0325	-0.0010562500000000001	-2.0648335237891114e-06	-0.0010580540900956838	0.0	-0.0010580540900956838
-0.03	-0.0009	-1.763935159802485e-06	-0.0009015210032752855	0.0	-0.0009015210032752855
-0.0275	-0.00075625	-1.4857263703486197e-06	-0.0007575134830447417	0.0	-0.0007575134830447417
-0.025	-0.0006250000000000001	-1.2305464893214853e-06	-0.0006260314508353865	0.0	-0.0006260314508353865
-0.0225	-0.00050625	-9.987080304470902e-07	-0.0005070746703557999	0.0	-0.0005070746703557999
-0.02	-0.0004	-7.90495970762889e-07	-0.00040064275378139114	0.0	-0.00040064275378139114
-0.0175	-0.00030625000000000004	-6.06167094635568e-07	-0.00030673517406206677	0.0	-0.00030673517406206677
-0.015	-0.000225	-4.459494005806808e-07	-0.00022535128290469077	0.0	-0.00022535128290469077
-0.0125	-0.00015625000000000003	-3.1004157292069403e-07	-0.0001564903334808064	0.0	-0.0001564903334808064
-0.01	-0.0001	-1.9861252011921238e-07	-0.00010015150643134057	0.0	-0.00010015150643134057
-0.0075	-5.625e-05	-1.118009813838583e-07	-5.6333937342315566e-05	0.0	-5.6333937342315566e-05
-0.005	-2.5e-05	-4.971520288776788e-08	-2.5036743605403824e-05	0.0	-2.5036743605403824e-05
-0.0025	-6.25e-06	-1.243268483719362e-08	-6.259048916166045e-06	0.0	-6.259048916166045e-06
0.0025	6.25e-06	1.243268483719362e-08	6.259048916160379e-06	0.0	6.259048916160379e-06
0.005	2.5e-05	4.971520288776788e-08	2.5036743605403925e-05	0.0	2.5036743605403925e-05
0.0075	5.625e-05	1.118009813838583e-07	5.6333937342326286e-05	0.0	5.6333937342326286e-05
0.01	0.0001	1.9861252011921238e-07	0.00010015150643132935	0.0	0.00010015150643132935
0.0125	0.00015625000000000003	3.1004157292069403e-07	0.00015649033348083606	0.0	0.00015649033348083606
0.015	0.000225	4.459494005806808e-07	0.0002253512829047392	0.0	0.0002253512829047392
0.0175	0.00030625000000000004	6.06167094635568e-07	0.00030673517406205897	0.0	0.00030673517406205897
0.02	0.0004	7.90495970762889e-07	0.0004006427537814193	0.0	0.0004006427537814193
0.0225	0.00050625	9.987080304470902e-07	0.0005070746703558013	0.0	0.0005070746703558013
0.025	0.0006250000000000001	1.2305464893214853e-06	0.0006260314508354037	0.0	0.0006260314508354037
0.0275	0.00075625	1.4857263703486197e-06	0.0007575134830447718	0.0	0.0007575134830447718
0.03	0.0009	1.763935159802485e-06	0.0009015210032752867	0.0	0.0009015210032752867
0.0325	0.0010562500000000001	2.0648335237891114e-06	0.0010580540900956838	0.0	0.0010580540900956838
0.035	0.0012250000000000002	2.3880560828666924e-06	0.0012271126642402542	0.0	0.0012271126642402542
0.0375	0.00140625	2.733212242118921e-06	0.001408696494113298	0.0	0.001408696494113298
0.04	0.0016	3.099887073872848e-06	0.0016028052061192687	0.0	0.0016028052061192687
0.0425	0.0018062500000000003	3.487642250086902e-06	0.0018094382988046449	0.0	0.0018094382988046449
0.045	0.002025	3.896017021286918e-06	0.0020285951596839525	0.0	0.0020285951596839525
0.0475	0.00225625	4.32452923879445e-06	0.002260275083609154	0.0	0.002260275083609154
0.05	0.0025000000000000005	4.772676416866986e-06	0.0025044772916126504	0.0	0.0025044772916126504
0.0525	0.0027562499999999996	5.2399368312732595e-06	0.0027612009492888607	0.0	0.0027612009492888607
0.055	0.003025	5.725770650727783e-06	0.0030304451839570944	0.0	0.0030304451839570944
0.0575	0.00330625	6.229621097541844e-06	0.003312209100044187	0.0	0.003312209100044187
0.06	0.0036	6.750915633783927e-06	0.003606491792324244	0.0	0.003606491792324244
0.0625	0.00390625	7.289067169203006e-06	0.003913292356835973	0.0	0.003913292356835973
0.065	0.0042250000000000005	7.843475287140807e-06	0.00423260989946015	0.0	0.00423260989946015
0.0675	0.00455625	8.413527484645153e-06	0.004564443542266002	0.0	0.004564443542266002
0.07	0.004900000000000001	8.998600423003626e-06	0.00490879242783269	0.0	0.00490879242783269
0.0725	0.00525625	9.598061184933712e-06	0.005265655721814635	0.0	0.005265655721814635
0.075	0.005625	1.0211268534701538e-05	0.005635032614050859	0.0	0.005635032614050859
0.0775	0.00600625	1.083757417748841e-05	0.006016922318528458	0.0	0.006016922318528458
0.08	0.0064	1.1476324014389148e-05	0.00641132407249666	0.0	0.00641132407249666
0.0825	0.006806250000000001	1.2126859389501098e-05	0.006818237135001792	0.0	0.006818237135001792
0.085	0.007225000000000001	1.2788518325652834e-05	0.007237660785078727	0.0	0.007237660785078727
0.08750000000000001	0.007656250000000002	1.3460636745423784e-05	0.007669594319794171	0.0	0.007669594319794171
0.09	0.0081	1.414254967421803e-05	0.008114037052295358	0.0	0.008114037052295358
0.0925	0.00855625	1.4833592422282294e-05	0.008570988309980574	0.0	0.008570988309980574
0.095	0.009025	1.553310174268926e-05	0.009040447432871478	0.0	0.009040447432871478
0.0975	0.00950625	1.624041696245477e-05	0.009522413772236843	0.0	0.009522413772236843
0.1	0.010000000000000002	1.6954881084106232e-05	0.010016886689492889	0.0	0.010016886689492889
0.10250000000000001	0.010506250000000002	1.767584185518175e-05	0.010523865555385955	0.0	0.010523865555385955
0.105	0.011024999999999998	1.8402652803304168e-05	0.011043349749446651	0.0	0.011043349749446651
0.1075	0.011556249999999999	1.913467423464738e-05	0.01157533865969671	0.0	0.01157533865969671
0.11	0.0121	1.9871274193788144e-05	0.01211983168258001	0.0	0.01211983168258001
0.1125	0.01265625	2.0611829383118068e-05	0.012676828223088335	0.0	0.012676828223088335
0.115	0.013225	2.1355726040173455e-05	0.01324632769504775	0.0	0.01324632769504775
0.11750000000000001	0.013806250000000003	2.2102360771426997e-05	0.013828329521535265	0.0	0.013828329521535265
0.12	0.0144	2.2851141341271015e-05	0.014422833135392402	0.0	0.014422833135392402
0.1225	0.015006249999999999	2.3601487415110307e-05	0.01502983797980969	0.0	0.01502983797980969
0.125	0.015625	2.4352831255667388e-05	0.0156493435089551	0.0	0.0156493435089551
0.1275	0.01625625	2.510461837178918e-05	0.016281349188623284	0.0	0.016281349188623284
0.13	0.016900000000000002	2.5856308119225634e-05	0.016925854496888413	0.0	0.016925854496888413
0.1325	0.017556250000000002	2.6607374253030796e-05	0.01758285892474193	0.0	0.01758285892474193
0.135	0.018225	2.7357305431412427e-05	0.018252361976704507	0.0	0.018252361976704507
0.1375	0.018906250000000003	2.810560567102715e-05	0.018934363171400605	0.0	0.018934363171400605
0.14	0.019600000000000003	2.885179475388433e-05	0.019628862042086876	0.0	0.019628862042086876
0.14250000000000002	0.020306250000000005	2.9595408586182144e-05	0.020335858137131332	0.0	0.020335858137131332
0.145	0.021025	3.033599950955297e-05	0.021055351020438873	0.0	0.021055351020438873
0.1475	0.021756249999999998	3.107313656534273e-05	0.021787340271817314	0.0	0.021787340271817314
0.15	0.0225	3.180640571268821e-05	0.02253182548729002	0.0	0.02253182548729002
0.1525	0.02325625	3.253541000128899e-05	0.023288806279349768	0.0	0.023288806279349768
0.155	0.024025	3.325976969989448e-05	0.02405828227715664	0.0	0.02405828227715664
0.1575	0.024806250000000002	3.3979122381642534e-05	0.024840253126684083	0.0	0.024840253126684083
0.16	0.0256	3.469312296749336e-05	0.025634718490810244	0.0	0.025634718490810244
0.1625	0.026406250000000003	3.5401443729101106e-05	0.026441678049362996	0.0	0.026441678049362996
0.165	0.027225000000000003	3.610377425255503e-05	0.027261131499116315	0.0	0.027261131499116315
0.1675	0.028056250000000005	3.679982136450305e-05	0.02809307855374351	0.0	0.02809307855374351
0.17	0.028900000000000006	3.748930902224205e-05	0.028937518943728698	0.0	0.028937518943728698
0.17250000000000001	0.029756250000000005	3.817197816942214e-05	0.029794452416241696	0.0	0.029794452416241696
0.17500000000000002	0.030625000000000006	3.884758655906592e-05	0.030663878734974087	0.0	0.030663878734974087
0.1775	0.03150625	3.951590854564853e-05	0.03154579767994367	0.0	0.03154579767994367
0.18	0.0324	4.017673484802096e-05	0.032440209047268805	0.0	0.032440209047268805
0.1825	0.033306249999999996	4.0829872284986495e-05	0.03334711264891252	0.0	0.03334711264891252
0.185	0.034225	4.147514348535984e-05	0.034266508312401515	0.0	0.034266508312401515
0.1875	0.03515625	4.211238657435004e-05	0.0351983958805201	0.0	0.0351983958805201
0.19	0.0361	4.27414548381117e-05	0.0361427752109819	0.0	0.0361427752109819
0.1925	0.03705625	4.3362216368305646e-05	0.03709964617608461	0.0	0.03709964617608461
0.195	0.038025	4.3974553688498956e-05	0.03806900866234076	0.0	0.03806900866234076
0.1975	0.039006250000000006	4.457836336421699e-05	0.03905086257009844	0.0	0.03905086257009844
0.2	0.04000000000000001	4.5173555598435995e-05	0.04004520781314193	0.0	0.04004520781314193
0.2025	0.04100625000000001	4.5760053814274586e-05	0.0410520443182843	0.0	0.0410520443182843
0.20500000000000002	0.04202500000000001	4.6337794226607496e-05	0.042071372024945895	0.0	0.042071372024945895
0.20750000000000002	0.043056250000000004	4.6906725404283585e-05	0.043103190884724016	0.0	0.043103190884724016
0.21	0.04409999999999999	4.7466807824585216e-05	0.04414750086095645	0.0	0.04414750086095645
0.2125	0.045156249999999995	4.801801342151593e-05	0.045204301928275396	0.0	0.045204301928275396
0.215	0.046224999999999995	4.856032512945e-05	0.04627359407216008	0.0	0.04627359407216008
0.2175	0.04730625	4.909373642362009e-05	0.047355377288485226	0.0	0.047355377288485226
0.22	0.0484	4.961825085885935e-05	0.048449651583063885	0.0	0.048449651583063885
0.2225	0.04950625	5.013388160795128e-05	0.0495564169711957	0.0	0.0495564169711957
0.225	0.050625	5.064065100087574e-05	0.05067567347721241	0.0	0.05067567347721241
0.2275	0.051756250000000004	5.11385900661732e-05	0.05180742113402302	0.0	0.05180742113402302
0.23	0.0529	5.162773807558028e-05	0.052951659982668264	0.0	0.052951659982668264
0.2325	0.05405625000000001	5.210814209302114e-05	0.054108390071871855	0.0	0.054108390071871855
0.23500000000000001	0.05522500000000001	5.257985652896934e-05	0.05527761145760377	0.0	0.05527761145760377
0.23750000000000002	0.056406250000000005	5.304294270112413e-05	0.05645932420264395	0.0	0.05645932420264395
0.24	0.0576	5.3497468402275496e-05	0.05765352837615576	0.0	0.05765352837615576
0.2425	0.05880625	5.394350747616214e-05	0.058860224053266214	0.0	0.058860224053266214
0.245	0.060024999999999995	5.4381139402057436e-05	0.06007941131465799	0.0	0.06007941131465799
0.2475	0.06125625	5.481044888875007e-05	0.06131109024616306	0.0	0.06131109024616306
0.25	0.0625	5.523152547851895e-05	0.06255526093837391	0.0	0.06255526093837391
0.2525	0.06375625	5.564446316163601e-05	0.0638119234862627	0.0	0.0638119234862627
0.255	0.065025	5.6049360001866715e-05	0.06508107798880781	0.0	0.06508107798880781
0.2575	0.06630625	5.6446317773375316e-05	0.06636272454863565	0.0	0.06636272454863565
0.26	0.06760000000000001	5.6835441609381666e-05	0.06765686327167399	0.0	0.06765686327167399
0.2625	0.06890625	5.721683966285819e-05	0.06896349426681266	0.0	0.06896349426681266
0.265	0.07022500000000001	5.7590622779499834e-05	0.07028261764558233	0.0	0.07028261764558233
0.2675	0.07155625	5.795690418314534e-05	0.0716142335218425	0.0	0.0716142335218425
0.27	0.0729	5.831579917377828e-05	0.07295834201148171	0.0	0.07295834201148171
0.2725	0.07425625000000001	5.866742483818664e-05	0.07431494323213012	0.0	0.07431494323213012
0.275	0.07562500000000001	5.901189977331459e-05	0.07568403730288552	0.0	0.07568403730288552
0.2775	0.07700625000000001	5.934934382229598e-05	0.07706562434405552	0.0	0.07706562434405552
0.28	0.07840000000000001	5.967987782311933e-05	0.07845970447690073	0.0	0.07845970447690073
0.28250000000000003	0.07980625000000002	6.0003623369835556e-05	0.07986627782340731	0.0	0.07986627782340731
0.28500000000000003	0.08122500000000002	6.032070258618469e-05	0.08128534450605489	0.0	0.08128534450605489
0.28750000000000003	0.08265625000000001	6.063123791148536e-05	0.08271690464760897	0.0	0.08271690464760897
0.29	0.0841	6.093535189860088e-05	0.0841609583709185	0.0	0.0841609583709185
0.2925	0.08555624999999999	6.123316702376861e-05	0.08561750579872927	0.0	0.08561750579872927
0.295	0.08702499999999999	6.152480550805437e-05	0.08708654705350681	0.0	0.08708654705350681
0.2975	0.08850625	6.181038915017192e-05	0.08856808225726709	0.0	0.08856808225726709
0.3	0.09	6.20900391703873e-05	0.09006211153142905	0.0	0.09006211153142905
0.3025	0.09150625	6.236387606521092e-05	0.09156863499666398	0.0	0.09156863499666398
0.305	0.093025	6.263201947256484e-05	0.09308765277276623	0.0	0.09308765277276623
0.3075	0.09455625	6.289458804710008e-05	0.09461916497852627	0.0	0.09461916497852627
0.31	0.0961	6.31516993453279e-05	0.09616317173162335	0.0	0.09616317173162335
0.3125	0.09765625	6.340346972022003e-05	0.0977196731485122	0.0	0.0977196731485122
0.315	0.09922500000000001	6.365001422492651e-05	0.09928866934433474	0.0	0.09928866934433474
0.3175	0.10080625	6.389144652525404e-05	0.10087016043283353	0.0	0.10087016043283353
0.32	0.1024	6.412787882054485e-05	0.10246414652626883	0.0	0.10246414652626883
0.3225	0.10400625000000001	6.43594217725941e-05	0.10407062773535244	0.0	0.10407062773535244
0.325	0.10562500000000001	6.458618444224381e-05	0.10568960416918467	0.0	0.10568960416918467
0.3275	0.10725625000000001	6.480827423329194e-05	0.10732107593519725	0.0	0.10732107593519725
0.33	0.10890000000000001	6.502579684335808e-05	0.10896504313910746	0.0	0.10896504313910746
0.3325	0.11055625000000001	6.523885622135044e-05	0.11062150588487482	0.0	0.11062150588487482
0.335	0.11222500000000002	6.54475545311836e-05	0.11229046427466426	0.0	0.11229046427466426
0.3375	0.11390625000000001	6.5651992121402e-05	0.11397191840881929	0.0	0.11397191840881929
0.34	0.11560000000000002	6.585226750037066e-05	0.11566586838583652	0.0	0.11566586838583652
0.3425	0.11730625000000001	6.60484773167019e-05	0.11737231430234603	0.0	0.11737231430234603
0.34500000000000003	0.11902500000000002	6.624071634459451e-05	0.11909125625309849	0.0	0.11909125625309849
0.34750000000000003	0.12075625000000002	6.642907747377076e-05	0.12082269433095354	0.0	0.12082269433095354
0.35000000000000003	0.12250000000000003	6.661365170370547e-05	0.12256662862687662	0.0	0.12256662862687662
0.3525	0.12425624999999998	6.679452814185075e-05	0.12432305922993624	0.0	0.12432305922993624
0.355	0.126025	6.697179400557035e-05	0.12609198622730844	0.0	0.12609198622730844
0.3575	0.12780624999999998	6.714553462750708e-05	0.12787340970427943	0.0	0.12787340970427943
0.36	0.1296	6.73158334641179e-05	0.1296673297442577	0.0	0.1296673297442577
0.3625	0.13140625	6.748277210712103e-05	0.1314737464287814	0.0	0.1314737464287814
0.365	0.13322499999999998	6.764643029761099e-05	0.1332926598375381	0.0	0.1332926598375381
0.3675	0.13505625	6.780688594260752e-05	0.13512407004837854	0.0	0.13512407004837854
0.37	0.1369	6.796421513381529e-05	0.13696797713733483	0.0	0.13696797713733483
0.3725	0.13875625	6.81184921683822e-05	0.13882438117864526	0.0	0.13882438117864526
0.375	0.140625	6.826978957145438e-05	0.14069328224477237	0.0	0.14069328224477237
0.3775	0.14250625	6.841817812033666e-05	0.1425746804064329	0.0	0.1425746804064329
0.38	0.1444	6.85637268700776e-05	0.1444685757326147	0.0	0.1444685757326147
0.3825	0.14630625	6.870650318030825e-05	0.1463749682906133	0.0	0.1463749682906133
0.385	0.148225	6.884657274317388e-05	0.14829385814605817	0.0	0.14829385814605817
0.3875	0.15015625000000002	6.898399961220708e-05	0.15022524536293264	0.0	0.15022524536293264
0.39	0.1521	6.911884623200134e-05	0.15216913000361734	0.0	0.15216913000361734
0.3925	0.15405625	6.925117346855153e-05	0.1541255121289124	0.0	0.1541255121289124
0.395	0.15602500000000002	6.93810406401382e-05	0.15609439179806622	0.0	0.15609439179806622
0.3975	0.15800625000000001	6.950850554864047e-05	0.1580757690688162	0.0	0.1580757690688162
0.4	0.16000000000000003	6.963362451117005e-05	0.16006964399741325	0.0	0.16006964399741325
0.4025	0.16200625000000002	6.975645239192813e-05	0.16207601663865293	0.0	0.16207601663865293
0.405	0.16402500000000003	6.987704263419325e-05	0.1640948870459132	0.0	0.1640948870459132
0.40750000000000003	0.16605625000000002	6.999544729235597e-05	0.16612625527118313	0.0	0.16612625527118313
0.41000000000000003	0.16810000000000003	7.011171706392336e-05	0.1681701213650945	0.0	0.1681701213650945
0.41250000000000003	0.17015625000000004	7.022590132142263e-05	0.17022648537695315	0.0	0.17022648537695315
0.41500000000000004	0.17222500000000002	7.033804814413933e-05	0.17229534735477636	0.0	0.17229534735477636
0.4175	0.17430625	7.044820434963208e-05	0.17437670734531543	0.0	0.17437670734531543
0.42	0.17639999999999997	7.055641552497087e-05	0.17647056539409803	0.0	0.17647056539409803
0.4225	0.17850624999999998	7.06627260576514e-05	0.17857692154544388	0.0	0.17857692154544388
0.425	0.18062499999999998	7.076717916614333e-05	0.18069577584251406	0.0	0.18069577584251406
0.4275	0.18275624999999998	7.086981693003436e-05	0.18282712832732315	0.0	0.18282712832732315
0.43	0.18489999999999998	7.097068031973721e-05	0.1849709790407838	0.0	0.1849709790407838
0.4325	0.18705625	7.10698092257299e-05	0.18712732802272825	0.0	0.18712732802272825
0.435	0.189225	7.116724248730442e-05	0.18929617531193296	0.0	0.18929617531193296
0.4375	0.19140625	7.126301792080183e-05	0.19147752094616013	0.0	0.19147752094616013
0.44	0.1936	7.135717234731543e-05	0.19367136496217188	0.0	0.19367136496217188
0.4425	0.19580625000000002	7.144974161984693e-05	0.1958777073957646	0.0	0.1958777073957646
0.445	0.198025	7.154076064990284e-05	0.19809654828179776	0.0	0.19809654828179776
0.4475	0.20025625	7.163026343352169e-05	0.20032788765420806	0.0	0.20032788765420806
0.45	0.2025	7.171828307672452e-05	0.20257172554605185	0.0	0.20257172554605185
0.4525	0.20475625	7.180485182038355e-05	0.20482806198951767	0.0	0.20482806198951767
0.455	0.20702500000000001	7.189000106450602e-05	0.20709689701595185	0.0	0.20709689701595185
0.4575	0.20930625000000003	7.197376139193198e-05	0.20937823065588812	0.0	0.20937823065588812
0.46	0.2116	7.20561625914464e-05	0.21167206293906418	0.0	0.21167206293906418
0.4625	0.21390625000000002	7.213723368030773e-05	0.21397839389445036	0.0	0.21397839389445036
0.465	0.21622500000000003	7.221700292619624e-05	0.21629722355026287	0.0	0.21629722355026287
0.4675	0.21855625000000004	7.229549786858657e-05	0.21862855193399697	0.0	0.21862855193399697
0.47000000000000003	0.22090000000000004	7.237274533955054e-05	0.22097237907243905	0.0	0.22097237907243905
0.47250000000000003	0.22325625000000002	7.24487714839965e-05	0.2233287049916848	0.0	0.2233287049916848
0.47500000000000003	0.22562500000000002	7.252360177935318e-05	0.22569752971717214	0.0	0.22569752971717214
0.47750000000000004	0.22800625000000002	7.259726105470574e-05	0.22807885327368146	0.0	0.22807885327368146
0.48	0.2304	7.266977350939374e-05	0.23047267568537302	0.0	0.23047267568537302
0.4825	0.23280625	7.274116273107976e-05	0.23287899697579084	0.0	0.23287899697579084
0.485	0.235225	7.281145171329924e-05	0.23529781716788747	0.0	0.23529781716788747
0.4875	0.23765624999999999	7.288066287250143e-05	0.23772913628404205	0.0	0.23772913628404205
0.49	0.24009999999999998	7.294881806459266e-05	0.24017295434606759	0.0	0.24017295434606759
0.4925	0.24255625	7.301593860099247e-05	0.24262927137523715	0.0	0.24262927137523715
0.495	0.245025	7.308204526421383e-05	0.24509808739229638	0.0	0.24509808739229638
0.4975	0.24750625	7.314715832297914e-05	0.2475794024174776	0.0	0.2475794024174776
0.5	0.25	7.321129754688279e-05	0.25007321647051195	0.0	0.25007321647051195
0.5025000000000001	0.25250625000000004	7.327448222061225e-05	0.2525795295706504	0.0	0.2525795295706504
0.505	0.255025	7.333673115773892e-05	0.2550983417366717	0.0	0.2550983417366717
0.5075000000000001	0.25755625000000004	7.339806271409023e-05	0.2576296529868978	0.0	0.2576296529868978
0.51	0.2601	7.345849480071428e-05	0.26017346333920577	0.0	0.26017346333920577
0.5125	0.26265625	7.351804489644851e-05	0.2627297728110403	0.0	0.2627297728110403
0.515	0.265225	7.357673006010346e-05	0.2652985814194313	0.0	0.2652985814194313
0.5175	0.26780624999999997	7.363456694227247e-05	0.2678798891809983	0.0	0.2678798891809983
0.52	0.27040000000000003	7.369157179677872e-05	0.2704736961119599	0.0	0.2704736961119599
0.5225	0.27300624999999995	7.37477604917696e-05	0.27308000222815926	0.0	0.27308000222815926
0.525	0.275625	7.380314852046986e-05	0.2756988075450591	0.0	0.2756988075450591
0.5275	0.27825625	7.385775101160289e-05	0.2783301120777592	0.0	0.2783301120777592
0.53	0.28090000000000004	7.391158273949105e-05	0.2809739158410051	0.0	0.2809739158410051
0.5325	0.28355624999999995	7.396465813384443e-05	0.2836302188492003	0.0	0.2836302188492003
0.535	0.286225	7.40169912892481e-05	0.2862990211164102	0.0	0.2862990211164102
0.5375	0.28890625	7.406859597435697e-05	0.2889803226563833	0.0	0.2889803226563833
0.54	0.2916	7.411948564080781e-05	0.291674123482538	0.0	0.291674123482538
0.5425	0.29430625	7.416967343185709e-05	0.2943804236079952	0.0	0.2943804236079952
0.545	0.29702500000000004	7.421917219075366e-05	0.2970992230455763	0.0	0.2970992230455763
0.5475	0.29975625	7.426799446885455e-05	0.29983052180780584	0.0	0.29983052180780584
0.55	0.30250000000000005	7.431615253349251e-05	0.3025743199069294	0.0	0.3025743199069294
0.5525	0.30525625	7.43636583756027e-05	0.30533061735491424	0.0	0.30533061735491424
0.555	0.30802500000000005	7.441052371711717e-05	0.30809941416345943	0.0	0.30809941416345943
0.5575	0.31080625	7.445676001813391e-05	0.310880710344003	0.0	0.310880710344003
0.56	0.31360000000000005	7.450237848386832e-05	0.3136745059077298	0.0	0.3136745059077298
0.5625	0.31640625	7.454739007139404e-05	0.31648080086557406	0.0	0.31648080086557406
0.5650000000000001	0.3192250000000001	7.459180549617993e-05	0.3192995952282337	0.0	0.3192995952282337
0.5675	0.32205625	7.463563523843016e-05	0.32213088900616615	0.0	0.32213088900616615
0.5700000000000001	0.3249000000000001	7.467888954923353e-05	0.3249746822096026	0.0	0.3249746822096026
0.5725	0.32775625	7.472157845652855e-05	0.3278309748485565	0.0	0.3278309748485565
0.5750000000000001	0.33062500000000006	7.476371177089018e-05	0.33069976693281383	0.0	0.33069976693281383
0.5775	0.33350625	7.480529909114409e-05	0.3335810584719619	0.0	0.3335810584719619
0.58	0.3364	7.484634980981415e-05	0.3364748494753667	0.0	0.3364748494753667
0.5825	0.33930625000000003	7.488687311840864e-05	0.3393811399522049	0.0	0.3393811399522049
0.585	0.34222499999999995	7.492687801255025e-05	0.3422999299114581	0.0	0.3422999299114581
0.5875	0.34515625000000005	7.496637329695535e-05	0.3452312193619097	0.0	0.3452312193619097
0.59	0.34809999999999997	7.500536759026708e-05	0.3481750083121701	0.0	0.3481750083121701
0.5925	0.35105625	7.504386932974733e-05	0.3511312967706541	0.0	0.3511312967706541
0.595	0.354025	7.508188677583189e-05	0.35410008474560617	0.0	0.35410008474560617
0.5975	0.35700625	7.511942801655359e-05	0.35708137224509945	0.0	0.35708137224509945
0.6	0.36	7.515650097183743e-05	0.3600751592770388	0.0	0.3600751592770388
0.6025	0.36300625000000003	7.519311339767188e-05	0.36308144584916935	0.0	0.36308144584916935
0.605	0.366025	7.522927289016051e-05	0.3661002319690688	0.0	0.3661002319690688
0.6075	0.36905625000000003	7.52649868894577e-05	0.36913151764416474	0.0	0.36913151764416474
0.61	0.3721	7.53002626835921e-05	0.3721753028817333	0.0	0.3721753028817333
0.6125	0.3751562500000001	7.533510741218144e-05	0.37523158768889425	0.0	0.37523158768889425
0.615	0.378225	7.536952807004245e-05	0.37830037207263517	0.0	0.37830037207263517
0.6175	0.38130625000000007	7.54035315106988e-05	0.3813816560397932	0.0	0.3813816560397932
0.62	0.3844	7.543712444979056e-05	0.3844754395970763	0.0	0.3844754395970763
0.6225	0.38750625000000005	7.547031346838835e-05	0.38758172275104963	0.0	0.38758172275104963
0.625	0.390625	7.550310501621495e-05	0.39070050550814883	0.0	0.39070050550814883
0.6275000000000001	0.3937562500000001	7.553550541477758e-05	0.3938317878746898	0.0	0.3938317878746898
0.63	0.39690000000000003	7.556752086041345e-05	0.39697556985685106	0.0	0.39697556985685106
0.6325000000000001	0.40005625000000006	7.559915742725128e-05	0.4001318514606989	0.0	0.4001318514606989
0.635	0.403225	7.563042107009164e-05	0.4033006326921761	0.0	0.4033006326921761
0.6375000000000001	0.4064062500000001	7.566131762720844e-05	0.4064819135571105	0.0	0.4064819135571105
0.64	0.4096	7.569185282307395e-05	0.4096756940612173	0.0	0.4096756940612173
0.6425	0.41280624999999993	7.572203227100998e-05	0.4128819742100955	0.0	0.4128819742100955
0.645	0.41602500000000003	7.575186147576727e-05	0.4161007540092427	0.0	0.4161007540092427
0.6475	0.41925624999999994	7.578134583603534e-05	0.41933203346404807	0.0	0.41933203346404807
0.65	0.42250000000000004	7.581049064688505e-05	0.42257581257979476	0.0	0.42257581257979476
0.6525	0.42575624999999995	7.583930110214568e-05	0.4258320913616701	0.0	0.4258320913616701
0.655	0.42902500000000005	7.586778229671879e-05	0.42910086981475837	0.0	0.42910086981475837
0.6575	0.43230624999999995	7.589593922883056e-05	0.43238214794404783	0.0	0.43238214794404783
0.66	0.43560000000000004	7.592377680222465e-05	0.4356759257544371	0.0	0.4356759257544371
0.6625	0.43890625	7.595129982829716e-05	0.4389822032507217	0.0	0.4389822032507217
0.665	0.44222500000000003	7.597851302817564e-05	0.4423009804376217	0.0	0.4423009804376217
0.6675	0.44555625	7.600542103474357e-05	0.4456322573197588	0.0	0.4456322573197588
0.67	0.4489000000000001	7.60320283946123e-05	0.4489760339016698	0.0	0.4489760339016698
0.6725	0.45225624999999997	7.605833957004153e-05	0.45233231018780795	0.0	0.45233231018780795
0.675	0.45562500000000006	7.608435894081034e-05	0.45570108618255006	0.0	0.45570108618255006
0.6775	0.45900625	7.611009080603985e-05	0.45908236189018403	0.0	0.45908236189018403
0.68	0.4624000000000001	7.613553938596909e-05	0.4624761373149266	0.0	0.4624761373149266
0.6825	0.46580625	7.616070882368539e-05	0.4658824124609055	0.0	0.4658824124609055
0.685	0.46922500000000006	7.618560318681083e-05	0.4693011873321886	0.0	0.4693011873321886
0.6875	0.47265625	7.621022646914563e-05	0.472732461932761	0.0	0.472732461932761
0.6900000000000001	0.4761000000000001	7.623458259227002e-05	0.47617623626653854	0.0	0.47617623626653854
0.6925	0.47955625	7.625867540710573e-05	0.479632510337361	0.0	0.479632510337361
0.6950000000000001	0.4830250000000001	7.628250869543826e-05	0.48310128414900805	0.0	0.48310128414900805
0.6975	0.48650625000000003	7.630608617140099e-05	0.4865825577051838	0.0	0.4865825577051838
0.7000000000000001	0.4900000000000001	7.632941148292215e-05	0.4900763310095299	0.0	0.4900763310095299
0.7025	0.49350625000000004	7.635248821313605e-05	0.49358260406562937	0.0	0.49358260406562937
0.705	0.49702499999999994	7.637531988175914e-05	0.49710137687699174	0.0	0.49710137687699174
0.7075	0.50055625	7.639790994643222e-05	0.5006326494470671	0.0	0.5006326494470671
0.71	0.5041	7.642026180402952e-05	0.5041764217792482	0.0	0.5041764217792482
0.7125	0.50765625	7.644237879193572e-05	0.5077326938768657	0.0	0.5077326938768657
0.715	0.5112249999999999	7.646426418929191e-05	0.511301465743192	0.0	0.511301465743192
0.7175	0.51480625	7.648592121821096e-05	0.5148827373814453	0.0	0.5148827373814453
0.72	0.5184	7.65073530449636e-05	0.5184765087947902	0.0	0.5184765087947902
0.7225	0.52200625	7.652856278113576e-05	0.5220827799863306	0.0	0.5220827799863306
0.725	0.525625	7.654955348475801e-05	0.525701550959115	0.0	0.525701550959115
0.7275	0.5292562500000001	7.657032816140789e-05	0.5293328217161493	0.0	0.5293328217161493
0.73	0.5328999999999999	7.659088976528583e-05	0.5329765922603787	0.0	0.5329765922603787
0.7325	0.5365562500000001	7.661124120026556e-05	0.5366328625947059	0.0	0.5366328625947059
0.735	0.540225	7.663138532091922e-05	0.5403016327219818	0.0	0.5403016327219818
0.7375	0.54390625	7.665132493351862e-05	0.5439829026450022	0.0	0.5439829026450022
0.74	0.5476	7.667106279701249e-05	0.5476766723665278	0.0	0.5476766723665278
0.7425	0.5513062500000001	7.669060162398097e-05	0.5513829418892621	0.0	0.5513829418892621
0.745	0.555025	7.670994408156762e-05	0.5551017112158668	0.0	0.5551017112158668
0.7475	0.5587562500000001	7.672909279238959e-05	0.5588329803489664	0.0	0.5588329803489664
0.75	0.5625	7.674805033542682e-05	0.5625767492911307	0.0	0.5625767492911307
0.7525000000000001	0.5662562500000001	7.676681924689022e-05	0.5663330180448993	0.0	0.5663330180448993
0.755	0.570025	7.678540202107019e-05	0.5701017866127497	0.0	0.5701017866127497
0.7575000000000001	0.5738062500000001	7.68038011111652e-05	0.5738830549971419	0.0	0.5738830549971419
0.76	0.5776	7.682201893009155e-05	0.5776768232004792	0.0	0.5776768232004792
0.7625000000000001	0.5814062500000001	7.68400578512745e-05	0.5814830912251364	0.0	0.5814830912251364
0.765	0.585225	7.68579202094213e-05	0.5853018590734363	0.0	0.5853018590734363
0.7675000000000001	0.5890562500000001	7.687560830127673e-05	0.5891331267476799	0.0	0.5891331267476799
0.77	0.5929	7.689312438636133e-05	0.5929768942501222	0.0	0.5929768942501222
0.7725	0.59675625	7.69104706876931e-05	0.5968331615829797	0.0	0.5968331615829797
0.775	0.6006250000000001	7.692764939249284e-05	0.6007019287484343	0.0	0.6007019287484343
0.7775	0.6045062499999999	7.694466265287364e-05	0.6045831957486401	0.0	0.6045831957486401
0.78	0.6084	7.696151258651497e-05	0.6084769625857096	0.0	0.6084769625857096
0.7825	0.6123062499999999	7.697820127732168e-05	0.6123832292617251	0.0	0.6123832292617251
0.785	0.616225	7.699473077606835e-05	0.6163019957787306	0.0	0.6163019957787306
0.7875	0.62015625	7.701110310102933e-05	0.6202332621387412	0.0	0.6202332621387412
0.79	0.6241000000000001	7.702732023859483e-05	0.6241770283437436	0.0	0.6241770283437436
0.7925	0.62805625	7.704338414387354e-05	0.6281332943956944	0.0	0.6281332943956944
0.795	0.6320250000000001	7.705929674128184e-05	0.6321020602965011	0.0	0.6321020602965011
0.7975	0.63600625	7.707505992512017e-05	0.63608332604807	0.0	0.63608332604807
0.8	0.6400000000000001	7.709067556013684e-05	0.640077091652259	0.0	0.640077091652259
0.8025	0.64400625	7.710614548207959e-05	0.6440833571108968	0.0	0.6440833571108968
0.805	0.6480250000000001	7.71214714982351e-05	0.6481021224257936	0.0	0.6481021224257936
0.8075	0.65205625	7.71366553879568e-05	0.6521333875987265	0.0	0.6521333875987265
0.81	0.6561000000000001	7.71516989031814e-05	0.6561771526314437	0.0	0.6561771526314437
0.8125	0.66015625	7.716660376893436e-05	0.6602334175256667	0.0	0.6602334175256667
0.8150000000000001	0.6642250000000001	7.718137168382423e-05	0.6643021822830966	0.0	0.6643021822830966
0.8175	0.66830625	7.719600432052676e-05	0.6683834469054019	0.0	0.6683834469054019
0.8200000000000001	0.6724000000000001	7.721050332625858e-05	0.6724772113942321	0.0	0.6724772113942321
0.8225	0.67650625	7.722487032324063e-05	0.6765834757512104	0.0	0.6765834757512104
0.8250000000000001	0.6806250000000001	7.723910690915216e-05	0.6807022399779267	0.0	0.6807022399779267
0.8275	0.6847562500000001	7.725321465757469e-05	0.6848335040759604	0.0	0.6848335040759604
0.8300000000000001	0.6889000000000001	7.726719511842706e-05	0.6889772680468578	0.0	0.6889772680468578
0.8325	0.69305625	7.7281049818391e-05	0.6931335318921513	0.0	0.6931335318921513
0.835	0.697225	7.7294780261328e-05	0.6973022956133511	0.0	0.6973022956133511
0.8375	0.70140625	7.730838792868741e-05	0.7014835592119298	0.0	0.7014835592119298
0.84	0.7055999999999999	7.732187427990607e-05	0.7056773226893571	0.0	0.7056773226893571
0.8425	0.7098062500000001	7.73352407527996e-05	0.7098835860470776	0.0	0.7098835860470776
0.845	0.7140249999999999	7.73484887639457e-05	0.7141023492865077	0.0	0.7141023492865077
0.8475	0.71825625	7.736161970905944e-05	0.718333612409048	0.0	0.718333612409048
0.85	0.7224999999999999	7.737463496336088e-05	0.7225773754160913	0.0	0.7225773754160913
0.8525	0.7267562500000001	7.738753588193522e-05	0.7268336383089898	0.0	0.7268336383089898
0.855	0.7310249999999999	7.740032380008542e-05	0.7311024010890965	0.0	0.7311024010890965
0.8575	0.73530625	7.741300003367784e-05	0.7353836637577412	0.0	0.7353836637577412
0.86	0.7395999999999999	7.742556587948072e-05	0.739677426316228	0.0	0.739677426316228
0.8625	0.7439062500000001	7.743802261549582e-05	0.7439836887658469	0.0	0.7439836887658469
0.865	0.748225	7.745037150128336e-05	0.7483024511079178	0.0	0.7483024511079178
0.8675	0.75255625	7.746261377828053e-05	0.7526337133436555	0.0	0.7526337133436555
0.87	0.7569	7.747475067011341e-05	0.7569774754743278	0.0	0.7569774754743278
0.8725	0.7612562500000001	7.748678338290276e-05	0.7613337375011678	0.0	0.7613337375011678
0.875	0.765625	7.749871310556373e-05	0.7657024994253961	0.0	0.7657024994253961
0.8775000000000001	0.7700062500000001	7.75105410100995e-05	0.7700837612482215	0.0	0.7700837612482215
0.88	0.7744	7.75222682518891e-05	0.7744775229708394	0.0	0.7744775229708394
0.8825000000000001	0.7788062500000001	7.753389596996976e-05	0.7788837845944306	0.0	0.7788837845944306
0.885	0.7832250000000001	7.754542528731324e-05	0.783302546120181	0.0	0.783302546120181
0.8875000000000001	0.7876562500000002	7.755685731109718e-05	0.7877338075492349	0.0	0.7877338075492349
0.89	0.7921	7.756819313297084e-05	0.792177568882763	0.0	0.792177568882763
0.8925000000000001	0.7965562500000001	7.757943382931566e-05	0.7966338301218994	0.0	0.7966338301218994
0.895	0.801025	7.759058046150092e-05	0.801102591267788	0.0	0.801102591267788
0.8975	0.80550625	7.760163407613419e-05	0.8055838523215536	0.0	0.8055838523215536
0.9	0.81	7.761259570530698e-05	0.8100776132843219	0.0	0.8100776132843219
0.9025	0.81450625	7.762346636683585e-05	0.814583874157208	0.0	0.814583874157208
0.905	0.819025	7.763424706449845e-05	0.8191026349413275	0.0	0.8191026349413275
0.9075	0.82355625	7.764493878826542e-05	0.8236338956377923	0.0	0.8236338956377923
0.91	0.8281000000000001	7.76555425145276e-05	0.8281776562477043	0.0	0.8281776562477043
0.9125	0.83265625	7.766605920631899e-05	0.83273391677217	0.0	0.83273391677217
0.915	0.8372250000000001	7.767648981353529e-05	0.837302677212289	0.0	0.837302677212289
0.9175	0.84180625	7.768683527314861e-05	0.841883937569166	0.0	0.841883937569166
0.92	0.8464	7.769709650941771e-05	0.8464776978439096	0.0	0.8464776978439096
0.9225	0.85100625	7.770727443409456e-05	0.8510839580376265	0.0	0.8510839580376265
0.925	0.8556250000000001	7.771736994662676e-05	0.8557027181514264	0.0	0.8557027181514264
0.9275	0.86025625	7.77273839343564e-05	0.8603339781864329	0.0	0.8603339781864329
0.93	0.8649000000000001	7.773731727271498e-05	0.8649777381437634	0.0	0.8649777381437634
0.9325	0.86955625	7.77471708254147e-05	0.8696339980245573	0.0	0.8696339980245573
0.935	0.8742250000000001	7.775694544463627e-05	0.8743027578299848	0.0	0.8743027578299848
0.9375	0.87890625	7.776664197121322e-05	0.8789840175611342	0.0	0.8789840175611342
0.9400000000000001	0.8836000000000002	7.77762612348126e-05	0.8836777772192652	0.0	0.8836777772192652
0.9425	0.88830625	7.778580405411256e-05	0.8883840368055442	0.0	0.8883840368055442
0.9450000000000001	0.8930250000000001	7.779527123697653e-05	0.8931027963212239	0.0	0.8931027963212239
0.9475	0.89775625	7.780466358062417e-05	0.8978340557675499	0.0	0.8978340557675499
0.9500000000000001	0.9025000000000001	7.781398187179925e-05	0.9025778151458428	0.0	0.9025778151458428
0.9525	0.90725625	7.782322688693435e-05	0.9073340744574605	0.0	0.9073340744574605
0.9550000000000001	0.9120250000000001	7.783239939231269e-05	0.9121028337038334	0.0	0.9121028337038334
0.9575	0.91680625	7.78415001442268e-05	0.9168840928864599	0.0	0.9168840928864599
0.96	0.9216	7.785052988913457e-05	0.9216778520069682	0.0	0.9216778520069682
0.9625	0.9264062500000001	7.785948936381218e-05	0.9264841110670861	0.0	0.9264841110670861
0.965	0.931225	7.786837929550449e-05	0.9313028700687472	0.0	0.9313028700687472
0.9675	0.93605625	7.787720040207255e-05	0.9361341290140822	0.0	0.9361341290140822
0.97	0.9409	7.78859533921386e-05	0.9409778879055279	0.0	0.9409778879055279
0.9725	0.9457562500000001	7.789463896522833e-05	0.9458341467459146	0.0	0.9458341467459146
0.975	0.9506249999999999	7.790325781191064e-05	0.9507029055386362	0.0	0.9507029055386362
0.9775	0.9555062500000001	7.791181061393498e-05	0.9555841642878637	0.0	0.9555841642878637
0.98	0.9603999999999999	7.792029804436608e-05	0.9604779229988946	0.0	0.9604779229988946
0.9825	0.96530625	7.792872076771646e-05	0.9653841816787508	0.0	0.9653841816787508
0.985	0.970225	7.793707944007641e-05	0.9703029403371662	0.0	0.9703029403371662
0.9875	0.9751562500000001	7.794537470924181e-05	0.975234198988424	0.0	0.975234198988424
0.99	0.9801	7.795360721483968e-05	0.9801779576549831	0.0	0.9801779576549831
0.9925	0.9850562500000001	7.796177758845139e-05	0.9851342163757908	0.0	0.9851342163757908
0.995	0.990025	7.796988645373389e-05	0.9901029752282818	0.0	0.9901029752282818
0.9975	0.9950062500000001	7.797793442653867e-05	0.9950842344056204	0.0	0.9950842344056204
1.0	1.0	7.798592211502872e-05	1.0000779946802711	0.0	1.0000779946802711
