-1.0	-1.0	-0.11293388899608998	-1.1137346173527427	0.0	(-1.1137346173527427+0j)
-0.998	-0.996004	-0.11269726811088619	-1.109454936428541	0.0	(-1.109454936428541+0j)
-0.996	-0.992016	-0.11246009147007585	-1.1052020447397612	0.0	(-1.1052020447397612+0j)
-0.994	-0.988036	-0.1122223598227854	-1.1009642696909598	0.0	(-1.1009642696909598+0j)
-0.992	-0.9840639999999999	-0.11198407393932835	-1.0967381545950847	0.0	(-1.0967381545950847+0j)
-0.99	-0.9801	-0.11174523461131793	-1.0925221844962762	0.0	(-1.0925221844962762+0j)
-0.988	-0.976144	-0.11150584265177928	-1.0883155528322055	0.0	(-1.0883155528322055+0j)
-0.986	-0.972196	-0.11126589889526126	-1.0841177761741903	0.0	(-1.0841177761741903+0j)
-0.984	-0.968256	-0.11102540419794782	-1.07992854057865	0.0	(-1.07992854057865+0j)
-0.982	-0.964324	-0.11078435943776886	-1.0757476299981208	0.0	(-1.0757476299981208+0j)
-0.98	-0.9603999999999999	-0.11054276551451056	-1.0715748890869163	0.0	(-1.0715748890869163+0j)
-0.978	-0.956484	-0.11030062334992549	-1.067410202245872	0.0	(-1.067410202245872+0j)
-0.976	-0.952576	-0.11005793388784178	-1.0632534810513454	0.0	(-1.0632534810513454+0j)
-0.974	-0.948676	-0.10981469809427222	-1.0591046563254445	0.0	(-1.0591046563254445+0j)
-0.972	-0.944784	-0.10957091695752261	-1.0549636729243137	0.0	(-1.0549636729243137+0j)
-0.97	-0.9409	-0.10932659148829958	-1.0508304861935018	0.0	(-1.0508304861935018+0j)
-0.968	-0.937024	-0.10908172271981804	-1.046705059485826	0.0	(-1.046705059485826+0j)
-0.966	-0.933156	-0.10883631170790775	-1.042587362379627	0.0	(-1.042587362379627+0j)
-0.964	-0.9292959999999999	-0.10859035953111974	-1.0384773693717047	0.0	(-1.0384773693717047+0j)
-0.962	-0.9254439999999999	-0.10834386729083181	-1.0343750589000422	0.0	(-1.0343750589000422+0j)
-0.96	-0.9216	-0.10809683611135354	-1.0302804126008882	0.0	(-1.0302804126008882+0j)
-0.9580000000000001	-0.9177640000000001	-0.10784926714003085	-1.0261934147353855	0.0	(-1.0261934147353855+0j)
-0.9560000000000001	-0.9139360000000002	-0.1076011615473497	-1.0221140517412048	0.0	(-1.0221140517412048+0j)
-0.9540000000000001	-0.9101160000000001	-0.10735252052703932	-1.0180423118775266	0.0	(-1.0180423118775266+0j)
-0.9520000000000001	-0.9063040000000001	-0.1071033452961749	-1.0139781849410694	0.0	(-1.0139781849410694+0j)
-0.9500000000000001	-0.9025000000000001	-0.10685363709527927	-1.0099216620364577	0.0	(-1.0099216620364577+0j)
-0.9480000000000001	-0.8987040000000002	-0.10660339718842432	-1.0058727353889854	0.0	(-1.0058727353889854+0j)
-0.9460000000000001	-0.8949160000000002	-0.10635262686333152	-1.0018313981906142	0.0	(-1.0018313981906142+0j)
-0.9440000000000001	-0.8911360000000002	-0.10610132743147183	-0.9977976444723315	0.0	(-0.9977976444723315+0j)
-0.9420000000000001	-0.8873640000000002	-0.10584950022816482	-0.9937714689976527	0.0	(-0.9937714689976527+0j)
-0.9400000000000001	-0.8836000000000002	-0.10559714661267727	-0.9897528671730733	0.0	(-0.9897528671730733+0j)
-0.9380000000000001	-0.8798440000000001	-0.10534426796832085	-0.9857418349724546	0.0	(-0.9857418349724546+0j)
-0.936	-0.8760960000000001	-0.10509086570254915	-0.9817383688726977	0.0	(-0.9817383688726977+0j)
-0.934	-0.8723560000000001	-0.10483694124705406	-0.9777424657987951	0.0	(-0.9777424657987951+0j)
-0.932	-0.8686240000000001	-0.10458249605786106	-0.9737541230766036	0.0	(-0.9737541230766036+0j)
-0.93	-0.8649000000000001	-0.10432753161542432	-0.9697733383921172	0.0	(-0.9697733383921172+0j)
-0.928	-0.8611840000000001	-0.10407204942472029	-0.9658001097562219	0.0	(-0.9658001097562219+0j)
-0.926	-0.8574760000000001	-0.1038160510153412	-0.9618344354738847	0.0	(-0.9618344354738847+0j)
-0.924	-0.8537760000000001	-0.10355953794158715	-0.9578763141174457	0.0	(-0.9578763141174457+0j)
-0.922	-0.8500840000000001	-0.10330251178255795	-0.9539257445029832	0.0	(-0.9539257445029832+0j)
-0.92	-0.8464	-0.10304497414224353	-0.9499827256696904	0.0	(-0.9499827256696904+0j)
-0.918	-0.842724	-0.10278692664961403	-0.946047256861552	0.0	(-0.946047256861552+0j)
-0.916	-0.839056	-0.10252837095870873	-0.9421193375112507	0.0	(-0.9421193375112507+0j)
-0.914	-0.835396	-0.10226930874872417	-0.9381989672257066	0.0	(-0.9381989672257066+0j)
-0.912	-0.831744	-0.10200974172410143	-0.9342861457733844	0.0	(-0.9342861457733844+0j)
-0.91	-0.8281000000000001	-0.10174967161461261	-0.9303808730728073	0.0	(-0.9303808730728073+0j)
-0.908	-0.8244640000000001	-0.10148910017544605	-0.9264831491823707	0.0	(-0.9264831491823707+0j)
-0.906	-0.820836	-0.10122802918729112	-0.9225929742911597	0.0	(-0.9225929742911597+0j)
-0.904	-0.817216	-0.10096646045642166	-0.9187103487107129	0.0	(-0.9187103487107129+0j)
-0.902	-0.813604	-0.10070439581477877	-0.9148352728675851	0.0	(-0.9148352728675851+0j)
-0.9	-0.81	-0.10044183712005243	-0.9109677472966241	0.0	(-0.9109677472966241+0j)
-0.898	-0.806404	-0.10017878625576226	-0.9071077726349418	0.0	(-0.9071077726349418+0j)
-0.896	-0.8028160000000001	-0.09991524513133739	-0.9032553496163254	0.0	(-0.9032553496163254+0j)
-0.894	-0.7992360000000001	-0.099651215682195	-0.8994104790663183	0.0	(-0.8994104790663183+0j)
-0.892	-0.795664	-0.09938669986981834	-0.8955731618976239	0.0	(-0.8955731618976239+0j)
-0.89	-0.7921	-0.09912169968183336	-0.891743399105967	0.0	(-0.891743399105967+0j)
-0.888	-0.788544	-0.09885621713208437	-0.887921191766301	0.0	(-0.887921191766301+0j)
-0.886	-0.784996	-0.09859025426070883	-0.8841065410293542	0.0	(-0.8841065410293542+0j)
-0.884	-0.781456	-0.0983238131342109	-0.8802994481184441	0.0	(-0.8802994481184441+0j)
-0.882	-0.7779240000000001	-0.09805689584553398	-0.876499914326581	0.0	(-0.876499914326581+0j)
-0.88	-0.7744	-0.0977895045141322	-0.8727079410138051	0.0	(-0.8727079410138051+0j)
-0.878	-0.770884	-0.09752164128604082	-0.8689235296047065	0.0	(-0.8689235296047065+0j)
-0.876	-0.767376	-0.09725330833394559	-0.8651466815862029	0.0	(-0.8651466815862029+0j)
-0.874	-0.763876	-0.09698450785725067	-0.8613773985054032	0.0	(-0.8613773985054032+0j)
-0.872	-0.760384	-0.09671524208214582	-0.8576156819677231	0.0	(-0.8576156819677231+0j)
-0.87	-0.7569	-0.09644551326167239	-0.8538615336351082	0.0	(-0.8538615336351082+0j)
-0.868	-0.753424	-0.09617532367578778	-0.8501149552243878	0.0	(-0.8501149552243878+0j)
-0.866	-0.749956	-0.09590467563142929	-0.846375948505731	0.0	(-0.846375948505731+0j)
-0.864	-0.7464959999999999	-0.0956335714625764	-0.8426445153012508	0.0	(-0.8426445153012508+0j)
-0.862	-0.7430439999999999	-0.09536201353031179	-0.8389206574837275	0.0	(-0.8389206574837275+0j)
-0.86	-0.7395999999999999	-0.09509000422288169	-0.8352043769753386	0.0	(-0.8352043769753386+0j)
-0.858	-0.7361639999999999	-0.09481754595575446	-0.8314956757465675	0.0	(-0.8314956757465675+0j)
-0.856	-0.7327359999999999	-0.09454464117167816	-0.827794555815139	0.0	(-0.827794555815139+0j)
-0.854	-0.729316	-0.09427129234073685	-0.8241010192450511	0.0	(-0.8241010192450511+0j)
-0.852	-0.725904	-0.0939975019604058	-0.8204150681456736	0.0	(-0.8204150681456736+0j)
-0.85	-0.7224999999999999	-0.09372327255560509	-0.8167367046708441	0.0	(-0.8167367046708441+0j)
-0.848	-0.719104	-0.09344860667875238	-0.8130659310181487	0.0	(-0.8130659310181487+0j)
-0.846	-0.7157159999999999	-0.09317350690981394	-0.8094027494281371	0.0	(-0.8094027494281371+0j)
-0.844	-0.712336	-0.0928979758563548	-0.805747162183635	0.0	(-0.805747162183635+0j)
-0.842	-0.7089639999999999	-0.09262201615358719	-0.8020991716091092	0.0	(-0.8020991716091092+0j)
-0.84	-0.7055999999999999	-0.09234563046441803	-0.798458780070067	0.0	(-0.798458780070067+0j)
-0.838	-0.702244	-0.0920688214794948	-0.7948259899724466	0.0	(-0.7948259899724466+0j)
-0.836	-0.698896	-0.09179159191725025	-0.7912008037621455	0.0	(-0.7912008037621455+0j)
-0.834	-0.695556	-0.0915139445239457	-0.7875832239244536	0.0	(-0.7875832239244536+0j)
-0.8320000000000001	-0.6922240000000002	-0.0912358820737129	-0.7839732529836801	0.0	(-0.7839732529836801+0j)
-0.8300000000000001	-0.6889000000000001	-0.09095740736859452	-0.7803708935025958	0.0	(-0.7803708935025958+0j)
-0.8280000000000001	-0.6855840000000001	-0.09067852323858341	-0.7767761480821266	0.0	(-0.7767761480821266+0j)
-0.8260000000000001	-0.6822760000000001	-0.09039923254166027	-0.7731890193609063	0.0	(-0.7731890193609063+0j)
-0.8240000000000001	-0.6789760000000001	-0.09011953816383006	-0.7696095100149083	0.0	(-0.7696095100149083+0j)
-0.8220000000000001	-0.6756840000000001	-0.08983944301915672	-0.7660376227571475	0.0	(-0.7660376227571475+0j)
-0.8200000000000001	-0.6724000000000001	-0.08955895004979686	-0.7624733603373125	0.0	(-0.7624733603373125+0j)
-0.8180000000000001	-0.669124	-0.08927806222603156	-0.7589167255414728	0.0	(-0.7589167255414728+0j)
-0.8160000000000001	-0.6658560000000001	-0.08899678254629717	-0.7553677211918106	0.0	(-0.7553677211918106+0j)
-0.8140000000000001	-0.6625960000000001	-0.08871511403721405	-0.7518263501463315	0.0	(-0.7518263501463315+0j)
-0.812	-0.659344	-0.08843305975361457	-0.7482926152986074	0.0	(-0.7482926152986074+0j)
-0.81	-0.6561000000000001	-0.08815062277856894	-0.7447665195775428	0.0	(-0.7447665195775428+0j)
-0.808	-0.6528640000000001	-0.0878678062234099	-0.7412480659471458	0.0	(-0.7412480659471458+0j)
-0.806	-0.6496360000000001	-0.08758461322775579	-0.7377372574063079	0.0	(-0.7377372574063079+0j)
-0.804	-0.6464160000000001	-0.08730104695953225	-0.7342340969886142	0.0	(-0.7342340969886142+0j)
-0.802	-0.6432040000000001	-0.08701711061499193	-0.7307385877621357	0.0	(-0.7307385877621357+0j)
-0.8	-0.6400000000000001	-0.08673280741873343	-0.727250732829251	0.0	(-0.727250732829251+0j)
-0.798	-0.636804	-0.08644814062371778	-0.7237705353264764	0.0	(-0.7237705353264764+0j)
-0.796	-0.6336160000000001	-0.08616311351128413	-0.7202979984242999	0.0	(-0.7202979984242999+0j)
-0.794	-0.6304360000000001	-0.08587772939116327	-0.7168331253270456	0.0	(-0.7168331253270456+0j)
-0.792	-0.627264	-0.08559199160149006	-0.7133759192726727	0.0	(-0.7133759192726727+0j)
-0.79	-0.6241000000000001	-0.08530590350881381	-0.7099263835327171	0.0	(-0.7099263835327171+0j)
-0.788	-0.620944	-0.08501946850810735	-0.7064845214120812	0.0	(-0.7064845214120812+0j)
-0.786	-0.617796	-0.08473269002277448	-0.7030503362489593	0.0	(-0.7030503362489593+0j)
-0.784	-0.6146560000000001	-0.08444557150465555	-0.6996238314147005	0.0	(-0.6996238314147005+0j)
-0.782	-0.6115240000000001	-0.0841581164340316	-0.6962050103136787	0.0	(-0.6962050103136787+0j)
-0.78	-0.6084	-0.0838703283196269	-0.6927938763832355	0.0	(-0.6927938763832355+0j)
-0.778	-0.605284	-0.08358221069860956	-0.689390433093519	0.0	(-0.689390433093519+0j)
-0.776	-0.602176	-0.08329376713659083	-0.6859946839474279	0.0	(-0.6859946839474279+0j)
-0.774	-0.599076	-0.08300500122762233	-0.6826066324804869	0.0	(-0.6826066324804869+0j)
-0.772	-0.5959840000000001	-0.08271591659419206	-0.6792262822607833	0.0	(-0.6792262822607833+0j)
-0.77	-0.5929	-0.08242651688721808	-0.6758536368888728	0.0	(-0.6758536368888728+0j)
-0.768	-0.589824	-0.08213680578604136	-0.672488699997698	0.0	(-0.672488699997698+0j)
-0.766	-0.586756	-0.08184678699841591	-0.6691314752525196	0.0	(-0.6691314752525196+0j)
-0.764	-0.583696	-0.08155646426049795	-0.665781966350829	0.0	(-0.665781966350829+0j)
-0.762	-0.580644	-0.08126584133683304	-0.6624401770222889	0.0	(-0.6624401770222889+0j)
-0.76	-0.5776	-0.08097492202034144	-0.6591061110286568	0.0	(-0.6591061110286568+0j)
-0.758	-0.574564	-0.08068371013230193	-0.6557797721637347	0.0	(-0.6557797721637347+0j)
-0.756	-0.571536	-0.08039220952233349	-0.6524611642533046	0.0	(-0.6524611642533046+0j)
-0.754	-0.568516	-0.08010042406837561	-0.649150291155046	0.0	(-0.649150291155046+0j)
-0.752	-0.565504	-0.07980835767666673	-0.6458471567585221	0.0	(-0.6458471567585221+0j)
-0.75	-0.5625	-0.07951601428172053	-0.6425517649850795	0.0	(-0.6425517649850795+0j)
-0.748	-0.559504	-0.079223397846301	-0.6392641197878443	0.0	(-0.6392641197878443+0j)
-0.746	-0.556516	-0.07893051236139526	-0.6359842251516256	0.0	(-0.6359842251516256+0j)
-0.744	-0.553536	-0.07863736184618483	-0.6327120850928968	0.0	(-0.6327120850928968+0j)
-0.742	-0.5505639999999999	-0.07834395034801482	-0.6294477036597473	0.0	(-0.6294477036597473+0j)
-0.74	-0.5476	-0.07805028194236166	-0.6261910849318254	0.0	(-0.6261910849318254+0j)
-0.738	-0.544644	-0.07775636073279868	-0.6229422330203099	0.0	(-0.6229422330203099+0j)
-0.736	-0.541696	-0.07746219085095991	-0.6197011520678535	0.0	(-0.6197011520678535+0j)
-0.734	-0.538756	-0.07716777645650223	-0.6164678462485669	0.0	(-0.6164678462485669+0j)
-0.732	-0.535824	-0.07687312173706529	-0.6132423197679474	0.0	(-0.6132423197679474+0j)
-0.73	-0.5328999999999999	-0.07657823090823002	-0.6100245768628846	0.0	(-0.6100245768628846+0j)
-0.728	-0.529984	-0.07628310821347495	-0.6068146218015711	0.0	(-0.6068146218015711+0j)
-0.726	-0.527076	-0.07598775792413058	-0.6036124588835259	0.0	(-0.6036124588835259+0j)
-0.724	-0.524176	-0.07569218433933234	-0.6004180924395155	0.0	(-0.6004180924395155+0j)
-0.722	-0.521284	-0.07539639178597102	-0.5972315268315477	0.0	(-0.5972315268315477+0j)
-0.72	-0.5184	-0.07510038461864185	-0.594052766452828	0.0	(-0.594052766452828+0j)
-0.718	-0.515524	-0.07480416721959135	-0.5908818157277331	0.0	(-0.5908818157277331+0j)
-0.716	-0.512656	-0.07450774399866238	-0.587718679111795	0.0	(-0.587718679111795+0j)
-0.714	-0.5097959999999999	-0.07421111939323721	-0.5845633610916248	0.0	(-0.5845633610916248+0j)
-0.712	-0.506944	-0.07391429786817888	-0.5814158661849627	0.0	(-0.5814158661849627+0j)
-0.71	-0.5041	-0.07361728391577027	-0.5782761989405807	0.0	(-0.5782761989405807+0j)
-0.708	-0.5012639999999999	-0.07332008205565159	-0.5751443639382829	0.0	(-0.5751443639382829+0j)
-0.706	-0.49843599999999993	-0.07302269683475562	-0.5720203657888899	0.0	(-0.5720203657888899+0j)
-0.704	-0.49561599999999995	-0.07272513282724129	-0.5689042091341985	0.0	(-0.5689042091341985+0j)
-0.7020000000000001	-0.4928040000000001	-0.07242739463442517	-0.565795898646971	0.0	(-0.565795898646971+0j)
-0.7000000000000001	-0.4900000000000001	-0.07212948688471085	-0.5626954390308803	0.0	(-0.5626954390308803+0j)
-0.6980000000000001	-0.4872040000000001	-0.07183141423351672	-0.5596028350205282	0.0	(-0.5596028350205282+0j)
-0.6960000000000001	-0.48441600000000007	-0.07153318136320144	-0.5565180913814077	0.0	(-0.5565180913814077+0j)
-0.6940000000000001	-0.48163600000000006	-0.07123479298298765	-0.5534412129098568	0.0	(-0.5534412129098568+0j)
-0.6920000000000001	-0.47886400000000007	-0.07093625382888366	-0.550372204433053	0.0	(-0.550372204433053+0j)
-0.6900000000000001	-0.4761000000000001	-0.07063756866360299	-0.5473110708090222	0.0	(-0.5473110708090222+0j)
-0.6880000000000001	-0.4733440000000001	-0.07033874227648212	-0.5442578169265609	0.0	(-0.5442578169265609+0j)
-0.686	-0.47059600000000007	-0.0700397794833964	-0.5412124477052588	0.0	(-0.5412124477052588+0j)
-0.684	-0.46785600000000005	-0.06974068512667353	-0.538174968095439	0.0	(-0.538174968095439+0j)
-0.682	-0.4651240000000001	-0.06944146407500532	-0.5351453830781822	0.0	(-0.5351453830781822+0j)
-0.68	-0.4624000000000001	-0.06914212122335742	-0.5321236976652793	0.0	(-0.5321236976652793+0j)
-0.678	-0.45968400000000004	-0.06884266149287709	-0.5291099168992021	0.0	(-0.5291099168992021+0j)
-0.676	-0.45697600000000005	-0.06854308983079896	-0.5261040458531063	0.0	(-0.5261040458531063+0j)
-0.674	-0.45427600000000007	-0.06824341121034849	-0.523106089630799	0.0	(-0.523106089630799+0j)
-0.672	-0.45158400000000004	-0.06794363063064392	-0.520116053366726	0.0	(-0.520116053366726+0j)
-0.67	-0.4489000000000001	-0.06764375311659575	-0.5171339422259217	0.0	(-0.5171339422259217+0j)
-0.668	-0.44622400000000007	-0.06734378371880448	-0.5141597614040441	0.0	(-0.5141597614040441+0j)
-0.666	-0.44355600000000006	-0.06704372751345625	-0.5111935161273038	0.0	(-0.5111935161273038+0j)
-0.664	-0.44089600000000007	-0.06674358960221638	-0.5082352116524688	0.0	(-0.5082352116524688+0j)
-0.662	-0.438244	-0.066443375112121	-0.5052848532668313	0.0	(-0.5052848532668313+0j)
-0.66	-0.43560000000000004	-0.06614308919546655	-0.502342446288204	0.0	(-0.502342446288204+0j)
-0.658	-0.432964	-0.06584273702969728	-0.49940799606487674	0.0	(-0.49940799606487674+0j)
-0.656	-0.43033600000000005	-0.06554232381729097	-0.4964815079756148	0.0	(-0.4964815079756148+0j)
-0.654	-0.42771600000000004	-0.06524185478564193	-0.4935629874296369	0.0	(-0.4935629874296369+0j)
-0.652	-0.42510400000000004	-0.06494133518694287	-0.4906524398665606	0.0	(-0.4906524398665606+0j)
-0.65	-0.42250000000000004	-0.06464077029806406	-0.48774987075643167	0.0	(-0.48774987075643167+0j)
-0.648	-0.419904	-0.06434016542043071	-0.4848552855996639	0.0	(-0.4848552855996639+0j)
-0.646	-0.417316	-0.06403952587989825	-0.4819686899270211	0.0	(-0.4819686899270211+0j)
-0.644	-0.41473600000000005	-0.06373885702662568	-0.4790900892996114	0.0	(-0.4790900892996114+0j)
-0.642	-0.41216400000000003	-0.06343816423494669	-0.47621948930883934	0.0	(-0.47621948930883934+0j)
-0.64	-0.4096	-0.06313745290323902	-0.47335689557639826	0.0	(-0.47335689557639826+0j)
-0.638	-0.407044	-0.06283672845379146	-0.4705023137542368	0.0	(-0.4705023137542368+0j)
-0.636	-0.404496	-0.06253599633266899	-0.4676557495245231	0.0	(-0.4676557495245231+0j)
-0.634	-0.40195600000000004	-0.06223526200957592	-0.4648172085996392	0.0	(-0.4648172085996392+0j)
-0.632	-0.399424	-0.06193453097771688	-0.4619866967221478	0.0	(-0.4619866967221478+0j)
-0.63	-0.39690000000000003	-0.0616338087536559	-0.45916421966473314	0.0	(-0.45916421966473314+0j)
-0.628	-0.394384	-0.061333100877173224	-0.45634978323021547	0.0	(-0.45634978323021547+0j)
-0.626	-0.391876	-0.06103241291112029	-0.45354339325148807	0.0	(-0.45354339325148807+0j)
-0.624	-0.389376	-0.06073175044127278	-0.45074505559149114	0.0	(-0.45074505559149114+0j)
-0.622	-0.386884	-0.06043111907618129	-0.4479547761431895	0.0	(-0.4479547761431895+0j)
-0.62	-0.3844	-0.06013052444702016	-0.4451725608295177	0.0	(-0.4451725608295177+0j)
-0.618	-0.381924	-0.05982997220743445	-0.4423984156033686	0.0	(-0.4423984156033686+0j)
-0.616	-0.379456	-0.05952946803338453	-0.43963234644752924	0.0	(-0.43963234644752924+0j)
-0.614	-0.376996	-0.059229017622988885	-0.43687435937465924	0.0	(-0.43687435937465924+0j)
-0.612	-0.374544	-0.05892862669636484	-0.4341244604272425	0.0	(-0.4341244604272425+0j)
-0.61	-0.3721	-0.05862830099546728	-0.43138265567753814	0.0	(-0.43138265567753814+0j)
-0.608	-0.369664	-0.05832804628392528	-0.4286489512275523	0.0	(-0.4286489512275523+0j)
-0.606	-0.367236	-0.05802786834687686	-0.4259233532089688	0.0	(-0.4259233532089688+0j)
-0.604	-0.364816	-0.05772777299080148	-0.42320586778312513	0.0	(-0.42320586778312513+0j)
-0.602	-0.36240399999999995	-0.057427766043350904	-0.4204965011409321	0.0	(-0.4204965011409321+0j)
-0.6	-0.36	-0.05712785335317756	-0.41779525950284996	0.0	(-0.41779525950284996+0j)
-0.598	-0.357604	-0.05682804078976145	-0.4151021491188176	0.0	(-0.4151021491188176+0j)
-0.596	-0.355216	-0.056528334243234626	-0.4124171762681801	0.0	(-0.4124171762681801+0j)
-0.594	-0.352836	-0.056228739624203904	-0.40974034725965924	0.0	(-0.40974034725965924+0j)
-0.592	-0.35046399999999994	-0.05592926286357146	-0.4070716684312673	0.0	(-0.4070716684312673+0j)
-0.59	-0.34809999999999997	-0.055629909912353476	-0.40441114615024437	0.0	(-0.40441114615024437+0j)
-0.588	-0.34574399999999994	-0.05533068674149702	-0.4017587868129908	0.0	(-0.4017587868129908+0j)
-0.586	-0.343396	-0.05503159934169452	-0.3991145968449942	0.0	(-0.3991145968449942+0j)
-0.584	-0.34105599999999997	-0.054732653723196606	-0.39647858270075786	0.0	(-0.39647858270075786+0j)
-0.582	-0.33872399999999997	-0.05443385591562286	-0.3938507508637049	0.0	(-0.3938507508637049+0j)
-0.58	-0.3364	-0.05413521196777073	-0.3912311078461187	0.0	(-0.3912311078461187+0j)
-0.578	-0.33408399999999994	-0.05383672794742228	-0.38861966018903676	0.0	(-0.38861966018903676+0j)
-0.5760000000000001	-0.33177600000000007	-0.05353840994114907	-0.38601641446217466	0.0	(-0.38601641446217466+0j)
-0.5740000000000001	-0.3294760000000001	-0.05324026405411533	-0.3834213772638126	0.0	(-0.3834213772638126+0j)
-0.5720000000000001	-0.3271840000000001	-0.05294229640987868	-0.3808345552207236	0.0	(-0.3808345552207236+0j)
-0.5700000000000001	-0.3249000000000001	-0.05264451315018952	-0.37825595498804665	0.0	(-0.37825595498804665+0j)
-0.5680000000000001	-0.3226240000000001	-0.0523469204347881	-0.3756855832491848	0.0	(-0.3756855832491848+0j)
-0.5660000000000001	-0.3203560000000001	-0.05204952444119972	-0.37312344671570363	0.0	(-0.37312344671570363+0j)
-0.5640000000000001	-0.31809600000000005	-0.05175233136452812	-0.37056955212720616	0.0	(-0.37056955212720616+0j)
-0.562	-0.31584400000000007	-0.05145534741724706	-0.36802390625120973	0.0	(-0.36802390625120973+0j)
-0.56	-0.31360000000000005	-0.05115857882898967	-0.36548651588301706	0.0	(-0.36548651588301706+0j)
-0.558	-0.3113640000000001	-0.05086203184633632	-0.36295738784559534	0.0	(-0.36295738784559534+0j)
-0.556	-0.3091360000000001	-0.05056571273260018	-0.3604365289894282	0.0	(-0.3604365289894282+0j)
-0.554	-0.3069160000000001	-0.050269627767611305	-0.3579239461923749	0.0	(-0.3579239461923749+0j)
-0.552	-0.30470400000000003	-0.049973783247498696	-0.35541964635950773	0.0	(-0.35541964635950773+0j)
-0.55	-0.30250000000000005	-0.049678185484470436	-0.35292363642300034	0.0	(-0.35292363642300034+0j)
-0.548	-0.30030400000000007	-0.04938284080659199	-0.35043592334190543	0.0	(-0.35043592334190543+0j)
-0.546	-0.29811600000000005	-0.04908775555756296	-0.3479565141020297	0.0	(-0.3479565141020297+0j)
-0.544	-0.29593600000000003	-0.04879293609649147	-0.3454854157157446	0.0	(-0.3454854157157446+0j)
-0.542	-0.293764	-0.048498388797667234	-0.343022635221794	0.0	(-0.343022635221794+0j)
-0.54	-0.2916	-0.04820412005033255	-0.340568179685134	0.0	(-0.340568179685134+0j)
-0.538	-0.28944400000000003	-0.047910136258451606	-0.3381220561967082	0.0	(-0.3381220561967082+0j)
-0.536	-0.28729600000000005	-0.04761644384047782	-0.3356842718732554	0.0	(-0.3356842718732554+0j)
-0.534	-0.285156	-0.04732304922911979	-0.33325483385710103	0.0	(-0.33325483385710103+0j)
-0.532	-0.28302400000000005	-0.04702995887110494	-0.3308337493159275	0.0	(-0.3308337493159275+0j)
-0.53	-0.28090000000000004	-0.04673717922694186	-0.32842102544255913	0.0	(-0.32842102544255913+0j)
-0.528	-0.27878400000000003	-0.046444716770680586	-0.32601666945472185	0.0	(-0.32601666945472185+0j)
-0.526	-0.27667600000000003	-0.04615257798967147	-0.32362068859479215	0.0	(-0.32362068859479215+0j)
-0.524	-0.27457600000000004	-0.04586076938432198	-0.3212330901295453	0.0	(-0.3212330901295453+0j)
-0.522	-0.272484	-0.045569297467851905	-0.31885388134990994	0.0	(-0.31885388134990994+0j)
-0.52	-0.27040000000000003	-0.04527816876604706	-0.3164830695706697	0.0	(-0.3164830695706697+0j)
-0.518	-0.268324	-0.04498738981701094	-0.3141206621301985	0.0	(-0.3141206621301985+0j)
-0.516	-0.266256	-0.044696967170914925	-0.31176666639017003	0.0	(-0.31176666639017003+0j)
-0.514	-0.264196	-0.04440690738974705	-0.30942108973524823	0.0	(-0.30942108973524823+0j)
-0.512	-0.262144	-0.04411721704705825	-0.3070839395727857	0.0	(-0.3070839395727857+0j)
-0.51	-0.2601	-0.04382790272770817	-0.30475522333248944	0.0	(-0.30475522333248944+0j)
-0.508	-0.258064	-0.043538971027608266	-0.3024349484661067	0.0	(-0.3024349484661067+0j)
-0.506	-0.256036	-0.04325042855346406	-0.30012312244706263	0.0	(-0.30012312244706263+0j)
-0.504	-0.254016	-0.04296228192251537	-0.2978197527701165	0.0	(-0.2978197527701165+0j)
-0.502	-0.252004	-0.04267453776227486	-0.2955248469509996	0.0	(-0.2955248469509996+0j)
-0.5	-0.25	-0.0423872027102656	-0.2932384125260281	0.0	(-0.2932384125260281+0j)
-0.498	-0.248004	-0.0421002834137563	-0.290960457051725	0.0	(-0.290960457051725+0j)
-0.496	-0.24601599999999998	-0.041813786529495585	-0.2886909881044018	0.0	(-0.2886909881044018+0j)
-0.494	-0.244036	-0.04152771872344436	-0.2864300132797659	0.0	(-0.2864300132797659+0j)
-0.492	-0.242064	-0.04124208667050697	-0.28417754019248653	0.0	(-0.28417754019248653+0j)
-0.49	-0.24009999999999998	-0.04095689705426047	-0.2819335764757428	0.0	(-0.2819335764757428+0j)
-0.488	-0.238144	-0.04067215656668288	-0.27969812978079117	0.0	(-0.27969812978079117+0j)
-0.486	-0.236196	-0.04038787190787936	-0.2774712077764953	0.0	(-0.2774712077764953+0j)
-0.484	-0.234256	-0.04010404978580753	-0.2752528181488414	0.0	(-0.2752528181488414+0j)
-0.482	-0.23232399999999997	-0.039820696916000944	-0.27304296860045224	0.0	(-0.27304296860045224+0j)
-0.48	-0.2304	-0.039537820021291366	-0.2708416668500733	0.0	(-0.2708416668500733+0j)
-0.47800000000000004	-0.22848400000000005	-0.039255425831529155	-0.2686489206320677	0.0	(-0.2686489206320677+0j)
-0.47600000000000003	-0.22657600000000003	-0.03897352108330306	-0.26646473769586526	0.0	(-0.26646473769586526+0j)
-0.47400000000000003	-0.22467600000000004	-0.03869211251965796	-0.26428912580543124	0.0	(-0.26428912580543124+0j)
-0.47200000000000003	-0.22278400000000004	-0.038411206889811464	-0.2621220927386835	0.0	(-0.2621220927386835+0j)
-0.47000000000000003	-0.22090000000000004	-0.03813081094886903	-0.2599636462869285	0.0	(-0.2599636462869285+0j)
-0.468	-0.21902400000000002	-0.03785093145753791	-0.25781379425426304	0.0	(-0.25781379425426304+0j)
-0.466	-0.21715600000000002	-0.03757157518184	-0.255672544456967	0.0	(-0.255672544456967+0j)
-0.464	-0.21529600000000002	-0.037292748892822566	-0.2535399047228712	0.0	(-0.2535399047228712+0j)
-0.462	-0.21344400000000002	-0.03701445936626864	-0.25141588289073347	0.0	(-0.25141588289073347+0j)
-0.46	-0.2116	-0.036736713382405535	-0.2493004868095699	0.0	(-0.2493004868095699+0j)
-0.458	-0.209764	-0.03645951772561228	-0.2471937243379873	0.0	(-0.2471937243379873+0j)
-0.456	-0.207936	-0.03618287918412597	-0.2450956033434889	0.0	(-0.2450956033434889+0j)
-0.454	-0.20611600000000002	-0.035906804549746645	-0.24300613170178678	0.0	(-0.24300613170178678+0j)
-0.452	-0.204304	-0.03563130061754096	-0.2409253172960571	0.0	(-0.2409253172960571+0j)
-0.45	-0.2025	-0.03535637418554508	-0.23885316801622866	0.0	(-0.23885316801622866+0j)
-0.448	-0.20070400000000002	-0.03508203205446595	-0.23678969175820494	0.0	(-0.23678969175820494+0j)
-0.446	-0.198916	-0.03480828102738139	-0.23473489642311496	0.0	(-0.23473489642311496+0j)
-0.444	-0.197136	-0.034535127909439654	-0.23268878991650524	0.0	(-0.23268878991650524+0j)
-0.442	-0.195364	-0.034262579507557504	-0.2306513801475411	0.0	(-0.2306513801475411+0j)
-0.44	-0.1936	-0.033990642630116405	-0.22862267502819367	0.0	(-0.22862267502819367+0j)
-0.438	-0.191844	-0.033719324086659425	-0.22660268247238985	0.0	(-0.22660268247238985+0j)
-0.436	-0.190096	-0.03344863068758551	-0.22459141039514816	0.0	(-0.22459141039514816+0j)
-0.434	-0.188356	-0.03317856924384341	-0.22258886671173028	0.0	(-0.22258886671173028+0j)
-0.432	-0.18662399999999998	-0.03290914656662425	-0.22059505933671347	0.0	(-0.22059505933671347+0j)
-0.43	-0.18489999999999998	-0.032640369467053926	-0.21860999618310303	0.0	(-0.21860999618310303+0j)
-0.428	-0.18318399999999999	-0.032372244755883364	-0.21663368516139686	0.0	(-0.21663368516139686+0j)
-0.426	-0.181476	-0.0321047792431782	-0.21466613417864513	0.0	(-0.21466613417864513+0j)
-0.424	-0.179776	-0.031837979738008754	-0.21270735113747366	0.0	(-0.21270735113747366+0j)
-0.422	-0.178084	-0.03157185304813674	-0.21075734393511275	0.0	(-0.21075734393511275+0j)
-0.42	-0.17639999999999997	-0.0313064059797033	-0.20881612046239614	0.0	(-0.20881612046239614+0j)
-0.418	-0.174724	-0.031041645336914794	-0.20688368860273731	0.0	(-0.20688368860273731+0j)
-0.41600000000000004	-0.17305600000000004	-0.030777577921728694	-0.20496005623109517	0.0	(-0.20496005623109517+0j)
-0.41400000000000003	-0.17139600000000002	-0.030514210533537228	-0.2030452312129297	0.0	(-0.2030452312129297+0j)
-0.41200000000000003	-0.16974400000000003	-0.030251549968852084	-0.20113922140311344	0.0	(-0.20113922140311344+0j)
-0.41000000000000003	-0.16810000000000003	-0.02998960302098709	-0.19924203464485027	0.0	(-0.19924203464485027+0j)
-0.40800000000000003	-0.16646400000000003	-0.02972837647973972	-0.1973536787685742	0.0	(-0.1973536787685742+0j)
-0.406	-0.164836	-0.02946787713107371	-0.19547416159080652	0.0	(-0.19547416159080652+0j)
-0.404	-0.16321600000000003	-0.029208111756798827	-0.19360349091303186	0.0	(-0.19360349091303186+0j)
-0.402	-0.16160400000000003	-0.02894908713425133	-0.19174167452052063	0.0	(-0.19174167452052063+0j)
-0.4	-0.16000000000000003	-0.028690810035972847	-0.18988872018115588	0.0	(-0.18988872018115588+0j)
-0.398	-0.15840400000000002	-0.028433287229389786	-0.18804463564423574	0.0	(-0.18804463564423574+0j)
-0.396	-0.156816	-0.02817652547649062	-0.18620942863926143	0.0	(-0.18620942863926143+0j)
-0.394	-0.155236	-0.02792053153350356	-0.18438310687470008	0.0	(-0.18438310687470008+0j)
-0.392	-0.15366400000000002	-0.027665312150573565	-0.18256567803673956	0.0	(-0.18256567803673956+0j)
-0.39	-0.1521	-0.027410874071438357	-0.18075714978802027	0.0	(-0.18075714978802027+0j)
-0.388	-0.150544	-0.02715722403310389	-0.17895752976634496	0.0	(-0.17895752976634496+0j)
-0.386	-0.14899600000000002	-0.02690436876551995	-0.1771668255833888	0.0	(-0.1771668255833888+0j)
-0.384	-0.147456	-0.026652314991254325	-0.175385044823373	0.0	(-0.175385044823373+0j)
-0.382	-0.145924	-0.02640106942516783	-0.17361219504173342	0.0	(-0.17361219504173342+0j)
-0.38	-0.1444	-0.026150638774086535	-0.17184828376376673	0.0	(-0.17184828376376673+0j)
-0.378	-0.142884	-0.025901029736476663	-0.17009331848326514	0.0	(-0.17009331848326514+0j)
-0.376	-0.141376	-0.025652249002116115	-0.16834730666112574	0.0	(-0.16834730666112574+0j)
-0.374	-0.139876	-0.025404303251767776	-0.16661025572396068	0.0	(-0.16661025572396068+0j)
-0.372	-0.138384	-0.025157199156851384	-0.16488217306266909	0.0	(-0.16488217306266909+0j)
-0.37	-0.1369	-0.024910943379114897	-0.1631630660310116	0.0	(-0.1631630660310116+0j)
-0.368	-0.135424	-0.024665542570306356	-0.16145294194416085	0.0	(-0.16145294194416085+0j)
-0.366	-0.133956	-0.02442100337184505	-0.15975180807723655	0.0	(-0.15975180807723655+0j)
-0.364	-0.132496	-0.024177332414491992	-0.15805967166383025	0.0	(-0.15805967166383025+0j)
-0.362	-0.131044	-0.023934536318020727	-0.15637653989450595	0.0	(-0.15637653989450595+0j)
-0.36	-0.1296	-0.023692621690887816	-0.15470241991529526	0.0	(-0.15470241991529526+0j)
-0.358	-0.128164	-0.023451595129902886	-0.15303731882617574	0.0	(-0.15303731882617574+0j)
-0.356	-0.126736	-0.023211463219898684	-0.15138124367952932	0.0	(-0.15138124367952932+0j)
-0.354	-0.12531599999999998	-0.02297223253340072	-0.1497342014785905	0.0	(-0.1497342014785905+0j)
-0.352	-0.12390399999999999	-0.022733909630297255	-0.1480961991758849	0.0	(-0.1480961991758849+0j)
-0.35000000000000003	-0.12250000000000003	-0.02249650105750914	-0.1464672436716464	0.0	(-0.1464672436716464+0j)
-0.34800000000000003	-0.12110400000000002	-0.02226001334865821	-0.14484734181222195	0.0	(-0.14484734181222195+0j)
-0.34600000000000003	-0.11971600000000002	-0.022024453023738177	-0.14323650038847122	0.0	(-0.14323650038847122+0j)
-0.34400000000000003	-0.11833600000000002	-0.021789826588783368	-0.14163472613413974	0.0	(-0.14163472613413974+0j)
-0.342	-0.11696400000000001	-0.021556140535538143	-0.1400420257242311	0.0	(-0.1400420257242311+0j)
-0.34	-0.11560000000000002	-0.02132340134112648	-0.13845840577336305	0.0	(-0.13845840577336305+0j)
-0.338	-0.11424400000000001	-0.02109161546772126	-0.13688387283410194	0.0	(-0.13688387283410194+0j)
-0.336	-0.11289600000000001	-0.02086078936221425	-0.13531843339530397	0.0	(-0.13531843339530397+0j)
-0.334	-0.11155600000000002	-0.020630929455885127	-0.13376209388042218	0.0	(-0.13376209388042218+0j)
-0.332	-0.11022400000000002	-0.020402042164072015	-0.1322148606458216	0.0	(-0.1322148606458216+0j)
-0.33	-0.10890000000000001	-0.020174133885840495	-0.13067673997906806	0.0	(-0.13067673997906806+0j)
-0.328	-0.10758400000000001	-0.01994721100365457	-0.12914773809720814	0.0	(-0.12914773809720814+0j)
-0.326	-0.10627600000000001	-0.019721279883046505	-0.12762786114505417	0.0	(-0.12762786114505417+0j)
-0.324	-0.104976	-0.019496346872286963	-0.12611711519342755	0.0	(-0.12611711519342755+0j)
-0.322	-0.10368400000000001	-0.019272418302056227	-0.12461550623741935	0.0	(-0.12461550623741935+0j)
-0.32	-0.1024	-0.019049500485115306	-0.12312304019462417	0.0	(-0.12312304019462417+0j)
-0.318	-0.101124	-0.018827599715976334	-0.12163972290337016	0.0	(-0.12163972290337016+0j)
-0.316	-0.099856	-0.01860672227057547	-0.1201655601209323	0.0	(-0.1201655601209323+0j)
-0.314	-0.098596	-0.01838687440594372	-0.11870055752174138	0.0	(-0.11870055752174138+0j)
-0.312	-0.097344	-0.018168062359879555	-0.11724472069557891	0.0	(-0.11724472069557891+0j)
-0.31	-0.0961	-0.017950292350621816	-0.11579805514576341	0.0	(-0.11579805514576341+0j)
-0.308	-0.094864	-0.01773357057652289	-0.11436056628732347	0.0	(-0.11436056628732347+0j)
-0.306	-0.093636	-0.017517903215721886	-0.11293225944515983	0.0	(-0.11293225944515983+0j)
-0.304	-0.092416	-0.01730329642581893	-0.11151313985220425	0.0	(-0.11151313985220425+0j)
-0.302	-0.091204	-0.01708975634354959	-0.11010321264755824	0.0	(-0.11010321264755824+0j)
-0.3	-0.09	-0.016877289084459846	-0.1087024828746258	0.0	(-0.1087024828746258+0j)
-0.298	-0.088804	-0.016665900742581924	-0.1073109554792356	0.0	(-0.1073109554792356+0j)
-0.296	-0.08761599999999999	-0.0164555973901101	-0.1059286353077487	0.0	(-0.1059286353077487+0j)
-0.294	-0.08643599999999999	-0.016246385077077763	-0.10455552710516113	0.0	(-0.10455552710516113+0j)
-0.292	-0.08526399999999999	-0.016038269831034763	-0.10319163551318546	0.0	(-0.10319163551318546+0j)
-0.29	-0.0841	-0.015831257656725023	-0.10183696506833127	0.0	(-0.10183696506833127+0j)
-0.28800000000000003	-0.08294400000000002	-0.01562535453576583	-0.10049152019996291	0.0	(-0.10049152019996291+0j)
-0.28600000000000003	-0.08179600000000002	-0.015420566426326554	-0.09915530522835105	0.0	(-0.09915530522835105+0j)
-0.28400000000000003	-0.08065600000000002	-0.015216899262809613	-0.09782832436271077	0.0	(-0.09782832436271077+0j)
-0.28200000000000003	-0.07952400000000001	-0.0150143589555303	-0.09651058169921951	0.0	(-0.09651058169921951+0j)
-0.28	-0.07840000000000001	-0.014812951390399398	-0.09520208121902762	0.0	(-0.09520208121902762+0j)
-0.278	-0.07728400000000002	-0.014612682428604695	-0.093902826786249	0.0	(-0.093902826786249+0j)
-0.276	-0.07617600000000001	-0.014413557906295393	-0.09261282214593651	0.0	(-0.09261282214593651+0j)
-0.274	-0.07507600000000002	-0.01421558363426445	-0.09133207092203932	0.0	(-0.09133207092203932+0j)
-0.272	-0.07398400000000001	-0.014018765397635774	-0.09006057661534618	0.0	(-0.09006057661534618+0j)
-0.27	-0.0729	-0.013823108955548224	-0.08879834260140083	0.0	(-0.08879834260140083+0j)
-0.268	-0.07182400000000001	-0.013628620040843503	-0.08754537212840419	0.0	(-0.08754537212840419+0j)
-0.266	-0.07075600000000001	-0.013435304359753208	-0.08630166831508847	0.0	(-0.08630166831508847+0j)
-0.264	-0.06969600000000001	-0.013243167591588112	-0.08506723414857514	0.0	(-0.08506723414857514+0j)
-0.262	-0.06864400000000001	-0.013052215388427713	-0.0838420724821959	0.0	(-0.0838420724821959+0j)
-0.26	-0.06760000000000001	-0.0128624533748109	-0.08262618603329751	0.0	(-0.08262618603329751+0j)
-0.258	-0.066564	-0.012673887147428287	-0.08141957738100772	0.0	(-0.08141957738100772+0j)
-0.256	-0.065536	-0.012486522274813838	-0.08022224896397552	0.0	(-0.08022224896397552+0j)
-0.254	-0.064516	-0.012300364297040123	-0.07903420307807495	0.0	(-0.07903420307807495+0j)
-0.252	-0.063504	-0.012115418725412719	-0.07785544187407104	0.0	(-0.07785544187407104+0j)
-0.25	-0.0625	-0.01193169104216768	-0.07668596735524759	0.0	(-0.07668596735524759+0j)
-0.248	-0.061503999999999996	-0.011749186700166503	-0.0755257813749867	0.0	(-0.0755257813749867+0j)
-0.246	-0.060516	-0.011567911122597474	-0.07437488563431263	0.0	(-0.07437488563431263+0j)
-0.244	-0.059536	-0.011387869702674247	-0.07323328167936963	0.0	(-0.07323328167936963+0j)
-0.242	-0.058564	-0.011209067803336636	-0.07210097089886285	0.0	(-0.07210097089886285+0j)
-0.24	-0.0576	-0.011031510756953355	-0.07097795452142398	0.0	(-0.07097795452142398+0j)
-0.23800000000000002	-0.05664400000000001	-0.010855203865026974	-0.06986423361292678	0.0	(-0.06986423361292678+0j)
-0.23600000000000002	-0.05569600000000001	-0.010680152397896658	-0.06875980907372382	0.0	(-0.06875980907372382+0j)
-0.234	-0.054756000000000006	-0.010506361594445901	-0.06766468163581775	0.0	(-0.06766468163581775+0j)
-0.232	-0.053824000000000004	-0.010333836661810258	-0.066578851859946	0.0	(-0.066578851859946+0j)
-0.23	-0.0529	-0.01016258277508647	-0.06550232013257785	0.0	(-0.06550232013257785+0j)
-0.228	-0.051984	-0.00999260507704186	-0.06443508666282768	0.0	(-0.06443508666282768+0j)
-0.226	-0.051076	-0.009823908677829007	-0.06337715147925439	0.0	(-0.06337715147925439+0j)
-0.224	-0.050176000000000005	-0.0096564986546957	-0.062328514426559345	0.0	(-0.062328514426559345+0j)
-0.222	-0.049284	-0.00949038005170294	-0.061289175162161987	0.0	(-0.061289175162161987+0j)
-0.22	-0.0484	-0.009325557879439617	-0.06025913315265298	0.0	(-0.06025913315265298+0j)
-0.218	-0.047524	-0.009162037114741894	-0.05923838767010102	0.0	(-0.05923838767010102+0j)
-0.216	-0.046655999999999996	-0.008999822700410665	-0.05822693778821757	0.0	(-0.05822693778821757+0j)
-0.214	-0.045795999999999996	-0.008838919544935653	-0.05722478237835415	0.0	(-0.05722478237835415+0j)
-0.212	-0.044944	-0.008679332522215921	-0.056231920105329534	0.0	(-0.056231920105329534+0j)
-0.21	-0.04409999999999999	-0.00852106647128481	-0.055248349423066154	0.0	(-0.055248349423066154+0j)
-0.20800000000000002	-0.04326400000000001	-0.008364126196036548	-0.054274068570022704	0.0	(-0.054274068570022704+0j)
-0.20600000000000002	-0.04243600000000001	-0.008208516464953963	-0.05330907556440288	0.0	(-0.05330907556440288+0j)
-0.20400000000000001	-0.04161600000000001	-0.00805424201083732	-0.052353368199132846	0.0	(-0.052353368199132846+0j)
-0.202	-0.04080400000000001	-0.007901307530536472	-0.05140694403656958	0.0	(-0.05140694403656958+0j)
-0.2	-0.04000000000000001	-0.007749717684681912	-0.05046980040294305	0.0	(-0.05046980040294305+0j)
-0.198	-0.039204	-0.007599477097422758	-0.049541934382483575	0.0	(-0.049541934382483575+0j)
-0.196	-0.038416000000000006	-0.0074505903561597475	-0.04862334281123098	0.0	(-0.04862334281123098+0j)
-0.194	-0.037636	-0.007303062011285721	-0.04771402227048664	0.0	(-0.04771402227048664+0j)
-0.192	-0.036864	-0.007156896575924998	-0.046813969079884665	0.0	(-0.046813969079884665+0j)
-0.19	-0.0361	-0.007012098525677191	-0.04592317929004319	0.0	(-0.04592317929004319+0j)
-0.188	-0.035344	-0.006868672298356304	-0.04504164867477941	0.0	(-0.04504164867477941+0j)
-0.186	-0.034596	-0.006726622293742879	-0.044169372722824195	0.0	(-0.044169372722824195+0j)
-0.184	-0.033856	-0.006585952873326972	-0.043306346629026694	0.0	(-0.043306346629026694+0j)
-0.182	-0.033124	-0.006446668360060581	-0.042452565284976554	0.0	(-0.042452565284976554+0j)
-0.18	-0.0324	-0.00630877303810784	-0.0416080232690197	0.0	(-0.0416080232690197+0j)
-0.178	-0.031684	-0.006172271152597442	-0.04077271483561016	0.0	(-0.04077271483561016+0j)
-0.176	-0.030975999999999997	-0.00603716690938394	-0.03994663390392538	0.0	(-0.03994663390392538+0j)
-0.17400000000000002	-0.030276000000000004	-0.005903464474796838	-0.03912977404572154	0.0	(-0.03912977404572154+0j)
-0.17200000000000001	-0.029584000000000006	-0.005771167975407998	-0.038322128472328146	0.0	(-0.038322128472328146+0j)
-0.17	-0.028900000000000006	-0.005640281497790167	-0.03752369002073694	0.0	(-0.03752369002073694+0j)
-0.168	-0.028224000000000003	-0.005510809088280499	-0.03673445113869766	0.0	(-0.03673445113869766+0j)
-0.166	-0.027556000000000004	-0.0053827547527468544	-0.03595440386874892	0.0	(-0.03595440386874892+0j)
-0.164	-0.026896000000000003	-0.005256122456356871	-0.035183539831091765	0.0	(-0.035183539831091765+0j)
-0.162	-0.026244	-0.0051309161233487055	-0.03442185020521223	0.0	(-0.03442185020521223+0j)
-0.16	-0.0256	-0.005007139636801217	-0.03366932571016238	0.0	(-0.03366932571016238+0j)
-0.158	-0.024964	-0.00488479683841081	-0.032925956583380225	0.0	(-0.032925956583380225+0j)
-0.156	-0.024336	-0.004763891528267172	-0.03219173255794894	0.0	(-0.03219173255794894+0j)
-0.154	-0.023716	-0.00464442746463456	-0.031466642838157616	0.0	(-0.031466642838157616+0j)
-0.152	-0.023104	-0.00452640836372864	-0.030750676073255562	0.0	(-0.030750676073255562+0j)
-0.15	-0.0225	-0.004409837899506108	-0.030043820329239846	0.0	(-0.030043820329239846+0j)
-0.148	-0.021903999999999996	-0.00429471970344486	-0.029346063058553272	0.0	(-0.029346063058553272+0j)
-0.146	-0.021315999999999998	-0.0041810573643369375	-0.028657391067525365	0.0	(-0.028657391067525365+0j)
-0.14400000000000002	-0.020736000000000004	-0.004068854428076474	-0.02797779048140038	0.0	(-0.02797779048140038+0j)
-0.14200000000000002	-0.020164000000000005	-0.003958114397453194	-0.02730724670679091	0.0	(-0.02730724670679091+0j)
-0.14	-0.019600000000000003	-0.0038488407319481333	-0.02664574439137023	0.0	(-0.02664574439137023+0j)
-0.138	-0.019044000000000002	-0.0037410368475310207	-0.0259932673806306	0.0	(-0.0259932673806306+0j)
-0.136	-0.018496000000000002	-0.003634706116460995	-0.025349798671514708	0.0	(-0.025349798671514708+0j)
-0.134	-0.017956000000000003	-0.0035298518670878742	-0.02471532036272697	0.0	(-0.02471532036272697+0j)
-0.132	-0.017424000000000002	-0.0034264773836578666	-0.024089813601523728	0.0	(-0.024089813601523728+0j)
-0.13	-0.016900000000000002	-0.003324585906120392	-0.023473258526784314	0.0	(-0.023473258526784314+0j)
-0.128	-0.016384	-0.003224180629939344	-0.02286563420814829	0.0	(-0.02286563420814829+0j)
-0.126	-0.015876	-0.0031252647059054617	-0.022266918581013803	0.0	(-0.022266918581013803+0j)
-0.124	-0.015375999999999999	-0.003027841239947593	-0.021677088377194488	0.0	(-0.021677088377194488+0j)
-0.122	-0.014884	-0.002931913292953947	-0.02109611905101757	0.0	(-0.02109611905101757+0j)
-0.12	-0.0144	-0.0028374838805922398	-0.02052398470066032	0.0	(-0.02052398470066032+0j)
-0.11800000000000001	-0.013924000000000002	-0.002744555973128726	-0.01996065798452586	0.0	(-0.01996065798452586+0j)
-0.116	-0.013456000000000001	-0.002653132495255006	-0.01940611003246178	0.0	(-0.01940611003246178+0j)
-0.114	-0.012996	-0.0025632163259181606	-0.018860310351625578	0.0	(-0.018860310351625578+0j)
-0.112	-0.012544000000000001	-0.002474810298147556	-0.018323226726824644	0.0	(-0.018323226726824644+0j)
-0.11	-0.0121	-0.0023879171988849812	-0.017794825115165263	0.0	(-0.017794825115165263+0j)
-0.108	-0.011663999999999999	-0.002302539768829215	-0.01727506953483698	0.0	(-0.01727506953483698+0j)
-0.106	-0.011236	-0.0022186807022661625	-0.01676392194790696	0.0	(-0.01676392194790696+0j)
-0.10400000000000001	-0.010816000000000003	-0.0021363426469112046	-0.01626134213699156	0.0	(-0.01626134213699156+0j)
-0.10200000000000001	-0.010404000000000002	-0.002055528203754875	-0.015767287575695565	0.0	(-0.015767287575695565+0j)
-0.1	-0.010000000000000002	-0.0019762399269063202	-0.0152817132927351	0.0	(-0.0152817132927351+0j)
-0.098	-0.009604000000000001	-0.0018984803234456393	-0.014804571729671862	0.0	(-0.014804571729671862+0j)
-0.096	-0.009216	-0.001822251853269563	-0.01433581259222789	0.0	(-0.01433581259222789+0j)
-0.094	-0.008836	-0.0017475569289504556	-0.013875382695160412	0.0	(-0.013875382695160412+0j)
-0.092	-0.008464	-0.0016743979155919853	-0.013423225800716315	0.0	(-0.013423225800716315+0j)
-0.09	-0.0081	-0.0016027771306892369	-0.012979282450716953	0.0	(-0.012979282450716953+0j)
-0.088	-0.007743999999999999	-0.0015326968439910438	-0.012543489792370185	0.0	(-0.012543489792370185+0j)
-0.08600000000000001	-0.0073960000000000015	-0.0014641592773600998	-0.012115781397942707	0.0	(-0.012115781397942707+0j)
-0.084	-0.007056000000000001	-0.0013971666046508346	-0.0116960870784722	0.0	(-0.0116960870784722+0j)
-0.082	-0.006724000000000001	-0.001331720951573967	-0.011284332691773693	0.0	(-0.011284332691773693+0j)
-0.08	-0.0064	-0.0012678243955654978	-0.010880439945041037	0.0	(-0.010880439945041037+0j)
-0.078	-0.006084	-0.001205478965680129	-0.010484326192420488	0.0	(-0.010484326192420488+0j)
-0.076	-0.005776	-0.0011446866424491553	-0.010095904228044288	0.0	(-0.010095904228044288+0j)
-0.074	-0.005475999999999999	-0.0010854493577716617	-0.009715082075061615	0.0	(-0.009715082075061615+0j)
-0.07200000000000001	-0.005184000000000001	-0.0010277689948101632	-0.009341762771346481	0.0	(-0.009341762771346481+0j)
-0.07	-0.004900000000000001	-0.0009716473878595977	-0.008975844152684587	0.0	(-0.008975844152684587+0j)
-0.068	-0.0046240000000000005	-0.0009170863222474068	-0.008617218634332291	0.0	(-0.008617218634332291+0j)
-0.066	-0.0043560000000000005	-0.0008640875342358356	-0.008265772992051598	0.0	(-0.008265772992051598+0j)
-0.064	-0.004096	-0.0008126527108931469	-0.007921388143821175	0.0	(-0.007921388143821175+0j)
-0.062	-0.0038439999999999998	-0.0007627834900247876	-0.007583938933625318	0.0	(-0.007583938933625318+0j)
-0.06	-0.0036	-0.0007144814600534843	-0.007253293918928975	0.0	(-0.007253293918928975+0j)
-0.058	-0.0033640000000000002	-0.000667748159921544	-0.006929315163577712	0.0	(-0.006929315163577712+0j)
-0.056	-0.0031360000000000003	-0.0006225850790197995	-0.006611858038087643	0.0	(-0.006611858038087643+0j)
-0.054	-0.0029159999999999998	-0.0005789936570899101	-0.006300771029531611	0.0	(-0.006300771029531611+0j)
-0.052000000000000005	-0.0027040000000000007	-0.0005369752841222208	-0.005995895563339756	0.0	(-0.005995895563339756+0j)
-0.05	-0.0025000000000000005	-0.0004965313002980309	-0.005697065839585781	0.0	(-0.005697065839585781+0j)
-0.048	-0.002304	-0.0004576629958918943	-0.005404108686508277	0.0	(-0.005404108686508277+0j)
-0.046	-0.002116	-0.0004203716111916833	-0.005116843434147866	0.0	(-0.005116843434147866+0j)
-0.044	-0.0019359999999999998	-0.00038465833643641645	-0.004835081811048089	0.0	(-0.004835081811048089+0j)
-0.042	-0.0017640000000000002	-0.0003505243117629675	-0.004558627867253809	0.0	(-0.004558627867253809+0j)
-0.04	-0.0016	-0.0003179706270906024	-0.004287277926701519	0.0	(-0.004287277926701519+0j)
-0.038	-0.001444	-0.0002869983220854522	-0.004020820572150366	0.0	(-0.004020820572150366+0j)
-0.036000000000000004	-0.0012960000000000003	-0.00025760838609834025	-0.0037590366659002302	0.0	(-0.0037590366659002302+0j)
-0.034	-0.0011560000000000001	-0.0002298017580848466	-0.003501699408901384	0.0	(-0.003501699408901384+0j)
-0.032	-0.001024	-0.0002035793266230712	-0.0032485744416134226	0.0	(-0.0032485744416134226+0j)
-0.03	-0.0009	-0.00017894192971823486	-0.0029994199886091547	0.0	(-0.0029994199886091547+0j)
-0.028	-0.0007840000000000001	-0.00015589035488261516	-0.00275398704922399	0.0	(-0.00275398704922399+0j)
-0.026000000000000002	-0.0006760000000000002	-0.0001344253390556105	-0.0025120196357306967	0.0	(-0.0025120196357306967+0j)
-0.024	-0.000576	-0.00011454756855044934	-0.0022732550610148855	0.0	(-0.0022732550610148855+0j)
-0.022	-0.00048399999999999995	-9.62576789120817e-05	-0.002037424274607282	0.0	(-0.002037424274607282+0j)
-0.02	-0.0004	-7.955625513034192e-05	-0.0018042522488583021	0.0	(-0.0018042522488583021+0j)
-0.018000000000000002	-0.00032400000000000007	-6.444383132020448e-05	-0.0015734584129665579	0.0	(-0.0015734584129665579+0j)
-0.016	-0.000256	-5.0920890899419646e-05	-0.0013447571331464585	0.0	(-0.0013447571331464585+0j)
-0.014	-0.00019600000000000002	-3.8987866517459224e-05	-0.0011178582374531641	0.0	(-0.0011178582374531641+0j)
-0.012	-0.000144	-2.8645139877880865e-05	-0.0008924675799462254	0.0	(-0.0008924675799462254+0j)
-0.01	-0.0001	-1.989304180938234e-05	-0.0006682876513742262	0.0	(-0.0006682876513742262+0j)
-0.008	-6.4e-05	-1.2731852052638715e-05	-0.0004450182007568977	0.0	(-0.0004450182007568977+0j)
-0.006	-3.6e-05	-7.161800681387831e-06	-0.00022235696468149587	0.0	(-0.00022235696468149587+0j)
-0.004	-1.6e-05	-3.1830654734221753e-06	-1.3521110704055143e-15	-0.1483878655925961	(-1.3521110704055143e-15-0.1483878655925961j)
-0.002	-4e-06	-7.957760317367502e-07	-1.3521110704055143e-15	0.1483878655925961	(-1.3521110704055143e-15+0.1483878655925961j)
0.002	4e-06	7.957760317367502e-07	4.9195673576529764e-17	-0.02105768097221283	(4.9195673576529764e-17-0.02105768097221283j)
0.004	1.6e-05	3.1830654734221753e-06	4.9195673576529764e-17	0.02105768097221283	(4.9195673576529764e-17+0.02105768097221283j)
0.006	3.6e-05	7.161800681387831e-06	0.0002223569646815295	0.0	(0.0002223569646815295+0j)
0.008	6.4e-05	1.2731852052638715e-05	0.00044501820075695293	0.0	(0.00044501820075695293+0j)
0.01	0.0001	1.989304180938234e-05	0.0006682876513742398	0.0	(0.0006682876513742398+0j)
0.012	0.000144	2.8645139877880865e-05	0.0008924675799461913	0.0	(0.0008924675799461913+0j)
0.014	0.00019600000000000002	3.8987866517459224e-05	0.0011178582374531817	0.0	(0.0011178582374531817+0j)
0.016	0.000256	5.0920890899419646e-05	0.0013447571331464698	0.0	(0.0013447571331464698+0j)
0.018000000000000002	0.00032400000000000007	6.444383132020448e-05	0.001573458412966585	0.0	(0.001573458412966585+0j)
0.02	0.0004	7.955625513034192e-05	0.0018042522488583015	0.0	(0.0018042522488583015+0j)
0.022	0.00048399999999999995	9.62576789120817e-05	0.0020374242746072765	0.0	(0.0020374242746072765+0j)
0.024	0.000576	0.00011454756855044934	0.0022732550610149	0.0	(0.0022732550610149+0j)
0.026000000000000002	0.0006760000000000002	0.0001344253390556105	0.002512019635730711	0.0	(0.002512019635730711+0j)
0.028	0.0007840000000000001	0.00015589035488261516	0.002753987049224004	0.0	(0.002753987049224004+0j)
0.03	0.0009	0.00017894192971823486	0.002999419988609164	0.0	(0.002999419988609164+0j)
0.032	0.001024	0.0002035793266230712	0.003248574441613413	0.0	(0.003248574441613413+0j)
0.034	0.0011560000000000001	0.0002298017580848466	0.003501699408901358	0.0	(0.003501699408901358+0j)
0.036000000000000004	0.0012960000000000003	0.00025760838609834025	0.003759036665900228	0.0	(0.003759036665900228+0j)
0.038	0.001444	0.0002869983220854522	0.004020820572150346	0.0	(0.004020820572150346+0j)
0.04	0.0016	0.0003179706270906024	0.004287277926701521	0.0	(0.004287277926701521+0j)
0.042	0.0017640000000000002	0.0003505243117629675	0.004558627867253851	0.0	(0.004558627867253851+0j)
0.044	0.0019359999999999998	0.00038465833643641645	0.004835081811048076	0.0	(0.004835081811048076+0j)
0.046	0.002116	0.0004203716111916833	0.005116843434147867	0.0	(0.005116843434147867+0j)
0.048	0.002304	0.0004576629958918943	0.005404108686508261	0.0	(0.005404108686508261+0j)
0.05	0.0025000000000000005	0.0004965313002980309	0.005697065839585878	0.0	(0.005697065839585878+0j)
0.052000000000000005	0.0027040000000000007	0.0005369752841222208	0.0059958955633398125	0.0	(0.0059958955633398125+0j)
0.054	0.0029159999999999998	0.0005789936570899101	0.006300771029531671	0.0	(0.006300771029531671+0j)
0.056	0.0031360000000000003	0.0006225850790197995	0.006611858038087607	0.0	(0.006611858038087607+0j)
0.058	0.0033640000000000002	0.000667748159921544	0.006929315163577752	0.0	(0.006929315163577752+0j)
0.06	0.0036	0.0007144814600534843	0.007253293918928975	0.0	(0.007253293918928975+0j)
0.062	0.0038439999999999998	0.0007627834900247876	0.007583938933625348	0.0	(0.007583938933625348+0j)
0.064	0.004096	0.0008126527108931469	0.007921388143821225	0.0	(0.007921388143821225+0j)
0.066	0.0043560000000000005	0.0008640875342358356	0.008265772992051626	0.0	(0.008265772992051626+0j)
0.068	0.0046240000000000005	0.0009170863222474068	0.008617218634332301	0.0	(0.008617218634332301+0j)
0.07	0.004900000000000001	0.0009716473878595977	0.008975844152684542	0.0	(0.008975844152684542+0j)
0.07200000000000001	0.005184000000000001	0.0010277689948101632	0.00934176277134657	0.0	(0.00934176277134657+0j)
0.074	0.005475999999999999	0.0010854493577716617	0.009715082075061646	0.0	(0.009715082075061646+0j)
0.076	0.005776	0.0011446866424491553	0.010095904228044331	0.0	(0.010095904228044331+0j)
0.078	0.006084	0.001205478965680129	0.010484326192420502	0.0	(0.010484326192420502+0j)
0.08	0.0064	0.0012678243955654978	0.01088043994504109	0.0	(0.01088043994504109+0j)
0.082	0.006724000000000001	0.001331720951573967	0.011284332691773681	0.0	(0.011284332691773681+0j)
0.084	0.007056000000000001	0.0013971666046508346	0.011696087078472191	0.0	(0.011696087078472191+0j)
0.08600000000000001	0.0073960000000000015	0.0014641592773600998	0.012115781397942716	0.0	(0.012115781397942716+0j)
0.088	0.007743999999999999	0.0015326968439910438	0.012543489792370117	0.0	(0.012543489792370117+0j)
0.09	0.0081	0.0016027771306892369	0.012979282450717085	0.0	(0.012979282450717085+0j)
0.092	0.008464	0.0016743979155919853	0.013423225800716336	0.0	(0.013423225800716336+0j)
0.094	0.008836	0.0017475569289504556	0.013875382695160615	0.0	(0.013875382695160615+0j)
0.096	0.009216	0.001822251853269563	0.014335812592227921	0.0	(0.014335812592227921+0j)
0.098	0.009604000000000001	0.0018984803234456393	0.014804571729672068	0.0	(0.014804571729672068+0j)
0.1	0.010000000000000002	0.0019762399269063202	0.015281713292735257	0.0	(0.015281713292735257+0j)
0.10200000000000001	0.010404000000000002	0.002055528203754875	0.01576728757569568	0.0	(0.01576728757569568+0j)
0.10400000000000001	0.010816000000000003	0.0021363426469112046	0.01626134213699153	0.0	(0.01626134213699153+0j)
0.106	0.011236	0.0022186807022661625	0.01676392194790712	0.0	(0.01676392194790712+0j)
0.108	0.011663999999999999	0.002302539768829215	0.017275069534837147	0.0	(0.017275069534837147+0j)
0.11	0.0121	0.0023879171988849812	0.017794825115165447	0.0	(0.017794825115165447+0j)
0.112	0.012544000000000001	0.002474810298147556	0.018323226726824612	0.0	(0.018323226726824612+0j)
0.114	0.012996	0.0025632163259181606	0.018860310351625567	0.0	(0.018860310351625567+0j)
0.116	0.013456000000000001	0.002653132495255006	0.019406110032461763	0.0	(0.019406110032461763+0j)
0.11800000000000001	0.013924000000000002	0.002744555973128726	0.019960657984525818	0.0	(0.019960657984525818+0j)
0.12	0.0144	0.0028374838805922398	0.02052398470066047	0.0	(0.02052398470066047+0j)
0.122	0.014884	0.002931913292953947	0.02109611905101766	0.0	(0.02109611905101766+0j)
0.124	0.015375999999999999	0.003027841239947593	0.021677088377194398	0.0	(0.021677088377194398+0j)
0.126	0.015876	0.0031252647059054617	0.02226691858101383	0.0	(0.02226691858101383+0j)
0.128	0.016384	0.003224180629939344	0.022865634208148227	0.0	(0.022865634208148227+0j)
0.13	0.016900000000000002	0.003324585906120392	0.0234732585267844	0.0	(0.0234732585267844+0j)
0.132	0.017424000000000002	0.0034264773836578666	0.0240898136015238	0.0	(0.0240898136015238+0j)
0.134	0.017956000000000003	0.0035298518670878742	0.02471532036272699	0.0	(0.02471532036272699+0j)
0.136	0.018496000000000002	0.003634706116460995	0.02534979867151474	0.0	(0.02534979867151474+0j)
0.138	0.019044000000000002	0.0037410368475310207	0.025993267380630472	0.0	(0.025993267380630472+0j)
0.14	0.019600000000000003	0.0038488407319481333	0.026645744391370144	0.0	(0.026645744391370144+0j)
0.14200000000000002	0.020164000000000005	0.003958114397453194	0.02730724670679078	0.0	(0.02730724670679078+0j)
0.14400000000000002	0.020736000000000004	0.004068854428076474	0.027977790481400658	0.0	(0.027977790481400658+0j)
0.146	0.021315999999999998	0.0041810573643369375	0.028657391067525302	0.0	(0.028657391067525302+0j)
0.148	0.021903999999999996	0.00429471970344486	0.029346063058553543	0.0	(0.029346063058553543+0j)
0.15	0.0225	0.004409837899506108	0.03004382032923982	0.0	(0.03004382032923982+0j)
0.152	0.023104	0.00452640836372864	0.030750676073255667	0.0	(0.030750676073255667+0j)
0.154	0.023716	0.00464442746463456	0.031466642838157685	0.0	(0.031466642838157685+0j)
0.156	0.024336	0.004763891528267172	0.03219173255794888	0.0	(0.03219173255794888+0j)
0.158	0.024964	0.00488479683841081	0.03292595658338009	0.0	(0.03292595658338009+0j)
0.16	0.0256	0.005007139636801217	0.03366932571016227	0.0	(0.03366932571016227+0j)
0.162	0.026244	0.0051309161233487055	0.03442185020521239	0.0	(0.03442185020521239+0j)
0.164	0.026896000000000003	0.005256122456356871	0.03518353983109166	0.0	(0.03518353983109166+0j)
0.166	0.027556000000000004	0.0053827547527468544	0.03595440386874884	0.0	(0.03595440386874884+0j)
0.168	0.028224000000000003	0.005510809088280499	0.03673445113869746	0.0	(0.03673445113869746+0j)
0.17	0.028900000000000006	0.005640281497790167	0.03752369002073691	0.0	(0.03752369002073691+0j)
0.17200000000000001	0.029584000000000006	0.005771167975407998	0.03832212847232801	0.0	(0.03832212847232801+0j)
0.17400000000000002	0.030276000000000004	0.005903464474796838	0.03912977404572133	0.0	(0.03912977404572133+0j)
0.176	0.030975999999999997	0.00603716690938394	0.03994663390392565	0.0	(0.03994663390392565+0j)
0.178	0.031684	0.006172271152597442	0.04077271483561053	0.0	(0.04077271483561053+0j)
0.18	0.0324	0.00630877303810784	0.04160802326901965	0.0	(0.04160802326901965+0j)
0.182	0.033124	0.006446668360060581	0.042452565284976304	0.0	(0.042452565284976304+0j)
0.184	0.033856	0.006585952873326972	0.043306346629026285	0.0	(0.043306346629026285+0j)
0.186	0.034596	0.006726622293742879	0.04416937272282402	0.0	(0.04416937272282402+0j)
0.188	0.035344	0.006868672298356304	0.04504164867477901	0.0	(0.04504164867477901+0j)
0.19	0.0361	0.007012098525677191	0.0459231792900432	0.0	(0.0459231792900432+0j)
0.192	0.036864	0.007156896575924998	0.04681396907988439	0.0	(0.04681396907988439+0j)
0.194	0.037636	0.007303062011285721	0.04771402227048632	0.0	(0.04771402227048632+0j)
0.196	0.038416000000000006	0.0074505903561597475	0.04862334281123119	0.0	(0.04862334281123119+0j)
0.198	0.039204	0.007599477097422758	0.04954193438248337	0.0	(0.04954193438248337+0j)
0.2	0.04000000000000001	0.007749717684681912	0.05046980040294315	0.0	(0.05046980040294315+0j)
0.202	0.04080400000000001	0.007901307530536472	0.05140694403656932	0.0	(0.05140694403656932+0j)
0.20400000000000001	0.04161600000000001	0.00805424201083732	0.05235336819913218	0.0	(0.05235336819913218+0j)
0.20600000000000002	0.04243600000000001	0.008208516464953963	0.05330907556440273	0.0	(0.05330907556440273+0j)
0.20800000000000002	0.04326400000000001	0.008364126196036548	0.05427406857002261	0.0	(0.05427406857002261+0j)
0.21	0.04409999999999999	0.00852106647128481	0.055248349423066126	0.0	(0.055248349423066126+0j)
0.212	0.044944	0.008679332522215921	0.05623192010532918	0.0	(0.05623192010532918+0j)
0.214	0.045795999999999996	0.008838919544935653	0.05722478237835365	0.0	(0.05722478237835365+0j)
0.216	0.046655999999999996	0.008999822700410665	0.0582269377882173	0.0	(0.0582269377882173+0j)
0.218	0.047524	0.009162037114741894	0.05923838767010098	0.0	(0.05923838767010098+0j)
0.22	0.0484	0.009325557879439617	0.060259133152652786	0.0	(0.060259133152652786+0j)
0.222	0.049284	0.00949038005170294	0.061289175162161834	0.0	(0.061289175162161834+0j)
0.224	0.050176000000000005	0.0096564986546957	0.062328514426559276	0.0	(0.062328514426559276+0j)
0.226	0.051076	0.009823908677829007	0.06337715147925403	0.0	(0.06337715147925403+0j)
0.228	0.051984	0.00999260507704186	0.06443508666282789	0.0	(0.06443508666282789+0j)
0.23	0.0529	0.01016258277508647	0.06550232013257785	0.0	(0.06550232013257785+0j)
0.232	0.053824000000000004	0.010333836661810258	0.066578851859946	0.0	(0.066578851859946+0j)
0.234	0.054756000000000006	0.010506361594445901	0.06766468163581824	0.0	(0.06766468163581824+0j)
0.23600000000000002	0.05569600000000001	0.010680152397896658	0.06875980907372463	0.0	(0.06875980907372463+0j)
0.23800000000000002	0.05664400000000001	0.010855203865026974	0.06986423361292679	0.0	(0.06986423361292679+0j)
0.24	0.0576	0.011031510756953355	0.07097795452142372	0.0	(0.07097795452142372+0j)
0.242	0.058564	0.011209067803336636	0.07210097089886269	0.0	(0.07210097089886269+0j)
0.244	0.059536	0.011387869702674247	0.07323328167937004	0.0	(0.07323328167937004+0j)
0.246	0.060516	0.011567911122597474	0.07437488563431224	0.0	(0.07437488563431224+0j)
0.248	0.061503999999999996	0.011749186700166503	0.07552578137498651	0.0	(0.07552578137498651+0j)
0.25	0.0625	0.01193169104216768	0.07668596735524727	0.0	(0.07668596735524727+0j)
0.252	0.063504	0.012115418725412719	0.07785544187407135	0.0	(0.07785544187407135+0j)
0.254	0.064516	0.012300364297040123	0.07903420307807468	0.0	(0.07903420307807468+0j)
0.256	0.065536	0.012486522274813838	0.0802222489639753	0.0	(0.0802222489639753+0j)
0.258	0.066564	0.012673887147428287	0.08141957738100748	0.0	(0.08141957738100748+0j)
0.26	0.06760000000000001	0.0128624533748109	0.08262618603329766	0.0	(0.08262618603329766+0j)
0.262	0.06864400000000001	0.013052215388427713	0.08384207248219615	0.0	(0.08384207248219615+0j)
0.264	0.06969600000000001	0.013243167591588112	0.08506723414857534	0.0	(0.08506723414857534+0j)
0.266	0.07075600000000001	0.013435304359753208	0.08630166831508895	0.0	(0.08630166831508895+0j)
0.268	0.07182400000000001	0.013628620040843503	0.08754537212840385	0.0	(0.08754537212840385+0j)
0.27	0.0729	0.013823108955548224	0.08879834260140061	0.0	(0.08879834260140061+0j)
0.272	0.07398400000000001	0.014018765397635774	0.09006057661534604	0.0	(0.09006057661534604+0j)
0.274	0.07507600000000002	0.01421558363426445	0.09133207092204	0.0	(0.09133207092204+0j)
0.276	0.07617600000000001	0.014413557906295393	0.09261282214593616	0.0	(0.09261282214593616+0j)
0.278	0.07728400000000002	0.014612682428604695	0.09390282678624896	0.0	(0.09390282678624896+0j)
0.28	0.07840000000000001	0.014812951390399398	0.09520208121902782	0.0	(0.09520208121902782+0j)
0.28200000000000003	0.07952400000000001	0.0150143589555303	0.09651058169922005	0.0	(0.09651058169922005+0j)
0.28400000000000003	0.08065600000000002	0.015216899262809613	0.09782832436271129	0.0	(0.09782832436271129+0j)
0.28600000000000003	0.08179600000000002	0.015420566426326554	0.09915530522835177	0.0	(0.09915530522835177+0j)
0.28800000000000003	0.08294400000000002	0.01562535453576583	0.10049152019996313	0.0	(0.10049152019996313+0j)
0.29	0.0841	0.015831257656725023	0.10183696506833187	0.0	(0.10183696506833187+0j)
0.292	0.08526399999999999	0.016038269831034763	0.10319163551318611	0.0	(0.10319163551318611+0j)
0.294	0.08643599999999999	0.016246385077077763	0.10455552710516079	0.0	(0.10455552710516079+0j)
0.296	0.08761599999999999	0.0164555973901101	0.10592863530774882	0.0	(0.10592863530774882+0j)
0.298	0.088804	0.016665900742581924	0.10731095547923584	0.0	(0.10731095547923584+0j)
0.3	0.09	0.016877289084459846	0.10870248287462617	0.0	(0.10870248287462617+0j)
0.302	0.091204	0.01708975634354959	0.11010321264755825	0.0	(0.11010321264755825+0j)
0.304	0.092416	0.01730329642581893	0.1115131398522053	0.0	(0.1115131398522053+0j)
0.306	0.093636	0.017517903215721886	0.11293225944516008	0.0	(0.11293225944516008+0j)
0.308	0.094864	0.01773357057652289	0.1143605662873236	0.0	(0.1143605662873236+0j)
0.31	0.0961	0.017950292350621816	0.11579805514576398	0.0	(0.11579805514576398+0j)
0.312	0.097344	0.018168062359879555	0.1172447206955794	0.0	(0.1172447206955794+0j)
0.314	0.098596	0.01838687440594372	0.11870055752174201	0.0	(0.11870055752174201+0j)
0.316	0.099856	0.01860672227057547	0.1201655601209334	0.0	(0.1201655601209334+0j)
0.318	0.101124	0.018827599715976334	0.1216397229033701	0.0	(0.1216397229033701+0j)
0.32	0.1024	0.019049500485115306	0.1231230401946254	0.0	(0.1231230401946254+0j)
0.322	0.10368400000000001	0.019272418302056227	0.12461550623741993	0.0	(0.12461550623741993+0j)
0.324	0.104976	0.019496346872286963	0.1261171151934285	0.0	(0.1261171151934285+0j)
0.326	0.10627600000000001	0.019721279883046505	0.12762786114505395	0.0	(0.12762786114505395+0j)
0.328	0.10758400000000001	0.01994721100365457	0.12914773809720806	0.0	(0.12914773809720806+0j)
0.33	0.10890000000000001	0.020174133885840495	0.1306767399790672	0.0	(0.1306767399790672+0j)
0.332	0.11022400000000002	0.020402042164072015	0.13221486064582175	0.0	(0.13221486064582175+0j)
0.334	0.11155600000000002	0.020630929455885127	0.1337620938804218	0.0	(0.1337620938804218+0j)
0.336	0.11289600000000001	0.02086078936221425	0.13531843339530358	0.0	(0.13531843339530358+0j)
0.338	0.11424400000000001	0.02109161546772126	0.1368838728341027	0.0	(0.1368838728341027+0j)
0.34	0.11560000000000002	0.02132340134112648	0.13845840577336244	0.0	(0.13845840577336244+0j)
0.342	0.11696400000000001	0.021556140535538143	0.14004202572423086	0.0	(0.14004202572423086+0j)
0.34400000000000003	0.11833600000000002	0.021789826588783368	0.1416347261341392	0.0	(0.1416347261341392+0j)
0.34600000000000003	0.11971600000000002	0.022024453023738177	0.1432365003884708	0.0	(0.1432365003884708+0j)
0.34800000000000003	0.12110400000000002	0.02226001334865821	0.14484734181222203	0.0	(0.14484734181222203+0j)
0.35000000000000003	0.12250000000000003	0.02249650105750914	0.1464672436716471	0.0	(0.1464672436716471+0j)
0.352	0.12390399999999999	0.022733909630297255	0.14809619917588512	0.0	(0.14809619917588512+0j)
0.354	0.12531599999999998	0.02297223253340072	0.14973420147859096	0.0	(0.14973420147859096+0j)
0.356	0.126736	0.023211463219898684	0.15138124367952954	0.0	(0.15138124367952954+0j)
0.358	0.128164	0.023451595129902886	0.1530373188261758	0.0	(0.1530373188261758+0j)
0.36	0.1296	0.023692621690887816	0.15470241991529654	0.0	(0.15470241991529654+0j)
0.362	0.131044	0.023934536318020727	0.15637653989450548	0.0	(0.15637653989450548+0j)
0.364	0.132496	0.024177332414491992	0.15805967166382992	0.0	(0.15805967166382992+0j)
0.366	0.133956	0.02442100337184505	0.159751808077237	0.0	(0.159751808077237+0j)
0.368	0.135424	0.024665542570306356	0.16145294194415982	0.0	(0.16145294194415982+0j)
0.37	0.1369	0.024910943379114897	0.16316306603101075	0.0	(0.16316306603101075+0j)
0.372	0.138384	0.025157199156851384	0.1648821730626689	0.0	(0.1648821730626689+0j)
0.374	0.139876	0.025404303251767776	0.1666102557239604	0.0	(0.1666102557239604+0j)
0.376	0.141376	0.025652249002116115	0.16834730666112624	0.0	(0.16834730666112624+0j)
0.378	0.142884	0.025901029736476663	0.17009331848326484	0.0	(0.17009331848326484+0j)
0.38	0.1444	0.026150638774086535	0.17184828376376704	0.0	(0.17184828376376704+0j)
0.382	0.145924	0.02640106942516783	0.1736121950417342	0.0	(0.1736121950417342+0j)
0.384	0.147456	0.026652314991254325	0.17538504482337267	0.0	(0.17538504482337267+0j)
0.386	0.14899600000000002	0.02690436876551995	0.177166825583388	0.0	(0.177166825583388+0j)
0.388	0.150544	0.02715722403310389	0.1789575297663454	0.0	(0.1789575297663454+0j)
0.39	0.1521	0.027410874071438357	0.18075714978802015	0.0	(0.18075714978802015+0j)
0.392	0.15366400000000002	0.027665312150573565	0.18256567803674048	0.0	(0.18256567803674048+0j)
0.394	0.155236	0.02792053153350356	0.18438310687469997	0.0	(0.18438310687469997+0j)
0.396	0.156816	0.02817652547649062	0.18620942863926082	0.0	(0.18620942863926082+0j)
0.398	0.15840400000000002	0.028433287229389786	0.1880446356442367	0.0	(0.1880446356442367+0j)
0.4	0.16000000000000003	0.028690810035972847	0.18988872018115605	0.0	(0.18988872018115605+0j)
0.402	0.16160400000000003	0.02894908713425133	0.19174167452052096	0.0	(0.19174167452052096+0j)
0.404	0.16321600000000003	0.029208111756798827	0.19360349091303222	0.0	(0.19360349091303222+0j)
0.406	0.164836	0.02946787713107371	0.19547416159080616	0.0	(0.19547416159080616+0j)
0.40800000000000003	0.16646400000000003	0.02972837647973972	0.19735367876857235	0.0	(0.19735367876857235+0j)
0.41000000000000003	0.16810000000000003	0.02998960302098709	0.1992420346448517	0.0	(0.1992420346448517+0j)
0.41200000000000003	0.16974400000000003	0.030251549968852084	0.20113922140311286	0.0	(0.20113922140311286+0j)
0.41400000000000003	0.17139600000000002	0.030514210533537228	0.20304523121292936	0.0	(0.20304523121292936+0j)
0.41600000000000004	0.17305600000000004	0.030777577921728694	0.20496005623109845	0.0	(0.20496005623109845+0j)
0.418	0.174724	0.031041645336914794	0.2068836886027375	0.0	(0.2068836886027375+0j)
0.42	0.17639999999999997	0.0313064059797033	0.20881612046239645	0.0	(0.20881612046239645+0j)
0.422	0.178084	0.03157185304813674	0.21075734393511378	0.0	(0.21075734393511378+0j)
0.424	0.179776	0.031837979738008754	0.21270735113747397	0.0	(0.21270735113747397+0j)
0.426	0.181476	0.0321047792431782	0.21466613417864525	0.0	(0.21466613417864525+0j)
0.428	0.18318399999999999	0.032372244755883364	0.21663368516139753	0.0	(0.21663368516139753+0j)
0.43	0.18489999999999998	0.032640369467053926	0.2186099961831018	0.0	(0.2186099961831018+0j)
0.432	0.18662399999999998	0.03290914656662425	0.22059505933671386	0.0	(0.22059505933671386+0j)
0.434	0.188356	0.03317856924384341	0.22258886671173	0.0	(0.22258886671173+0j)
0.436	0.190096	0.03344863068758551	0.22459141039514843	0.0	(0.22459141039514843+0j)
0.438	0.191844	0.033719324086659425	0.22660268247238832	0.0	(0.22660268247238832+0j)
0.44	0.1936	0.033990642630116405	0.22862267502819458	0.0	(0.22862267502819458+0j)
0.442	0.195364	0.034262579507557504	0.23065138014754177	0.0	(0.23065138014754177+0j)
0.444	0.197136	0.034535127909439654	0.2326887899165044	0.0	(0.2326887899165044+0j)
0.446	0.198916	0.03480828102738139	0.23473489642311507	0.0	(0.23473489642311507+0j)
0.448	0.20070400000000002	0.03508203205446595	0.2367896917582054	0.0	(0.2367896917582054+0j)
0.45	0.2025	0.03535637418554508	0.2388531680162275	0.0	(0.2388531680162275+0j)
0.452	0.204304	0.03563130061754096	0.24092531729605737	0.0	(0.24092531729605737+0j)
0.454	0.20611600000000002	0.035906804549746645	0.24300613170178503	0.0	(0.24300613170178503+0j)
0.456	0.207936	0.03618287918412597	0.24509560334349023	0.0	(0.24509560334349023+0j)
0.458	0.209764	0.03645951772561228	0.24719372433798747	0.0	(0.24719372433798747+0j)
0.46	0.2116	0.036736713382405535	0.24930048680957115	0.0	(0.24930048680957115+0j)
0.462	0.21344400000000002	0.03701445936626864	0.2514158828907345	0.0	(0.2514158828907345+0j)
0.464	0.21529600000000002	0.037292748892822566	0.2535399047228727	0.0	(0.2535399047228727+0j)
0.466	0.21715600000000002	0.03757157518184	0.25567254445696497	0.0	(0.25567254445696497+0j)
0.468	0.21902400000000002	0.03785093145753791	0.2578137942542609	0.0	(0.2578137942542609+0j)
0.47000000000000003	0.22090000000000004	0.03813081094886903	0.2599636462869277	0.0	(0.2599636462869277+0j)
0.47200000000000003	0.22278400000000004	0.038411206889811464	0.26212209273868176	0.0	(0.26212209273868176+0j)
0.47400000000000003	0.22467600000000004	0.03869211251965796	0.2642891258054288	0.0	(0.2642891258054288+0j)
0.47600000000000003	0.22657600000000003	0.03897352108330306	0.26646473769586504	0.0	(0.26646473769586504+0j)
0.47800000000000004	0.22848400000000005	0.039255425831529155	0.26864892063206586	0.0	(0.26864892063206586+0j)
0.48	0.2304	0.039537820021291366	0.2708416668500716	0.0	(0.2708416668500716+0j)
0.482	0.23232399999999997	0.039820696916000944	0.273042968600451	0.0	(0.273042968600451+0j)
0.484	0.234256	0.04010404978580753	0.27525281814884117	0.0	(0.27525281814884117+0j)
0.486	0.236196	0.04038787190787936	0.27747120777649564	0.0	(0.27747120777649564+0j)
0.488	0.238144	0.04067215656668288	0.2796981297807901	0.0	(0.2796981297807901+0j)
0.49	0.24009999999999998	0.04095689705426047	0.28193357647574224	0.0	(0.28193357647574224+0j)
0.492	0.242064	0.04124208667050697	0.2841775401924839	0.0	(0.2841775401924839+0j)
0.494	0.244036	0.04152771872344436	0.28643001327976786	0.0	(0.28643001327976786+0j)
0.496	0.24601599999999998	0.041813786529495585	0.28869098810440214	0.0	(0.28869098810440214+0j)
0.498	0.248004	0.0421002834137563	0.2909604570517243	0.0	(0.2909604570517243+0j)
0.5	0.25	0.0423872027102656	0.29323841252602734	0.0	(0.29323841252602734+0j)
0.502	0.252004	0.04267453776227486	0.29552484695099884	0.0	(0.29552484695099884+0j)
0.504	0.254016	0.04296228192251537	0.29781975277011624	0.0	(0.29781975277011624+0j)
0.506	0.256036	0.04325042855346406	0.30012312244705913	0.0	(0.30012312244705913+0j)
0.508	0.258064	0.043538971027608266	0.3024349484661058	0.0	(0.3024349484661058+0j)
0.51	0.2601	0.04382790272770817	0.3047552233324886	0.0	(0.3047552233324886+0j)
0.512	0.262144	0.04411721704705825	0.30708393957278574	0.0	(0.30708393957278574+0j)
0.514	0.264196	0.04440690738974705	0.30942108973524873	0.0	(0.30942108973524873+0j)
0.516	0.266256	0.044696967170914925	0.31176666639016937	0.0	(0.31176666639016937+0j)
0.518	0.268324	0.04498738981701094	0.31412066213019796	0.0	(0.31412066213019796+0j)
0.52	0.27040000000000003	0.04527816876604706	0.3164830695706698	0.0	(0.3164830695706698+0j)
0.522	0.272484	0.045569297467851905	0.3188538813499091	0.0	(0.3188538813499091+0j)
0.524	0.27457600000000004	0.04586076938432198	0.32123309012954676	0.0	(0.32123309012954676+0j)
0.526	0.27667600000000003	0.04615257798967147	0.3236206885947905	0.0	(0.3236206885947905+0j)
0.528	0.27878400000000003	0.046444716770680586	0.3260166694547221	0.0	(0.3260166694547221+0j)
0.53	0.28090000000000004	0.04673717922694186	0.3284210254425564	0.0	(0.3284210254425564+0j)
0.532	0.28302400000000005	0.04702995887110494	0.3308337493159277	0.0	(0.3308337493159277+0j)
0.534	0.285156	0.04732304922911979	0.33325483385710064	0.0	(0.33325483385710064+0j)
0.536	0.28729600000000005	0.04761644384047782	0.33568427187325617	0.0	(0.33568427187325617+0j)
0.538	0.28944400000000003	0.047910136258451606	0.3381220561967087	0.0	(0.3381220561967087+0j)
0.54	0.2916	0.04820412005033255	0.34056817968513425	0.0	(0.34056817968513425+0j)
0.542	0.293764	0.048498388797667234	0.3430226352217946	0.0	(0.3430226352217946+0j)
0.544	0.29593600000000003	0.04879293609649147	0.34548541571574154	0.0	(0.34548541571574154+0j)
0.546	0.29811600000000005	0.04908775555756296	0.34795651410203376	0.0	(0.34795651410203376+0j)
0.548	0.30030400000000007	0.04938284080659199	0.3504359233419059	0.0	(0.3504359233419059+0j)
0.55	0.30250000000000005	0.049678185484470436	0.35292363642300206	0.0	(0.35292363642300206+0j)
0.552	0.30470400000000003	0.049973783247498696	0.35541964635950957	0.0	(0.35541964635950957+0j)
0.554	0.3069160000000001	0.050269627767611305	0.35792394619237133	0.0	(0.35792394619237133+0j)
0.556	0.3091360000000001	0.05056571273260018	0.36043652898942813	0.0	(0.36043652898942813+0j)
0.558	0.3113640000000001	0.05086203184633632	0.3629573878455944	0.0	(0.3629573878455944+0j)
0.56	0.31360000000000005	0.05115857882898967	0.36548651588301784	0.0	(0.36548651588301784+0j)
0.562	0.31584400000000007	0.05145534741724706	0.36802390625120907	0.0	(0.36802390625120907+0j)
0.5640000000000001	0.31809600000000005	0.05175233136452812	0.3705695521272071	0.0	(0.3705695521272071+0j)
0.5660000000000001	0.3203560000000001	0.05204952444119972	0.3731234467157044	0.0	(0.3731234467157044+0j)
0.5680000000000001	0.3226240000000001	0.0523469204347881	0.37568558324918644	0.0	(0.37568558324918644+0j)
0.5700000000000001	0.3249000000000001	0.05264451315018952	0.3782559549880461	0.0	(0.3782559549880461+0j)
0.5720000000000001	0.3271840000000001	0.05294229640987868	0.38083455522072485	0.0	(0.38083455522072485+0j)
0.5740000000000001	0.3294760000000001	0.05324026405411533	0.38342137726381537	0.0	(0.38342137726381537+0j)
0.5760000000000001	0.33177600000000007	0.05353840994114907	0.3860164144621737	0.0	(0.3860164144621737+0j)
0.578	0.33408399999999994	0.05383672794742228	0.38861966018903776	0.0	(0.38861966018903776+0j)
0.58	0.3364	0.05413521196777073	0.391231107846119	0.0	(0.391231107846119+0j)
0.582	0.33872399999999997	0.05443385591562286	0.3938507508637048	0.0	(0.3938507508637048+0j)
0.584	0.34105599999999997	0.054732653723196606	0.39647858270075803	0.0	(0.39647858270075803+0j)
0.586	0.343396	0.05503159934169452	0.39911459684499445	0.0	(0.39911459684499445+0j)
0.588	0.34574399999999994	0.05533068674149702	0.40175878681299343	0.0	(0.40175878681299343+0j)
0.59	0.34809999999999997	0.055629909912353476	0.40441114615024365	0.0	(0.40441114615024365+0j)
0.592	0.35046399999999994	0.05592926286357146	0.4070716684312671	0.0	(0.4070716684312671+0j)
0.594	0.352836	0.056228739624203904	0.40974034725966124	0.0	(0.40974034725966124+0j)
0.596	0.355216	0.056528334243234626	0.41241717626818203	0.0	(0.41241717626818203+0j)
0.598	0.357604	0.05682804078976145	0.41510214911881776	0.0	(0.41510214911881776+0j)
0.6	0.36	0.05712785335317756	0.41779525950285373	0.0	(0.41779525950285373+0j)
0.602	0.36240399999999995	0.057427766043350904	0.42049650114093057	0.0	(0.42049650114093057+0j)
0.604	0.364816	0.05772777299080148	0.42320586778312186	0.0	(0.42320586778312186+0j)
0.606	0.367236	0.05802786834687686	0.425923353208969	0.0	(0.425923353208969+0j)
0.608	0.369664	0.05832804628392528	0.4286489512275509	0.0	(0.4286489512275509+0j)
0.61	0.3721	0.05862830099546728	0.43138265567754003	0.0	(0.43138265567754003+0j)
0.612	0.374544	0.05892862669636484	0.43412446042724284	0.0	(0.43412446042724284+0j)
0.614	0.376996	0.059229017622988885	0.4368743593746612	0.0	(0.4368743593746612+0j)
0.616	0.379456	0.05952946803338453	0.4396323464475305	0.0	(0.4396323464475305+0j)
0.618	0.381924	0.05982997220743445	0.4423984156033698	0.0	(0.4423984156033698+0j)
0.62	0.3844	0.06013052444702016	0.4451725608295186	0.0	(0.4451725608295186+0j)
0.622	0.386884	0.06043111907618129	0.44795477614318724	0.0	(0.44795477614318724+0j)
0.624	0.389376	0.06073175044127278	0.450745055591489	0.0	(0.450745055591489+0j)
0.626	0.391876	0.06103241291112029	0.4535433932514874	0.0	(0.4535433932514874+0j)
0.628	0.394384	0.061333100877173224	0.45634978323021647	0.0	(0.45634978323021647+0j)
0.63	0.39690000000000003	0.0616338087536559	0.4591642196647343	0.0	(0.4591642196647343+0j)
0.632	0.399424	0.06193453097771688	0.4619866967221431	0.0	(0.4619866967221431+0j)
0.634	0.40195600000000004	0.06223526200957592	0.464817208599641	0.0	(0.464817208599641+0j)
0.636	0.404496	0.06253599633266899	0.46765574952451966	0.0	(0.46765574952451966+0j)
0.638	0.407044	0.06283672845379146	0.470502313754235	0.0	(0.470502313754235+0j)
0.64	0.4096	0.06313745290323902	0.4733568955764018	0.0	(0.4733568955764018+0j)
0.642	0.41216400000000003	0.06343816423494669	0.4762194893088416	0.0	(0.4762194893088416+0j)
0.644	0.41473600000000005	0.06373885702662568	0.4790900892996128	0.0	(0.4790900892996128+0j)
0.646	0.417316	0.06403952587989825	0.48196868992702363	0.0	(0.48196868992702363+0j)
0.648	0.419904	0.06434016542043071	0.48485528559966207	0.0	(0.48485528559966207+0j)
0.65	0.42250000000000004	0.06464077029806406	0.487749870756429	0.0	(0.487749870756429+0j)
0.652	0.42510400000000004	0.06494133518694287	0.4906524398665643	0.0	(0.4906524398665643+0j)
0.654	0.42771600000000004	0.06524185478564193	0.49356298742963783	0.0	(0.49356298742963783+0j)
0.656	0.43033600000000005	0.06554232381729097	0.49648150797561824	0.0	(0.49648150797561824+0j)
0.658	0.432964	0.06584273702969728	0.4994079960648782	0.0	(0.4994079960648782+0j)
0.66	0.43560000000000004	0.06614308919546655	0.5023424462881995	0.0	(0.5023424462881995+0j)
0.662	0.438244	0.066443375112121	0.5052848532668339	0.0	(0.5052848532668339+0j)
0.664	0.44089600000000007	0.06674358960221638	0.5082352116524674	0.0	(0.5082352116524674+0j)
0.666	0.44355600000000006	0.06704372751345625	0.5111935161273031	0.0	(0.5111935161273031+0j)
0.668	0.44622400000000007	0.06734378371880448	0.5141597614040455	0.0	(0.5141597614040455+0j)
0.67	0.4489000000000001	0.06764375311659575	0.5171339422259231	0.0	(0.5171339422259231+0j)
0.672	0.45158400000000004	0.06794363063064392	0.5201160533667243	0.0	(0.5201160533667243+0j)
0.674	0.45427600000000007	0.06824341121034849	0.5231060896307989	0.0	(0.5231060896307989+0j)
0.676	0.45697600000000005	0.06854308983079896	0.5261040458531066	0.0	(0.5261040458531066+0j)
0.678	0.45968400000000004	0.06884266149287709	0.5291099168991993	0.0	(0.5291099168991993+0j)
0.68	0.4624000000000001	0.06914212122335742	0.5321236976652765	0.0	(0.5321236976652765+0j)
0.682	0.4651240000000001	0.06944146407500532	0.5351453830781842	0.0	(0.5351453830781842+0j)
0.684	0.46785600000000005	0.06974068512667353	0.5381749680954356	0.0	(0.5381749680954356+0j)
0.686	0.47059600000000007	0.0700397794833964	0.5412124477052563	0.0	(0.5412124477052563+0j)
0.6880000000000001	0.4733440000000001	0.07033874227648212	0.5442578169265633	0.0	(0.5442578169265633+0j)
0.6900000000000001	0.4761000000000001	0.07063756866360299	0.5473110708090205	0.0	(0.5473110708090205+0j)
0.6920000000000001	0.47886400000000007	0.07093625382888366	0.5503722044330562	0.0	(0.5503722044330562+0j)
0.6940000000000001	0.48163600000000006	0.07123479298298765	0.5534412129098534	0.0	(0.5534412129098534+0j)
0.6960000000000001	0.48441600000000007	0.07153318136320144	0.5565180913814058	0.0	(0.5565180913814058+0j)
0.6980000000000001	0.4872040000000001	0.07183141423351672	0.5596028350205327	0.0	(0.5596028350205327+0j)
0.7000000000000001	0.4900000000000001	0.07212948688471085	0.5626954390308754	0.0	(0.5626954390308754+0j)
0.7020000000000001	0.4928040000000001	0.07242739463442517	0.565795898646967	0.0	(0.565795898646967+0j)
0.704	0.49561599999999995	0.07272513282724129	0.5689042091342011	0.0	(0.5689042091342011+0j)
0.706	0.49843599999999993	0.07302269683475562	0.5720203657888904	0.0	(0.5720203657888904+0j)
0.708	0.5012639999999999	0.07332008205565159	0.5751443639382807	0.0	(0.5751443639382807+0j)
0.71	0.5041	0.07361728391577027	0.5782761989405798	0.0	(0.5782761989405798+0j)
0.712	0.506944	0.07391429786817888	0.5814158661849654	0.0	(0.5814158661849654+0j)
0.714	0.5097959999999999	0.07421111939323721	0.5845633610916253	0.0	(0.5845633610916253+0j)
0.716	0.512656	0.07450774399866238	0.5877186791117927	0.0	(0.5877186791117927+0j)
0.718	0.515524	0.07480416721959135	0.590881815727736	0.0	(0.590881815727736+0j)
0.72	0.5184	0.07510038461864185	0.5940527664528278	0.0	(0.5940527664528278+0j)
0.722	0.521284	0.07539639178597102	0.5972315268315472	0.0	(0.5972315268315472+0j)
0.724	0.524176	0.07569218433933234	0.6004180924395153	0.0	(0.6004180924395153+0j)
0.726	0.527076	0.07598775792413058	0.6036124588835227	0.0	(0.6036124588835227+0j)
0.728	0.529984	0.07628310821347495	0.6068146218015749	0.0	(0.6068146218015749+0j)
0.73	0.5328999999999999	0.07657823090823002	0.610024576862886	0.0	(0.610024576862886+0j)
0.732	0.535824	0.07687312173706529	0.6132423197679513	0.0	(0.6132423197679513+0j)
0.734	0.538756	0.07716777645650223	0.6164678462485677	0.0	(0.6164678462485677+0j)
0.736	0.541696	0.07746219085095991	0.6197011520678549	0.0	(0.6197011520678549+0j)
0.738	0.544644	0.07775636073279868	0.6229422330203099	0.0	(0.6229422330203099+0j)
0.74	0.5476	0.07805028194236166	0.6261910849318234	0.0	(0.6261910849318234+0j)
0.742	0.5505639999999999	0.07834395034801482	0.6294477036597448	0.0	(0.6294477036597448+0j)
0.744	0.553536	0.07863736184618483	0.6327120850928973	0.0	(0.6327120850928973+0j)
0.746	0.556516	0.07893051236139526	0.6359842251516264	0.0	(0.6359842251516264+0j)
0.748	0.559504	0.079223397846301	0.6392641197878449	0.0	(0.6392641197878449+0j)
0.75	0.5625	0.07951601428172053	0.6425517649850803	0.0	(0.6425517649850803+0j)
0.752	0.565504	0.07980835767666673	0.6458471567585222	0.0	(0.6458471567585222+0j)
0.754	0.568516	0.08010042406837561	0.6491502911550452	0.0	(0.6491502911550452+0j)
0.756	0.571536	0.08039220952233349	0.6524611642533018	0.0	(0.6524611642533018+0j)
0.758	0.574564	0.08068371013230193	0.6557797721637361	0.0	(0.6557797721637361+0j)
0.76	0.5776	0.08097492202034144	0.659106111028657	0.0	(0.659106111028657+0j)
0.762	0.580644	0.08126584133683304	0.6624401770222899	0.0	(0.6624401770222899+0j)
0.764	0.583696	0.08155646426049795	0.665781966350832	0.0	(0.665781966350832+0j)
0.766	0.586756	0.08184678699841591	0.6691314752525195	0.0	(0.6691314752525195+0j)
0.768	0.589824	0.08213680578604136	0.6724886999977021	0.0	(0.6724886999977021+0j)
0.77	0.5929	0.08242651688721808	0.6758536368888688	0.0	(0.6758536368888688+0j)
0.772	0.5959840000000001	0.08271591659419206	0.6792262822607799	0.0	(0.6792262822607799+0j)
0.774	0.599076	0.08300500122762233	0.6826066324804863	0.0	(0.6826066324804863+0j)
0.776	0.602176	0.08329376713659083	0.6859946839474249	0.0	(0.6859946839474249+0j)
0.778	0.605284	0.08358221069860956	0.6893904330935217	0.0	(0.6893904330935217+0j)
0.78	0.6084	0.0838703283196269	0.6927938763832387	0.0	(0.6927938763832387+0j)
0.782	0.6115240000000001	0.0841581164340316	0.6962050103136835	0.0	(0.6962050103136835+0j)
0.784	0.6146560000000001	0.08444557150465555	0.699623831414694	0.0	(0.699623831414694+0j)
0.786	0.617796	0.08473269002277448	0.703050336248957	0.0	(0.703050336248957+0j)
0.788	0.620944	0.08501946850810735	0.7064845214120785	0.0	(0.7064845214120785+0j)
0.79	0.6241000000000001	0.08530590350881381	0.7099263835327152	0.0	(0.7099263835327152+0j)
0.792	0.627264	0.08559199160149006	0.7133759192726756	0.0	(0.7133759192726756+0j)
0.794	0.6304360000000001	0.08587772939116327	0.716833125327044	0.0	(0.716833125327044+0j)
0.796	0.6336160000000001	0.08616311351128413	0.7202979984243049	0.0	(0.7202979984243049+0j)
0.798	0.636804	0.08644814062371778	0.7237705353264731	0.0	(0.7237705353264731+0j)
0.8	0.6400000000000001	0.08673280741873343	0.7272507328292535	0.0	(0.7272507328292535+0j)
0.802	0.6432040000000001	0.08701711061499193	0.7307385877621367	0.0	(0.7307385877621367+0j)
0.804	0.6464160000000001	0.08730104695953225	0.7342340969886131	0.0	(0.7342340969886131+0j)
0.806	0.6496360000000001	0.08758461322775579	0.7377372574063071	0.0	(0.7377372574063071+0j)
0.808	0.6528640000000001	0.0878678062234099	0.7412480659471463	0.0	(0.7412480659471463+0j)
0.81	0.6561000000000001	0.08815062277856894	0.7447665195775419	0.0	(0.7447665195775419+0j)
0.812	0.659344	0.08843305975361457	0.7482926152986077	0.0	(0.7482926152986077+0j)
0.8140000000000001	0.6625960000000001	0.08871511403721405	0.7518263501463319	0.0	(0.7518263501463319+0j)
0.8160000000000001	0.6658560000000001	0.08899678254629717	0.7553677211918084	0.0	(0.7553677211918084+0j)
0.8180000000000001	0.669124	0.08927806222603156	0.7589167255414713	0.0	(0.7589167255414713+0j)
0.8200000000000001	0.6724000000000001	0.08955895004979686	0.7624733603373074	0.0	(0.7624733603373074+0j)
0.8220000000000001	0.6756840000000001	0.08983944301915672	0.7660376227571453	0.0	(0.7660376227571453+0j)
0.8240000000000001	0.6789760000000001	0.09011953816383006	0.7696095100149019	0.0	(0.7696095100149019+0j)
0.8260000000000001	0.6822760000000001	0.09039923254166027	0.773189019360903	0.0	(0.773189019360903+0j)
0.8280000000000001	0.6855840000000001	0.09067852323858341	0.7767761480821324	0.0	(0.7767761480821324+0j)
0.8300000000000001	0.6889000000000001	0.09095740736859452	0.780370893502595	0.0	(0.780370893502595+0j)
0.8320000000000001	0.6922240000000002	0.0912358820737129	0.7839732529836759	0.0	(0.7839732529836759+0j)
0.834	0.695556	0.0915139445239457	0.7875832239244528	0.0	(0.7875832239244528+0j)
0.836	0.698896	0.09179159191725025	0.7912008037621459	0.0	(0.7912008037621459+0j)
0.838	0.702244	0.0920688214794948	0.7948259899724499	0.0	(0.7948259899724499+0j)
0.84	0.7055999999999999	0.09234563046441803	0.7984587800700715	0.0	(0.7984587800700715+0j)
0.842	0.7089639999999999	0.09262201615358719	0.802099171609117	0.0	(0.802099171609117+0j)
0.844	0.712336	0.0928979758563548	0.805747162183639	0.0	(0.805747162183639+0j)
0.846	0.7157159999999999	0.09317350690981394	0.8094027494281308	0.0	(0.8094027494281308+0j)
0.848	0.719104	0.09344860667875238	0.8130659310181432	0.0	(0.8130659310181432+0j)
0.85	0.7224999999999999	0.09372327255560509	0.8167367046708465	0.0	(0.8167367046708465+0j)
0.852	0.725904	0.0939975019604058	0.8204150681456733	0.0	(0.8204150681456733+0j)
0.854	0.729316	0.09427129234073685	0.8241010192450546	0.0	(0.8241010192450546+0j)
0.856	0.7327359999999999	0.09454464117167816	0.827794555815141	0.0	(0.827794555815141+0j)
0.858	0.7361639999999999	0.09481754595575446	0.8314956757465657	0.0	(0.8314956757465657+0j)
0.86	0.7395999999999999	0.09509000422288169	0.8352043769753347	0.0	(0.8352043769753347+0j)
0.862	0.7430439999999999	0.09536201353031179	0.8389206574837295	0.0	(0.8389206574837295+0j)
0.864	0.7464959999999999	0.0956335714625764	0.8426445153012482	0.0	(0.8426445153012482+0j)
0.866	0.749956	0.09590467563142929	0.8463759485057265	0.0	(0.8463759485057265+0j)
0.868	0.753424	0.09617532367578778	0.8501149552243866	0.0	(0.8501149552243866+0j)
0.87	0.7569	0.09644551326167239	0.8538615336351081	0.0	(0.8538615336351081+0j)
0.872	0.760384	0.09671524208214582	0.857615681967718	0.0	(0.857615681967718+0j)
0.874	0.763876	0.09698450785725067	0.8613773985053971	0.0	(0.8613773985053971+0j)
0.876	0.767376	0.09725330833394559	0.8651466815861972	0.0	(0.8651466815861972+0j)
0.878	0.770884	0.09752164128604082	0.8689235296047053	0.0	(0.8689235296047053+0j)
0.88	0.7744	0.0977895045141322	0.8727079410138097	0.0	(0.8727079410138097+0j)
0.882	0.7779240000000001	0.09805689584553398	0.8764999143265786	0.0	(0.8764999143265786+0j)
0.884	0.781456	0.0983238131342109	0.8802994481184403	0.0	(0.8802994481184403+0j)
0.886	0.784996	0.09859025426070883	0.8841065410293572	0.0	(0.8841065410293572+0j)
0.888	0.788544	0.09885621713208437	0.8879211917663027	0.0	(0.8879211917663027+0j)
0.89	0.7921	0.09912169968183336	0.8917433991059703	0.0	(0.8917433991059703+0j)
0.892	0.795664	0.09938669986981834	0.8955731618976273	0.0	(0.8955731618976273+0j)
0.894	0.7992360000000001	0.099651215682195	0.8994104790663281	0.0	(0.8994104790663281+0j)
0.896	0.8028160000000001	0.09991524513133739	0.9032553496163214	0.0	(0.9032553496163214+0j)
0.898	0.806404	0.10017878625576226	0.9071077726349406	0.0	(0.9071077726349406+0j)
0.9	0.81	0.10044183712005243	0.9109677472966285	0.0	(0.9109677472966285+0j)
0.902	0.813604	0.10070439581477877	0.9148352728675847	0.0	(0.9148352728675847+0j)
0.904	0.817216	0.10096646045642166	0.918710348710712	0.0	(0.918710348710712+0j)
0.906	0.820836	0.10122802918729112	0.9225929742911562	0.0	(0.9225929742911562+0j)
0.908	0.8244640000000001	0.10148910017544605	0.9264831491823704	0.0	(0.9264831491823704+0j)
0.91	0.8281000000000001	0.10174967161461261	0.9303808730728076	0.0	(0.9303808730728076+0j)
0.912	0.831744	0.10200974172410143	0.9342861457733873	0.0	(0.9342861457733873+0j)
0.914	0.835396	0.10226930874872417	0.9381989672257058	0.0	(0.9381989672257058+0j)
0.916	0.839056	0.10252837095870873	0.9421193375112461	0.0	(0.9421193375112461+0j)
0.918	0.842724	0.10278692664961403	0.946047256861551	0.0	(0.946047256861551+0j)
0.92	0.8464	0.10304497414224353	0.9499827256696827	0.0	(0.9499827256696827+0j)
0.922	0.8500840000000001	0.10330251178255795	0.9539257445029821	0.0	(0.9539257445029821+0j)
0.924	0.8537760000000001	0.10355953794158715	0.9578763141174429	0.0	(0.9578763141174429+0j)
0.926	0.8574760000000001	0.1038160510153412	0.9618344354738835	0.0	(0.9618344354738835+0j)
0.928	0.8611840000000001	0.10407204942472029	0.9658001097562149	0.0	(0.9658001097562149+0j)
0.93	0.8649000000000001	0.10432753161542432	0.9697733383921203	0.0	(0.9697733383921203+0j)
0.932	0.8686240000000001	0.10458249605786106	0.9737541230765953	0.0	(0.9737541230765953+0j)
0.934	0.8723560000000001	0.10483694124705406	0.9777424657987991	0.0	(0.9777424657987991+0j)
0.936	0.8760960000000001	0.10509086570254915	0.9817383688727055	0.0	(0.9817383688727055+0j)
0.9380000000000001	0.8798440000000001	0.10534426796832085	0.9857418349724574	0.0	(0.9857418349724574+0j)
0.9400000000000001	0.8836000000000002	0.10559714661267727	0.9897528671730748	0.0	(0.9897528671730748+0j)
0.9420000000000001	0.8873640000000002	0.10584950022816482	0.9937714689976483	0.0	(0.9937714689976483+0j)
0.9440000000000001	0.8911360000000002	0.10610132743147183	0.9977976444723343	0.0	(0.9977976444723343+0j)
0.9460000000000001	0.8949160000000002	0.10635262686333152	1.0018313981906084	0.0	(1.0018313981906084+0j)
0.9480000000000001	0.8987040000000002	0.10660339718842432	1.0058727353889805	0.0	(1.0058727353889805+0j)
0.9500000000000001	0.9025000000000001	0.10685363709527927	1.0099216620364553	0.0	(1.0099216620364553+0j)
0.9520000000000001	0.9063040000000001	0.1071033452961749	1.013978184941067	0.0	(1.013978184941067+0j)
0.9540000000000001	0.9101160000000001	0.10735252052703932	1.0180423118775253	0.0	(1.0180423118775253+0j)
0.9560000000000001	0.9139360000000002	0.1076011615473497	1.0221140517412013	0.0	(1.0221140517412013+0j)
0.9580000000000001	0.9177640000000001	0.10784926714003085	1.0261934147353926	0.0	(1.0261934147353926+0j)
0.96	0.9216	0.10809683611135354	1.0302804126008898	0.0	(1.0302804126008898+0j)
0.962	0.9254439999999999	0.10834386729083181	1.034375058900039	0.0	(1.034375058900039+0j)
0.964	0.9292959999999999	0.10859035953111974	1.0384773693717022	0.0	(1.0384773693717022+0j)
0.966	0.933156	0.10883631170790775	1.0425873623796247	0.0	(1.0425873623796247+0j)
0.968	0.937024	0.10908172271981804	1.04670505948582	0.0	(1.04670505948582+0j)
0.97	0.9409	0.10932659148829958	1.0508304861935065	0.0	(1.0508304861935065+0j)
0.972	0.944784	0.10957091695752261	1.0549636729243155	0.0	(1.0549636729243155+0j)
0.974	0.948676	0.10981469809427222	1.0591046563254307	0.0	(1.0591046563254307+0j)
0.976	0.952576	0.11005793388784178	1.0632534810513534	0.0	(1.0632534810513534+0j)
0.978	0.956484	0.11030062334992549	1.0674102022458685	0.0	(1.0674102022458685+0j)
0.98	0.9603999999999999	0.11054276551451056	1.071574889086909	0.0	(1.071574889086909+0j)
0.982	0.964324	0.11078435943776886	1.0757476299981261	0.0	(1.0757476299981261+0j)
0.984	0.968256	0.11102540419794782	1.0799285405786505	0.0	(1.0799285405786505+0j)
0.986	0.972196	0.11126589889526126	1.0841177761741838	0.0	(1.0841177761741838+0j)
0.988	0.976144	0.11150584265177928	1.0883155528322057	0.0	(1.0883155528322057+0j)
0.99	0.9801	0.11174523461131793	1.0925221844962767	0.0	(1.0925221844962767+0j)
0.992	0.9840639999999999	0.11198407393932835	1.096738154595087	0.0	(1.096738154595087+0j)
0.994	0.988036	0.1122223598227854	1.1009642696909587	0.0	(1.1009642696909587+0j)
0.996	0.992016	0.11246009147007585	1.105202044739759	0.0	(1.105202044739759+0j)
0.998	0.996004	0.11269726811088619	1.1094549364285355	0.0	(1.1094549364285355+0j)
1.0	1.0	0.11293388899608998	1.1137346173527432	0.0	(1.1137346173527432+0j)
