-1.0	-1.0	-0.005646694449804499	-1.0056543733685979	0.0	(-1.0056543733685979+0j)
-0.995	-0.990025	-0.005617064748729697	-0.9956483359505425	0.0	(-0.9956483359505425+0j)
-0.99	-0.9801	-0.0055872617305658965	-0.9856928318281416	0.0	(-0.9856928318281416+0j)
-0.985	-0.970225	-0.005557286017992215	-0.9757873943246871	0.0	(-0.9757873943246871+0j)
-0.98	-0.9603999999999999	-0.005527138275725528	-0.9659319050382343	0.0	(-0.9659319050382343+0j)
-0.975	-0.9506249999999999	-0.005496819211062369	-0.9561263166973385	0.0	(-0.9561263166973385+0j)
-0.97	-0.9409	-0.005466329574414979	-0.9463706059807154	0.0	(-0.9463706059807154+0j)
-0.965	-0.931225	-0.00543567015984118	-0.9366647599073537	0.0	(-0.9366647599073537+0j)
-0.96	-0.9216	-0.005404841805567677	-0.9270087707040199	0.0	(-0.9270087707040199+0j)
-0.9550000000000001	-0.9120250000000001	-0.005373845394506466	-0.9174026335159826	0.0	(-0.9174026335159826+0j)
-0.9500000000000001	-0.9025000000000001	-0.005342681854763964	-0.9078463452596601	0.0	(-0.9078463452596601+0j)
-0.9450000000000001	-0.8930250000000001	-0.005311352160142509	-0.8983399039959715	0.0	(-0.8983399039959715+0j)
-0.9400000000000001	-0.8836000000000002	-0.005279857330633864	-0.8888833085645091	0.0	(-0.8888833085645091+0j)
-0.935	-0.8742250000000001	-0.005248198432904343	-0.8794765583584951	0.0	(-0.8794765583584951+0j)
-0.93	-0.8649000000000001	-0.005216376580771216	-0.8701196531801352	0.0	(-0.8701196531801352+0j)
-0.925	-0.8556250000000001	-0.005184392935669981	-0.8608125931443661	0.0	(-0.8608125931443661+0j)
-0.92	-0.8464	-0.005152248707112177	-0.8515553786128299	0.0	(-0.8515553786128299+0j)
-0.915	-0.8372250000000001	-0.005119945153133323	-0.8423480101473549	0.0	(-0.8423480101473549+0j)
-0.91	-0.8281000000000001	-0.0050874835807306305	-0.8331904884765237	0.0	(-0.8331904884765237+0j)
-0.905	-0.819025	-0.005054865346290096	-0.8240828144711573	0.0	(-0.8240828144711573+0j)
-0.9	-0.81	-0.0050220918560026214	-0.8150249891260011	0.0	(-0.8150249891260011+0j)
-0.895	-0.801025	-0.004989164566268749	-0.8060170135459009	0.0	(-0.8060170135459009+0j)
-0.89	-0.7921	-0.004956084984091668	-0.7970588889352004	0.0	(-0.7970588889352004+0j)
-0.885	-0.7832250000000001	-0.004922854667458085	-0.7881506165895231	0.0	(-0.7881506165895231+0j)
-0.88	-0.7744	-0.0048894752257066095	-0.7792921978893395	0.0	(-0.7792921978893395+0j)
-0.875	-0.765625	-0.004855948319883239	-0.7704836342948738	0.0	(-0.7704836342948738+0j)
-0.87	-0.7569	-0.004822275663083619	-0.7617249273420803	0.0	(-0.7617249273420803+0j)
-0.865	-0.748225	-0.004788459020781647	-0.7530160786393947	0.0	(-0.7530160786393947+0j)
-0.86	-0.7395999999999999	-0.004754500211144085	-0.7443570898651285	0.0	(-0.7443570898651285+0j)
-0.855	-0.7310249999999999	-0.004720401105330803	-0.7357479627653302	0.0	(-0.7357479627653302+0j)
-0.85	-0.7224999999999999	-0.004686163627780254	-0.7271886991520858	0.0	(-0.7271886991520858+0j)
-0.845	-0.7140249999999999	-0.004651789756479862	-0.718679300902066	0.0	(-0.718679300902066+0j)
-0.84	-0.7055999999999999	-0.0046172815232209015	-0.710219769955411	0.0	(-0.710219769955411+0j)
-0.835	-0.697225	-0.004582641013837548	-0.7018101083147209	0.0	(-0.7018101083147209+0j)
-0.8300000000000001	-0.6889000000000001	-0.004547870368429726	-0.693450318044277	0.0	(-0.693450318044277+0j)
-0.8250000000000001	-0.6806250000000001	-0.00451297178156938	-0.6851404012693799	0.0	(-0.6851404012693799+0j)
-0.8200000000000001	-0.6724000000000001	-0.004477947502489843	-0.6768803601757806	0.0	(-0.6768803601757806+0j)
-0.8150000000000001	-0.6642250000000001	-0.004442799835257935	-0.6686701970092065	0.0	(-0.6686701970092065+0j)
-0.81	-0.6561000000000001	-0.004407531138928447	-0.6605099140749469	0.0	(-0.6605099140749469+0j)
-0.805	-0.6480250000000001	-0.004372143827680676	-0.6523995137375187	0.0	(-0.6523995137375187+0j)
-0.8	-0.6400000000000001	-0.004336640370936671	-0.6443389984203675	0.0	(-0.6443389984203675+0j)
-0.795	-0.6320250000000001	-0.004301023293460851	-0.6363283706055806	0.0	(-0.6363283706055806+0j)
-0.79	-0.6241000000000001	-0.00426529517544069	-0.6283676328336557	0.0	(-0.6283676328336557+0j)
-0.785	-0.616225	-0.004229458652548116	-0.6204567877032747	0.0	(-0.6204567877032747+0j)
-0.78	-0.6084	-0.004193516415981345	-0.6125958378711133	0.0	(-0.6125958378711133+0j)
-0.775	-0.6006250000000001	-0.0041574712124868105	-0.6047847860516291	0.0	(-0.6047847860516291+0j)
-0.77	-0.5929	-0.0041213258443609044	-0.5970236350168807	0.0	(-0.5970236350168807+0j)
-0.765	-0.585225	-0.004085083169431231	-0.5893123875963402	0.0	(-0.5893123875963402+0j)
-0.76	-0.5776	-0.004048746101017072	-0.5816510466767119	0.0	(-0.5816510466767119+0j)
-0.755	-0.570025	-0.004012317607868816	-0.5740396152017305	0.0	(-0.5740396152017305+0j)
-0.75	-0.5625	-0.003975800714086026	-0.5664780961719812	0.0	(-0.5664780961719812+0j)
-0.745	-0.555025	-0.003939198499013939	-0.5589664926446792	0.0	(-0.5589664926446792+0j)
-0.74	-0.5476	-0.0039025140971180833	-0.5515048077334904	0.0	(-0.5515048077334904+0j)
-0.735	-0.540225	-0.003865750697836816	-0.5440930446082725	0.0	(-0.5440930446082725+0j)
-0.73	-0.5328999999999999	-0.003828911545411501	-0.5367312064948556	0.0	(-0.5367312064948556+0j)
-0.725	-0.525625	-0.0037919999386941236	-0.5294192966748179	0.0	(-0.5294192966748179+0j)
-0.72	-0.5184	-0.0037550192309320925	-0.5221573184851893	0.0	(-0.5221573184851893+0j)
-0.715	-0.5112249999999999	-0.0037179728295300613	-0.514945275318195	0.0	(-0.514945275318195+0j)
-0.71	-0.5041	-0.0036808641957885137	-0.5077831706209619	0.0	(-0.5077831706209619+0j)
-0.705	-0.49702499999999994	-0.0036436968446189573	-0.5006710078952054	0.0	(-0.5006710078952054+0j)
-0.7000000000000001	-0.4900000000000001	-0.003606474344235543	-0.4936087906968896	0.0	(-0.4936087906968896+0j)
-0.6950000000000001	-0.4830250000000001	-0.003569200315822911	-0.4865965226359122	0.0	(-0.4865965226359122+0j)
-0.6900000000000001	-0.4761000000000001	-0.0035318784331801493	-0.47963420737570656	0.0	(-0.47963420737570656+0j)
-0.685	-0.46922500000000006	-0.0034945124223406624	-0.47272184863287303	0.0	(-0.47272184863287303+0j)
-0.68	-0.4624000000000001	-0.003457106061167871	-0.4658594501767725	0.0	(-0.4658594501767725+0j)
-0.675	-0.45562500000000006	-0.003419663178926554	-0.45904701582909374	0.0	(-0.45904701582909374+0j)
-0.67	-0.4489000000000001	-0.0033821876558297872	-0.4522845494634003	0.0	(-0.4522845494634003+0j)
-0.665	-0.44222500000000003	-0.0033446834225613177	-0.44557205500468083	0.0	(-0.44557205500468083+0j)
-0.66	-0.43560000000000004	-0.0033071544597733276	-0.43890953642882286	0.0	(-0.43890953642882286+0j)
-0.655	-0.42902500000000005	-0.0032696047975594765	-0.4322969977621211	0.0	(-0.4322969977621211+0j)
-0.65	-0.42250000000000004	-0.003232038514903203	-0.4257344430807271	0.0	(-0.4257344430807271+0j)
-0.645	-0.41602500000000003	-0.003194459739101185	-0.4192218765100801	0.0	(-0.4192218765100801+0j)
-0.64	-0.4096	-0.0031568726451619514	-0.41275930222432455	0.0	(-0.41275930222432455+0j)
-0.635	-0.403225	-0.0031192814551796316	-0.4063467244456835	0.0	(-0.4063467244456835+0j)
-0.63	-0.39690000000000003	-0.003081690437682795	-0.3999841474438257	0.0	(-0.3999841474438257+0j)
-0.625	-0.390625	-0.0030441039069584244	-0.3936715755351876	0.0	(-0.3936715755351876+0j)
-0.62	-0.3844	-0.003006526222351008	-0.38740901308227804	0.0	(-0.38740901308227804+0j)
-0.615	-0.378225	-0.0029689617875368144	-0.3811964644929667	0.0	(-0.3811964644929667+0j)
-0.61	-0.3721	-0.002931415049773364	-0.37503393421970443	0.0	(-0.37503393421970443+0j)
-0.605	-0.366025	-0.0028938904991241765	-0.36892142675876066	0.0	(-0.36892142675876066+0j)
-0.6	-0.36	-0.002856392667658878	-0.3628589466494055	0.0	(-0.3628589466494055+0j)
-0.595	-0.354025	-0.0028189261286287216	-0.3568464984730568	0.0	(-0.3568464984730568+0j)
-0.59	-0.34809999999999997	-0.002781495495617674	-0.35088408685241884	0.0	(-0.35088408685241884+0j)
-0.585	-0.34222499999999995	-0.0027441054216691503	-0.3449717164505634	0.0	(-0.3449717164505634+0j)
-0.58	-0.3364	-0.0027067605983885365	-0.3391093919699796	0.0	(-0.3391093919699796+0j)
-0.5750000000000001	-0.33062500000000006	-0.0026694657550216843	-0.3332971181516207	0.0	(-0.3332971181516207+0j)
-0.5700000000000001	-0.3249000000000001	-0.002632225657509476	-0.32753489977387545	0.0	(-0.32753489977387545+0j)
-0.5650000000000001	-0.3192250000000001	-0.0025950451075187186	-0.3218227416515219	0.0	(-0.3218227416515219+0j)
-0.56	-0.31360000000000005	-0.0025579289414494836	-0.31616064863465265	0.0	(-0.31616064863465265+0j)
-0.555	-0.30802500000000005	-0.0025208820294191844	-0.310548625607542	0.0	(-0.310548625607542+0j)
-0.55	-0.30250000000000005	-0.002483909274223522	-0.30498667748748665	0.0	(-0.30498667748748665+0j)
-0.545	-0.29702500000000004	-0.002447015610274628	-0.29947480922360875	0.0	(-0.29947480922360875+0j)
-0.54	-0.2916	-0.0024102060025166273	-0.2940130257956072	0.0	(-0.2940130257956072+0j)
-0.535	-0.286225	-0.002373485445318858	-0.28860133221247386	0.0	(-0.28860133221247386+0j)
-0.53	-0.28090000000000004	-0.002336858961347093	-0.2832397335111565	0.0	(-0.2832397335111565+0j)
-0.525	-0.275625	-0.0023003316004130206	-0.27792823475519685	0.0	(-0.27792823475519685+0j)
-0.52	-0.27040000000000003	-0.002263908438302353	-0.27266684103329425	0.0	(-0.27266684103329425+0j)
-0.515	-0.265225	-0.0022275945755818056	-0.267455557457841	0.0	(-0.267455557457841+0j)
-0.51	-0.2601	-0.0021913951363854087	-0.2622943891634014	0.0	(-0.2622943891634014+0j)
-0.505	-0.255025	-0.0021553152671804215	-0.25718334130513665	0.0	(-0.25718334130513665+0j)
-0.5	-0.25	-0.00211936013551328	-0.25212241905717525	0.0	(-0.25212241905717525+0j)
-0.495	-0.245025	-0.002083534928735935	-0.2471116276109397	0.0	(-0.2471116276109397+0j)
-0.49	-0.24009999999999998	-0.0020478448527130235	-0.2421509721733932	0.0	(-0.2421509721733932+0j)
-0.485	-0.235225	-0.0020122951305102735	-0.23724045796524706	0.0	(-0.23724045796524706+0j)
-0.48	-0.2304	-0.0019768910010645683	-0.23238009021909273	0.0	(-0.23238009021909273+0j)
-0.47500000000000003	-0.22562500000000002	-0.0019416377178361564	-0.22756987417747065	0.0	(-0.22756987417747065+0j)
-0.47000000000000003	-0.22090000000000004	-0.0019065405474434517	-0.22280981509087047	0.0	(-0.22280981509087047+0j)
-0.465	-0.21622500000000003	-0.0018716047682808667	-0.21809991821566121	0.0	(-0.21809991821566121+0j)
-0.46	-0.2116	-0.0018368356691202768	-0.21344018881193835	0.0	(-0.21344018881193835+0j)
-0.455	-0.20702500000000001	-0.0018022385476964674	-0.2088306321412943	0.0	(-0.2088306321412943+0j)
-0.45	-0.2025	-0.0017678187092772541	-0.2042712534645127	0.0	(-0.2042712534645127+0j)
-0.445	-0.198025	-0.0017335814652186653	-0.19976205803914748	0.0	(-0.19976205803914748+0j)
-0.44	-0.1936	-0.0016995321315058202	-0.195303051117039	0.0	(-0.195303051117039+0j)
-0.435	-0.189225	-0.0016656760272800268	-0.19089423794170327	0.0	(-0.19089423794170327+0j)
-0.43	-0.18489999999999998	-0.0016320184733526963	-0.18653562374562752	0.0	(-0.18653562374562752+0j)
-0.425	-0.18062499999999998	-0.0015985647907066011	-0.1822272137474429	0.0	(-0.1822272137474429+0j)
-0.42	-0.17639999999999997	-0.001565320298985165	-0.17796901314897756	0.0	(-0.17796901314897756+0j)
-0.41500000000000004	-0.17222500000000002	-0.0015322903149702707	-0.17376102713218244	0.0	(-0.17376102713218244+0j)
-0.41000000000000003	-0.16810000000000003	-0.0014994801510493545	-0.16960326085590927	0.0	(-0.16960326085590927+0j)
-0.405	-0.16402500000000003	-0.0014668951136722619	-0.16549571945254665	0.0	(-0.16549571945254665+0j)
-0.4	-0.16000000000000003	-0.0014345405017986423	-0.16143840802448559	0.0	(-0.16143840802448559+0j)
-0.395	-0.15602500000000002	-0.0014024216053363792	-0.1574313316404298	0.0	(-0.1574313316404298+0j)
-0.39	-0.1521	-0.0013705437035719178	-0.1534744953315044	0.0	(-0.1534744953315044+0j)
-0.385	-0.148225	-0.0013389120635929515	-0.14956790408717302	0.0	(-0.14956790408717302+0j)
-0.38	-0.1444	-0.0013075319387043267	-0.14571156285095166	0.0	(-0.14571156285095166+0j)
-0.375	-0.140625	-0.0012764085668376945	-0.14190547651588867	0.0	(-0.14190547651588867+0j)
-0.37	-0.1369	-0.0012455471689557449	-0.1381496499198061	0.0	(-0.1381496499198061+0j)
-0.365	-0.13322499999999998	-0.0012149529474516328	-0.1344440878402847	0.0	(-0.1344440878402847+0j)
-0.36	-0.1296	-0.0011846310845443908	-0.13078879498937102	0.0	(-0.13078879498937102+0j)
-0.355	-0.126025	-0.001154586740670916	-0.12718377600799383	0.0	(-0.12718377600799383+0j)
-0.35000000000000003	-0.12250000000000003	-0.001124825052875457	-0.12362903546006539	0.0	(-0.12362903546006539+0j)
-0.34500000000000003	-0.11902500000000002	-0.0010953511331971144	-0.12012457782625771	0.0	(-0.12012457782625771+0j)
-0.34	-0.11560000000000002	-0.001066170067056324	-0.11667040749741711	0.0	(-0.11667040749741711+0j)
-0.335	-0.11222500000000002	-0.0010372869116408098	-0.11326652876761062	0.0	(-0.11326652876761062+0j)
-0.33	-0.10890000000000001	-0.0010087066942920248	-0.10991294582677888	0.0	(-0.10991294582677888+0j)
-0.325	-0.10562500000000001	-0.0009804344108926	-0.10660966275296836	0.0	(-0.10660966275296836+0j)
-0.32	-0.1024	-0.0009524750242557653	-0.10335668350412267	0.0	(-0.10335668350412267+0j)
-0.315	-0.09922500000000001	-0.000924833462517323	-0.10015401190941967	0.0	(-0.10015401190941967+0j)
-0.31	-0.0961	-0.0008975146175310908	-0.09700165166011529	0.0	(-0.09700165166011529+0j)
-0.305	-0.093025	-0.0008705233432684742	-0.09389960629988592	0.0	(-0.09389960629988592+0j)
-0.3	-0.09	-0.0008438644542229923	-0.09084787921464908	0.0	(-0.09084787921464908+0j)
-0.295	-0.08702499999999999	-0.0008175427238205704	-0.0878464736218333	0.0	(-0.0878464736218333+0j)
-0.29	-0.0841	-0.0007915628828362511	-0.08489539255909091	0.0	(-0.08489539255909091+0j)
-0.28500000000000003	-0.08122500000000002	-0.0007659296178182395	-0.0819946388724423	0.0	(-0.0819946388724423+0j)
-0.28	-0.07840000000000001	-0.0007406475695199699	-0.0791442152038381	0.0	(-0.0791442152038381+0j)
-0.275	-0.07562500000000001	-0.000715721331340971	-0.07634412397815275	0.0	(-0.07634412397815275+0j)
-0.27	-0.0729	-0.0006911554477774112	-0.07359436738961238	0.0	(-0.07359436738961238+0j)
-0.265	-0.07022500000000001	-0.0006669544128829127	-0.07089494738768876	0.0	(-0.07089494738768876+0j)
-0.26	-0.06760000000000001	-0.000643122668740545	-0.06824586566251804	0.0	(-0.06824586566251804+0j)
-0.255	-0.065025	-0.0006196646039468706	-0.06564712362990191	0.0	(-0.06564712362990191+0j)
-0.25	-0.0625	-0.000596584552108384	-0.06309872241602146	0.0	(-0.06309872241602146+0j)
-0.245	-0.060024999999999995	-0.0005738867903516687	-0.0606006628420199	0.0	(-0.0606006628420199+0j)
-0.24	-0.0576	-0.0005515755378476678	-0.058152945408688074	0.0	(-0.058152945408688074+0j)
-0.23500000000000001	-0.05522500000000001	-0.0005296549543508944	-0.05575557028156903	0.0	(-0.05575557028156903+0j)
-0.23	-0.0529	-0.0005081291387543235	-0.053408537276922526	0.0	(-0.053408537276922526+0j)
-0.225	-0.050625	-0.00048700212766086826	-0.051111845849151634	0.0	(-0.051111845849151634+0j)
-0.22	-0.0484	-0.00046627789397198083	-0.04886549508048932	0.0	(-0.04886549508048932+0j)
-0.215	-0.046224999999999995	-0.0004459603454941702	-0.046669483674048225	0.0	(-0.046669483674048225+0j)
-0.21	-0.04409999999999999	-0.0004260533235642405	-0.044523809951686505	0.0	(-0.044523809951686505+0j)
-0.20500000000000002	-0.04202500000000001	-0.00040656060169380615	-0.04242847185865293	0.0	(-0.04242847185865293+0j)
-0.2	-0.04000000000000001	-0.0003874858842340956	-0.04038346697762798	0.0	(-0.04038346697762798+0j)
-0.195	-0.038025	-0.0003688328050613643	-0.0383887925556457	0.0	(-0.0383887925556457+0j)
-0.19	-0.0361	-0.00035060492628385953	-0.03644444554854136	0.0	(-0.03644444554854136+0j)
-0.185	-0.034225	-0.0003328057369709758	-0.03455042268908059	0.0	(-0.03455042268908059+0j)
-0.18	-0.0324	-0.000315438651905392	-0.032706720586938104	0.0	(-0.032706720586938104+0j)
-0.17500000000000002	-0.030625000000000006	-0.0002985070103583287	-0.03091333587131131	0.0	(-0.03091333587131131+0j)
-0.17	-0.028900000000000006	-0.00028201407488950836	-0.02917026539036086	0.0	(-0.02917026539036086+0j)
-0.165	-0.027225000000000003	-0.0002659630301715954	-0.027477506486084713	0.0	(-0.027477506486084713+0j)
-0.16	-0.0256	-0.00025035698184006083	-0.025835057368823473	0.0	(-0.025835057368823473+0j)
-0.155	-0.024025	-0.0002351989553692757	-0.024242917622620794	0.0	(-0.024242917622620794+0j)
-0.15	-0.0225	-0.00022049189497530541	-0.022701088881201557	0.0	(-0.022701088881201557+0j)
-0.145	-0.021025	-0.00020623866254568246	-0.021209575724328394	0.0	(-0.021209575724328394+0j)
-0.14	-0.019600000000000003	-0.00019244203659740666	-0.019768386855243018	0.0	(-0.019768386855243018+0j)
-0.135	-0.018225	-0.00017910471126303396	-0.018377536630494243	0.0	(-0.018377536630494243+0j)
-0.13	-0.016900000000000002	-0.0001662292953060196	-0.01703704702099784	0.0	(-0.01703704702099784+0j)
-0.125	-0.015625	-0.00015381831116517697	-0.015746950082719403	0.0	(-0.015746950082719403+0j)
-0.12	-0.0144	-0.000141874194029612	-0.01450729099858083	0.0	(-0.01450729099858083+0j)
-0.115	-0.013225	-0.00013039929094388336	-0.013318131707166392	0.0	(-0.013318131707166392+0j)
-0.11	-0.0121	-0.00011939585994424906	-0.012179555040587906	0.0	(-0.012179555040587906+0j)
-0.105	-0.011024999999999998	-0.00010886606922644315	-0.011091669131985693	0.0	(-0.011091669131985693+0j)
-0.1	-0.010000000000000002	-9.881199634531601e-05	-0.0100546116038901	0.0	(-0.0100546116038901+0j)
-0.095	-0.009025	-8.923562744722613e-05	-0.009068552710179907	0.0	(-0.009068552710179907+0j)
-0.09	-0.0081	-8.013885653446184e-05	-0.0081336962151406	0.0	(-0.0081336962151406+0j)
-0.085	-0.007225000000000001	-7.152348476391346e-05	-0.007250276459118805	0.0	(-0.007250276459118805+0j)
-0.08	-0.0064	-6.339121977827489e-05	-0.0064185499653955464	0.0	(-0.0064185499653955464+0j)
-0.075	-0.005625	-5.57436750725504e-05	-0.005638780305620226	0.0	(-0.005638780305620226+0j)
-0.07	-0.004900000000000001	-4.8582369392979885e-05	-0.004911215884641575	0.0	(-0.004911215884641575+0j)
-0.065	-0.0042250000000000005	-4.190872617315655e-05	-0.0042360616646341	0.0	(-0.0042360616646341+0j)
-0.06	-0.0036	-3.572407300267422e-05	-0.0036134470375333867	0.0	(-0.0036134470375333867+0j)
-0.055	-0.003025	-3.002964113196782e-05	-0.0030433921700026897	0.0	(-0.0030433921700026897+0j)
-0.05	-0.0025000000000000005	-2.4826565014901547e-05	-0.0025257733263310826	0.0	(-0.0025257733263310826+0j)
-0.045	-0.002025	-2.0115881881999087e-05	-0.002060283446222604	0.0	(-0.002060283446222604+0j)
-0.04	-0.0016	-1.589853135453012e-05	-0.0016463774052357556	0.0	(-0.0016463774052357556+0j)
-0.035	-0.0012250000000000002	-1.2175355093901885e-05	-0.001283181232619118	0.0	(-0.001283181232619118+0j)
-0.03	-0.0009	-8.947096485911743e-06	-0.0009693290542442552	0.0	(-0.0009693290542442552+0j)
-0.025	-0.0006250000000000001	-6.214400361415073e-06	-0.0007026675603621859	0.0	(-0.0007026675603621859+0j)
-0.02	-0.0004	-3.977812756517096e-06	-0.0004797367718556667	0.0	(-0.0004797367718556667+0j)
-0.015	-0.000225	-2.237780709180015e-06	-0.0002949270860201904	0.0	(-0.0002949270860201904+0j)
-0.01	-0.0001	-9.94652090469117e-07	-0.00013934877354431535	0.0	(-0.00013934877354431535+0j)
-0.005	-2.5e-05	-2.4867543402251613e-07	6.749158523722265e-18	-0.008096323492985827	(6.749158523722265e-18-0.008096323492985827j)
0.005	2.5e-05	2.4867543402251613e-07	6.749158523722265e-18	0.008096323492985827	(6.749158523722265e-18+0.008096323492985827j)
0.01	0.0001	9.94652090469117e-07	0.00013934877354431884	0.0	(0.00013934877354431884+0j)
0.015	0.000225	2.237780709180015e-06	0.00029492708602020317	0.0	(0.00029492708602020317+0j)
0.02	0.0004	3.977812756517096e-06	0.0004797367718556482	0.0	(0.0004797367718556482+0j)
0.025	0.0006250000000000001	6.214400361415073e-06	0.0007026675603621731	0.0	(0.0007026675603621731+0j)
0.03	0.0009	8.947096485911743e-06	0.0009693290542443131	0.0	(0.0009693290542443131+0j)
0.035	0.0012250000000000002	1.2175355093901885e-05	0.001283181232619119	0.0	(0.001283181232619119+0j)
0.04	0.0016	1.589853135453012e-05	0.0016463774052357285	0.0	(0.0016463774052357285+0j)
0.045	0.002025	2.0115881881999087e-05	0.00206028344622259	0.0	(0.00206028344622259+0j)
0.05	0.0025000000000000005	2.4826565014901547e-05	0.0025257733263311243	0.0	(0.0025257733263311243+0j)
0.055	0.003025	3.002964113196782e-05	0.0030433921700026983	0.0	(0.0030433921700026983+0j)
0.06	0.0036	3.572407300267422e-05	0.0036134470375333875	0.0	(0.0036134470375333875+0j)
0.065	0.0042250000000000005	4.190872617315655e-05	0.004236061664634088	0.0	(0.004236061664634088+0j)
0.07	0.004900000000000001	4.8582369392979885e-05	0.00491121588464165	0.0	(0.00491121588464165+0j)
0.075	0.005625	5.57436750725504e-05	0.005638780305620186	0.0	(0.005638780305620186+0j)
0.08	0.0064	6.339121977827489e-05	0.006418549965395474	0.0	(0.006418549965395474+0j)
0.085	0.007225000000000001	7.152348476391346e-05	0.007250276459118796	0.0	(0.007250276459118796+0j)
0.09	0.0081	8.013885653446184e-05	0.008133696215140616	0.0	(0.008133696215140616+0j)
0.095	0.009025	8.923562744722613e-05	0.009068552710179869	0.0	(0.009068552710179869+0j)
0.1	0.010000000000000002	9.881199634531601e-05	0.010054611603890084	0.0	(0.010054611603890084+0j)
0.105	0.011024999999999998	0.00010886606922644315	0.01109166913198563	0.0	(0.01109166913198563+0j)
0.11	0.0121	0.00011939585994424906	0.012179555040587976	0.0	(0.012179555040587976+0j)
0.115	0.013225	0.00013039929094388336	0.013318131707166357	0.0	(0.013318131707166357+0j)
0.12	0.0144	0.000141874194029612	0.014507290998580826	0.0	(0.014507290998580826+0j)
0.125	0.015625	0.00015381831116517697	0.01574695008271943	0.0	(0.01574695008271943+0j)
0.13	0.016900000000000002	0.0001662292953060196	0.01703704702099784	0.0	(0.01703704702099784+0j)
0.135	0.018225	0.00017910471126303396	0.018377536630494257	0.0	(0.018377536630494257+0j)
0.14	0.019600000000000003	0.00019244203659740666	0.019768386855243104	0.0	(0.019768386855243104+0j)
0.145	0.021025	0.00020623866254568246	0.021209575724328456	0.0	(0.021209575724328456+0j)
0.15	0.0225	0.00022049189497530541	0.022701088881201665	0.0	(0.022701088881201665+0j)
0.155	0.024025	0.0002351989553692757	0.024242917622620822	0.0	(0.024242917622620822+0j)
0.16	0.0256	0.00025035698184006083	0.02583505736882354	0.0	(0.02583505736882354+0j)
0.165	0.027225000000000003	0.0002659630301715954	0.027477506486084723	0.0	(0.027477506486084723+0j)
0.17	0.028900000000000006	0.00028201407488950836	0.029170265390360973	0.0	(0.029170265390360973+0j)
0.17500000000000002	0.030625000000000006	0.0002985070103583287	0.03091333587131112	0.0	(0.03091333587131112+0j)
0.18	0.0324	0.000315438651905392	0.03270672058693835	0.0	(0.03270672058693835+0j)
0.185	0.034225	0.0003328057369709758	0.03455042268908047	0.0	(0.03455042268908047+0j)
0.19	0.0361	0.00035060492628385953	0.03644444554854163	0.0	(0.03644444554854163+0j)
0.195	0.038025	0.0003688328050613643	0.03838879255564562	0.0	(0.03838879255564562+0j)
0.2	0.04000000000000001	0.0003874858842340956	0.04038346697762779	0.0	(0.04038346697762779+0j)
0.20500000000000002	0.04202500000000001	0.00040656060169380615	0.04242847185865293	0.0	(0.04242847185865293+0j)
0.21	0.04409999999999999	0.0004260533235642405	0.044523809951686484	0.0	(0.044523809951686484+0j)
0.215	0.046224999999999995	0.0004459603454941702	0.04666948367404836	0.0	(0.04666948367404836+0j)
0.22	0.0484	0.00046627789397198083	0.048865495080489575	0.0	(0.048865495080489575+0j)
0.225	0.050625	0.00048700212766086826	0.051111845849151474	0.0	(0.051111845849151474+0j)
0.23	0.0529	0.0005081291387543235	0.053408537276922484	0.0	(0.053408537276922484+0j)
0.23500000000000001	0.05522500000000001	0.0005296549543508944	0.055755570281568946	0.0	(0.055755570281568946+0j)
0.24	0.0576	0.0005515755378476678	0.05815294540868812	0.0	(0.05815294540868812+0j)
0.245	0.060024999999999995	0.0005738867903516687	0.06060066284201961	0.0	(0.06060066284201961+0j)
0.25	0.0625	0.000596584552108384	0.06309872241602114	0.0	(0.06309872241602114+0j)
0.255	0.065025	0.0006196646039468706	0.0656471236299022	0.0	(0.0656471236299022+0j)
0.26	0.06760000000000001	0.000643122668740545	0.06824586566251803	0.0	(0.06824586566251803+0j)
0.265	0.07022500000000001	0.0006669544128829127	0.07089494738768942	0.0	(0.07089494738768942+0j)
0.27	0.0729	0.0006911554477774112	0.07359436738961242	0.0	(0.07359436738961242+0j)
0.275	0.07562500000000001	0.000715721331340971	0.07634412397815311	0.0	(0.07634412397815311+0j)
0.28	0.07840000000000001	0.0007406475695199699	0.07914421520383842	0.0	(0.07914421520383842+0j)
0.28500000000000003	0.08122500000000002	0.0007659296178182395	0.08199463887244181	0.0	(0.08199463887244181+0j)
0.29	0.0841	0.0007915628828362511	0.08489539255909095	0.0	(0.08489539255909095+0j)
0.295	0.08702499999999999	0.0008175427238205704	0.08784647362183326	0.0	(0.08784647362183326+0j)
0.3	0.09	0.0008438644542229923	0.09084787921464901	0.0	(0.09084787921464901+0j)
0.305	0.093025	0.0008705233432684742	0.09389960629988543	0.0	(0.09389960629988543+0j)
0.31	0.0961	0.0008975146175310908	0.09700165166011476	0.0	(0.09700165166011476+0j)
0.315	0.09922500000000001	0.000924833462517323	0.10015401190942003	0.0	(0.10015401190942003+0j)
0.32	0.1024	0.0009524750242557653	0.10335668350412283	0.0	(0.10335668350412283+0j)
0.325	0.10562500000000001	0.0009804344108926	0.10660966275296824	0.0	(0.10660966275296824+0j)
0.33	0.10890000000000001	0.0010087066942920248	0.10991294582677896	0.0	(0.10991294582677896+0j)
0.335	0.11222500000000002	0.0010372869116408098	0.11326652876761077	0.0	(0.11326652876761077+0j)
0.34	0.11560000000000002	0.001066170067056324	0.1166704074974171	0.0	(0.1166704074974171+0j)
0.34500000000000003	0.11902500000000002	0.0010953511331971144	0.12012457782625764	0.0	(0.12012457782625764+0j)
0.35000000000000003	0.12250000000000003	0.001124825052875457	0.12362903546006533	0.0	(0.12362903546006533+0j)
0.355	0.126025	0.001154586740670916	0.1271837760079935	0.0	(0.1271837760079935+0j)
0.36	0.1296	0.0011846310845443908	0.1307887949893713	0.0	(0.1307887949893713+0j)
0.365	0.13322499999999998	0.0012149529474516328	0.1344440878402845	0.0	(0.1344440878402845+0j)
0.37	0.1369	0.0012455471689557449	0.13814964991980597	0.0	(0.13814964991980597+0j)
0.375	0.140625	0.0012764085668376945	0.14190547651588833	0.0	(0.14190547651588833+0j)
0.38	0.1444	0.0013075319387043267	0.14571156285095097	0.0	(0.14571156285095097+0j)
0.385	0.148225	0.0013389120635929515	0.1495679040871736	0.0	(0.1495679040871736+0j)
0.39	0.1521	0.0013705437035719178	0.15347449533150434	0.0	(0.15347449533150434+0j)
0.395	0.15602500000000002	0.0014024216053363792	0.15743133164042958	0.0	(0.15743133164042958+0j)
0.4	0.16000000000000003	0.0014345405017986423	0.16143840802448534	0.0	(0.16143840802448534+0j)
0.405	0.16402500000000003	0.0014668951136722619	0.16549571945254526	0.0	(0.16549571945254526+0j)
0.41000000000000003	0.16810000000000003	0.0014994801510493545	0.16960326085590888	0.0	(0.16960326085590888+0j)
0.41500000000000004	0.17222500000000002	0.0015322903149702707	0.17376102713218303	0.0	(0.17376102713218303+0j)
0.42	0.17639999999999997	0.001565320298985165	0.17796901314897925	0.0	(0.17796901314897925+0j)
0.425	0.18062499999999998	0.0015985647907066011	0.18222721374744355	0.0	(0.18222721374744355+0j)
0.43	0.18489999999999998	0.0016320184733526963	0.18653562374562802	0.0	(0.18653562374562802+0j)
0.435	0.189225	0.0016656760272800268	0.19089423794170485	0.0	(0.19089423794170485+0j)
0.44	0.1936	0.0016995321315058202	0.19530305111703844	0.0	(0.19530305111703844+0j)
0.445	0.198025	0.0017335814652186653	0.1997620580391479	0.0	(0.1997620580391479+0j)
0.45	0.2025	0.0017678187092772541	0.20427125346451178	0.0	(0.20427125346451178+0j)
0.455	0.20702500000000001	0.0018022385476964674	0.2088306321412936	0.0	(0.2088306321412936+0j)
0.46	0.2116	0.0018368356691202768	0.21344018881193752	0.0	(0.21344018881193752+0j)
0.465	0.21622500000000003	0.0018716047682808667	0.21809991821566146	0.0	(0.21809991821566146+0j)
0.47000000000000003	0.22090000000000004	0.0019065405474434517	0.222809815090872	0.0	(0.222809815090872+0j)
0.47500000000000003	0.22562500000000002	0.0019416377178361564	0.22756987417747043	0.0	(0.22756987417747043+0j)
0.48	0.2304	0.0019768910010645683	0.23238009021909317	0.0	(0.23238009021909317+0j)
0.485	0.235225	0.0020122951305102735	0.23724045796524773	0.0	(0.23724045796524773+0j)
0.49	0.24009999999999998	0.0020478448527130235	0.24215097217339276	0.0	(0.24215097217339276+0j)
0.495	0.245025	0.002083534928735935	0.24711162761093958	0.0	(0.24711162761093958+0j)
0.5	0.25	0.00211936013551328	0.2521224190571747	0.0	(0.2521224190571747+0j)
0.505	0.255025	0.0021553152671804215	0.2571833413051355	0.0	(0.2571833413051355+0j)
0.51	0.2601	0.0021913951363854087	0.2622943891634022	0.0	(0.2622943891634022+0j)
0.515	0.265225	0.0022275945755818056	0.267455557457843	0.0	(0.267455557457843+0j)
0.52	0.27040000000000003	0.002263908438302353	0.2726668410332962	0.0	(0.2726668410332962+0j)
0.525	0.275625	0.0023003316004130206	0.27792823475519784	0.0	(0.27792823475519784+0j)
0.53	0.28090000000000004	0.002336858961347093	0.2832397335111586	0.0	(0.2832397335111586+0j)
0.535	0.286225	0.002373485445318858	0.2886013322124742	0.0	(0.2886013322124742+0j)
0.54	0.2916	0.0024102060025166273	0.29401302579560923	0.0	(0.29401302579560923+0j)
0.545	0.29702500000000004	0.002447015610274628	0.29947480922360986	0.0	(0.29947480922360986+0j)
0.55	0.30250000000000005	0.002483909274223522	0.30498667748748687	0.0	(0.30498667748748687+0j)
0.555	0.30802500000000005	0.0025208820294191844	0.3105486256075418	0.0	(0.3105486256075418+0j)
0.56	0.31360000000000005	0.0025579289414494836	0.3161606486346513	0.0	(0.3161606486346513+0j)
0.5650000000000001	0.3192250000000001	0.0025950451075187186	0.3218227416515221	0.0	(0.3218227416515221+0j)
0.5700000000000001	0.3249000000000001	0.002632225657509476	0.3275348997738731	0.0	(0.3275348997738731+0j)
0.5750000000000001	0.33062500000000006	0.0026694657550216843	0.3332971181516206	0.0	(0.3332971181516206+0j)
0.58	0.3364	0.0027067605983885365	0.3391093919699797	0.0	(0.3391093919699797+0j)
0.585	0.34222499999999995	0.0027441054216691503	0.3449717164505631	0.0	(0.3449717164505631+0j)
0.59	0.34809999999999997	0.002781495495617674	0.35088408685241995	0.0	(0.35088408685241995+0j)
0.595	0.354025	0.0028189261286287216	0.3568464984730582	0.0	(0.3568464984730582+0j)
0.6	0.36	0.002856392667658878	0.3628589466494056	0.0	(0.3628589466494056+0j)
0.605	0.366025	0.0028938904991241765	0.3689214267587616	0.0	(0.3689214267587616+0j)
0.61	0.3721	0.002931415049773364	0.3750339342197046	0.0	(0.3750339342197046+0j)
0.615	0.378225	0.0029689617875368144	0.38119646449296685	0.0	(0.38119646449296685+0j)
0.62	0.3844	0.003006526222351008	0.38740901308227843	0.0	(0.38740901308227843+0j)
0.625	0.390625	0.0030441039069584244	0.3936715755351886	0.0	(0.3936715755351886+0j)
0.63	0.39690000000000003	0.003081690437682795	0.399984147443827	0.0	(0.399984147443827+0j)
0.635	0.403225	0.0031192814551796316	0.40634672444568315	0.0	(0.40634672444568315+0j)
0.64	0.4096	0.0031568726451619514	0.41275930222432367	0.0	(0.41275930222432367+0j)
0.645	0.41602500000000003	0.003194459739101185	0.41922187651008047	0.0	(0.41922187651008047+0j)
0.65	0.42250000000000004	0.003232038514903203	0.4257344430807248	0.0	(0.4257344430807248+0j)
0.655	0.42902500000000005	0.0032696047975594765	0.43229699776212105	0.0	(0.43229699776212105+0j)
0.66	0.43560000000000004	0.0033071544597733276	0.43890953642882136	0.0	(0.43890953642882136+0j)
0.665	0.44222500000000003	0.0033446834225613177	0.44557205500468156	0.0	(0.44557205500468156+0j)
0.67	0.4489000000000001	0.0033821876558297872	0.4522845494634037	0.0	(0.4522845494634037+0j)
0.675	0.45562500000000006	0.003419663178926554	0.45904701582909263	0.0	(0.45904701582909263+0j)
0.68	0.4624000000000001	0.003457106061167871	0.4658594501767736	0.0	(0.4658594501767736+0j)
0.685	0.46922500000000006	0.0034945124223406624	0.472721848632873	0.0	(0.472721848632873+0j)
0.6900000000000001	0.4761000000000001	0.0035318784331801493	0.4796342073757064	0.0	(0.4796342073757064+0j)
0.6950000000000001	0.4830250000000001	0.003569200315822911	0.4865965226359104	0.0	(0.4865965226359104+0j)
0.7000000000000001	0.4900000000000001	0.003606474344235543	0.4936087906968894	0.0	(0.4936087906968894+0j)
0.705	0.49702499999999994	0.0036436968446189573	0.5006710078952025	0.0	(0.5006710078952025+0j)
0.71	0.5041	0.0036808641957885137	0.5077831706209651	0.0	(0.5077831706209651+0j)
0.715	0.5112249999999999	0.0037179728295300613	0.514945275318193	0.0	(0.514945275318193+0j)
0.72	0.5184	0.0037550192309320925	0.5221573184851869	0.0	(0.5221573184851869+0j)
0.725	0.525625	0.0037919999386941236	0.5294192966748197	0.0	(0.5294192966748197+0j)
0.73	0.5328999999999999	0.003828911545411501	0.5367312064948571	0.0	(0.5367312064948571+0j)
0.735	0.540225	0.003865750697836816	0.5440930446082689	0.0	(0.5440930446082689+0j)
0.74	0.5476	0.0039025140971180833	0.5515048077334909	0.0	(0.5515048077334909+0j)
0.745	0.555025	0.003939198499013939	0.5589664926446813	0.0	(0.5589664926446813+0j)
0.75	0.5625	0.003975800714086026	0.5664780961719776	0.0	(0.5664780961719776+0j)
0.755	0.570025	0.004012317607868816	0.5740396152017312	0.0	(0.5740396152017312+0j)
0.76	0.5776	0.004048746101017072	0.5816510466767131	0.0	(0.5816510466767131+0j)
0.765	0.585225	0.004085083169431231	0.5893123875963419	0.0	(0.5893123875963419+0j)
0.77	0.5929	0.0041213258443609044	0.5970236350168787	0.0	(0.5970236350168787+0j)
0.775	0.6006250000000001	0.0041574712124868105	0.6047847860516282	0.0	(0.6047847860516282+0j)
0.78	0.6084	0.004193516415981345	0.6125958378711132	0.0	(0.6125958378711132+0j)
0.785	0.616225	0.004229458652548116	0.620456787703277	0.0	(0.620456787703277+0j)
0.79	0.6241000000000001	0.00426529517544069	0.6283676328336585	0.0	(0.6283676328336585+0j)
0.795	0.6320250000000001	0.004301023293460851	0.636328370605579	0.0	(0.636328370605579+0j)
0.8	0.6400000000000001	0.004336640370936671	0.6443389984203706	0.0	(0.6443389984203706+0j)
0.805	0.6480250000000001	0.004372143827680676	0.6523995137375176	0.0	(0.6523995137375176+0j)
0.81	0.6561000000000001	0.004407531138928447	0.6605099140749432	0.0	(0.6605099140749432+0j)
0.8150000000000001	0.6642250000000001	0.004442799835257935	0.6686701970092055	0.0	(0.6686701970092055+0j)
0.8200000000000001	0.6724000000000001	0.004477947502489843	0.6768803601757797	0.0	(0.6768803601757797+0j)
0.8250000000000001	0.6806250000000001	0.00451297178156938	0.685140401269382	0.0	(0.685140401269382+0j)
0.8300000000000001	0.6889000000000001	0.004547870368429726	0.6934503180442789	0.0	(0.6934503180442789+0j)
0.835	0.697225	0.004582641013837548	0.7018101083147221	0.0	(0.7018101083147221+0j)
0.84	0.7055999999999999	0.0046172815232209015	0.7102197699554158	0.0	(0.7102197699554158+0j)
0.845	0.7140249999999999	0.004651789756479862	0.7186793009020686	0.0	(0.7186793009020686+0j)
0.85	0.7224999999999999	0.004686163627780254	0.727188699152086	0.0	(0.727188699152086+0j)
0.855	0.7310249999999999	0.004720401105330803	0.735747962765332	0.0	(0.735747962765332+0j)
0.86	0.7395999999999999	0.004754500211144085	0.744357089865132	0.0	(0.744357089865132+0j)
0.865	0.748225	0.004788459020781647	0.7530160786393956	0.0	(0.7530160786393956+0j)
0.87	0.7569	0.004822275663083619	0.761724927342077	0.0	(0.761724927342077+0j)
0.875	0.765625	0.004855948319883239	0.7704836342948687	0.0	(0.7704836342948687+0j)
0.88	0.7744	0.0048894752257066095	0.7792921978893405	0.0	(0.7792921978893405+0j)
0.885	0.7832250000000001	0.004922854667458085	0.7881506165895291	0.0	(0.7881506165895291+0j)
0.89	0.7921	0.004956084984091668	0.797058888935201	0.0	(0.797058888935201+0j)
0.895	0.801025	0.004989164566268749	0.8060170135459004	0.0	(0.8060170135459004+0j)
0.9	0.81	0.0050220918560026214	0.8150249891259986	0.0	(0.8150249891259986+0j)
0.905	0.819025	0.005054865346290096	0.8240828144711617	0.0	(0.8240828144711617+0j)
0.91	0.8281000000000001	0.0050874835807306305	0.8331904884765327	0.0	(0.8331904884765327+0j)
0.915	0.8372250000000001	0.005119945153133323	0.8423480101473577	0.0	(0.8423480101473577+0j)
0.92	0.8464	0.005152248707112177	0.8515553786128334	0.0	(0.8515553786128334+0j)
0.925	0.8556250000000001	0.005184392935669981	0.8608125931443721	0.0	(0.8608125931443721+0j)
0.93	0.8649000000000001	0.005216376580771216	0.8701196531801361	0.0	(0.8701196531801361+0j)
0.935	0.8742250000000001	0.005248198432904343	0.8794765583584953	0.0	(0.8794765583584953+0j)
0.9400000000000001	0.8836000000000002	0.005279857330633864	0.888883308564513	0.0	(0.888883308564513+0j)
0.9450000000000001	0.8930250000000001	0.005311352160142509	0.8983399039959743	0.0	(0.8983399039959743+0j)
0.9500000000000001	0.9025000000000001	0.005342681854763964	0.9078463452596641	0.0	(0.9078463452596641+0j)
0.9550000000000001	0.9120250000000001	0.005373845394506466	0.9174026335159876	0.0	(0.9174026335159876+0j)
0.96	0.9216	0.005404841805567677	0.9270087707040197	0.0	(0.9270087707040197+0j)
0.965	0.931225	0.00543567015984118	0.9366647599073525	0.0	(0.9366647599073525+0j)
0.97	0.9409	0.005466329574414979	0.94637060598072	0.0	(0.94637060598072+0j)
0.975	0.9506249999999999	0.005496819211062369	0.9561263166973406	0.0	(0.9561263166973406+0j)
0.98	0.9603999999999999	0.005527138275725528	0.9659319050382335	0.0	(0.9659319050382335+0j)
0.985	0.970225	0.005557286017992215	0.9757873943246883	0.0	(0.9757873943246883+0j)
0.99	0.9801	0.0055872617305658965	0.9856928318281439	0.0	(0.9856928318281439+0j)
0.995	0.990025	0.005617064748729697	0.9956483359505447	0.0	(0.9956483359505447+0j)
1.0	1.0	0.005646694449804499	1.0056543733685988	0.0	(1.0056543733685988+0j)
