-1.0	-1.0	-3.183073397047012e-07	-1.0000003183181534	0.0	-1.0000003183181534
-0.998	-0.996004	-3.1830732948814545e-07	-0.9960043183074067	0.0	-0.9960043183074067
-0.996	-0.992016	-3.1830731920998234e-07	-0.9920163183073866	0.0	-0.9920163183073866
-0.994	-0.988036	-3.183073088697156e-07	-0.9880363183073784	0.0	-0.9880363183073784
-0.992	-0.9840639999999999	-3.1830729846684394e-07	-0.9840643183073707	0.0	-0.9840643183073707
-0.99	-0.9801	-3.183072880008609e-07	-0.9801003183073562	0.0	-0.9801003183073562
-0.988	-0.976144	-3.1830727747125495e-07	-0.97614431830735	0.0	-0.97614431830735
-0.986	-0.972196	-3.183072668775094e-07	-0.9721963183073369	0.0	-0.9721963183073369
-0.984	-0.968256	-3.1830725621910217e-07	-0.9682563183073191	0.0	-0.9682563183073191
-0.982	-0.964324	-3.1830724549550597e-07	-0.9643243183073194	0.0	-0.9643243183073194
-0.98	-0.9603999999999999	-3.1830723470618817e-07	-0.9604003183073059	0.0	-0.9604003183073059
-0.978	-0.956484	-3.183072238506106e-07	-0.9564843183072972	0.0	-0.9564843183072972
-0.976	-0.952576	-3.1830721292822947e-07	-0.9525763183072861	0.0	-0.9525763183072861
-0.974	-0.948676	-3.1830720193849573e-07	-0.9486763183072803	0.0	-0.9486763183072803
-0.972	-0.944784	-3.183071908808543e-07	-0.9447843183072668	0.0	-0.9447843183072668
-0.97	-0.9409	-3.183071797547446e-07	-0.9409003183072534	0.0	-0.9409003183072534
-0.968	-0.937024	-3.183071685596002e-07	-0.9370243183072434	0.0	-0.9370243183072434
-0.966	-0.933156	-3.183071572948488e-07	-0.9331563183072337	0.0	-0.9331563183072337
-0.964	-0.9292959999999999	-3.183071459599121e-07	-0.9292963183072208	0.0	-0.9292963183072208
-0.962	-0.9254439999999999	-3.183071345542059e-07	-0.9254443183072137	0.0	-0.9254443183072137
-0.96	-0.9216	-3.183071230771398e-07	-0.921600318307196	0.0	-0.921600318307196
-0.9580000000000001	-0.9177640000000001	-3.1830711152811726e-07	-0.9177643183071909	0.0	-0.9177643183071909
-0.9560000000000001	-0.9139360000000002	-3.1830709990653554e-07	-0.9139363183071874	0.0	-0.9139363183071874
-0.9540000000000001	-0.9101160000000001	-3.183070882117855e-07	-0.9101163183071664	0.0	-0.9101163183071664
-0.9520000000000001	-0.9063040000000001	-3.183070764432517e-07	-0.9063043183071556	0.0	-0.9063043183071556
-0.9500000000000001	-0.9025000000000001	-3.1830706460031204e-07	-0.902500318307143	0.0	-0.902500318307143
-0.9480000000000001	-0.8987040000000002	-3.183070526823381e-07	-0.8987043183071287	0.0	-0.8987043183071287
-0.9460000000000001	-0.8949160000000002	-3.1830704068869454e-07	-0.894916318307124	0.0	-0.894916318307124
-0.9440000000000001	-0.8911360000000002	-3.183070286187395e-07	-0.891136318307106	0.0	-0.891136318307106
-0.9420000000000001	-0.8873640000000002	-3.1830701647182416e-07	-0.8873643183070932	0.0	-0.8873643183070932
-0.9400000000000001	-0.8836000000000002	-3.183070042472929e-07	-0.8836003183070886	0.0	-0.8836003183070886
-0.9380000000000001	-0.8798440000000001	-3.1830699194448296e-07	-0.8798443183070783	0.0	-0.8798443183070783
-0.936	-0.8760960000000001	-3.1830697956272464e-07	-0.8760963183070649	0.0	-0.8760963183070649
-0.934	-0.8723560000000001	-3.1830696710134104e-07	-0.8723563183070474	0.0	-0.8723563183070474
-0.932	-0.8686240000000001	-3.183069545596478e-07	-0.8686243183070357	0.0	-0.8686243183070357
-0.93	-0.8649000000000001	-3.183069419369535e-07	-0.8649003183070337	0.0	-0.8649003183070337
-0.928	-0.8611840000000001	-3.1830692923255906e-07	-0.8611843183070197	0.0	-0.8611843183070197
-0.926	-0.8574760000000001	-3.1830691644575784e-07	-0.8574763183070048	0.0	-0.8574763183070048
-0.924	-0.8537760000000001	-3.183069035758356e-07	-0.8537763183069982	0.0	-0.8537763183069982
-0.922	-0.8500840000000001	-3.1830689062207036e-07	-0.8500843183069794	0.0	-0.8500843183069794
-0.92	-0.8464	-3.183068775837323e-07	-0.8464003183069694	0.0	-0.8464003183069694
-0.918	-0.842724	-3.1830686446008347e-07	-0.8427243183069533	0.0	-0.8427243183069533
-0.916	-0.839056	-3.183068512503781e-07	-0.8390563183069472	0.0	-0.8390563183069472
-0.914	-0.835396	-3.183068379538621e-07	-0.8353963183069294	0.0	-0.8353963183069294
-0.912	-0.831744	-3.183068245697731e-07	-0.8317443183069196	0.0	-0.8317443183069196
-0.91	-0.8281000000000001	-3.183068110973404e-07	-0.8281003183069043	0.0	-0.8281003183069043
-0.908	-0.8244640000000001	-3.183067975357849e-07	-0.8244643183068939	0.0	-0.8244643183068939
-0.906	-0.820836	-3.183067838843186e-07	-0.8208363183068789	0.0	-0.8208363183068789
-0.904	-0.817216	-3.183067701421451e-07	-0.8172163183068714	0.0	-0.8172163183068714
-0.902	-0.813604	-3.183067563084589e-07	-0.813604318306856	0.0	-0.813604318306856
-0.9	-0.81	-3.183067423824457e-07	-0.8100003183068455	0.0	-0.8100003183068455
-0.898	-0.806404	-3.1830672836328204e-07	-0.8064043183068283	0.0	-0.8064043183068283
-0.896	-0.8028160000000001	-3.1830671425013533e-07	-0.8028163183068194	0.0	-0.8028163183068194
-0.894	-0.7992360000000001	-3.183067000421636e-07	-0.7992363183068032	0.0	-0.7992363183068032
-0.892	-0.795664	-3.1830668573851547e-07	-0.795664318306789	0.0	-0.795664318306789
-0.89	-0.7921	-3.1830667133832994e-07	-0.7921003183067775	0.0	-0.7921003183067775
-0.888	-0.788544	-3.183066568407363e-07	-0.788544318306764	0.0	-0.788544318306764
-0.886	-0.784996	-3.183066422448541e-07	-0.7849963183067469	0.0	-0.7849963183067469
-0.884	-0.781456	-3.1830662754979277e-07	-0.7814563183067357	0.0	-0.7814563183067357
-0.882	-0.7779240000000001	-3.1830661275465176e-07	-0.7779243183067199	0.0	-0.7779243183067199
-0.88	-0.7744	-3.183065978585202e-07	-0.7744003183067071	0.0	-0.7744003183067071
-0.878	-0.770884	-3.1830658286047683e-07	-0.7708843183066967	0.0	-0.7708843183066967
-0.876	-0.767376	-3.1830656775958996e-07	-0.767376318306675	0.0	-0.767376318306675
-0.874	-0.763876	-3.1830655255491705e-07	-0.7638763183066667	0.0	-0.7638763183066667
-0.872	-0.760384	-3.1830653724550496e-07	-0.7603843183066519	0.0	-0.7603843183066519
-0.87	-0.7569	-3.1830652183038936e-07	-0.7569003183066346	0.0	-0.7569003183066346
-0.868	-0.753424	-3.18306506308595e-07	-0.7534243183066159	0.0	-0.7534243183066159
-0.866	-0.749956	-3.183064906791351e-07	-0.7499563183066055	0.0	-0.7499563183066055
-0.864	-0.7464959999999999	-3.183064749410118e-07	-0.746496318306587	0.0	-0.746496318306587
-0.862	-0.7430439999999999	-3.1830645909321536e-07	-0.7430443183065786	0.0	-0.7430443183065786
-0.86	-0.7395999999999999	-3.1830644313472436e-07	-0.7396003183065681	0.0	-0.7396003183065681
-0.858	-0.7361639999999999	-3.183064270645055e-07	-0.7361643183065469	0.0	-0.7361643183065469
-0.856	-0.7327359999999999	-3.183064108815134e-07	-0.7327363183065317	0.0	-0.7327363183065317
-0.854	-0.729316	-3.1830639458469037e-07	-0.7293163183065217	0.0	-0.7293163183065217
-0.852	-0.725904	-3.183063781729663e-07	-0.7259043183065033	0.0	-0.7259043183065033
-0.85	-0.7224999999999999	-3.1830636164525856e-07	-0.7225003183064829	0.0	-0.7225003183064829
-0.848	-0.719104	-3.183063450004716e-07	-0.7191043183064705	0.0	-0.7191043183064705
-0.846	-0.7157159999999999	-3.183063282374971e-07	-0.7157163183064573	0.0	-0.7157163183064573
-0.844	-0.712336	-3.1830631135521333e-07	-0.712336318306435	0.0	-0.712336318306435
-0.842	-0.7089639999999999	-3.183062943524855e-07	-0.7089643183064217	0.0	-0.7089643183064217
-0.84	-0.7055999999999999	-3.1830627722816504e-07	-0.7056003183064146	0.0	-0.7056003183064146
-0.838	-0.702244	-3.183062599810898e-07	-0.7022443183063936	0.0	-0.7022443183063936
-0.836	-0.698896	-3.1830624261008376e-07	-0.6988963183063783	0.0	-0.6988963183063783
-0.834	-0.695556	-3.183062251139567e-07	-0.6955563183063618	0.0	-0.6955563183063618
-0.8320000000000001	-0.6922240000000002	-3.18306207491504e-07	-0.6922243183063402	0.0	-0.6922243183063402
-0.8300000000000001	-0.6889000000000001	-3.1830618974150666e-07	-0.688900318306331	0.0	-0.688900318306331
-0.8280000000000001	-0.6855840000000001	-3.183061718627309e-07	-0.6855843183063097	0.0	-0.6855843183063097
-0.8260000000000001	-0.6822760000000001	-3.183061538539279e-07	-0.6822763183062958	0.0	-0.6822763183062958
-0.8240000000000001	-0.6789760000000001	-3.183061357138338e-07	-0.6789763183062777	0.0	-0.6789763183062777
-0.8220000000000001	-0.6756840000000001	-3.183061174411692e-07	-0.6756843183062643	0.0	-0.6756843183062643
-0.8200000000000001	-0.6724000000000001	-3.183060990346392e-07	-0.6724003183062528	0.0	-0.6724003183062528
-0.8180000000000001	-0.669124	-3.18306080492933e-07	-0.6691243183062342	0.0	-0.6691243183062342
-0.8160000000000001	-0.6658560000000001	-3.183060618147237e-07	-0.665856318306211	0.0	-0.665856318306211
-0.8140000000000001	-0.6625960000000001	-3.1830604299866814e-07	-0.662596318306192	0.0	-0.662596318306192
-0.812	-0.659344	-3.183060240434065e-07	-0.6593443183061765	0.0	-0.6593443183061765
-0.81	-0.6561000000000001	-3.1830600494756226e-07	-0.6561003183061622	0.0	-0.6561003183061622
-0.808	-0.6528640000000001	-3.1830598570974176e-07	-0.6528643183061391	0.0	-0.6528643183061391
-0.806	-0.6496360000000001	-3.183059663285341e-07	-0.649636318306123	0.0	-0.649636318306123
-0.804	-0.6464160000000001	-3.1830594680251073e-07	-0.6464163183061009	0.0	-0.6464163183061009
-0.802	-0.6432040000000001	-3.183059271302253e-07	-0.6432043183060834	0.0	-0.6432043183060834
-0.8	-0.6400000000000001	-3.183059073102134e-07	-0.640000318306069	0.0	-0.640000318306069
-0.798	-0.636804	-3.183058873409922e-07	-0.6368043183060441	0.0	-0.6368043183060441
-0.796	-0.6336160000000001	-3.183058672210602e-07	-0.6336163183060298	0.0	-0.6336163183060298
-0.794	-0.6304360000000001	-3.1830584694889693e-07	-0.6304363183060092	0.0	-0.6304363183060092
-0.792	-0.627264	-3.183058265229629e-07	-0.6272643183059917	0.0	-0.6272643183059917
-0.79	-0.6241000000000001	-3.183058059416989e-07	-0.6241003183059717	0.0	-0.6241003183059717
-0.788	-0.620944	-3.1830578520352604e-07	-0.6209443183059506	0.0	-0.6209443183059506
-0.786	-0.617796	-3.1830576430684513e-07	-0.6177963183059367	0.0	-0.6177963183059367
-0.784	-0.6146560000000001	-3.1830574325003673e-07	-0.6146563183059167	0.0	-0.6146563183059167
-0.782	-0.6115240000000001	-3.1830572203146065e-07	-0.611524318305895	0.0	-0.611524318305895
-0.78	-0.6084	-3.183057006494556e-07	-0.6084003183058757	0.0	-0.6084003183058757
-0.778	-0.605284	-3.183056791023389e-07	-0.6052843183058586	0.0	-0.6052843183058586
-0.776	-0.602176	-3.183056573884062e-07	-0.6021763183058344	0.0	-0.6021763183058344
-0.774	-0.599076	-3.18305635505931e-07	-0.599076318305816	0.0	-0.599076318305816
-0.772	-0.5959840000000001	-3.183056134531646e-07	-0.5959843183057958	0.0	-0.5959843183057958
-0.77	-0.5929	-3.1830559122833535e-07	-0.5929003183057754	0.0	-0.5929003183057754
-0.768	-0.589824	-3.1830556882964867e-07	-0.5898243183057601	0.0	-0.5898243183057601
-0.766	-0.586756	-3.183055462552864e-07	-0.5867563183057385	0.0	-0.5867563183057385
-0.764	-0.583696	-3.183055235034066e-07	-0.5836963183057123	0.0	-0.5836963183057123
-0.762	-0.580644	-3.1830550057214315e-07	-0.5806443183056927	0.0	-0.5806443183056927
-0.76	-0.5776	-3.183054774596053e-07	-0.5776003183056707	0.0	-0.5776003183056707
-0.758	-0.574564	-3.183054541638774e-07	-0.5745643183056501	0.0	-0.5745643183056501
-0.756	-0.571536	-3.183054306830183e-07	-0.5715363183056305	0.0	-0.5715363183056305
-0.754	-0.568516	-3.183054070150611e-07	-0.5685163183056069	0.0	-0.5685163183056069
-0.752	-0.565504	-3.1830538315801286e-07	-0.5655043183055845	0.0	-0.5655043183055845
-0.75	-0.5625	-3.1830535910985387e-07	-0.5625003183055581	0.0	-0.5625003183055581
-0.748	-0.559504	-3.1830533486853743e-07	-0.5595043183055424	0.0	-0.5595043183055424
-0.746	-0.556516	-3.183053104319894e-07	-0.5565163183055187	0.0	-0.5565163183055187
-0.744	-0.553536	-3.1830528579810763e-07	-0.5535363183054988	0.0	-0.5535363183054988
-0.742	-0.5505639999999999	-3.183052609647617e-07	-0.550564318305476	0.0	-0.550564318305476
-0.74	-0.5476	-3.183052359297924e-07	-0.5476003183054531	0.0	-0.5476003183054531
-0.738	-0.544644	-3.1830521069101105e-07	-0.5446443183054314	0.0	-0.5446443183054314
-0.736	-0.541696	-3.183051852461994e-07	-0.5416963183054053	0.0	-0.5416963183054053
-0.734	-0.538756	-3.183051595931087e-07	-0.5387563183053807	0.0	-0.5387563183053807
-0.732	-0.535824	-3.1830513372945966e-07	-0.5358243183053597	0.0	-0.5358243183053597
-0.73	-0.5328999999999999	-3.1830510765294163e-07	-0.5329003183053344	0.0	-0.5329003183053344
-0.728	-0.529984	-3.1830508136121216e-07	-0.5299843183053103	0.0	-0.5299843183053103
-0.726	-0.527076	-3.183050548518965e-07	-0.527076318305289	0.0	-0.527076318305289
-0.724	-0.524176	-3.1830502812258707e-07	-0.5241763183052661	0.0	-0.5241763183052661
-0.722	-0.521284	-3.183050011708429e-07	-0.5212843183052397	0.0	-0.5212843183052397
-0.72	-0.5184	-3.183049739941891e-07	-0.5184003183052183	0.0	-0.5184003183052183
-0.718	-0.515524	-3.183049465901162e-07	-0.515524318305194	0.0	-0.515524318305194
-0.716	-0.512656	-3.183049189560796e-07	-0.5126563183051661	0.0	-0.5126563183051661
-0.714	-0.5097959999999999	-3.1830489108949913e-07	-0.5097963183051408	0.0	-0.5097963183051408
-0.712	-0.506944	-3.1830486298775825e-07	-0.506944318305114	0.0	-0.506944318305114
-0.71	-0.5041	-3.1830483464820355e-07	-0.50410031830509	0.0	-0.50410031830509
-0.708	-0.5012639999999999	-3.183048060681441e-07	-0.5012643183050707	0.0	-0.5012643183050707
-0.706	-0.49843599999999993	-3.1830477724485076e-07	-0.49843631830503926	0.0	-0.49843631830503926
-0.704	-0.49561599999999995	-3.183047481755556e-07	-0.4956163183050112	0.0	-0.4956163183050112
-0.7020000000000001	-0.4928040000000001	-3.183047188574511e-07	-0.4928043183049889	0.0	-0.4928043183049889
-0.7000000000000001	-0.4900000000000001	-3.183046892876897e-07	-0.4900003183049619	0.0	-0.4900003183049619
-0.6980000000000001	-0.4872040000000001	-3.183046594633831e-07	-0.48720431830493655	0.0	-0.48720431830493655
-0.6960000000000001	-0.48441600000000007	-3.183046293816011e-07	-0.48441631830490595	0.0	-0.48441631830490595
-0.6940000000000001	-0.48163600000000006	-3.183045990393715e-07	-0.48163631830488135	0.0	-0.48163631830488135
-0.6920000000000001	-0.47886400000000007	-3.1830456843367905e-07	-0.47886431830485326	0.0	-0.47886431830485326
-0.6900000000000001	-0.4761000000000001	-3.1830453756146456e-07	-0.4761003183048248	0.0	-0.4761003183048248
-0.6880000000000001	-0.4733440000000001	-3.1830450641962454e-07	-0.4733443183047967	0.0	-0.4733443183047967
-0.686	-0.47059600000000007	-3.1830447500501e-07	-0.4705963183047665	0.0	-0.4705963183047665
-0.684	-0.46785600000000005	-3.1830444331442605e-07	-0.4678563183047392	0.0	-0.4678563183047392
-0.682	-0.4651240000000001	-3.1830441134463065e-07	-0.4651243183047087	0.0	-0.4651243183047087
-0.68	-0.4624000000000001	-3.1830437909233426e-07	-0.46240031830468237	0.0	-0.46240031830468237
-0.678	-0.45968400000000004	-3.183043465541985e-07	-0.4596843183046555	0.0	-0.4596843183046555
-0.676	-0.45697600000000005	-3.183043137268357e-07	-0.45697631830462754	0.0	-0.45697631830462754
-0.674	-0.45427600000000007	-3.1830428060680784e-07	-0.4542763183045947	0.0	-0.4542763183045947
-0.672	-0.45158400000000004	-3.183042471906256e-07	-0.45158431830456436	0.0	-0.45158431830456436
-0.67	-0.4489000000000001	-3.1830421347474754e-07	-0.44890031830453747	0.0	-0.44890031830453747
-0.668	-0.44622400000000007	-3.1830417945557916e-07	-0.4462243183045041	0.0	-0.4462243183045041
-0.666	-0.44355600000000006	-3.1830414512947183e-07	-0.44355631830447595	0.0	-0.44355631830447595
-0.664	-0.44089600000000007	-3.183041104927219e-07	-0.44089631830444037	0.0	-0.44089631830444037
-0.662	-0.438244	-3.183040755415698e-07	-0.4382443183044141	0.0	-0.4382443183044141
-0.66	-0.43560000000000004	-3.183040402721987e-07	-0.4356003183043804	0.0	-0.4356003183043804
-0.658	-0.432964	-3.183040046807339e-07	-0.4329643183043519	0.0	-0.4329643183043519
-0.656	-0.43033600000000005	-3.1830396876324146e-07	-0.43033631830431834	0.0	-0.43033631830431834
-0.654	-0.42771600000000004	-3.1830393251572713e-07	-0.42771631830428597	0.0	-0.42771631830428597
-0.652	-0.42510400000000004	-3.183038959341354e-07	-0.4251043183042564	0.0	-0.4251043183042564
-0.65	-0.42250000000000004	-3.1830385901434816e-07	-0.42250031830422363	0.0	-0.42250031830422363
-0.648	-0.419904	-3.1830382175218376e-07	-0.4199043183041872	0.0	-0.4199043183041872
-0.646	-0.417316	-3.1830378414339574e-07	-0.4173163183041555	0.0	-0.4173163183041555
-0.644	-0.41473600000000005	-3.1830374618367144e-07	-0.414736318304123	0.0	-0.414736318304123
-0.642	-0.41216400000000003	-3.18303707868631e-07	-0.41216431830408934	0.0	-0.41216431830408934
-0.64	-0.4096	-3.183036691938262e-07	-0.40960031830405297	0.0	-0.40960031830405297
-0.638	-0.407044	-3.1830363015473865e-07	-0.4070443183040208	0.0	-0.4070443183040208
-0.636	-0.404496	-3.18303590746779e-07	-0.40449631830398963	0.0	-0.40449631830398963
-0.634	-0.40195600000000004	-3.183035509652855e-07	-0.40195631830395173	0.0	-0.40195631830395173
-0.632	-0.399424	-3.183035108055223e-07	-0.39942431830391645	0.0	-0.39942431830391645
-0.63	-0.39690000000000003	-3.183034702626784e-07	-0.39690031830388023	0.0	-0.39690031830388023
-0.628	-0.394384	-3.18303429331866e-07	-0.3943843183038492	0.0	-0.3943843183038492
-0.626	-0.391876	-3.183033880081191e-07	-0.3918763183038104	0.0	-0.3918763183038104
-0.624	-0.389376	-3.183033462863921e-07	-0.3893763183037738	0.0	-0.3893763183037738
-0.622	-0.386884	-3.18303304161558e-07	-0.38688431830373937	0.0	-0.38688431830373937
-0.62	-0.3844	-3.183032616284071e-07	-0.3844003183037018	0.0	-0.3844003183037018
-0.618	-0.381924	-3.1830321868164506e-07	-0.3819243183036642	0.0	-0.3819243183036642
-0.616	-0.379456	-3.1830317531589174e-07	-0.37945631830362797	0.0	-0.37945631830362797
-0.614	-0.376996	-3.1830313152567904e-07	-0.376996318303588	0.0	-0.376996318303588
-0.612	-0.374544	-3.1830308730544936e-07	-0.37454431830355017	0.0	-0.37454431830355017
-0.61	-0.3721	-3.18303042649554e-07	-0.37210031830350987	0.0	-0.37210031830350987
-0.608	-0.369664	-3.1830299755225103e-07	-0.3696643183034712	0.0	-0.3696643183034712
-0.606	-0.367236	-3.1830295200770376e-07	-0.3672363183034352	0.0	-0.3672363183034352
-0.604	-0.364816	-3.183029060099785e-07	-0.3648163183033952	0.0	-0.3648163183033952
-0.602	-0.36240399999999995	-3.1830285955304304e-07	-0.36240431830335423	0.0	-0.36240431830335423
-0.6	-0.36	-3.183028126307644e-07	-0.36000031830331203	0.0	-0.36000031830331203
-0.598	-0.357604	-3.183027652369068e-07	-0.3576043183032745	0.0	-0.3576043183032745
-0.596	-0.355216	-3.1830271736512975e-07	-0.3552163183032321	0.0	-0.3552163183032321
-0.594	-0.352836	-3.183026690089858e-07	-0.3528363183031919	0.0	-0.3528363183031919
-0.592	-0.35046399999999994	-3.1830262016191835e-07	-0.35046431830315045	0.0	-0.35046431830315045
-0.59	-0.34809999999999997	-3.183025708172596e-07	-0.34810031830311033	0.0	-0.34810031830311033
-0.588	-0.34574399999999994	-3.1830252096822814e-07	-0.34574431830306374	0.0	-0.34574431830306374
-0.586	-0.343396	-3.1830247060792645e-07	-0.34339631830301975	0.0	-0.34339631830301975
-0.584	-0.34105599999999997	-3.18302419729339e-07	-0.3410563183029762	0.0	-0.3410563183029762
-0.582	-0.33872399999999997	-3.183023683253293e-07	-0.33872431830293276	0.0	-0.33872431830293276
-0.58	-0.3364	-3.183023163886377e-07	-0.3364003183028887	0.0	-0.3364003183028887
-0.578	-0.33408399999999994	-3.1830226391187865e-07	-0.3340843183028499	0.0	-0.3340843183028499
-0.5760000000000001	-0.33177600000000007	-3.183022108875382e-07	-0.33177631830280585	0.0	-0.33177631830280585
-0.5740000000000001	-0.3294760000000001	-3.183021573079713e-07	-0.32947631830275603	0.0	-0.32947631830275603
-0.5720000000000001	-0.3271840000000001	-3.18302103165399e-07	-0.32718431830271105	0.0	-0.32718431830271105
-0.5700000000000001	-0.3249000000000001	-3.183020484519056e-07	-0.32490031830266664	0.0	-0.32490031830266664
-0.5680000000000001	-0.3226240000000001	-3.183019931594358e-07	-0.3226243183026183	0.0	-0.3226243183026183
-0.5660000000000001	-0.3203560000000001	-3.183019372797918e-07	-0.32035631830257283	0.0	-0.32035631830257283
-0.5640000000000001	-0.31809600000000005	-3.183018808046301e-07	-0.318096318302522	0.0	-0.318096318302522
-0.562	-0.31584400000000007	-3.183018237254585e-07	-0.3158443183024737	0.0	-0.3158443183024737
-0.56	-0.31360000000000005	-3.1830176603363296e-07	-0.31360031830242974	0.0	-0.31360031830242974
-0.558	-0.3113640000000001	-3.183017077203541e-07	-0.3113643183023788	0.0	-0.3113643183023788
-0.556	-0.3091360000000001	-3.1830164877666413e-07	-0.3091363183023295	0.0	-0.3091363183023295
-0.554	-0.3069160000000001	-3.183015891934433e-07	-0.3069163183022781	0.0	-0.3069163183022781
-0.552	-0.30470400000000003	-3.1830152896140613e-07	-0.3047043183022277	0.0	-0.3047043183022277
-0.55	-0.30250000000000005	-3.183014680710982e-07	-0.30250031830217766	0.0	-0.30250031830217766
-0.548	-0.30030400000000007	-3.183014065128923e-07	-0.30030431830212884	0.0	-0.30030431830212884
-0.546	-0.29811600000000005	-3.1830134427698437e-07	-0.2981163183020771	0.0	-0.2981163183020771
-0.544	-0.29593600000000003	-3.1830128135338995e-07	-0.2959363183020244	0.0	-0.2959363183020244
-0.542	-0.293764	-3.1830121773193997e-07	-0.2937643183019723	0.0	-0.2937643183019723
-0.54	-0.2916	-3.1830115340227674e-07	-0.2916003183019165	0.0	-0.2916003183019165
-0.538	-0.28944400000000003	-3.183010883538496e-07	-0.289444318301864	0.0	-0.289444318301864
-0.536	-0.28729600000000005	-3.1830102257591076e-07	-0.2872963183018071	0.0	-0.2872963183018071
-0.534	-0.285156	-3.183009560575108e-07	-0.2851563183017542	0.0	-0.2851563183017542
-0.532	-0.28302400000000005	-3.18300888787494e-07	-0.28302431830169744	0.0	-0.28302431830169744
-0.53	-0.28090000000000004	-3.183008207544939e-07	-0.28090031830164347	0.0	-0.28090031830164347
-0.528	-0.27878400000000003	-3.183007519469282e-07	-0.27878431830158623	0.0	-0.27878431830158623
-0.526	-0.27667600000000003	-3.183006823529941e-07	-0.2766763183015289	0.0	-0.2766763183015289
-0.524	-0.27457600000000004	-3.1830061196066314e-07	-0.2745763183014731	0.0	-0.2745763183014731
-0.522	-0.272484	-3.183005407576759e-07	-0.2724843183014158	0.0	-0.2724843183014158
-0.52	-0.27040000000000003	-3.1830046873153676e-07	-0.27040031830135547	0.0	-0.27040031830135547
-0.518	-0.268324	-3.183003958695084e-07	-0.26832431830129494	0.0	-0.26832431830129494
-0.516	-0.266256	-3.183003221586064e-07	-0.2662563183012379	0.0	-0.2662563183012379
-0.514	-0.264196	-3.183002475855929e-07	-0.2641963183011789	0.0	-0.2641963183011789
-0.512	-0.262144	-3.1830017213697113e-07	-0.2621443183011156	0.0	-0.2621443183011156
-0.51	-0.2601	-3.183000957989792e-07	-0.26010031830105235	0.0	-0.26010031830105235
-0.508	-0.258064	-3.1830001855758373e-07	-0.2580643183009921	0.0	-0.2580643183009921
-0.506	-0.256036	-3.182999403984735e-07	-0.25603631830092954	0.0	-0.25603631830092954
-0.504	-0.254016	-3.1829986130705274e-07	-0.2540163183008675	0.0	-0.2540163183008675
-0.502	-0.252004	-3.182997812684343e-07	-0.25200431830080217	0.0	-0.25200431830080217
-0.5	-0.25	-3.182997002674328e-07	-0.2500003183007375	0.0	-0.2500003183007375
-0.498	-0.248004	-3.1829961828855726e-07	-0.2480043183006728	0.0	-0.2480043183006728
-0.496	-0.24601599999999998	-3.1829953531600374e-07	-0.24601631830060586	0.0	-0.24601631830060586
-0.494	-0.244036	-3.182994513336478e-07	-0.2440363183005397	0.0	-0.2440363183005397
-0.492	-0.242064	-3.182993663250365e-07	-0.2420643183004734	0.0	-0.2420643183004734
-0.49	-0.24009999999999998	-3.182992802733806e-07	-0.24010031830040504	0.0	-0.24010031830040504
-0.488	-0.238144	-3.182991931615459e-07	-0.23814431830033694	0.0	-0.23814431830033694
-0.486	-0.236196	-3.182991049720451e-07	-0.2361963183002672	0.0	-0.2361963183002672
-0.484	-0.234256	-3.1829901568702875e-07	-0.2342563183001956	0.0	-0.2342563183001956
-0.482	-0.23232399999999997	-3.182989252882764e-07	-0.23232431830012598	0.0	-0.23232431830012598
-0.48	-0.2304	-3.182988337571871e-07	-0.23040031830005492	0.0	-0.23040031830005492
-0.47800000000000004	-0.22848400000000005	-3.1829874107477006e-07	-0.22848431829998148	0.0	-0.22848431829998148
-0.47600000000000003	-0.22657600000000003	-3.1829864722163464e-07	-0.22657631829990862	0.0	-0.22657631829990862
-0.47400000000000003	-0.22467600000000004	-3.1829855217798023e-07	-0.22467631829983825	0.0	-0.22467631829983825
-0.47200000000000003	-0.22278400000000004	-3.1829845592358587e-07	-0.22278431829975834	0.0	-0.22278431829975834
-0.47000000000000003	-0.22090000000000004	-3.182983584377994e-07	-0.22090031829968484	0.0	-0.22090031829968484
-0.468	-0.21902400000000002	-3.182982596995266e-07	-0.21902431829960878	0.0	-0.21902431829960878
-0.466	-0.21715600000000002	-3.1829815968721925e-07	-0.21715631829953333	0.0	-0.21715631829953333
-0.464	-0.21529600000000002	-3.182980583788641e-07	-0.21529631829945453	0.0	-0.21529631829945453
-0.462	-0.21344400000000002	-3.182979557519703e-07	-0.21344431829937788	0.0	-0.21344431829937788
-0.46	-0.2116	-3.182978517835569e-07	-0.2116003182992993	0.0	-0.2116003182992993
-0.458	-0.209764	-3.1829774645014016e-07	-0.20976431829921857	0.0	-0.20976431829921857
-0.456	-0.207936	-3.182976397277202e-07	-0.20793631829913803	0.0	-0.20793631829913803
-0.454	-0.20611600000000002	-3.182975315917674e-07	-0.2061163182990565	0.0	-0.2061163182990565
-0.452	-0.204304	-3.182974220172082e-07	-0.20430431829897364	0.0	-0.20430431829897364
-0.45	-0.2025	-3.182973109784106e-07	-0.20250031829889098	0.0	-0.20250031829889098
-0.448	-0.20070400000000002	-3.182971984491692e-07	-0.20070431829880722	0.0	-0.20070431829880722
-0.446	-0.198916	-3.182970844026898e-07	-0.19891631829872128	0.0	-0.19891631829872128
-0.444	-0.197136	-3.182969688115732e-07	-0.19713631829863454	0.0	-0.19713631829863454
-0.442	-0.195364	-3.1829685164779904e-07	-0.19536431829854967	0.0	-0.19536431829854967
-0.44	-0.1936	-3.1829673288270875e-07	-0.19360031829846283	0.0	-0.19360031829846283
-0.438	-0.191844	-3.182966124869877e-07	-0.19184431829837312	0.0	-0.19184431829837312
-0.436	-0.190096	-3.182964904306477e-07	-0.19009631829828427	0.0	-0.19009631829828427
-0.434	-0.188356	-3.1829636668300775e-07	-0.18835631829819188	0.0	-0.18835631829819188
-0.432	-0.18662399999999998	-3.1829624121267516e-07	-0.1866243182981007	0.0	-0.1866243182981007
-0.43	-0.18489999999999998	-3.182961139875253e-07	-0.18490031829800954	0.0	-0.18490031829800954
-0.428	-0.18318399999999999	-3.182959849746814e-07	-0.18318431829791523	0.0	-0.18318431829791523
-0.426	-0.181476	-3.182958541404931e-07	-0.18147631829782113	0.0	-0.18147631829782113
-0.424	-0.179776	-3.1829572145051446e-07	-0.17977631829772672	0.0	-0.17977631829772672
-0.422	-0.178084	-3.1829558686948135e-07	-0.17808431829763	0.0	-0.17808431829763
-0.42	-0.17639999999999997	-3.1829545036128803e-07	-0.17640031829753228	0.0	-0.17640031829753228
-0.418	-0.174724	-3.18295311888963e-07	-0.1747243182974335	0.0	-0.1747243182974335
-0.41600000000000004	-0.17305600000000004	-3.182951714146439e-07	-0.17305631829733453	0.0	-0.17305631829733453
-0.41400000000000003	-0.17139600000000002	-3.1829502889955143e-07	-0.17139631829723387	0.0	-0.17139631829723387
-0.41200000000000003	-0.16974400000000003	-3.18294884303963e-07	-0.1697443182971324	0.0	-0.1697443182971324
-0.41000000000000003	-0.16810000000000003	-3.182947375871847e-07	-0.16810031829702957	0.0	-0.16810031829702957
-0.40800000000000003	-0.16646400000000003	-3.1829458870752275e-07	-0.1664643182969259	0.0	-0.1664643182969259
-0.406	-0.164836	-3.1829443762225394e-07	-0.1648363182968224	0.0	-0.1648363182968224
-0.404	-0.16321600000000003	-3.1829428428759506e-07	-0.1632163182967156	0.0	-0.1632163182967156
-0.402	-0.16160400000000003	-3.1829412865867084e-07	-0.16160431829660887	0.0	-0.16160431829660887
-0.4	-0.16000000000000003	-3.182939706894815e-07	-0.16000031829650108	0.0	-0.16000031829650108
-0.398	-0.15840400000000002	-3.1829381033286857e-07	-0.1584043182963926	0.0	-0.1584043182963926
-0.396	-0.156816	-3.182936475404796e-07	-0.15681631829628076	0.0	-0.15681631829628076
-0.394	-0.155236	-3.18293482262732e-07	-0.15523631829616924	0.0	-0.15523631829616924
-0.392	-0.15366400000000002	-3.1829331444877487e-07	-0.15366431829605692	0.0	-0.15366431829605692
-0.39	-0.1521	-3.1829314404645033e-07	-0.15210031829594317	0.0	-0.15210031829594317
-0.388	-0.150544	-3.182929710022526e-07	-0.15054431829582893	0.0	-0.15054431829582893
-0.386	-0.14899600000000002	-3.1829279526128627e-07	-0.14899631829571247	0.0	-0.14899631829571247
-0.384	-0.147456	-3.182926167672226e-07	-0.14745631829559552	0.0	-0.14745631829559552
-0.382	-0.145924	-3.182924354622543e-07	-0.14592431829547742	0.0	-0.14592431829547742
-0.38	-0.1444	-3.1829225128704923e-07	-0.14440031829535557	0.0	-0.14440031829535557
-0.378	-0.142884	-3.18292064180701e-07	-0.14288431829523676	0.0	-0.14288431829523676
-0.376	-0.141376	-3.1829187408067935e-07	-0.14137631829511535	0.0	-0.14137631829511535
-0.374	-0.139876	-3.182916809227776e-07	-0.1398763182949915	0.0	-0.1398763182949915
-0.372	-0.138384	-3.1829148464105837e-07	-0.13838431829486658	0.0	-0.13838431829486658
-0.37	-0.1369	-3.1829128516779747e-07	-0.1369003182947414	0.0	-0.1369003182947414
-0.368	-0.135424	-3.182910824334254e-07	-0.13542431829461374	0.0	-0.13542431829461374
-0.366	-0.133956	-3.1829087636646656e-07	-0.13395631829448582	0.0	-0.13395631829448582
-0.364	-0.132496	-3.182906668934765e-07	-0.13249631829435604	0.0	-0.13249631829435604
-0.362	-0.131044	-3.182904539389762e-07	-0.13104431829422566	0.0	-0.13104431829422566
-0.36	-0.1296	-3.1829023742538427e-07	-0.12960031829409357	0.0	-0.12960031829409357
-0.358	-0.128164	-3.1829001727294624e-07	-0.1281643182939599	0.0	-0.1281643182939599
-0.356	-0.126736	-3.182897933996609e-07	-0.12673631829382537	0.0	-0.12673631829382537
-0.354	-0.12531599999999998	-3.1828956572120433e-07	-0.12531631829369055	0.0	-0.12531631829369055
-0.352	-0.12390399999999999	-3.182893341508501e-07	-0.12390431829355339	0.0	-0.12390431829355339
-0.35000000000000003	-0.12250000000000003	-3.1828909859938686e-07	-0.12250031829341478	0.0	-0.12250031829341478
-0.34800000000000003	-0.12110400000000002	-3.1828885897503234e-07	-0.12110431829327571	0.0	-0.12110431829327571
-0.34600000000000003	-0.11971600000000002	-3.1828861518334407e-07	-0.11971631829313391	0.0	-0.11971631829313391
-0.34400000000000003	-0.11833600000000002	-3.18288367127126e-07	-0.11833631829299285	0.0	-0.11833631829299285
-0.342	-0.11696400000000001	-3.1828811470633205e-07	-0.11696431829284866	0.0	-0.11696431829284866
-0.34	-0.11560000000000002	-3.182878578179648e-07	-0.115600318292705	0.0	-0.115600318292705
-0.338	-0.11424400000000001	-3.1828759635597067e-07	-0.11424431829255884	0.0	-0.11424431829255884
-0.336	-0.11289600000000001	-3.182873302111303e-07	-0.11289631829241295	0.0	-0.11289631829241295
-0.334	-0.11155600000000002	-3.182870592709445e-07	-0.11155631829226412	0.0	-0.11155631829226412
-0.332	-0.11022400000000002	-3.182867834195155e-07	-0.11022431829211458	0.0	-0.11022431829211458
-0.33	-0.10890000000000001	-3.1828650253742275e-07	-0.108900318291964	0.0	-0.108900318291964
-0.328	-0.10758400000000001	-3.182862165015938e-07	-0.10758431829181184	0.0	-0.10758431829181184
-0.326	-0.10627600000000001	-3.1828592518516946e-07	-0.10627631829165927	0.0	-0.10627631829165927
-0.324	-0.104976	-3.1828562845736306e-07	-0.10497631829150585	0.0	-0.10497631829150585
-0.322	-0.10368400000000001	-3.1828532618331356e-07	-0.10368431829135134	0.0	-0.10368431829135134
-0.32	-0.1024	-3.182850182239326e-07	-0.1024003182911953	0.0	-0.1024003182911953
-0.318	-0.101124	-3.1828470443574406e-07	-0.10112431829103855	0.0	-0.10112431829103855
-0.316	-0.099856	-3.1828438467071715e-07	-0.09985631829088105	0.0	-0.09985631829088105
-0.314	-0.098596	-3.182840587760919e-07	-0.09859631829072057	0.0	-0.09859631829072057
-0.312	-0.097344	-3.1828372659419634e-07	-0.09734431829056243	0.0	-0.09734431829056243
-0.31	-0.0961	-3.1828338796225613e-07	-0.0961003182904009	0.0	-0.0961003182904009
-0.308	-0.094864	-3.182830427121948e-07	-0.0948643182902401	0.0	-0.0948643182902401
-0.306	-0.093636	-3.1828269067042545e-07	-0.09363631829007829	0.0	-0.09363631829007829
-0.304	-0.092416	-3.1828233165763215e-07	-0.0924163182899157	0.0	-0.0924163182899157
-0.302	-0.091204	-3.182819654885419e-07	-0.09120431828975253	0.0	-0.09120431828975253
-0.3	-0.09	-3.1828159197168546e-07	-0.09000031828958766	0.0	-0.09000031828958766
-0.298	-0.088804	-3.182812109091469e-07	-0.08880431828942387	0.0	-0.08880431828942387
-0.296	-0.08761599999999999	-3.182808220963013e-07	-0.0876163182892593	0.0	-0.0876163182892593
-0.294	-0.08643599999999999	-3.1828042532154035e-07	-0.08643631828909393	0.0	-0.08643631828909393
-0.292	-0.08526399999999999	-3.18280020365984e-07	-0.08526431828892941	0.0	-0.08526431828892941
-0.29	-0.0841	-3.1827960700317867e-07	-0.08410031828876503	0.0	-0.08410031828876503
-0.28800000000000003	-0.08294400000000002	-3.1827918499878067e-07	-0.08294431828859956	0.0	-0.08294431828859956
-0.28600000000000003	-0.08179600000000002	-3.182787541102239e-07	-0.08179631828843494	0.0	-0.08179631828843494
-0.28400000000000003	-0.08065600000000002	-3.1827831408637114e-07	-0.08065631828827018	0.0	-0.08065631828827018
-0.28200000000000003	-0.07952400000000001	-3.182778646671483e-07	-0.07952431828810667	0.0	-0.07952431828810667
-0.28	-0.07840000000000001	-3.182774055831597e-07	-0.07840031828794197	0.0	-0.07840031828794197
-0.278	-0.07728400000000002	-3.1827693655528454e-07	-0.0772843182877793	0.0	-0.0772843182877793
-0.276	-0.07617600000000001	-3.182764572942524e-07	-0.0761763182876192	0.0	-0.0761763182876192
-0.274	-0.07507600000000002	-3.1827596750019715e-07	-0.07507631828745838	0.0	-0.07507631828745838
-0.272	-0.07398400000000001	-3.182754668621878e-07	-0.07398431828729903	0.0	-0.07398431828729903
-0.27	-0.0729	-3.1827495505773486e-07	-0.07290031828714225	0.0	-0.07290031828714225
-0.268	-0.07182400000000001	-3.18274431752271e-07	-0.0718243182869857	0.0	-0.0718243182869857
-0.266	-0.07075600000000001	-3.18273896598604e-07	-0.0707563182868337	0.0	-0.0707563182868337
-0.264	-0.06969600000000001	-3.1827334923634075e-07	-0.06969631828668217	0.0	-0.06969631828668217
-0.262	-0.06864400000000001	-3.182727892912805e-07	-0.06864431828653465	0.0	-0.06864431828653465
-0.26	-0.06760000000000001	-3.1827221637477486e-07	-0.06760031828638892	0.0	-0.06760031828638892
-0.258	-0.066564	-3.1827163008305353e-07	-0.06656431828624745	0.0	-0.06656431828624745
-0.256	-0.065536	-3.182710299965124e-07	-0.06553631828610865	0.0	-0.06553631828610865
-0.254	-0.064516	-3.182704156789629e-07	-0.06451631828597543	0.0	-0.06451631828597543
-0.252	-0.063504	-3.1826978667683885e-07	-0.0635043182858457	0.0	-0.0635043182858457
-0.25	-0.0625	-3.182691425183592e-07	-0.06250031828572172	0.0	-0.06250031828572172
-0.248	-0.061503999999999996	-3.1826848271264297e-07	-0.06150431828560377	0.0	-0.06150431828560377
-0.246	-0.060516	-3.18267806748774e-07	-0.06051631828549069	0.0	-0.06051631828549069
-0.244	-0.059536	-3.1826711409481143e-07	-0.0595363182853855	0.0	-0.0595363182853855
-0.242	-0.058564	-3.1826640419674287e-07	-0.058564318285286826	0.0	-0.058564318285286826
-0.24	-0.0576	-3.1826567647737627e-07	-0.05760031828519616	0.0	-0.05760031828519616
-0.23800000000000002	-0.05664400000000001	-3.1826493033516647e-07	-0.0566443182851144	0.0	-0.0566443182851144
-0.23600000000000002	-0.05569600000000001	-3.1826416514297145e-07	-0.055696318285042595	0.0	-0.055696318285042595
-0.234	-0.054756000000000006	-3.182633802467341e-07	-0.05475631828498046	0.0	-0.05475631828498046
-0.232	-0.053824000000000004	-3.1826257496408444e-07	-0.053824318284929465	0.0	-0.053824318284929465
-0.23	-0.0529	-3.1826174858285553e-07	-0.05290031828489098	0.0	-0.05290031828489098
-0.228	-0.051984	-3.182609003595088e-07	-0.051984318284865445	0.0	-0.051984318284865445
-0.226	-0.051076	-3.1826002951746073e-07	-0.05107631828485358	0.0	-0.05107631828485358
-0.224	-0.050176000000000005	-3.1825913524530474e-07	-0.050176318284857774	0.0	-0.050176318284857774
-0.222	-0.049284	-3.182582166949207e-07	-0.04928431828487871	0.0	-0.04928431828487871
-0.22	-0.0484	-3.182572729794628e-07	-0.04840031828491738	0.0	-0.04840031828491738
-0.218	-0.047524	-3.1825630317121874e-07	-0.047524318284976386	0.0	-0.047524318284976386
-0.216	-0.046655999999999996	-3.1825530629932843e-07	-0.046656318285055835	0.0	-0.046656318285055835
-0.214	-0.045795999999999996	-3.1825428134735365e-07	-0.0457963182851589	0.0	-0.0457963182851589
-0.212	-0.044944	-3.1825322725068574e-07	-0.04494431828528636	0.0	-0.04494431828528636
-0.21	-0.04409999999999999	-3.1825214289378003e-07	-0.044100318285439824	0.0	-0.044100318285439824
-0.20800000000000002	-0.04326400000000001	-3.1825102710720346e-07	-0.04326431828562391	0.0	-0.04326431828562391
-0.20600000000000002	-0.04243600000000001	-3.1824987866447995e-07	-0.04243631828583831	0.0	-0.04243631828583831
-0.20400000000000001	-0.04161600000000001	-3.1824869627871885e-07	-0.0416163182860863	0.0	-0.0416163182860863
-0.202	-0.04080400000000001	-3.182474785990081e-07	-0.0408043182863714	0.0	-0.0408043182863714
-0.2	-0.04000000000000001	-3.1824622420655396e-07	-0.04000031828669586	0.0	-0.04000031828669586
-0.198	-0.039204	-3.182449316105464e-07	-0.03920431828706314	0.0	-0.03920431828706314
-0.196	-0.038416000000000006	-3.1824359924372743e-07	-0.03841631828747657	0.0	-0.03841631828747657
-0.194	-0.037636	-3.1824222545763834e-07	-0.03763631828794001	0.0	-0.03763631828794001
-0.192	-0.036864	-3.1824080851751817e-07	-0.03686431828845745	0.0	-0.03686431828845745
-0.19	-0.0361	-3.1823934659682474e-07	-0.03610031828903364	0.0	-0.03610031828903364
-0.188	-0.035344	-3.1823783777134527e-07	-0.03534431828967267	0.0	-0.03534431828967267
-0.186	-0.034596	-3.182362800128614e-07	-0.034596318290380054	0.0	-0.034596318290380054
-0.184	-0.033856	-3.182346711823295e-07	-0.03385631829116141	0.0	-0.03385631829116141
-0.182	-0.033124	-3.182330090225339e-07	-0.03312431829202298	0.0	-0.03312431829202298
-0.18	-0.0324	-3.1823129115016505e-07	-0.03240031829297098	0.0	-0.03240031829297098
-0.178	-0.031684	-3.1822951504727164e-07	-0.03168431829401382	0.0	-0.03168431829401382
-0.176	-0.030975999999999997	-3.1822767805202837e-07	-0.03097631829515799	0.0	-0.03097631829515799
-0.17400000000000002	-0.030276000000000004	-3.1822577734875734e-07	-0.03027631829641324	0.0	-0.03027631829641324
-0.17200000000000001	-0.029584000000000006	-3.1822380995713204e-07	-0.02958431829778805	0.0	-0.02958431829778805
-0.17	-0.028900000000000006	-3.182217727204872e-07	-0.028900318299293078	0.0	-0.028900318299293078
-0.168	-0.028224000000000003	-3.1821966229314904e-07	-0.028224318300939685	0.0	-0.028224318300939685
-0.166	-0.027556000000000004	-3.1821747512668987e-07	-0.027556318302739823	0.0	-0.027556318302739823
-0.164	-0.026896000000000003	-3.1821520745500315e-07	-0.026896318304706665	0.0	-0.026896318304706665
-0.162	-0.026244	-3.1821285527808004e-07	-0.02624431830685555	0.0	-0.02624431830685555
-0.16	-0.0256	-3.182104143443583e-07	-0.0256003183092024	0.0	-0.0256003183092024
-0.158	-0.024964	-3.182078801314966e-07	-0.02496431831176456	0.0	-0.02496431831176456
-0.156	-0.024336	-3.182052478254134e-07	-0.024336318314560908	0.0	-0.024336318314560908
-0.154	-0.023716	-3.1820251229740723e-07	-0.023716318317613918	0.0	-0.023716318317613918
-0.152	-0.023104	-3.1819966807915644e-07	-0.023104318320946553	0.0	-0.023104318320946553
-0.15	-0.0225	-3.181967093353698e-07	-0.022500318324584132	0.0	-0.022500318324584132
-0.148	-0.021903999999999996	-3.1819362983383316e-07	-0.021904318328555578	0.0	-0.021904318328555578
-0.146	-0.021315999999999998	-3.1819042291256393e-07	-0.021316318332892666	0.0	-0.021316318332892666
-0.14400000000000002	-0.020736000000000004	-3.181870814437507e-07	-0.020736318337629834	0.0	-0.020736318337629834
-0.14200000000000002	-0.020164000000000005	-3.1818359779411253e-07	-0.020164318342805437	0.0	-0.020164318342805437
-0.14	-0.019600000000000003	-3.181799637812667e-07	-0.019600318348462407	0.0	-0.019600318348462407
-0.138	-0.019044000000000002	-3.1817617062563747e-07	-0.019044318354647507	0.0	-0.019044318354647507
-0.136	-0.018496000000000002	-3.18172208897379e-07	-0.018496318361413813	0.0	-0.018496318361413813
-0.134	-0.017956000000000003	-3.181680684577119e-07	-0.017956318368820657	0.0	-0.017956318368820657
-0.132	-0.017424000000000002	-3.1816373839399096e-07	-0.017424318376930995	0.0	-0.017424318376930995
-0.13	-0.016900000000000002	-3.1815920694772734e-07	-0.016900318385819055	0.0	-0.016900318385819055
-0.128	-0.016384	-3.181544614346775e-07	-0.01638431839556543	0.0	-0.01638431839556543
-0.126	-0.015876	-3.181494881559833e-07	-0.015876318406261216	0.0	-0.015876318406261216
-0.124	-0.015375999999999999	-3.181442722991998e-07	-0.01537631841800837	0.0	-0.01537631841800837
-0.122	-0.014884	-3.181387978278736e-07	-0.014884318430921094	0.0	-0.014884318430921094
-0.12	-0.0144	-3.1813304735813304e-07	-0.014400318445127661	0.0	-0.014400318445127661
-0.11800000000000001	-0.013924000000000002	-3.181270020205136e-07	-0.013924318460772533	0.0	-0.013924318460772533
-0.116	-0.013456000000000001	-3.181206413049656e-07	-0.013456318478019393	0.0	-0.013456318478019393
-0.114	-0.012996	-3.181139428866631e-07	-0.012996318497052777	0.0	-0.012996318497052777
-0.112	-0.012544000000000001	-3.1810688242984693e-07	-0.01254431851808282	0.0	-0.01254431851808282
-0.11	-0.0121	-3.180994333664791e-07	-0.012100318541345648	0.0	-0.012100318541345648
-0.108	-0.011663999999999999	-3.1809156664594174e-07	-0.011664318567112069	0.0	-0.011664318567112069
-0.106	-0.011236	-3.1808325045137077e-07	-0.011236318595689737	0.0	-0.011236318595689737
-0.10400000000000001	-0.010816000000000003	-3.1807444987744173e-07	-0.01081631862743124	0.0	-0.01081631862743124
-0.10200000000000001	-0.010404000000000002	-3.1806512656350327e-07	-0.010404318662738983	0.0	-0.010404318662738983
-0.1	-0.010000000000000002	-3.180552382748437e-07	-0.010000318702076714	0.0	-0.010000318702076714
-0.098	-0.009604000000000001	-3.1804473842353764e-07	-0.00960431874597587	0.0	-0.00960431874597587
-0.096	-0.009216	-3.180335755187006e-07	-0.009216318795051593	0.0	-0.009216318795051593
-0.094	-0.008836	-3.180216925340091e-07	-0.008836318850015575	0.0	-0.008836318850015575
-0.092	-0.008464	-3.180090261779459e-07	-0.008464318911694128	0.0	-0.008464318911694128
-0.09	-0.0081	-3.179955060492882e-07	-0.008100318981047993	0.0	-0.008100318981047993
-0.088	-0.007743999999999999	-3.1798105365674133e-07	-0.007744319059200426	0.0	-0.007744319059200426
-0.08600000000000001	-0.0073960000000000015	-3.17965581277156e-07	-0.007396319147467213	0.0	-0.007396319147467213
-0.084	-0.007056000000000001	-3.17948990621224e-07	-0.007056319247395535	0.0	-0.007056319247395535
-0.082	-0.006724000000000001	-3.179311712686404e-07	-0.006724319360811553	0.0	-0.006724319360811553
-0.08	-0.0064	-3.1791199882606095e-07	-0.006400319489877068	0.0	-0.006400319489877068
-0.078	-0.006084	-3.178913327502814e-07	-0.0060843196371641135	0.0	-0.0060843196371641135
-0.076	-0.005776	-3.178690137652536e-07	-0.005776319805745261	0.0	-0.005776319805745261
-0.074	-0.005475999999999999	-3.178448607839605e-07	-0.005476319999305284	0.0	-0.005476319999305284
-0.07200000000000001	-0.005184000000000001	-3.178186672236305e-07	-0.005184320222284574	0.0	-0.005184320222284574
-0.07	-0.004900000000000001	-3.1779019657369474e-07	-0.004900320480059877	0.0	-0.004900320480059877
-0.068	-0.0046240000000000005	-3.17759177038144e-07	-0.0046243207791791694	0.0	-0.0046243207791791694
-0.066	-0.0043560000000000005	-3.177252950245918e-07	-0.0043563211276539185	0.0	-0.0043563211276539185
-0.064	-0.004096	-3.17688187187338e-07	-0.004096321535349166	0.0	-0.004096321535349166
-0.062	-0.0038439999999999998	-3.176474306454269e-07	-0.0038443220144830973	0.0	-0.0038443220144830973
-0.06	-0.0036	-3.1760253088116007e-07	-0.0036003225802933056	0.0	-0.0036003225802933056
-0.058	-0.0033640000000000002	-3.1755290666849035e-07	-0.0033643232519073737	0.0	-0.0033643232519073737
-0.056	-0.0031360000000000003	-3.1749787116801575e-07	-0.0031363240535213655	0.0	-0.0031363240535213655
-0.054	-0.0029159999999999998	-3.174366080323948e-07	-0.0029163250159838653	0.0	-0.0029163250159838653
-0.052000000000000005	-0.0027040000000000007	-3.173681409583949e-07	-0.00270432617896478	0.0	-0.00270432617896478
-0.05	-0.0025000000000000005	-3.1729129454800256e-07	-0.002500327593942336	0.0	-0.002500327593942336
-0.048	-0.002304	-3.172046435234303e-07	-0.002304329328386058	0.0	-0.002304329328386058
-0.046	-0.002116	-3.171064461604115e-07	-0.0021163314716560683	0.0	-0.0021163314716560683
-0.044	-0.0019359999999999998	-3.1699455607559324e-07	-0.0019363341435006823	0.0	-0.0019363341435006823
-0.042	-0.0017640000000000002	-3.1686630393352405e-07	-0.0017643375063838092	0.0	-0.0017643375063838092
-0.04	-0.0016	-3.1671833675287173e-07	-0.001600341783787879	0.0	-0.001600341783787879
-0.038	-0.001444	-3.1654639650964227e-07	-0.0014443472877346262	0.0	-0.0014443472877346262
-0.036000000000000004	-0.0012960000000000003	-3.1634501034315e-07	-0.001296354461110547	0.0	-0.001296354461110547
-0.034	-0.0011560000000000001	-3.161070496012039e-07	-0.0011563639440667702	0.0	-0.0011563639440667702
-0.032	-0.001024	-3.1582309019797983e-07	-0.0010243766807558113	0.0	-0.0010243766807558113
-0.03	-0.0009	-3.154804649732681e-07	-0.0009003940954400075	0.0	-0.0009003940954400075
-0.028	-0.0007840000000000001	-3.150618261206908e-07	-0.0007844183918027154	0.0	-0.0007844183918027154
-0.026000000000000002	-0.0006760000000000002	-3.1454290528220736e-07	-0.0006764530788803363	0.0	-0.0006764530788803363
-0.024	-0.000576	-3.1388891554234916e-07	-0.0005765039310358812	0.0	-0.0005765039310358812
-0.022	-0.00048399999999999995	-3.1304856575100074e-07	-0.00048458081901336475	0.0	-0.00048458081901336475
-0.02	-0.0004	-3.1194368846011487e-07	-0.00040070138841413007	0.0	-0.00040070138841413007
-0.018000000000000002	-0.00032400000000000007	-3.1045038282122797e-07	-0.0003248989298864673	0.0	-0.0003248989298864673
-0.016	-0.000256	-3.0836270224054735e-07	-0.00025724062618772065	0.0	-0.00025724062618772065
-0.014	-0.00019600000000000002	-3.0531764593168856e-07	-0.00019787487635244326	0.0	-0.00019787487635244326
-0.012	-0.000144	-3.006260038873497e-07	-0.00014717919134217805	0.0	-0.00014717919134217805
-0.01	-0.0001	-2.928451901875312e-07	-0.00010645151786220268	0.0	-0.00010645151786220268
-0.008	-6.4e-05	-2.785344980446802e-07	-7.970026601099752e-05	0.0	-7.970026601099752e-05
-0.006	-3.6e-05	-2.483601566815492e-07	-5.446083565542188e-05	0.0	-5.446083565542188e-05
-0.004	-1.6e-05	-1.8069422239374398e-07	-4.225212401977248e-05	0.0	-4.225212401977248e-05
-0.002	-4e-06	-6.781952433642497e-08	-1.526860355196116e-05	0.0	-1.526860355196116e-05
0.002	4e-06	6.781952433642497e-08	1.5268603552254223e-05	0.0	1.5268603552254223e-05
0.004	1.6e-05	1.8069422239374398e-07	4.22521240203607e-05	0.0	4.22521240203607e-05
0.006	3.6e-05	2.483601566815492e-07	5.4460835655063183e-05	0.0	5.4460835655063183e-05
0.008	6.4e-05	2.785344980446802e-07	7.970026601081083e-05	0.0	7.970026601081083e-05
0.01	0.0001	2.928451901875312e-07	0.00010645151786158658	0.0	0.00010645151786158658
0.012	0.000144	3.006260038873497e-07	0.0001471791913424274	0.0	0.0001471791913424274
0.014	0.00019600000000000002	3.0531764593168856e-07	0.0001978748763528807	0.0	0.0001978748763528807
0.016	0.000256	3.0836270224054735e-07	0.00025724062618796373	0.0	0.00025724062618796373
0.018000000000000002	0.00032400000000000007	3.1045038282122797e-07	0.00032489892988626657	0.0	0.00032489892988626657
0.02	0.0004	3.1194368846011487e-07	0.0004007013884149323	0.0	0.0004007013884149323
0.022	0.00048399999999999995	3.1304856575100074e-07	0.0004845808190133343	0.0	0.0004845808190133343
0.024	0.000576	3.1388891554234916e-07	0.0005765039310357886	0.0	0.0005765039310357886
0.026000000000000002	0.0006760000000000002	3.1454290528220736e-07	0.0006764530788807762	0.0	0.0006764530788807762
0.028	0.0007840000000000001	3.150618261206908e-07	0.0007844183918027275	0.0	0.0007844183918027275
0.03	0.0009	3.154804649732681e-07	0.0009003940954397184	0.0	0.0009003940954397184
0.032	0.001024	3.1582309019797983e-07	0.0010243766807552417	0.0	0.0010243766807552417
0.034	0.0011560000000000001	3.161070496012039e-07	0.0011563639440673493	0.0	0.0011563639440673493
0.036000000000000004	0.0012960000000000003	3.1634501034315e-07	0.0012963544611105382	0.0	0.0012963544611105382
0.038	0.001444	3.1654639650964227e-07	0.0014443472877352472	0.0	0.0014443472877352472
0.04	0.0016	3.1671833675287173e-07	0.0016003417837870124	0.0	0.0016003417837870124
0.042	0.0017640000000000002	3.1686630393352405e-07	0.0017643375063846043	0.0	0.0017643375063846043
0.044	0.0019359999999999998	3.1699455607559324e-07	0.0019363341435000095	0.0	0.0019363341435000095
0.046	0.002116	3.171064461604115e-07	0.00211633147165711	0.0	0.00211633147165711
0.048	0.002304	3.172046435234303e-07	0.0023043293283854308	0.0	0.0023043293283854308
0.05	0.0025000000000000005	3.1729129454800256e-07	0.0025003275939419634	0.0	0.0025003275939419634
0.052000000000000005	0.0027040000000000007	3.173681409583949e-07	0.0027043261789640996	0.0	0.0027043261789640996
0.054	0.0029159999999999998	3.174366080323948e-07	0.002916325015982936	0.0	0.002916325015982936
0.056	0.0031360000000000003	3.1749787116801575e-07	0.0031363240535205337	0.0	0.0031363240535205337
0.058	0.0033640000000000002	3.1755290666849035e-07	0.0033643232519076334	0.0	0.0033643232519076334
0.06	0.0036	3.1760253088116007e-07	0.0036003225802936946	0.0	0.0036003225802936946
0.062	0.0038439999999999998	3.176474306454269e-07	0.0038443220144835314	0.0	0.0038443220144835314
0.064	0.004096	3.17688187187338e-07	0.004096321535348948	0.0	0.004096321535348948
0.066	0.0043560000000000005	3.177252950245918e-07	0.004356321127653645	0.0	0.004356321127653645
0.068	0.0046240000000000005	3.17759177038144e-07	0.004624320779179495	0.0	0.004624320779179495
0.07	0.004900000000000001	3.1779019657369474e-07	0.004900320480060187	0.0	0.004900320480060187
0.07200000000000001	0.005184000000000001	3.178186672236305e-07	0.005184320222284481	0.0	0.005184320222284481
0.074	0.005475999999999999	3.178448607839605e-07	0.0054763199993056256	0.0	0.0054763199993056256
0.076	0.005776	3.178690137652536e-07	0.0057763198057458704	0.0	0.0057763198057458704
0.078	0.006084	3.178913327502814e-07	0.006084319637164612	0.0	0.006084319637164612
0.08	0.0064	3.1791199882606095e-07	0.00640031948987713	0.0	0.00640031948987713
0.082	0.006724000000000001	3.179311712686404e-07	0.006724319360811836	0.0	0.006724319360811836
0.084	0.007056000000000001	3.17948990621224e-07	0.007056319247396094	0.0	0.007056319247396094
0.08600000000000001	0.0073960000000000015	3.17965581277156e-07	0.00739631914746791	0.0	0.00739631914746791
0.088	0.007743999999999999	3.1798105365674133e-07	0.0077443190592004635	0.0	0.0077443190592004635
0.09	0.0081	3.179955060492882e-07	0.008100318981048201	0.0	0.008100318981048201
0.092	0.008464	3.180090261779459e-07	0.008464318911694201	0.0	0.008464318911694201
0.094	0.008836	3.180216925340091e-07	0.008836318850016128	0.0	0.008836318850016128
0.096	0.009216	3.180335755187006e-07	0.009216318795051854	0.0	0.009216318795051854
0.098	0.009604000000000001	3.1804473842353764e-07	0.00960431874597571	0.0	0.00960431874597571
0.1	0.010000000000000002	3.180552382748437e-07	0.010000318702076749	0.0	0.010000318702076749
0.10200000000000001	0.010404000000000002	3.1806512656350327e-07	0.010404318662739498	0.0	0.010404318662739498
0.10400000000000001	0.010816000000000003	3.1807444987744173e-07	0.010816318627432025	0.0	0.010816318627432025
0.106	0.011236	3.1808325045137077e-07	0.011236318595690244	0.0	0.011236318595690244
0.108	0.011663999999999999	3.1809156664594174e-07	0.011664318567112437	0.0	0.011664318567112437
0.11	0.0121	3.180994333664791e-07	0.012100318541345354	0.0	0.012100318541345354
0.112	0.012544000000000001	3.1810688242984693e-07	0.012544318518082652	0.0	0.012544318518082652
0.114	0.012996	3.181139428866631e-07	0.012996318497053289	0.0	0.012996318497053289
0.116	0.013456000000000001	3.181206413049656e-07	0.013456318478019483	0.0	0.013456318478019483
0.11800000000000001	0.013924000000000002	3.181270020205136e-07	0.013924318460771993	0.0	0.013924318460771993
0.12	0.0144	3.1813304735813304e-07	0.014400318445127071	0.0	0.014400318445127071
0.122	0.014884	3.181387978278736e-07	0.01488431843092111	0.0	0.01488431843092111
0.124	0.015375999999999999	3.181442722991998e-07	0.01537631841800842	0.0	0.01537631841800842
0.126	0.015876	3.181494881559833e-07	0.015876318406261428	0.0	0.015876318406261428
0.128	0.016384	3.181544614346775e-07	0.016384318395565707	0.0	0.016384318395565707
0.13	0.016900000000000002	3.1815920694772734e-07	0.016900318385819107	0.0	0.016900318385819107
0.132	0.017424000000000002	3.1816373839399096e-07	0.01742431837693115	0.0	0.01742431837693115
0.134	0.017956000000000003	3.181680684577119e-07	0.017956318368820307	0.0	0.017956318368820307
0.136	0.018496000000000002	3.18172208897379e-07	0.018496318361414233	0.0	0.018496318361414233
0.138	0.019044000000000002	3.1817617062563747e-07	0.019044318354647625	0.0	0.019044318354647625
0.14	0.019600000000000003	3.181799637812667e-07	0.01960031834846225	0.0	0.01960031834846225
0.14200000000000002	0.020164000000000005	3.1818359779411253e-07	0.020164318342805222	0.0	0.020164318342805222
0.14400000000000002	0.020736000000000004	3.181870814437507e-07	0.020736318337629605	0.0	0.020736318337629605
0.146	0.021315999999999998	3.1819042291256393e-07	0.021316318332892714	0.0	0.021316318332892714
0.148	0.021903999999999996	3.1819362983383316e-07	0.021904318328555477	0.0	0.021904318328555477
0.15	0.0225	3.181967093353698e-07	0.022500318324583966	0.0	0.022500318324583966
0.152	0.023104	3.1819966807915644e-07	0.023104318320946126	0.0	0.023104318320946126
0.154	0.023716	3.1820251229740723e-07	0.023716318317613946	0.0	0.023716318317613946
0.156	0.024336	3.182052478254134e-07	0.02433631831456109	0.0	0.02433631831456109
0.158	0.024964	3.182078801314966e-07	0.024964318311764697	0.0	0.024964318311764697
0.16	0.0256	3.182104143443583e-07	0.025600318309202497	0.0	0.025600318309202497
0.162	0.026244	3.1821285527808004e-07	0.02624431830685594	0.0	0.02624431830685594
0.164	0.026896000000000003	3.1821520745500315e-07	0.02689631830470702	0.0	0.02689631830470702
0.166	0.027556000000000004	3.1821747512668987e-07	0.027556318302739902	0.0	0.027556318302739902
0.168	0.028224000000000003	3.1821966229314904e-07	0.028224318300939983	0.0	0.028224318300939983
0.17	0.028900000000000006	3.182217727204872e-07	0.02890031829929303	0.0	0.02890031829929303
0.17200000000000001	0.029584000000000006	3.1822380995713204e-07	0.029584318297787956	0.0	0.029584318297787956
0.17400000000000002	0.030276000000000004	3.1822577734875734e-07	0.030276318296413487	0.0	0.030276318296413487
0.176	0.030975999999999997	3.1822767805202837e-07	0.030976318295158022	0.0	0.030976318295158022
0.178	0.031684	3.1822951504727164e-07	0.031684318294013726	0.0	0.031684318294013726
0.18	0.0324	3.1823129115016505e-07	0.03240031829297121	0.0	0.03240031829297121
0.182	0.033124	3.182330090225339e-07	0.0331243182920236	0.0	0.0331243182920236
0.184	0.033856	3.182346711823295e-07	0.03385631829116161	0.0	0.03385631829116161
0.186	0.034596	3.182362800128614e-07	0.034596318290380325	0.0	0.034596318290380325
0.188	0.035344	3.1823783777134527e-07	0.03534431828967155	0.0	0.03534431828967155
0.19	0.0361	3.1823934659682474e-07	0.036100318289033484	0.0	0.036100318289033484
0.192	0.036864	3.1824080851751817e-07	0.03686431828845753	0.0	0.03686431828845753
0.194	0.037636	3.1824222545763834e-07	0.037636318287940285	0.0	0.037636318287940285
0.196	0.038416000000000006	3.1824359924372743e-07	0.03841631828747689	0.0	0.03841631828747689
0.198	0.039204	3.182449316105464e-07	0.03920431828706295	0.0	0.03920431828706295
0.2	0.04000000000000001	3.1824622420655396e-07	0.040000318286696104	0.0	0.040000318286696104
0.202	0.04080400000000001	3.182474785990081e-07	0.040804318286371793	0.0	0.040804318286371793
0.20400000000000001	0.04161600000000001	3.1824869627871885e-07	0.04161631828608631	0.0	0.04161631828608631
0.20600000000000002	0.04243600000000001	3.1824987866447995e-07	0.042436318285837764	0.0	0.042436318285837764
0.20800000000000002	0.04326400000000001	3.1825102710720346e-07	0.04326431828562343	0.0	0.04326431828562343
0.21	0.04409999999999999	3.1825214289378003e-07	0.044100318285440254	0.0	0.044100318285440254
0.212	0.044944	3.1825322725068574e-07	0.04494431828528614	0.0	0.04494431828528614
0.214	0.045795999999999996	3.1825428134735365e-07	0.04579631828515904	0.0	0.04579631828515904
0.216	0.046655999999999996	3.1825530629932843e-07	0.04665631828505635	0.0	0.04665631828505635
0.218	0.047524	3.1825630317121874e-07	0.04752431828497613	0.0	0.04752431828497613
0.22	0.0484	3.182572729794628e-07	0.04840031828491784	0.0	0.04840031828491784
0.222	0.049284	3.182582166949207e-07	0.04928431828487846	0.0	0.04928431828487846
0.224	0.050176000000000005	3.1825913524530474e-07	0.05017631828485779	0.0	0.05017631828485779
0.226	0.051076	3.1826002951746073e-07	0.05107631828485398	0.0	0.05107631828485398
0.228	0.051984	3.182609003595088e-07	0.051984318284864856	0.0	0.051984318284864856
0.23	0.0529	3.1826174858285553e-07	0.052900318284890537	0.0	0.052900318284890537
0.232	0.053824000000000004	3.1826257496408444e-07	0.05382431828492917	0.0	0.05382431828492917
0.234	0.054756000000000006	3.182633802467341e-07	0.05475631828498096	0.0	0.05475631828498096
0.23600000000000002	0.05569600000000001	3.1826416514297145e-07	0.055696318285041985	0.0	0.055696318285041985
0.23800000000000002	0.05664400000000001	3.1826493033516647e-07	0.056644318285114556	0.0	0.056644318285114556
0.24	0.0576	3.1826567647737627e-07	0.05760031828519662	0.0	0.05760031828519662
0.242	0.058564	3.1826640419674287e-07	0.05856431828528673	0.0	0.05856431828528673
0.244	0.059536	3.1826711409481143e-07	0.05953631828538587	0.0	0.05953631828538587
0.246	0.060516	3.18267806748774e-07	0.06051631828549097	0.0	0.06051631828549097
0.248	0.061503999999999996	3.1826848271264297e-07	0.061504318285603085	0.0	0.061504318285603085
0.25	0.0625	3.182691425183592e-07	0.0625003182857222	0.0	0.0625003182857222
0.252	0.063504	3.1826978667683885e-07	0.06350431828584653	0.0	0.06350431828584653
0.254	0.064516	3.182704156789629e-07	0.06451631828597554	0.0	0.06451631828597554
0.256	0.065536	3.182710299965124e-07	0.06553631828610919	0.0	0.06553631828610919
0.258	0.066564	3.1827163008305353e-07	0.06656431828624759	0.0	0.06656431828624759
0.26	0.06760000000000001	3.1827221637477486e-07	0.0676003182863885	0.0	0.0676003182863885
0.262	0.06864400000000001	3.182727892912805e-07	0.06864431828653414	0.0	0.06864431828653414
0.264	0.06969600000000001	3.1827334923634075e-07	0.0696963182866823	0.0	0.0696963182866823
0.266	0.07075600000000001	3.18273896598604e-07	0.0707563182868331	0.0	0.0707563182868331
0.268	0.07182400000000001	3.18274431752271e-07	0.07182431828698603	0.0	0.07182431828698603
0.27	0.0729	3.1827495505773486e-07	0.07290031828714068	0.0	0.07290031828714068
0.272	0.07398400000000001	3.182754668621878e-07	0.07398431828729887	0.0	0.07398431828729887
0.274	0.07507600000000002	3.1827596750019715e-07	0.07507631828745794	0.0	0.07507631828745794
0.276	0.07617600000000001	3.182764572942524e-07	0.07617631828761803	0.0	0.07617631828761803
0.278	0.07728400000000002	3.1827693655528454e-07	0.07728431828777954	0.0	0.07728431828777954
0.28	0.07840000000000001	3.182774055831597e-07	0.07840031828794235	0.0	0.07840031828794235
0.28200000000000003	0.07952400000000001	3.182778646671483e-07	0.07952431828810592	0.0	0.07952431828810592
0.28400000000000003	0.08065600000000002	3.1827831408637114e-07	0.08065631828827008	0.0	0.08065631828827008
0.28600000000000003	0.08179600000000002	3.182787541102239e-07	0.08179631828843446	0.0	0.08179631828843446
0.28800000000000003	0.08294400000000002	3.1827918499878067e-07	0.08294431828859912	0.0	0.08294431828859912
0.29	0.0841	3.1827960700317867e-07	0.0841003182887647	0.0	0.0841003182887647
0.292	0.08526399999999999	3.18280020365984e-07	0.08526431828892923	0.0	0.08526431828892923
0.294	0.08643599999999999	3.1828042532154035e-07	0.08643631828909434	0.0	0.08643631828909434
0.296	0.08761599999999999	3.182808220963013e-07	0.08761631828925898	0.0	0.08761631828925898
0.298	0.088804	3.182812109091469e-07	0.08880431828942373	0.0	0.08880431828942373
0.3	0.09	3.1828159197168546e-07	0.09000031828958853	0.0	0.09000031828958853
0.302	0.091204	3.182819654885419e-07	0.09120431828975213	0.0	0.09120431828975213
0.304	0.092416	3.1828233165763215e-07	0.09241631828991487	0.0	0.09241631828991487
0.306	0.093636	3.1828269067042545e-07	0.0936363182900776	0.0	0.0936363182900776
0.308	0.094864	3.182830427121948e-07	0.09486431829024082	0.0	0.09486431829024082
0.31	0.0961	3.1828338796225613e-07	0.09610031829040179	0.0	0.09610031829040179
0.312	0.097344	3.1828372659419634e-07	0.0973443182905612	0.0	0.0973443182905612
0.314	0.098596	3.182840587760919e-07	0.09859631829072192	0.0	0.09859631829072192
0.316	0.099856	3.1828438467071715e-07	0.09985631829088029	0.0	0.09985631829088029
0.318	0.101124	3.1828470443574406e-07	0.10112431829103816	0.0	0.10112431829103816
0.32	0.1024	3.182850182239326e-07	0.10240031829119485	0.0	0.10240031829119485
0.322	0.10368400000000001	3.1828532618331356e-07	0.10368431829135029	0.0	0.10368431829135029
0.324	0.104976	3.1828562845736306e-07	0.10497631829150574	0.0	0.10497631829150574
0.326	0.10627600000000001	3.1828592518516946e-07	0.10627631829165897	0.0	0.10627631829165897
0.328	0.10758400000000001	3.182862165015938e-07	0.10758431829181163	0.0	0.10758431829181163
0.33	0.10890000000000001	3.1828650253742275e-07	0.10890031829196437	0.0	0.10890031829196437
0.332	0.11022400000000002	3.182867834195155e-07	0.11022431829211572	0.0	0.11022431829211572
0.334	0.11155600000000002	3.182870592709445e-07	0.11155631829226323	0.0	0.11155631829226323
0.336	0.11289600000000001	3.182873302111303e-07	0.11289631829241173	0.0	0.11289631829241173
0.338	0.11424400000000001	3.1828759635597067e-07	0.11424431829255921	0.0	0.11424431829255921
0.34	0.11560000000000002	3.182878578179648e-07	0.11560031829270545	0.0	0.11560031829270545
0.342	0.11696400000000001	3.1828811470633205e-07	0.11696431829284937	0.0	0.11696431829284937
0.34400000000000003	0.11833600000000002	3.18288367127126e-07	0.1183363182929921	0.0	0.1183363182929921
0.34600000000000003	0.11971600000000002	3.1828861518334407e-07	0.11971631829313352	0.0	0.11971631829313352
0.34800000000000003	0.12110400000000002	3.1828885897503234e-07	0.12110431829327484	0.0	0.12110431829327484
0.35000000000000003	0.12250000000000003	3.1828909859938686e-07	0.12250031829341468	0.0	0.12250031829341468
0.352	0.12390399999999999	3.182893341508501e-07	0.12390431829355211	0.0	0.12390431829355211
0.354	0.12531599999999998	3.1828956572120433e-07	0.12531631829369055	0.0	0.12531631829369055
0.356	0.126736	3.182897933996609e-07	0.1267363182938273	0.0	0.1267363182938273
0.358	0.128164	3.1829001727294624e-07	0.1281643182939607	0.0	0.1281643182939607
0.36	0.1296	3.1829023742538427e-07	0.12960031829409313	0.0	0.12960031829409313
0.362	0.131044	3.182904539389762e-07	0.13104431829422658	0.0	0.13104431829422658
0.364	0.132496	3.182906668934765e-07	0.13249631829435604	0.0	0.13249631829435604
0.366	0.133956	3.1829087636646656e-07	0.13395631829448787	0.0	0.13395631829448787
0.368	0.135424	3.182910824334254e-07	0.13542431829461393	0.0	0.13542431829461393
0.37	0.1369	3.1829128516779747e-07	0.13690031829474072	0.0	0.13690031829474072
0.372	0.138384	3.1829148464105837e-07	0.13838431829486564	0.0	0.13838431829486564
0.374	0.139876	3.182916809227776e-07	0.13987631829499142	0.0	0.13987631829499142
0.376	0.141376	3.1829187408067935e-07	0.14137631829511588	0.0	0.14137631829511588
0.378	0.142884	3.18292064180701e-07	0.14288431829523807	0.0	0.14288431829523807
0.38	0.1444	3.1829225128704923e-07	0.14440031829535735	0.0	0.14440031829535735
0.382	0.145924	3.182924354622543e-07	0.14592431829547783	0.0	0.14592431829547783
0.384	0.147456	3.182926167672226e-07	0.1474563182955958	0.0	0.1474563182955958
0.386	0.14899600000000002	3.1829279526128627e-07	0.14899631829571325	0.0	0.14899631829571325
0.388	0.150544	3.182929710022526e-07	0.15054431829582962	0.0	0.15054431829582962
0.39	0.1521	3.1829314404645033e-07	0.1521003182959438	0.0	0.1521003182959438
0.392	0.15366400000000002	3.1829331444877487e-07	0.15366431829605878	0.0	0.15366431829605878
0.394	0.155236	3.18293482262732e-07	0.1552363182961712	0.0	0.1552363182961712
0.396	0.156816	3.182936475404796e-07	0.15681631829628148	0.0	0.15681631829628148
0.398	0.15840400000000002	3.1829381033286857e-07	0.15840431829639226	0.0	0.15840431829639226
0.4	0.16000000000000003	3.182939706894815e-07	0.16000031829650013	0.0	0.16000031829650013
0.402	0.16160400000000003	3.1829412865867084e-07	0.16160431829660826	0.0	0.16160431829660826
0.404	0.16321600000000003	3.1829428428759506e-07	0.16321631829671665	0.0	0.16321631829671665
0.406	0.164836	3.1829443762225394e-07	0.1648363182968213	0.0	0.1648363182968213
0.40800000000000003	0.16646400000000003	3.1829458870752275e-07	0.16646431829692657	0.0	0.16646431829692657
0.41000000000000003	0.16810000000000003	3.182947375871847e-07	0.1681003182970302	0.0	0.1681003182970302
0.41200000000000003	0.16974400000000003	3.18294884303963e-07	0.1697443182971321	0.0	0.1697443182971321
0.41400000000000003	0.17139600000000002	3.1829502889955143e-07	0.17139631829723376	0.0	0.17139631829723376
0.41600000000000004	0.17305600000000004	3.182951714146439e-07	0.1730563182973343	0.0	0.1730563182973343
0.418	0.174724	3.18295311888963e-07	0.17472431829743365	0.0	0.17472431829743365
0.42	0.17639999999999997	3.1829545036128803e-07	0.17640031829753236	0.0	0.17640031829753236
0.422	0.178084	3.1829558686948135e-07	0.1780843182976275	0.0	0.1780843182976275
0.424	0.179776	3.1829572145051446e-07	0.17977631829772647	0.0	0.17977631829772647
0.426	0.181476	3.182958541404931e-07	0.18147631829782093	0.0	0.18147631829782093
0.428	0.18318399999999999	3.182959849746814e-07	0.1831843182979166	0.0	0.1831843182979166
0.43	0.18489999999999998	3.182961139875253e-07	0.18490031829801012	0.0	0.18490031829801012
0.432	0.18662399999999998	3.1829624121267516e-07	0.18662431829810092	0.0	0.18662431829810092
0.434	0.188356	3.1829636668300775e-07	0.18835631829819285	0.0	0.18835631829819285
0.436	0.190096	3.182964904306477e-07	0.19009631829828283	0.0	0.19009631829828283
0.438	0.191844	3.182966124869877e-07	0.19184431829837315	0.0	0.19184431829837315
0.44	0.1936	3.1829673288270875e-07	0.19360031829846058	0.0	0.19360031829846058
0.442	0.195364	3.1829685164779904e-07	0.19536431829854795	0.0	0.19536431829854795
0.444	0.197136	3.182969688115732e-07	0.19713631829863498	0.0	0.19713631829863498
0.446	0.198916	3.182970844026898e-07	0.198916318298722	0.0	0.198916318298722
0.448	0.20070400000000002	3.182971984491692e-07	0.20070431829880617	0.0	0.20070431829880617
0.45	0.2025	3.182973109784106e-07	0.2025003182988909	0.0	0.2025003182988909
0.452	0.204304	3.182974220172082e-07	0.20430431829897383	0.0	0.20430431829897383
0.454	0.20611600000000002	3.182975315917674e-07	0.20611631829905627	0.0	0.20611631829905627
0.456	0.207936	3.182976397277202e-07	0.2079363182991369	0.0	0.2079363182991369
0.458	0.209764	3.1829774645014016e-07	0.2097643182992186	0.0	0.2097643182992186
0.46	0.2116	3.182978517835569e-07	0.2116003182992989	0.0	0.2116003182992989
0.462	0.21344400000000002	3.182979557519703e-07	0.21344431829937718	0.0	0.21344431829937718
0.464	0.21529600000000002	3.182980583788641e-07	0.21529631829945575	0.0	0.21529631829945575
0.466	0.21715600000000002	3.1829815968721925e-07	0.21715631829953316	0.0	0.21715631829953316
0.468	0.21902400000000002	3.182982596995266e-07	0.21902431829960983	0.0	0.21902431829960983
0.47000000000000003	0.22090000000000004	3.182983584377994e-07	0.22090031829968665	0.0	0.22090031829968665
0.47200000000000003	0.22278400000000004	3.1829845592358587e-07	0.22278431829976006	0.0	0.22278431829976006
0.47400000000000003	0.22467600000000004	3.1829855217798023e-07	0.22467631829983453	0.0	0.22467631829983453
0.47600000000000003	0.22657600000000003	3.1829864722163464e-07	0.2265763182999103	0.0	0.2265763182999103
0.47800000000000004	0.22848400000000005	3.1829874107477006e-07	0.22848431829998306	0.0	0.22848431829998306
0.48	0.2304	3.182988337571871e-07	0.23040031830005367	0.0	0.23040031830005367
0.482	0.23232399999999997	3.182989252882764e-07	0.2323243183001276	0.0	0.2323243183001276
0.484	0.234256	3.1829901568702875e-07	0.2342563183001966	0.0	0.2342563183001966
0.486	0.236196	3.182991049720451e-07	0.23619631830026558	0.0	0.23619631830026558
0.488	0.238144	3.182991931615459e-07	0.23814431830033667	0.0	0.23814431830033667
0.49	0.24009999999999998	3.182992802733806e-07	0.24010031830040704	0.0	0.24010031830040704
0.492	0.242064	3.182993663250365e-07	0.24206431830047387	0.0	0.24206431830047387
0.494	0.244036	3.182994513336478e-07	0.2440363183005404	0.0	0.2440363183005404
0.496	0.24601599999999998	3.1829953531600374e-07	0.24601631830060666	0.0	0.24601631830060666
0.498	0.248004	3.1829961828855726e-07	0.24800431830067304	0.0	0.24800431830067304
0.5	0.25	3.182997002674328e-07	0.2500003183007363	0.0	0.2500003183007363
0.502	0.252004	3.182997812684343e-07	0.25200431830080106	0.0	0.25200431830080106
0.504	0.254016	3.1829986130705274e-07	0.25401631830086435	0.0	0.25401631830086435
0.506	0.256036	3.182999403984735e-07	0.2560363183009314	0.0	0.2560363183009314
0.508	0.258064	3.1830001855758373e-07	0.2580643183009909	0.0	0.2580643183009909
0.51	0.2601	3.183000957989792e-07	0.26010031830105435	0.0	0.26010031830105435
0.512	0.262144	3.1830017213697113e-07	0.2621443183011138	0.0	0.2621443183011138
0.514	0.264196	3.183002475855929e-07	0.2641963183011738	0.0	0.2641963183011738
0.516	0.266256	3.183003221586064e-07	0.266256318301237	0.0	0.266256318301237
0.518	0.268324	3.183003958695084e-07	0.26832431830129616	0.0	0.26832431830129616
0.52	0.27040000000000003	3.1830046873153676e-07	0.27040031830135614	0.0	0.27040031830135614
0.522	0.272484	3.183005407576759e-07	0.2724843183014137	0.0	0.2724843183014137
0.524	0.27457600000000004	3.1830061196066314e-07	0.27457631830147167	0.0	0.27457631830147167
0.526	0.27667600000000003	3.183006823529941e-07	0.27667631830152933	0.0	0.27667631830152933
0.528	0.27878400000000003	3.183007519469282e-07	0.27878431830158534	0.0	0.27878431830158534
0.53	0.28090000000000004	3.183008207544939e-07	0.2809003183016433	0.0	0.2809003183016433
0.532	0.28302400000000005	3.18300888787494e-07	0.28302431830169805	0.0	0.28302431830169805
0.534	0.285156	3.183009560575108e-07	0.2851563183017524	0.0	0.2851563183017524
0.536	0.28729600000000005	3.1830102257591076e-07	0.28729631830180585	0.0	0.28729631830180585
0.538	0.28944400000000003	3.183010883538496e-07	0.28944431830186135	0.0	0.28944431830186135
0.54	0.2916	3.1830115340227674e-07	0.2916003183019187	0.0	0.2916003183019187
0.542	0.293764	3.1830121773193997e-07	0.2937643183019694	0.0	0.2937643183019694
0.544	0.29593600000000003	3.1830128135338995e-07	0.29593631830202377	0.0	0.29593631830202377
0.546	0.29811600000000005	3.1830134427698437e-07	0.29811631830207513	0.0	0.29811631830207513
0.548	0.30030400000000007	3.183014065128923e-07	0.30030431830212545	0.0	0.30030431830212545
0.55	0.30250000000000005	3.183014680710982e-07	0.30250031830217555	0.0	0.30250031830217555
0.552	0.30470400000000003	3.1830152896140613e-07	0.3047043183022292	0.0	0.3047043183022292
0.554	0.3069160000000001	3.183015891934433e-07	0.3069163183022767	0.0	0.3069163183022767
0.556	0.3091360000000001	3.1830164877666413e-07	0.30913631830232857	0.0	0.30913631830232857
0.558	0.3113640000000001	3.183017077203541e-07	0.3113643183023747	0.0	0.3113643183023747
0.56	0.31360000000000005	3.1830176603363296e-07	0.313600318302426	0.0	0.313600318302426
0.562	0.31584400000000007	3.183018237254585e-07	0.31584431830247667	0.0	0.31584431830247667
0.5640000000000001	0.31809600000000005	3.183018808046301e-07	0.31809631830252405	0.0	0.31809631830252405
0.5660000000000001	0.3203560000000001	3.183019372797918e-07	0.3203563183025687	0.0	0.3203563183025687
0.5680000000000001	0.3226240000000001	3.183019931594358e-07	0.3226243183026162	0.0	0.3226243183026162
0.5700000000000001	0.3249000000000001	3.183020484519056e-07	0.3249003183026637	0.0	0.3249003183026637
0.5720000000000001	0.3271840000000001	3.18302103165399e-07	0.32718431830271033	0.0	0.32718431830271033
0.5740000000000001	0.3294760000000001	3.183021573079713e-07	0.3294763183027573	0.0	0.3294763183027573
0.5760000000000001	0.33177600000000007	3.183022108875382e-07	0.3317763183028031	0.0	0.3317763183028031
0.578	0.33408399999999994	3.1830226391187865e-07	0.3340843183028417	0.0	0.3340843183028417
0.58	0.3364	3.183023163886377e-07	0.3364003183028875	0.0	0.3364003183028875
0.582	0.33872399999999997	3.183023683253293e-07	0.33872431830293226	0.0	0.33872431830293226
0.584	0.34105599999999997	3.18302419729339e-07	0.34105631830297495	0.0	0.34105631830297495
0.586	0.343396	3.1830247060792645e-07	0.3433963183030198	0.0	0.3433963183030198
0.588	0.34574399999999994	3.1830252096822814e-07	0.34574431830306224	0.0	0.34574431830306224
0.59	0.34809999999999997	3.183025708172596e-07	0.3481003183031053	0.0	0.3481003183031053
0.592	0.35046399999999994	3.1830262016191835e-07	0.3504643183031465	0.0	0.3504643183031465
0.594	0.352836	3.183026690089858e-07	0.3528363183031886	0.0	0.3528363183031886
0.596	0.355216	3.1830271736512975e-07	0.3552163183032303	0.0	0.3552163183032303
0.598	0.357604	3.183027652369068e-07	0.3576043183032704	0.0	0.3576043183032704
0.6	0.36	3.183028126307644e-07	0.36000031830331275	0.0	0.36000031830331275
0.602	0.36240399999999995	3.1830285955304304e-07	0.36240431830335185	0.0	0.36240431830335185
0.604	0.364816	3.183029060099785e-07	0.3648163183033918	0.0	0.3648163183033918
0.606	0.367236	3.1830295200770376e-07	0.3672363183034313	0.0	0.3672363183034313
0.608	0.369664	3.1830299755225103e-07	0.3696643183034704	0.0	0.3696643183034704
0.61	0.3721	3.18303042649554e-07	0.3721003183035111	0.0	0.3721003183035111
0.612	0.374544	3.1830308730544936e-07	0.3745443183035475	0.0	0.3745443183035475
0.614	0.376996	3.1830313152567904e-07	0.37699631830358804	0.0	0.37699631830358804
0.616	0.379456	3.1830317531589174e-07	0.3794563183036251	0.0	0.3794563183036251
0.618	0.381924	3.1830321868164506e-07	0.3819243183036643	0.0	0.3819243183036643
0.62	0.3844	3.183032616284071e-07	0.3844003183036976	0.0	0.3844003183036976
0.622	0.386884	3.18303304161558e-07	0.38688431830374054	0.0	0.38688431830374054
0.624	0.389376	3.183033462863921e-07	0.38937631830377417	0.0	0.38937631830377417
0.626	0.391876	3.183033880081191e-07	0.39187631830380765	0.0	0.39187631830380765
0.628	0.394384	3.18303429331866e-07	0.394384318303847	0.0	0.394384318303847
0.63	0.39690000000000003	3.183034702626784e-07	0.39690031830388106	0.0	0.39690031830388106
0.632	0.399424	3.183035108055223e-07	0.3994243183039163	0.0	0.3994243183039163
0.634	0.40195600000000004	3.183035509652855e-07	0.4019563183039528	0.0	0.4019563183039528
0.636	0.404496	3.18303590746779e-07	0.40449631830398397	0.0	0.40449631830398397
0.638	0.407044	3.1830363015473865e-07	0.40704431830401977	0.0	0.40704431830401977
0.64	0.4096	3.183036691938262e-07	0.40960031830405713	0.0	0.40960031830405713
0.642	0.41216400000000003	3.18303707868631e-07	0.41216431830408823	0.0	0.41216431830408823
0.644	0.41473600000000005	3.1830374618367144e-07	0.41473631830412316	0.0	0.41473631830412316
0.646	0.417316	3.1830378414339574e-07	0.4173163183041562	0.0	0.4173163183041562
0.648	0.419904	3.1830382175218376e-07	0.4199043183041914	0.0	0.4199043183041914
0.65	0.42250000000000004	3.1830385901434816e-07	0.42250031830422463	0.0	0.42250031830422463
0.652	0.42510400000000004	3.183038959341354e-07	0.4251043183042545	0.0	0.4251043183042545
0.654	0.42771600000000004	3.1830393251572713e-07	0.4277163183042885	0.0	0.4277163183042885
0.656	0.43033600000000005	3.1830396876324146e-07	0.4303363183043212	0.0	0.4303363183043212
0.658	0.432964	3.183040046807339e-07	0.43296431830435084	0.0	0.43296431830435084
0.66	0.43560000000000004	3.183040402721987e-07	0.4356003183043792	0.0	0.4356003183043792
0.662	0.438244	3.183040755415698e-07	0.43824431830441146	0.0	0.43824431830441146
0.664	0.44089600000000007	3.183041104927219e-07	0.4408963183044446	0.0	0.4408963183044446
0.666	0.44355600000000006	3.1830414512947183e-07	0.4435563183044738	0.0	0.4435563183044738
0.668	0.44622400000000007	3.1830417945557916e-07	0.44622431830450493	0.0	0.44622431830450493
0.67	0.4489000000000001	3.1830421347474754e-07	0.4489003183045341	0.0	0.4489003183045341
0.672	0.45158400000000004	3.183042471906256e-07	0.45158431830456647	0.0	0.45158431830456647
0.674	0.45427600000000007	3.1830428060680784e-07	0.45427631830459675	0.0	0.45427631830459675
0.676	0.45697600000000005	3.183043137268357e-07	0.4569763183046265	0.0	0.4569763183046265
0.678	0.45968400000000004	3.183043465541985e-07	0.4596843183046539	0.0	0.4596843183046539
0.68	0.4624000000000001	3.1830437909233426e-07	0.4624003183046827	0.0	0.4624003183046827
0.682	0.4651240000000001	3.1830441134463065e-07	0.4651243183047105	0.0	0.4651243183047105
0.684	0.46785600000000005	3.1830444331442605e-07	0.4678563183047404	0.0	0.4678563183047404
0.686	0.47059600000000007	3.1830447500501e-07	0.470596318304766	0.0	0.470596318304766
0.6880000000000001	0.4733440000000001	3.1830450641962454e-07	0.47334431830479357	0.0	0.47334431830479357
0.6900000000000001	0.4761000000000001	3.1830453756146456e-07	0.476100318304825	0.0	0.476100318304825
0.6920000000000001	0.47886400000000007	3.1830456843367905e-07	0.47886431830485116	0.0	0.47886431830485116
0.6940000000000001	0.48163600000000006	3.183045990393715e-07	0.4816363183048805	0.0	0.4816363183048805
0.6960000000000001	0.48441600000000007	3.183046293816011e-07	0.48441631830490806	0.0	0.48441631830490806
0.6980000000000001	0.4872040000000001	3.183046594633831e-07	0.48720431830493494	0.0	0.48720431830493494
0.7000000000000001	0.4900000000000001	3.183046892876897e-07	0.4900003183049603	0.0	0.4900003183049603
0.7020000000000001	0.4928040000000001	3.183047188574511e-07	0.49280431830498644	0.0	0.49280431830498644
0.704	0.49561599999999995	3.183047481755556e-07	0.49561631830501796	0.0	0.49561631830501796
0.706	0.49843599999999993	3.1830477724485076e-07	0.49843631830503615	0.0	0.49843631830503615
0.708	0.5012639999999999	3.183048060681441e-07	0.5012643183050655	0.0	0.5012643183050655
0.71	0.5041	3.1830483464820355e-07	0.5041003183050913	0.0	0.5041003183050913
0.712	0.506944	3.1830486298775825e-07	0.5069443183051138	0.0	0.5069443183051138
0.714	0.5097959999999999	3.1830489108949913e-07	0.5097963183051393	0.0	0.5097963183051393
0.716	0.512656	3.183049189560796e-07	0.5126563183051652	0.0	0.5126563183051652
0.718	0.515524	3.183049465901162e-07	0.5155243183051925	0.0	0.5155243183051925
0.72	0.5184	3.183049739941891e-07	0.5184003183052138	0.0	0.5184003183052138
0.722	0.521284	3.183050011708429e-07	0.5212843183052405	0.0	0.5212843183052405
0.724	0.524176	3.1830502812258707e-07	0.5241763183052616	0.0	0.5241763183052616
0.726	0.527076	3.183050548518965e-07	0.5270763183052913	0.0	0.5270763183052913
0.728	0.529984	3.1830508136121216e-07	0.5299843183053088	0.0	0.5299843183053088
0.73	0.5328999999999999	3.1830510765294163e-07	0.5329003183053325	0.0	0.5329003183053325
0.732	0.535824	3.1830513372945966e-07	0.5358243183053563	0.0	0.5358243183053563
0.734	0.538756	3.183051595931087e-07	0.5387563183053833	0.0	0.5387563183053833
0.736	0.541696	3.183051852461994e-07	0.5416963183054062	0.0	0.5416963183054062
0.738	0.544644	3.1830521069101105e-07	0.5446443183054289	0.0	0.5446443183054289
0.74	0.5476	3.183052359297924e-07	0.5476003183054529	0.0	0.5476003183054529
0.742	0.5505639999999999	3.183052609647617e-07	0.5505643183054749	0.0	0.5505643183054749
0.744	0.553536	3.1830528579810763e-07	0.5535363183054971	0.0	0.5535363183054971
0.746	0.556516	3.183053104319894e-07	0.5565163183055198	0.0	0.5565163183055198
0.748	0.559504	3.1830533486853743e-07	0.5595043183055399	0.0	0.5595043183055399
0.75	0.5625	3.1830535910985387e-07	0.5625003183055662	0.0	0.5625003183055662
0.752	0.565504	3.1830538315801286e-07	0.5655043183055822	0.0	0.5655043183055822
0.754	0.568516	3.183054070150611e-07	0.5685163183056062	0.0	0.5685163183056062
0.756	0.571536	3.183054306830183e-07	0.5715363183056313	0.0	0.5715363183056313
0.758	0.574564	3.183054541638774e-07	0.5745643183056539	0.0	0.5745643183056539
0.76	0.5776	3.183054774596053e-07	0.5776003183056743	0.0	0.5776003183056743
0.762	0.580644	3.1830550057214315e-07	0.5806443183056946	0.0	0.5806443183056946
0.764	0.583696	3.183055235034066e-07	0.5836963183057146	0.0	0.5836963183057146
0.766	0.586756	3.183055462552864e-07	0.5867563183057328	0.0	0.5867563183057328
0.768	0.589824	3.1830556882964867e-07	0.5898243183057476	0.0	0.5898243183057476
0.77	0.5929	3.1830559122833535e-07	0.5929003183057736	0.0	0.5929003183057736
0.772	0.5959840000000001	3.183056134531646e-07	0.5959843183057971	0.0	0.5959843183057971
0.774	0.599076	3.18305635505931e-07	0.5990763183058162	0.0	0.5990763183058162
0.776	0.602176	3.183056573884062e-07	0.6021763183058325	0.0	0.6021763183058325
0.778	0.605284	3.183056791023389e-07	0.6052843183058615	0.0	0.6052843183058615
0.78	0.6084	3.183057006494556e-07	0.6084003183058806	0.0	0.6084003183058806
0.782	0.6115240000000001	3.1830572203146065e-07	0.6115243183058956	0.0	0.6115243183058956
0.784	0.6146560000000001	3.1830574325003673e-07	0.6146563183059219	0.0	0.6146563183059219
0.786	0.617796	3.1830576430684513e-07	0.6177963183059373	0.0	0.6177963183059373
0.788	0.620944	3.1830578520352604e-07	0.6209443183059589	0.0	0.6209443183059589
0.79	0.6241000000000001	3.183058059416989e-07	0.6241003183059725	0.0	0.6241003183059725
0.792	0.627264	3.183058265229629e-07	0.6272643183059936	0.0	0.6272643183059936
0.794	0.6304360000000001	3.1830584694889693e-07	0.6304363183060103	0.0	0.6304363183060103
0.796	0.6336160000000001	3.183058672210602e-07	0.633616318306029	0.0	0.633616318306029
0.798	0.636804	3.183058873409922e-07	0.6368043183060447	0.0	0.6368043183060447
0.8	0.6400000000000001	3.183059073102134e-07	0.6400003183060655	0.0	0.6400003183060655
0.802	0.6432040000000001	3.183059271302253e-07	0.6432043183060842	0.0	0.6432043183060842
0.804	0.6464160000000001	3.1830594680251073e-07	0.6464163183061032	0.0	0.6464163183061032
0.806	0.6496360000000001	3.183059663285341e-07	0.6496363183061247	0.0	0.6496363183061247
0.808	0.6528640000000001	3.1830598570974176e-07	0.6528643183061366	0.0	0.6528643183061366
0.81	0.6561000000000001	3.1830600494756226e-07	0.6561003183061579	0.0	0.6561003183061579
0.812	0.659344	3.183060240434065e-07	0.6593443183061743	0.0	0.6593443183061743
0.8140000000000001	0.6625960000000001	3.1830604299866814e-07	0.6625963183061893	0.0	0.6625963183061893
0.8160000000000001	0.6658560000000001	3.183060618147237e-07	0.6658563183062114	0.0	0.6658563183062114
0.8180000000000001	0.669124	3.18306080492933e-07	0.6691243183062261	0.0	0.6691243183062261
0.8200000000000001	0.6724000000000001	3.183060990346392e-07	0.6724003183062468	0.0	0.6724003183062468
0.8220000000000001	0.6756840000000001	3.183061174411692e-07	0.6756843183062579	0.0	0.6756843183062579
0.8240000000000001	0.6789760000000001	3.183061357138338e-07	0.6789763183062776	0.0	0.6789763183062776
0.8260000000000001	0.6822760000000001	3.183061538539279e-07	0.6822763183062909	0.0	0.6822763183062909
0.8280000000000001	0.6855840000000001	3.183061718627309e-07	0.685584318306306	0.0	0.685584318306306
0.8300000000000001	0.6889000000000001	3.1830618974150666e-07	0.6889003183063253	0.0	0.6889003183063253
0.8320000000000001	0.6922240000000002	3.18306207491504e-07	0.6922243183063416	0.0	0.6922243183063416
0.834	0.695556	3.183062251139567e-07	0.6955563183063596	0.0	0.6955563183063596
0.836	0.698896	3.1830624261008376e-07	0.6988963183063757	0.0	0.6988963183063757
0.838	0.702244	3.183062599810898e-07	0.7022443183063911	0.0	0.7022443183063911
0.84	0.7055999999999999	3.1830627722816504e-07	0.7056003183064068	0.0	0.7056003183064068
0.842	0.7089639999999999	3.183062943524855e-07	0.7089643183064216	0.0	0.7089643183064216
0.844	0.712336	3.1830631135521333e-07	0.7123363183064344	0.0	0.7123363183064344
0.846	0.7157159999999999	3.183063282374971e-07	0.7157163183064555	0.0	0.7157163183064555
0.848	0.719104	3.183063450004716e-07	0.7191043183064735	0.0	0.7191043183064735
0.85	0.7224999999999999	3.1830636164525856e-07	0.7225003183064846	0.0	0.7225003183064846
0.852	0.725904	3.183063781729663e-07	0.7259043183064989	0.0	0.7259043183064989
0.854	0.729316	3.1830639458469037e-07	0.7293163183065151	0.0	0.7293163183065151
0.856	0.7327359999999999	3.183064108815134e-07	0.7327363183065266	0.0	0.7327363183065266
0.858	0.7361639999999999	3.183064270645055e-07	0.736164318306548	0.0	0.736164318306548
0.86	0.7395999999999999	3.1830644313472436e-07	0.7396003183065626	0.0	0.7396003183065626
0.862	0.7430439999999999	3.1830645909321536e-07	0.7430443183065797	0.0	0.7430443183065797
0.864	0.7464959999999999	3.183064749410118e-07	0.7464963183065891	0.0	0.7464963183065891
0.866	0.749956	3.183064906791351e-07	0.7499563183066074	0.0	0.7499563183066074
0.868	0.753424	3.18306506308595e-07	0.7534243183066268	0.0	0.7534243183066268
0.87	0.7569	3.1830652183038936e-07	0.7569003183066394	0.0	0.7569003183066394
0.872	0.760384	3.1830653724550496e-07	0.7603843183066495	0.0	0.7603843183066495
0.874	0.763876	3.1830655255491705e-07	0.7638763183066616	0.0	0.7638763183066616
0.876	0.767376	3.1830656775958996e-07	0.7673763183066779	0.0	0.7673763183066779
0.878	0.770884	3.1830658286047683e-07	0.7708843183066891	0.0	0.7708843183066891
0.88	0.7744	3.183065978585202e-07	0.7744003183067056	0.0	0.7744003183067056
0.882	0.7779240000000001	3.1830661275465176e-07	0.7779243183067227	0.0	0.7779243183067227
0.884	0.781456	3.1830662754979277e-07	0.7814563183067342	0.0	0.7814563183067342
0.886	0.784996	3.183066422448541e-07	0.7849963183067491	0.0	0.7849963183067491
0.888	0.788544	3.183066568407363e-07	0.7885443183067611	0.0	0.7885443183067611
0.89	0.7921	3.1830667133832994e-07	0.7921003183067766	0.0	0.7921003183067766
0.892	0.795664	3.1830668573851547e-07	0.7956643183067894	0.0	0.7956643183067894
0.894	0.7992360000000001	3.183067000421636e-07	0.7992363183068053	0.0	0.7992363183068053
0.896	0.8028160000000001	3.1830671425013533e-07	0.80281631830682	0.0	0.80281631830682
0.898	0.806404	3.1830672836328204e-07	0.806404318306828	0.0	0.806404318306828
0.9	0.81	3.183067423824457e-07	0.8100003183068429	0.0	0.8100003183068429
0.902	0.813604	3.183067563084589e-07	0.8136043183068556	0.0	0.8136043183068556
0.904	0.817216	3.183067701421451e-07	0.8172163183068709	0.0	0.8172163183068709
0.906	0.820836	3.183067838843186e-07	0.8208363183068823	0.0	0.8208363183068823
0.908	0.8244640000000001	3.183067975357849e-07	0.8244643183068973	0.0	0.8244643183068973
0.91	0.8281000000000001	3.183068110973404e-07	0.828100318306905	0.0	0.828100318306905
0.912	0.831744	3.183068245697731e-07	0.8317443183069162	0.0	0.8317443183069162
0.914	0.835396	3.183068379538621e-07	0.8353963183069291	0.0	0.8353963183069291
0.916	0.839056	3.183068512503781e-07	0.8390563183069424	0.0	0.8390563183069424
0.918	0.842724	3.1830686446008347e-07	0.8427243183069612	0.0	0.8427243183069612
0.92	0.8464	3.183068775837323e-07	0.8464003183069696	0.0	0.8464003183069696
0.922	0.8500840000000001	3.1830689062207036e-07	0.8500843183069792	0.0	0.8500843183069792
0.924	0.8537760000000001	3.183069035758356e-07	0.8537763183069935	0.0	0.8537763183069935
0.926	0.8574760000000001	3.1830691644575784e-07	0.8574763183070008	0.0	0.8574763183070008
0.928	0.8611840000000001	3.1830692923255906e-07	0.8611843183070181	0.0	0.8611843183070181
0.93	0.8649000000000001	3.183069419369535e-07	0.864900318307026	0.0	0.864900318307026
0.932	0.8686240000000001	3.183069545596478e-07	0.8686243183070397	0.0	0.8686243183070397
0.934	0.8723560000000001	3.1830696710134104e-07	0.8723563183070514	0.0	0.8723563183070514
0.936	0.8760960000000001	3.1830697956272464e-07	0.8760963183070622	0.0	0.8760963183070622
0.9380000000000001	0.8798440000000001	3.1830699194448296e-07	0.8798443183070751	0.0	0.8798443183070751
0.9400000000000001	0.8836000000000002	3.183070042472929e-07	0.8836003183070772	0.0	0.8836003183070772
0.9420000000000001	0.8873640000000002	3.1830701647182416e-07	0.8873643183070995	0.0	0.8873643183070995
0.9440000000000001	0.8911360000000002	3.183070286187395e-07	0.8911363183071114	0.0	0.8911363183071114
0.9460000000000001	0.8949160000000002	3.1830704068869454e-07	0.8949163183071175	0.0	0.8949163183071175
0.9480000000000001	0.8987040000000002	3.183070526823381e-07	0.8987043183071307	0.0	0.8987043183071307
0.9500000000000001	0.9025000000000001	3.1830706460031204e-07	0.9025003183071422	0.0	0.9025003183071422
0.9520000000000001	0.9063040000000001	3.183070764432517e-07	0.9063043183071583	0.0	0.9063043183071583
0.9540000000000001	0.9101160000000001	3.183070882117855e-07	0.9101163183071709	0.0	0.9101163183071709
0.9560000000000001	0.9139360000000002	3.1830709990653554e-07	0.9139363183071775	0.0	0.9139363183071775
0.9580000000000001	0.9177640000000001	3.1830711152811726e-07	0.9177643183071913	0.0	0.9177643183071913
0.96	0.9216	3.183071230771398e-07	0.9216003183071995	0.0	0.9216003183071995
0.962	0.9254439999999999	3.183071345542059e-07	0.9254443183072124	0.0	0.9254443183072124
0.964	0.9292959999999999	3.183071459599121e-07	0.9292963183072247	0.0	0.9292963183072247
0.966	0.933156	3.183071572948488e-07	0.9331563183072389	0.0	0.9331563183072389
0.968	0.937024	3.183071685596002e-07	0.9370243183072439	0.0	0.9370243183072439
0.97	0.9409	3.183071797547446e-07	0.9409003183072557	0.0	0.9409003183072557
0.972	0.944784	3.183071908808543e-07	0.944784318307258	0.0	0.944784318307258
0.974	0.948676	3.1830720193849573e-07	0.9486763183072703	0.0	0.9486763183072703
0.976	0.952576	3.1830721292822947e-07	0.9525763183072804	0.0	0.9525763183072804
0.978	0.956484	3.183072238506106e-07	0.9564843183073006	0.0	0.9564843183073006
0.98	0.9603999999999999	3.1830723470618817e-07	0.9604003183073017	0.0	0.9604003183073017
0.982	0.964324	3.1830724549550597e-07	0.964324318307319	0.0	0.964324318307319
0.984	0.968256	3.1830725621910217e-07	0.9682563183073291	0.0	0.9682563183073291
0.986	0.972196	3.183072668775094e-07	0.9721963183073382	0.0	0.9721963183073382
0.988	0.976144	3.1830727747125495e-07	0.9761443183073449	0.0	0.9761443183073449
0.99	0.9801	3.183072880008609e-07	0.9801003183073553	0.0	0.9801003183073553
0.992	0.9840639999999999	3.1830729846684394e-07	0.9840643183073647	0.0	0.9840643183073647
0.994	0.988036	3.183073088697156e-07	0.9880363183073727	0.0	0.9880363183073727
0.996	0.992016	3.1830731920998234e-07	0.9920163183073841	0.0	0.9920163183073841
0.998	0.996004	3.1830732948814545e-07	0.9960043183074088	0.0	0.9960043183074088
1.0	1.0	3.183073397047012e-07	1.0000003183181587	0.0	1.0000003183181587
