-1.0	-1.0	-0.00015597184423005745	-1.000156063742246	0.0	(-1.000156063742246+0j)
-0.99	-0.9801	-0.00015590721442967936	-0.980255962945654	0.0	(-0.980255962945654+0j)
-0.98	-0.9603999999999999	-0.00015584059608873217	-0.9605558793862236	0.0	(-0.9605558793862236+0j)
-0.97	-0.9409	-0.0001557719067842772	-0.9410558004830286	0.0	(-0.9410558004830286+0j)
-0.96	-0.9216	-0.00015570105977826915	-0.9217557229892371	0.0	(-0.9217557229892371+0j)
-0.9500000000000001	-0.9025000000000001	-0.0001556279637435985	-0.9026556454917544	0.0	(-0.9026556454917544+0j)
-0.9400000000000001	-0.8836000000000002	-0.0001555525224696252	-0.8837555671770131	0.0	(-0.8837555671770131+0j)
-0.93	-0.8649000000000001	-0.00015547463454542996	-0.8650554874887211	0.0	(-0.8650554874887211+0j)
-0.92	-0.8464	-0.00015539419301883542	-0.8465554060053571	0.0	(-0.8465554060053571+0j)
-0.91	-0.8281000000000001	-0.0001553110850290552	-0.828255322388092	0.0	(-0.828255322388092+0j)
-0.9	-0.81	-0.00015522519141061397	-0.8101552363544957	0.0	(-0.8101552363544957+0j)
-0.89	-0.7921	-0.00015513638626594168	-0.7922551476624166	0.0	(-0.7922551476624166+0j)
-0.88	-0.7744	-0.0001550445365037782	-0.7745550560982329	0.0	(-0.7745550560982329+0j)
-0.87	-0.7569	-0.00015494950134022683	-0.7570549614673998	0.0	(-0.7570549614673998+0j)
-0.86	-0.7395999999999999	-0.00015485113175896145	-0.7397548635866161	0.0	(-0.7397548635866161+0j)
-0.85	-0.7224999999999999	-0.00015474926992672177	-0.7226547622774235	0.0	(-0.7226547622774235+0j)
-0.84	-0.7055999999999999	-0.00015464374855981213	-0.7057546573611307	0.0	(-0.7057546573611307+0j)
-0.8300000000000001	-0.6889000000000001	-0.00015453439023685412	-0.6890545486548804	0.0	(-0.6890545486548804+0j)
-0.8200000000000001	-0.6724000000000001	-0.00015442100665251715	-0.6725544359686885	0.0	(-0.6725544359686885+0j)
-0.81	-0.6561000000000001	-0.0001543033978063628	-0.6562543191032006	0.0	(-0.6562543191032006+0j)
-0.8	-0.6400000000000001	-0.00015418135112027368	-0.6401541978478982	0.0	(-0.6401541978478982+0j)
-0.79	-0.6241000000000001	-0.00015405464047718966	-0.6242540719796328	0.0	(-0.6242540719796328+0j)
-0.78	-0.6084	-0.00015392302517302993	-0.6085539412613176	0.0	(-0.6085539412613176+0j)
-0.77	-0.5929	-0.00015378624877272266	-0.5930538054406481	0.0	(-0.5930538054406481+0j)
-0.76	-0.5776	-0.0001536440378601831	-0.5777536642487897	0.0	(-0.5777536642487897+0j)
-0.75	-0.5625	-0.00015349610067085363	-0.5626535173990409	0.0	(-0.5626535173990409+0j)
-0.74	-0.5476	-0.00015334212559402498	-0.5477533645853464	0.0	(-0.5477533645853464+0j)
-0.73	-0.5328999999999999	-0.00015318177953057167	-0.5330532054806908	0.0	(-0.5330532054806908+0j)
-0.72	-0.5184	-0.0001530147060899272	-0.5185530397353795	0.0	(-0.5185530397353795+0j)
-0.71	-0.5041	-0.00015284052360805904	-0.5042528669750935	0.0	(-0.5042528669750935+0j)
-0.7000000000000001	-0.4900000000000001	-0.0001526588229658443	-0.49015268679879703	0.0	(-0.49015268679879703+0j)
-0.6900000000000001	-0.4761000000000001	-0.00015246916518454003	-0.47625249877641707	0.0	(-0.47625249877641707+0j)
-0.68	-0.4624000000000001	-0.00015227107877193818	-0.46255230244627993	0.0	(-0.46255230244627993+0j)
-0.67	-0.4489000000000001	-0.0001520640567892246	-0.44905209731227747	0.0	(-0.44905209731227747+0j)
-0.66	-0.43560000000000004	-0.0001518475536044493	-0.4357518828407737	0.0	(-0.4357518828407737+0j)
-0.65	-0.42250000000000004	-0.0001516209812937701	-0.4226516584571186	0.0	(-0.4226516584571186+0j)
-0.64	-0.4096	-0.0001513837056461479	-0.40975142354182054	0.0	(-0.40975142354182054+0j)
-0.63	-0.39690000000000003	-0.0001511350417208269	-0.39705117742629026	0.0	(-0.39705117742629026+0j)
-0.62	-0.3844	-0.00015087424889958113	-0.38455091938810243	0.0	(-0.38455091938810243+0j)
-0.61	-0.3721	-0.0001506005253671842	-0.37225064864570007	0.0	(-0.37225064864570007+0j)
-0.6	-0.36	-0.00015031300194367486	-0.36015036435251435	0.0	(-0.36015036435251435+0j)
-0.59	-0.34809999999999997	-0.00015001073518053416	-0.34825006559037625	0.0	(-0.34825006559037625+0j)
-0.58	-0.3364	-0.0001496926996196283	-0.33654975136212867	0.0	(-0.33654975136212867+0j)
-0.5700000000000001	-0.3249000000000001	-0.00014935777909846706	-0.32504942058335834	0.0	(-0.32504942058335834+0j)
-0.56	-0.31360000000000005	-0.00014900475696773665	-0.3137490720730872	0.0	(-0.3137490720730872+0j)
-0.55	-0.30250000000000005	-0.00014863230506698502	-0.3026487045433258	0.0	(-0.3026487045433258+0j)
-0.54	-0.2916	-0.00014823897128161563	-0.29174831658727274	0.0	(-0.29174831658727274+0j)
-0.53	-0.28090000000000004	-0.0001478231654789821	-0.28104790666600166	0.0	(-0.28104790666600166+0j)
-0.52	-0.27040000000000003	-0.00014738314359355744	-0.2705474730934635	0.0	(-0.2705474730934635+0j)
-0.51	-0.2601	-0.00014691698960142855	-0.2602470140194684	0.0	(-0.2602470140194684+0j)
-0.5	-0.25	-0.00014642259509376558	-0.25014652741050764	0.0	(-0.25014652741050764+0j)
-0.49	-0.24009999999999998	-0.00014589763612918533	-0.2402460110280186	0.0	(-0.2402460110280186+0j)
-0.48	-0.2304	-0.00014533954701878747	-0.23054546240388255	0.0	(-0.23054546240388255+0j)
-0.47000000000000003	-0.22090000000000004	-0.00014474549067910108	-0.22104487881277515	0.0	(-0.22104487881277515+0j)
-0.46	-0.2116	-0.0001441123251828928	-0.21174425724109558	0.0	(-0.21174425724109558+0j)
-0.45	-0.2025	-0.00014343656615344903	-0.20264359435219603	0.0	(-0.20264359435219603+0j)
-0.44	-0.1936	-0.00014271434469463086	-0.19374288644768797	0.0	(-0.19374288644768797+0j)
-0.43	-0.18489999999999998	-0.00014194136063947442	-0.1850421294247254	0.0	(-0.1850421294247254+0j)
-0.42	-0.17639999999999997	-0.00014111283104994174	-0.1765413187293651	0.0	(-0.1765413187293651+0j)
-0.41000000000000003	-0.16810000000000003	-0.0001402234341278467	-0.16824044930631332	0.0	(-0.16824044930631332+0j)
-0.4	-0.16000000000000003	-0.0001392672490223401	-0.16013951554577996	0.0	(-0.16013951554577996+0j)
-0.39	-0.1521	-0.00013823769246400268	-0.1522385112286624	0.0	(-0.1522385112286624+0j)
-0.38	-0.1444	-0.0001371274537401552	-0.1445374294718862	0.0	(-0.1445374294718862+0j)
-0.37	-0.1369	-0.00013592843026763058	-0.13703626267662292	0.0	(-0.13703626267662292+0j)
-0.36	-0.1296	-0.0001346316669282358	-0.1297350024830657	0.0	(-0.1297350024830657+0j)
-0.35000000000000003	-0.12250000000000003	-0.00013322730340741093	-0.12263363973668398	0.0	(-0.12263363973668398+0j)
-0.34	-0.11560000000000002	-0.0001317045350007413	-0.11573216447225682	0.0	(-0.11573216447225682+0j)
-0.33	-0.10890000000000001	-0.00013005159368671617	-0.10903056592352765	0.0	(-0.10903056592352765+0j)
-0.32	-0.1024	-0.0001282557576410897	-0.10252883256793428	0.0	(-0.10252883256793428+0j)
-0.31	-0.0961	-0.0001263033986906558	-0.09622695221748538	0.0	(-0.09622695221748538+0j)
-0.3	-0.09	-0.0001241800783407746	-0.0901249121683148	0.0	(-0.0901249121683148+0j)
-0.29	-0.0841	-0.00012187070379720176	-0.08422269942253628	0.0	(-0.08422269942253628+0j)
-0.28	-0.07840000000000001	-0.00011935975564623866	-0.07852030099655762	0.0	(-0.07852030099655762+0j)
-0.27	-0.0729	-0.00011663159834755656	-0.07301770432952243	0.0	(-0.07301770432952243+0j)
-0.26	-0.06760000000000001	-0.00011367088321876333	-0.06771489780375535	0.0	(-0.06771489780375535+0j)
-0.25	-0.0625	-0.0001104630509570379	-0.06261187138515528	0.0	(-0.06261187138515528+0j)
-0.24	-0.0576	-0.00010699493680455099	-0.057708617384807676	0.0	(-0.057708617384807676+0j)
-0.23	-0.0529	-0.00010325547615116056	-0.05300513133251095	0.0	(-0.05300513133251095+0j)
-0.22	-0.0484	-9.92365017177187e-05	-0.04850141293760745	0.0	(-0.04850141293760745+0j)
-0.21	-0.04409999999999999	-9.493361564917043e-05	-0.04419746709218178	0.0	(-0.04419746709218178+0j)
-0.2	-0.04000000000000001	-9.034711119687199e-05	-0.04009330484874637	0.0	(-0.04009330484874637+0j)
-0.19	-0.0361	-8.54829096762234e-05	-0.03618894428760526	0.0	(-0.03618894428760526+0j)
-0.18	-0.0324	-8.035346969604192e-05	-0.03248441119973674	0.0	(-0.03248441119973674+0j)
-0.17	-0.028900000000000006	-7.49786180444841e-05	-0.028979739592523437	0.0	(-0.028979739592523437+0j)
-0.16	-0.0256	-6.938624593498672e-05	-0.025674972247561347	0.0	(-0.025674972247561347+0j)
-0.15	-0.0225	-6.361281142537642e-05	-0.022570161998970086	0.0	(-0.022570161998970086+0j)
-0.14	-0.019600000000000003	-5.770358950776866e-05	-0.019665375060931318	0.0	(-0.019665375060931318+0j)
-0.13	-0.016900000000000002	-5.171261623845127e-05	-0.01696069836433389	0.0	(-0.01696069836433389+0j)
-0.12	-0.0144	-4.570228268254203e-05	-0.014456252711118093	0.0	(-0.014456252711118093+0j)
-0.11	-0.0121	-3.974254838757629e-05	-0.012152211261414036	0.0	(-0.012152211261414036+0j)
-0.1	-0.010000000000000002	-3.3909762168212464e-05	-0.010048816841096955	0.0	(-0.010048816841096955+0j)
-0.09	-0.0081	-2.828509934843606e-05	-0.008146380752992394	0.0	(-0.008146380752992394+0j)
-0.08	-0.0064	-2.2952648028778296e-05	-0.0064452303584055775	0.0	(-0.0064452303584055775+0j)
-0.07	-0.004900000000000001	-1.7997200846007252e-05	-0.004945557804743451	0.0	(-0.004945557804743451+0j)
-0.06	-0.0036	-1.3501831267567854e-05	-0.0036471399437821646	0.0	(-0.0036471399437821646+0j)
-0.05	-0.0025000000000000005	-9.545352833733971e-06	-0.0025490486658835093	0.0	(-0.0025490486658835093+0j)
-0.04	-0.0016	-6.199774147745696e-06	-0.00164968374490858	0.0	(-0.00164968374490858+0j)
-0.03	-0.0009	-3.52787031960497e-06	-0.0009454099496124156	0.0	(-0.0009454099496124156+0j)
-0.02	-0.0004	-1.580991941525778e-06	-0.00041687557659292703	0.0	(-0.00041687557659292703+0j)
-0.01	-0.0001	-3.9722504023842476e-07	-1.0286368111456223e-17	-0.0015537903383552195	(-1.0286368111456223e-17-0.0015537903383552195j)
0.01	0.0001	3.9722504023842476e-07	-1.0286368111456223e-17	0.0015537903383552195	(-1.0286368111456223e-17+0.0015537903383552195j)
0.02	0.0004	1.580991941525778e-06	0.00041687557659294774	0.0	(0.00041687557659294774+0j)
0.03	0.0009	3.52787031960497e-06	0.0009454099496123964	0.0	(0.0009454099496123964+0j)
0.04	0.0016	6.199774147745696e-06	0.001649683744908623	0.0	(0.001649683744908623+0j)
0.05	0.0025000000000000005	9.545352833733971e-06	0.0025490486658834915	0.0	(0.0025490486658834915+0j)
0.06	0.0036	1.3501831267567854e-05	0.003647139943782149	0.0	(0.003647139943782149+0j)
0.07	0.004900000000000001	1.7997200846007252e-05	0.004945557804743479	0.0	(0.004945557804743479+0j)
0.08	0.0064	2.2952648028778296e-05	0.006445230358405577	0.0	(0.006445230358405577+0j)
0.09	0.0081	2.828509934843606e-05	0.008146380752992427	0.0	(0.008146380752992427+0j)
0.1	0.010000000000000002	3.3909762168212464e-05	0.010048816841096986	0.0	(0.010048816841096986+0j)
0.11	0.0121	3.974254838757629e-05	0.012152211261414025	0.0	(0.012152211261414025+0j)
0.12	0.0144	4.570228268254203e-05	0.014456252711118096	0.0	(0.014456252711118096+0j)
0.13	0.016900000000000002	5.171261623845127e-05	0.016960698364333806	0.0	(0.016960698364333806+0j)
0.14	0.019600000000000003	5.770358950776866e-05	0.019665375060931405	0.0	(0.019665375060931405+0j)
0.15	0.0225	6.361281142537642e-05	0.022570161998970207	0.0	(0.022570161998970207+0j)
0.16	0.0256	6.938624593498672e-05	0.025674972247561247	0.0	(0.025674972247561247+0j)
0.17	0.028900000000000006	7.49786180444841e-05	0.028979739592523392	0.0	(0.028979739592523392+0j)
0.18	0.0324	8.035346969604192e-05	0.032484411199736794	0.0	(0.032484411199736794+0j)
0.19	0.0361	8.54829096762234e-05	0.03618894428760508	0.0	(0.03618894428760508+0j)
0.2	0.04000000000000001	9.034711119687199e-05	0.04009330484874611	0.0	(0.04009330484874611+0j)
0.21	0.04409999999999999	9.493361564917043e-05	0.044197467092182134	0.0	(0.044197467092182134+0j)
0.22	0.0484	9.92365017177187e-05	0.04850141293760749	0.0	(0.04850141293760749+0j)
0.23	0.0529	0.00010325547615116056	0.053005131332511043	0.0	(0.053005131332511043+0j)
0.24	0.0576	0.00010699493680455099	0.05770861738480785	0.0	(0.05770861738480785+0j)
0.25	0.0625	0.0001104630509570379	0.06261187138515477	0.0	(0.06261187138515477+0j)
0.26	0.06760000000000001	0.00011367088321876333	0.06771489780375509	0.0	(0.06771489780375509+0j)
0.27	0.0729	0.00011663159834755656	0.07301770432952266	0.0	(0.07301770432952266+0j)
0.28	0.07840000000000001	0.00011935975564623866	0.07852030099655777	0.0	(0.07852030099655777+0j)
0.29	0.0841	0.00012187070379720176	0.08422269942253664	0.0	(0.08422269942253664+0j)
0.3	0.09	0.0001241800783407746	0.09012491216831436	0.0	(0.09012491216831436+0j)
0.31	0.0961	0.0001263033986906558	0.09622695221748549	0.0	(0.09622695221748549+0j)
0.32	0.1024	0.0001282557576410897	0.10252883256793456	0.0	(0.10252883256793456+0j)
0.33	0.10890000000000001	0.00013005159368671617	0.1090305659235281	0.0	(0.1090305659235281+0j)
0.34	0.11560000000000002	0.0001317045350007413	0.11573216447225677	0.0	(0.11573216447225677+0j)
0.35000000000000003	0.12250000000000003	0.00013322730340741093	0.12263363973668376	0.0	(0.12263363973668376+0j)
0.36	0.1296	0.0001346316669282358	0.12973500248306621	0.0	(0.12973500248306621+0j)
0.37	0.1369	0.00013592843026763058	0.13703626267662333	0.0	(0.13703626267662333+0j)
0.38	0.1444	0.0001371274537401552	0.14453742947188594	0.0	(0.14453742947188594+0j)
0.39	0.1521	0.00013823769246400268	0.15223851122866228	0.0	(0.15223851122866228+0j)
0.4	0.16000000000000003	0.0001392672490223401	0.16013951554578074	0.0	(0.16013951554578074+0j)
0.41000000000000003	0.16810000000000003	0.0001402234341278467	0.16824044930631293	0.0	(0.16824044930631293+0j)
0.42	0.17639999999999997	0.00014111283104994174	0.176541318729365	0.0	(0.176541318729365+0j)
0.43	0.18489999999999998	0.00014194136063947442	0.18504212942472575	0.0	(0.18504212942472575+0j)
0.44	0.1936	0.00014271434469463086	0.19374288644768864	0.0	(0.19374288644768864+0j)
0.45	0.2025	0.00014343656615344903	0.20264359435219714	0.0	(0.20264359435219714+0j)
0.46	0.2116	0.0001441123251828928	0.21174425724109464	0.0	(0.21174425724109464+0j)
0.47000000000000003	0.22090000000000004	0.00014474549067910108	0.22104487881277363	0.0	(0.22104487881277363+0j)
0.48	0.2304	0.00014533954701878747	0.2305454624038819	0.0	(0.2305454624038819+0j)
0.49	0.24009999999999998	0.00014589763612918533	0.24024601102801874	0.0	(0.24024601102801874+0j)
0.5	0.25	0.00014642259509376558	0.2501465274105082	0.0	(0.2501465274105082+0j)
0.51	0.2601	0.00014691698960142855	0.260247014019469	0.0	(0.260247014019469+0j)
0.52	0.27040000000000003	0.00014738314359355744	0.2705474730934623	0.0	(0.2705474730934623+0j)
0.53	0.28090000000000004	0.0001478231654789821	0.2810479066660015	0.0	(0.2810479066660015+0j)
0.54	0.2916	0.00014823897128161563	0.2917483165872718	0.0	(0.2917483165872718+0j)
0.55	0.30250000000000005	0.00014863230506698502	0.3026487045433268	0.0	(0.3026487045433268+0j)
0.56	0.31360000000000005	0.00014900475696773665	0.3137490720730871	0.0	(0.3137490720730871+0j)
0.5700000000000001	0.3249000000000001	0.00014935777909846706	0.3250494205833578	0.0	(0.3250494205833578+0j)
0.58	0.3364	0.0001496926996196283	0.3365497513621312	0.0	(0.3365497513621312+0j)
0.59	0.34809999999999997	0.00015001073518053416	0.34825006559037863	0.0	(0.34825006559037863+0j)
0.6	0.36	0.00015031300194367486	0.36015036435251674	0.0	(0.36015036435251674+0j)
0.61	0.3721	0.0001506005253671842	0.3722506486456988	0.0	(0.3722506486456988+0j)
0.62	0.3844	0.00015087424889958113	0.38455091938810393	0.0	(0.38455091938810393+0j)
0.63	0.39690000000000003	0.0001511350417208269	0.3970511774262935	0.0	(0.3970511774262935+0j)
0.64	0.4096	0.0001513837056461479	0.4097514235418217	0.0	(0.4097514235418217+0j)
0.65	0.42250000000000004	0.0001516209812937701	0.4226516584571158	0.0	(0.4226516584571158+0j)
0.66	0.43560000000000004	0.0001518475536044493	0.4357518828407728	0.0	(0.4357518828407728+0j)
0.67	0.4489000000000001	0.0001520640567892246	0.44905209731227524	0.0	(0.44905209731227524+0j)
0.68	0.4624000000000001	0.00015227107877193818	0.4625523024462752	0.0	(0.4625523024462752+0j)
0.6900000000000001	0.4761000000000001	0.00015246916518454003	0.4762524987764204	0.0	(0.4762524987764204+0j)
0.7000000000000001	0.4900000000000001	0.0001526588229658443	0.4901526867988002	0.0	(0.4901526867988002+0j)
0.71	0.5041	0.00015284052360805904	0.5042528669750944	0.0	(0.5042528669750944+0j)
0.72	0.5184	0.0001530147060899272	0.5185530397353794	0.0	(0.5185530397353794+0j)
0.73	0.5328999999999999	0.00015318177953057167	0.5330532054806908	0.0	(0.5330532054806908+0j)
0.74	0.5476	0.00015334212559402498	0.5477533645853434	0.0	(0.5477533645853434+0j)
0.75	0.5625	0.00015349610067085363	0.5626535173990419	0.0	(0.5626535173990419+0j)
0.76	0.5776	0.0001536440378601831	0.5777536642487928	0.0	(0.5777536642487928+0j)
0.77	0.5929	0.00015378624877272266	0.593053805440648	0.0	(0.593053805440648+0j)
0.78	0.6084	0.00015392302517302993	0.6085539412613219	0.0	(0.6085539412613219+0j)
0.79	0.6241000000000001	0.00015405464047718966	0.6242540719796301	0.0	(0.6242540719796301+0j)
0.8	0.6400000000000001	0.00015418135112027368	0.6401541978478997	0.0	(0.6401541978478997+0j)
0.81	0.6561000000000001	0.0001543033978063628	0.6562543191031985	0.0	(0.6562543191031985+0j)
0.8200000000000001	0.6724000000000001	0.00015442100665251715	0.6725544359686892	0.0	(0.6725544359686892+0j)
0.8300000000000001	0.6889000000000001	0.00015453439023685412	0.6890545486548773	0.0	(0.6890545486548773+0j)
0.84	0.7055999999999999	0.00015464374855981213	0.7057546573611293	0.0	(0.7057546573611293+0j)
0.85	0.7224999999999999	0.00015474926992672177	0.7226547622774256	0.0	(0.7226547622774256+0j)
0.86	0.7395999999999999	0.00015485113175896145	0.7397548635866107	0.0	(0.7397548635866107+0j)
0.87	0.7569	0.00015494950134022683	0.7570549614673987	0.0	(0.7570549614673987+0j)
0.88	0.7744	0.0001550445365037782	0.7745550560982353	0.0	(0.7745550560982353+0j)
0.89	0.7921	0.00015513638626594168	0.7922551476624202	0.0	(0.7922551476624202+0j)
0.9	0.81	0.00015522519141061397	0.8101552363544975	0.0	(0.8101552363544975+0j)
0.91	0.8281000000000001	0.0001553110850290552	0.8282553223880927	0.0	(0.8282553223880927+0j)
0.92	0.8464	0.00015539419301883542	0.8465554060053538	0.0	(0.8465554060053538+0j)
0.93	0.8649000000000001	0.00015547463454542996	0.8650554874887215	0.0	(0.8650554874887215+0j)
0.9400000000000001	0.8836000000000002	0.0001555525224696252	0.8837555671770142	0.0	(0.8837555671770142+0j)
0.9500000000000001	0.9025000000000001	0.0001556279637435985	0.902655645491753	0.0	(0.902655645491753+0j)
0.96	0.9216	0.00015570105977826915	0.9217557229892407	0.0	(0.9217557229892407+0j)
0.97	0.9409	0.0001557719067842772	0.9410558004830234	0.0	(0.9410558004830234+0j)
0.98	0.9603999999999999	0.00015584059608873217	0.9605558793862272	0.0	(0.9605558793862272+0j)
0.99	0.9801	0.00015590721442967936	0.9802559629456504	0.0	(0.9802559629456504+0j)
1.0	1.0	0.00015597184423005745	1.0001560637422446	0.0	(1.0001560637422446+0j)
