-1.0	-1.0	-0.007798592211502872	-1.007871744957905	0.0	(-1.007871744957905+0j)
-0.9975	-0.9950062500000001	-0.007797793442653867	-1.0028622878738487	0.0	(-1.0028622878738487+0j)
-0.995	-0.990025	-0.007796988645373389	-0.997872052770235	0.0	(-0.997872052770235+0j)
-0.9925	-0.9850562500000001	-0.007796177758845137	-0.9928967869350113	0.0	(-0.9928967869350113+0j)
-0.99	-0.9801	-0.007795360721483967	-0.9879353215485214	0.0	(-0.9879353215485214+0j)
-0.9875	-0.9751562500000001	-0.0077945374709241805	-0.982987166242946	0.0	(-0.982987166242946+0j)
-0.985	-0.970225	-0.00779370794400764	-0.9780520680807194	0.0	(-0.9780520680807194+0j)
-0.9825	-0.96530625	-0.007792872076771646	-0.9731298791922591	0.0	(-0.9731298791922591+0j)
-0.98	-0.9603999999999999	-0.007792029804436608	-0.9682205054772995	0.0	(-0.9682205054772995+0j)
-0.9775	-0.9555062500000001	-0.007791181061393497	-0.9633238832378549	0.0	(-0.9633238832378549+0j)
-0.975	-0.9506249999999999	-0.007790325781191063	-0.9584399672652131	0.0	(-0.9584399672652131+0j)
-0.9725	-0.9457562500000001	-0.007789463896522832	-0.9535687242377445	0.0	(-0.9535687242377445+0j)
-0.97	-0.9409	-0.00778859533921386	-0.9487101288182934	0.0	(-0.9487101288182934+0j)
-0.9675	-0.93605625	-0.007787720040207256	-0.9438641612258787	0.0	(-0.9438641612258787+0j)
-0.965	-0.931225	-0.007786837929550448	-0.9390308056602735	0.0	(-0.9390308056602735+0j)
-0.9625	-0.9264062500000001	-0.007785948936381218	-0.9342100492440318	0.0	(-0.9342100492440318+0j)
-0.96	-0.9216	-0.007785052988913457	-0.9294018812910956	0.0	(-0.9294018812910956+0j)
-0.9575	-0.91680625	-0.007784150014422679	-0.9246062927886498	0.0	(-0.9246062927886498+0j)
-0.9550000000000001	-0.9120250000000001	-0.007783239939231268	-0.9198232760223777	0.0	(-0.9198232760223777+0j)
-0.9525	-0.90725625	-0.007782322688693435	-0.9150528243004331	0.0	(-0.9150528243004331+0j)
-0.9500000000000001	-0.9025000000000001	-0.0077813981871799245	-0.910294931747164	0.0	(-0.910294931747164+0j)
-0.9475	-0.89775625	-0.007780466358062416	-0.905549593146787	0.0	(-0.905549593146787+0j)
-0.9450000000000001	-0.8930250000000001	-0.0077795271236976524	-0.9008168038236599	0.0	(-0.9008168038236599+0j)
-0.9425	-0.88830625	-0.007778580405411255	-0.8960965595496619	0.0	(-0.8960965595496619+0j)
-0.9400000000000001	-0.8836000000000002	-0.007777626123481259	-0.8913888564719283	0.0	(-0.8913888564719283+0j)
-0.9375	-0.87890625	-0.007776664197121321	-0.886693691056044	0.0	(-0.886693691056044+0j)
-0.935	-0.8742250000000001	-0.007775694544463627	-0.8820110600411546	0.0	(-0.8820110600411546+0j)
-0.9325	-0.86955625	-0.007774717082541469	-0.8773409604041504	0.0	(-0.8773409604041504+0j)
-0.93	-0.8649000000000001	-0.007773731727271498	-0.8726833893310492	0.0	(-0.8726833893310492+0j)
-0.9275	-0.86025625	-0.00777273839343564	-0.8680383441939293	0.0	(-0.8680383441939293+0j)
-0.925	-0.8556250000000001	-0.0077717369946626765	-0.8634058225321977	0.0	(-0.8634058225321977+0j)
-0.9225	-0.85100625	-0.007770727443409455	-0.8587858220373391	0.0	(-0.8587858220373391+0j)
-0.92	-0.8464	-0.007769709650941771	-0.8541783405402705	0.0	(-0.8541783405402705+0j)
-0.9175	-0.84180625	-0.00776868352731486	-0.8495833760009203	0.0	(-0.8495833760009203+0j)
-0.915	-0.8372250000000001	-0.007767648981353528	-0.845000926499371	0.0	(-0.845000926499371+0j)
-0.9125	-0.83265625	-0.007766605920631898	-0.8404309902283237	0.0	(-0.8404309902283237+0j)
-0.91	-0.8281000000000001	-0.0077655542514527606	-0.8358735654865999	0.0	(-0.8358735654865999+0j)
-0.9075	-0.82355625	-0.007764493878826542	-0.8313286506733687	0.0	(-0.8313286506733687+0j)
-0.905	-0.819025	-0.0077634247064498445	-0.8267962442829905	0.0	(-0.8267962442829905+0j)
-0.9025	-0.81450625	-0.007762346636683584	-0.8222763449003151	0.0	(-0.8222763449003151+0j)
-0.9	-0.81	-0.007761259570530699	-0.8177689511963236	0.0	(-0.8177689511963236+0j)
-0.8975	-0.80550625	-0.007760163407613418	-0.8132740619239935	0.0	(-0.8132740619239935+0j)
-0.895	-0.801025	-0.007759058046150092	-0.8087916759144286	0.0	(-0.8087916759144286+0j)
-0.8925000000000001	-0.7965562500000001	-0.0077579433829315664	-0.8043217920730609	0.0	(-0.8043217920730609+0j)
-0.89	-0.7921	-0.007756819313297083	-0.7998644093759955	0.0	(-0.7998644093759955+0j)
-0.8875000000000001	-0.7876562500000002	-0.007755685731109718	-0.7954195268664433	0.0	(-0.7954195268664433+0j)
-0.885	-0.7832250000000001	-0.007754542528731323	-0.7909871436512149	0.0	(-0.7909871436512149+0j)
-0.8825000000000001	-0.7788062500000001	-0.007753389596996976	-0.7865672588973082	0.0	(-0.7865672588973082+0j)
-0.88	-0.7744	-0.00775222682518891	-0.7821598718285321	0.0	(-0.7821598718285321+0j)
-0.8775000000000001	-0.7700062500000001	-0.007751054101009948	-0.7777649817221716	0.0	(-0.7777649817221716+0j)
-0.875	-0.765625	-0.0077498713105563725	-0.7733825879057853	0.0	(-0.7733825879057853+0j)
-0.8725	-0.7612562500000001	-0.007748678338290276	-0.7690126897540233	0.0	(-0.7690126897540233+0j)
-0.87	-0.7569	-0.007747475067011341	-0.7646552866855444	0.0	(-0.7646552866855444+0j)
-0.8675	-0.75255625	-0.007746261377828053	-0.7603103781599969	0.0	(-0.7603103781599969+0j)
-0.865	-0.748225	-0.007745037150128337	-0.7559779636751393	0.0	(-0.7559779636751393+0j)
-0.8625	-0.7439062500000001	-0.007743802261549582	-0.7516580427640266	0.0	(-0.7516580427640266+0j)
-0.86	-0.7395999999999999	-0.007742556587948072	-0.7473506149922969	0.0	(-0.7473506149922969+0j)
-0.8575	-0.73530625	-0.007741300003367784	-0.7430556799556018	0.0	(-0.7430556799556018+0j)
-0.855	-0.7310249999999999	-0.007740032380008541	-0.7387732372771357	0.0	(-0.7387732372771357+0j)
-0.8525	-0.7267562500000001	-0.007738753588193521	-0.7345032866052903	0.0	(-0.7345032866052903+0j)
-0.85	-0.7224999999999999	-0.0077374634963360885	-0.7302458276114031	0.0	(-0.7302458276114031+0j)
-0.8475	-0.71825625	-0.007736161970905943	-0.7260008599876827	0.0	(-0.7260008599876827+0j)
-0.845	-0.7140249999999999	-0.0077348488763945705	-0.7217683834452213	0.0	(-0.7217683834452213+0j)
-0.8425	-0.7098062500000001	-0.00773352407527996	-0.71754839771213	0.0	(-0.71754839771213+0j)
-0.84	-0.7055999999999999	-0.007732187427990606	-0.7133409025318175	0.0	(-0.7133409025318175+0j)
-0.8375	-0.70140625	-0.007730838792868741	-0.7091458976613607	0.0	(-0.7091458976613607+0j)
-0.835	-0.697225	-0.0077294780261328	-0.7049633828700121	0.0	(-0.7049633828700121+0j)
-0.8325	-0.69305625	-0.007728104981839099	-0.7007933579377946	0.0	(-0.7007933579377946+0j)
-0.8300000000000001	-0.6889000000000001	-0.007726719511842705	-0.6966358226542362	0.0	(-0.6966358226542362+0j)
-0.8275	-0.6847562500000001	-0.007725321465757468	-0.6924907768171725	0.0	(-0.6924907768171725+0j)
-0.8250000000000001	-0.6806250000000001	-0.007723910690915214	-0.6883582202316902	0.0	(-0.6883582202316902+0j)
-0.8225	-0.67650625	-0.007722487032324062	-0.684238152709084	0.0	(-0.684238152709084+0j)
-0.8200000000000001	-0.6724000000000001	-0.0077210503326258575	-0.6801305740659938	0.0	(-0.6801305740659938+0j)
-0.8175	-0.66830625	-0.007719600432052677	-0.6760354841235511	0.0	(-0.6760354841235511+0j)
-0.8150000000000001	-0.6642250000000001	-0.007718137168382422	-0.6719528827066628	0.0	(-0.6719528827066628+0j)
-0.8125	-0.66015625	-0.007716660376893436	-0.6678827696432665	0.0	(-0.6678827696432665+0j)
-0.81	-0.6561000000000001	-0.0077151698903181395	-0.6638251447637928	0.0	(-0.6638251447637928+0j)
-0.8075	-0.65205625	-0.007713665538795679	-0.6597800079005363	0.0	(-0.6597800079005363+0j)
-0.805	-0.6480250000000001	-0.00771214714982351	-0.6557473588871884	0.0	(-0.6557473588871884+0j)
-0.8025	-0.64400625	-0.007710614548207959	-0.6517271975583775	0.0	(-0.6517271975583775+0j)
-0.8	-0.6400000000000001	-0.007709067556013684	-0.6477195237492409	0.0	(-0.6477195237492409+0j)
-0.7975	-0.63600625	-0.007707505992512015	-0.6437243372950898	0.0	(-0.6437243372950898+0j)
-0.795	-0.6320250000000001	-0.007705929674128183	-0.6397416380310438	0.0	(-0.6397416380310438+0j)
-0.7925	-0.62805625	-0.007704338414387354	-0.6357714257917405	0.0	(-0.6357714257917405+0j)
-0.79	-0.6241000000000001	-0.007702732023859483	-0.6318137004110833	0.0	(-0.6318137004110833+0j)
-0.7875	-0.62015625	-0.007701110310102932	-0.6278684617219689	0.0	(-0.6278684617219689+0j)
-0.785	-0.616225	-0.007699473077606834	-0.6239357095560959	0.0	(-0.6239357095560959+0j)
-0.7825	-0.6123062499999999	-0.007697820127732167	-0.6200154437437344	0.0	(-0.6200154437437344+0j)
-0.78	-0.6084	-0.007696151258651496	-0.6161076641135764	0.0	(-0.6161076641135764+0j)
-0.7775	-0.6045062499999999	-0.007694466265287364	-0.6122123704925506	0.0	(-0.6122123704925506+0j)
-0.775	-0.6006250000000001	-0.007692764939249284	-0.6083295627056824	0.0	(-0.6083295627056824+0j)
-0.7725	-0.59675625	-0.007691047068769309	-0.604459240575947	0.0	(-0.604459240575947+0j)
-0.77	-0.5929	-0.007689312438636133	-0.6006014039241468	0.0	(-0.6006014039241468+0j)
-0.7675000000000001	-0.5890562500000001	-0.007687560830127673	-0.5967560525687966	0.0	(-0.5967560525687966+0j)
-0.765	-0.585225	-0.00768579202094213	-0.5929231863260185	0.0	(-0.5929231863260185+0j)
-0.7625000000000001	-0.5814062500000001	-0.007684005785127449	-0.5891028050094103	0.0	(-0.5891028050094103+0j)
-0.76	-0.5776	-0.007682201893009154	-0.5852949084299917	0.0	(-0.5852949084299917+0j)
-0.7575000000000001	-0.5738062500000001	-0.007680380111116519	-0.5814994963960674	0.0	(-0.5814994963960674+0j)
-0.755	-0.570025	-0.007678540202107018	-0.5777165687131663	0.0	(-0.5777165687131663+0j)
-0.7525000000000001	-0.5662562500000001	-0.007676681924689021	-0.573946125183957	0.0	(-0.573946125183957+0j)
-0.75	-0.5625	-0.007674805033542681	-0.570188165608153	0.0	(-0.570188165608153+0j)
-0.7475	-0.5587562500000001	-0.0076729092792389595	-0.5664426897824406	0.0	(-0.5664426897824406+0j)
-0.745	-0.555025	-0.0076709944081567605	-0.5627096975003841	0.0	(-0.5627096975003841+0j)
-0.7425	-0.5513062500000001	-0.007669060162398097	-0.5589891885523609	0.0	(-0.5589891885523609+0j)
-0.74	-0.5476	-0.007667106279701249	-0.555281162725502	0.0	(-0.555281162725502+0j)
-0.7375	-0.54390625	-0.007665132493351861	-0.5515856198035788	0.0	(-0.5515856198035788+0j)
-0.735	-0.540225	-0.007663138532091921	-0.5479025595669482	0.0	(-0.5479025595669482+0j)
-0.7325	-0.5365562500000001	-0.007661124120026555	-0.5442319817924894	0.0	(-0.5442319817924894+0j)
-0.73	-0.5328999999999999	-0.007659088976528583	-0.5405738862534808	0.0	(-0.5405738862534808+0j)
-0.7275	-0.5292562500000001	-0.007657032816140788	-0.5369282727195733	0.0	(-0.5369282727195733+0j)
-0.725	-0.525625	-0.007654955348475801	-0.5332951409566844	0.0	(-0.5332951409566844+0j)
-0.7225	-0.52200625	-0.007652856278113576	-0.5296744907269272	0.0	(-0.5296744907269272+0j)
-0.72	-0.5184	-0.007650735304496359	-0.5260663217885172	0.0	(-0.5260663217885172+0j)
-0.7175	-0.51480625	-0.007648592121821096	-0.5224706338957069	0.0	(-0.5224706338957069+0j)
-0.715	-0.5112249999999999	-0.0076464264189291895	-0.5188874267987035	0.0	(-0.5188874267987035+0j)
-0.7125	-0.50765625	-0.007644237879193572	-0.5153167002435652	0.0	(-0.5153167002435652+0j)
-0.71	-0.5041	-0.007642026180402951	-0.5117584539721335	0.0	(-0.5117584539721335+0j)
-0.7075	-0.50055625	-0.007639790994643221	-0.5082126877219242	0.0	(-0.5082126877219242+0j)
-0.705	-0.49702499999999994	-0.007637531988175914	-0.5046794012260675	0.0	(-0.5046794012260675+0j)
-0.7025	-0.49350625000000004	-0.007635248821313604	-0.5011585942131909	0.0	(-0.5011585942131909+0j)
-0.7000000000000001	-0.4900000000000001	-0.007632941148292214	-0.4976502664073258	0.0	(-0.4976502664073258+0j)
-0.6975	-0.48650625000000003	-0.007630608617140098	-0.49415441752782663	0.0	(-0.49415441752782663+0j)
-0.6950000000000001	-0.4830250000000001	-0.0076282508695438254	-0.4906710472892601	0.0	(-0.4906710472892601+0j)
-0.6925	-0.47955625	-0.007625867540710572	-0.48720015540131373	0.0	(-0.48720015540131373+0j)
-0.6900000000000001	-0.4761000000000001	-0.0076234582592270015	-0.48374174156867117	0.0	(-0.48374174156867117+0j)
-0.6875	-0.47265625	-0.007621022646914562	-0.48029580549093076	0.0	(-0.48029580549093076+0j)
-0.685	-0.46922500000000006	-0.007618560318681083	-0.47686234686249296	0.0	(-0.47686234686249296+0j)
-0.6825	-0.46580625	-0.0076160708823685384	-0.4734413653724318	0.0	(-0.4734413653724318+0j)
-0.68	-0.4624000000000001	-0.007613553938596909	-0.47003286070439976	0.0	(-0.47003286070439976+0j)
-0.6775	-0.45900625	-0.007611009080603985	-0.46663683253649585	0.0	(-0.46663683253649585+0j)
-0.675	-0.45562500000000006	-0.007608435894081033	-0.46325328054116705	0.0	(-0.46325328054116705+0j)
-0.6725	-0.45225624999999997	-0.007605833957004152	-0.45988220438504895	0.0	(-0.45988220438504895+0j)
-0.67	-0.4489000000000001	-0.007603202839461229	-0.45652360372888534	0.0	(-0.45652360372888534+0j)
-0.6675	-0.44555625	-0.007600542103474357	-0.45317747822735077	0.0	(-0.45317747822735077+0j)
-0.665	-0.44222500000000003	-0.007597851302817564	-0.4498438275289668	0.0	(-0.4498438275289668+0j)
-0.6625	-0.43890625	-0.007595129982829716	-0.4465226512759147	0.0	(-0.4465226512759147+0j)
-0.66	-0.43560000000000004	-0.007592377680222464	-0.4432139491039378	0.0	(-0.4432139491039378+0j)
-0.6575	-0.43230624999999995	-0.007589593922883056	-0.4399177206421783	0.0	(-0.4399177206421783+0j)
-0.655	-0.42902500000000005	-0.007586778229671878	-0.43663396551302697	0.0	(-0.43663396551302697+0j)
-0.6525	-0.42575624999999995	-0.0075839301102145675	-0.4333626833319769	0.0	(-0.4333626833319769+0j)
-0.65	-0.42250000000000004	-0.007581049064688505	-0.43010387370746644	0.0	(-0.43010387370746644+0j)
-0.6475	-0.41925624999999994	-0.007578134583603535	-0.4268575362407182	0.0	(-0.4268575362407182+0j)
-0.645	-0.41602500000000003	-0.007575186147576726	-0.42362367052557953	0.0	(-0.42362367052557953+0j)
-0.6425	-0.41280624999999993	-0.007572203227100997	-0.4204022761483463	0.0	(-0.4204022761483463+0j)
-0.64	-0.4096	-0.007569185282307394	-0.4171933526875886	0.0	(-0.4171933526875886+0j)
-0.6375000000000001	-0.4064062500000001	-0.007566131762720843	-0.41399689971398534	0.0	(-0.41399689971398534+0j)
-0.635	-0.403225	-0.007563042107009163	-0.41081291679011894	0.0	(-0.41081291679011894+0j)
-0.6325000000000001	-0.40005625000000006	-0.007559915742725127	-0.40764140347030575	0.0	(-0.40764140347030575+0j)
-0.63	-0.39690000000000003	-0.007556752086041344	-0.4044823593003929	0.0	(-0.4044823593003929+0j)
-0.6275000000000001	-0.3937562500000001	-0.007553550541477758	-0.401335783817562	0.0	(-0.401335783817562+0j)
-0.625	-0.390625	-0.0075503105016214945	-0.39820167655011146	0.0	(-0.39820167655011146+0j)
-0.6225	-0.38750625000000005	-0.007547031346838835	-0.39508003701727284	0.0	(-0.39508003701727284+0j)
-0.62	-0.3844	-0.007543712444979056	-0.3919708647289556	0.0	(-0.3919708647289556+0j)
-0.6175	-0.38130625000000007	-0.007540353151069879	-0.3888741591855587	0.0	(-0.3888741591855587+0j)
-0.615	-0.378225	-0.007536952807004244	-0.38578991987772127	0.0	(-0.38578991987772127+0j)
-0.6125	-0.3751562500000001	-0.0075335107412181435	-0.3827181462860907	0.0	(-0.3827181462860907+0j)
-0.61	-0.3721	-0.0075300262683592085	-0.37965883788107074	0.0	(-0.37965883788107074+0j)
-0.6075	-0.36905625000000003	-0.007526498688945771	-0.3766119941225868	0.0	(-0.3766119941225868+0j)
-0.605	-0.366025	-0.007522927289016051	-0.3735776144598088	0.0	(-0.3735776144598088+0j)
-0.6025	-0.36300625000000003	-0.0075193113397671865	-0.3705556983309004	0.0	(-0.3705556983309004+0j)
-0.6	-0.36	-0.007515650097183742	-0.36754624516273243	0.0	(-0.36754624516273243+0j)
-0.5975	-0.35700625	-0.007511942801655359	-0.36454925437060637	0.0	(-0.36454925437060637+0j)
-0.595	-0.354025	-0.007508188677583188	-0.36156472535796047	0.0	(-0.36156472535796047+0j)
-0.5925	-0.35105625	-0.007504386932974732	-0.3585926575160722	0.0	(-0.3585926575160722+0j)
-0.59	-0.34809999999999997	-0.007500536759026707	-0.3556330502237515	0.0	(-0.3556330502237515+0j)
-0.5875	-0.34515625000000005	-0.0074966373296955335	-0.3526859028470112	0.0	(-0.3526859028470112+0j)
-0.585	-0.34222499999999995	-0.007492687801255024	-0.3497512147387444	0.0	(-0.3497512147387444+0j)
-0.5825	-0.33930625000000003	-0.007488687311840863	-0.3468289852383909	0.0	(-0.3468289852383909+0j)
-0.58	-0.3364	-0.007484634980981415	-0.34391921367158274	0.0	(-0.34391921367158274+0j)
-0.5775	-0.33350625	-0.007480529909114408	-0.3410218993497779	0.0	(-0.3410218993497779+0j)
-0.5750000000000001	-0.33062500000000006	-0.007476371177089018	-0.3381370415698922	0.0	(-0.3381370415698922+0j)
-0.5725	-0.32775625	-0.007472157845652854	-0.3352646396139285	0.0	(-0.3352646396139285+0j)
-0.5700000000000001	-0.3249000000000001	-0.007467888954923352	-0.33240469274856327	0.0	(-0.33240469274856327+0j)
-0.5675	-0.32205625	-0.007463563523843015	-0.3295572002247346	0.0	(-0.3295572002247346+0j)
-0.5650000000000001	-0.3192250000000001	-0.007459180549617993	-0.32672216127725195	0.0	(-0.32672216127725195+0j)
-0.5625	-0.31640625	-0.007454739007139404	-0.32389957512431694	0.0	(-0.32389957512431694+0j)
-0.56	-0.31360000000000005	-0.007450237848386832	-0.32108944096710806	0.0	(-0.32108944096710806+0j)
-0.5575	-0.31080625	-0.0074456760018133915	-0.3182917579893056	0.0	(-0.3182917579893056+0j)
-0.555	-0.30802500000000005	-0.007441052371711717	-0.3155065253566115	0.0	(-0.3155065253566115+0j)
-0.5525	-0.30525625	-0.007436365837560269	-0.31273374221625694	0.0	(-0.31273374221625694+0j)
-0.55	-0.30250000000000005	-0.0074316152533492495	-0.3099734076964919	0.0	(-0.3099734076964919+0j)
-0.5475	-0.29975625	-0.007426799446885455	-0.3072255209060452	0.0	(-0.3072255209060452+0j)
-0.545	-0.29702500000000004	-0.007421917219075365	-0.30449008093361263	0.0	(-0.30449008093361263+0j)
-0.5425	-0.29430625	-0.007416967343185708	-0.30176708684725384	0.0	(-0.30176708684725384+0j)
-0.54	-0.2916	-0.00741194856408078	-0.2990565376938422	0.0	(-0.2990565376938422+0j)
-0.5375	-0.28890625	-0.007406859597435696	-0.29635843249844723	0.0	(-0.29635843249844723+0j)
-0.535	-0.286225	-0.0074016991289248095	-0.29367277026371413	0.0	(-0.29367277026371413+0j)
-0.5325	-0.28355624999999995	-0.007396465813384443	-0.2909995499692375	0.0	(-0.2909995499692375+0j)
-0.53	-0.28090000000000004	-0.007391158273949105	-0.2883387705708736	0.0	(-0.2883387705708736+0j)
-0.5275	-0.27825625	-0.007385775101160289	-0.28569043100008573	0.0	(-0.28569043100008573+0j)
-0.525	-0.275625	-0.007380314852046986	-0.28305453016320514	0.0	(-0.28305453016320514+0j)
-0.5225	-0.27300624999999995	-0.00737477604917696	-0.28043106694072595	0.0	(-0.28043106694072595+0j)
-0.52	-0.27040000000000003	-0.007369157179677871	-0.2778200401865322	0.0	(-0.2778200401865322+0j)
-0.5175	-0.26780624999999997	-0.007363456694227248	-0.27522144872711907	0.0	(-0.27522144872711907+0j)
-0.515	-0.265225	-0.007357673006010345	-0.27263529136079045	0.0	(-0.27263529136079045+0j)
-0.5125	-0.26265625	-0.007351804489644851	-0.2700615668568218	0.0	(-0.2700615668568218+0j)
-0.51	-0.2601	-0.007345849480071427	-0.26750027395458825	0.0	(-0.26750027395458825+0j)
-0.5075000000000001	-0.25755625000000004	-0.007339806271409022	-0.26495141136269634	0.0	(-0.26495141136269634+0j)
-0.505	-0.255025	-0.007333673115773892	-0.2624149777580247	0.0	(-0.2624149777580247+0j)
-0.5025000000000001	-0.25250625000000004	-0.007327448222061226	-0.259890971784814	0.0	(-0.259890971784814+0j)
-0.5	-0.25	-0.00732112975468828	-0.25737939205365	0.0	(-0.25737939205365+0j)
-0.4975	-0.24750625	-0.007314715832297914	-0.2548802371404621	0.0	(-0.2548802371404621+0j)
-0.495	-0.245025	-0.0073082045264213835	-0.25239350558546564	0.0	(-0.25239350558546564+0j)
-0.4925	-0.24255625	-0.0073015938600992465	-0.24991919589209213	0.0	(-0.24991919589209213+0j)
-0.49	-0.24009999999999998	-0.007294881806459266	-0.24745730652584524	0.0	(-0.24745730652584524+0j)
-0.4875	-0.23765624999999999	-0.007288066287250142	-0.2450078359131581	0.0	(-0.2450078359131581+0j)
-0.485	-0.235225	-0.007281145171329924	-0.24257078244019753	0.0	(-0.24257078244019753+0j)
-0.4825	-0.23280625	-0.007274116273107977	-0.24014614445162943	0.0	(-0.24014614445162943+0j)
-0.48	-0.2304	-0.007266977350939373	-0.23773392024934253	0.0	(-0.23773392024934253+0j)
-0.47750000000000004	-0.22800625000000002	-0.0072597261054705734	-0.23533410809114247	0.0	(-0.23533410809114247+0j)
-0.47500000000000003	-0.22562500000000002	-0.007252360177935317	-0.2329467061893865	0.0	(-0.2329467061893865+0j)
-0.47250000000000003	-0.22325625000000002	-0.0072448771483996505	-0.23057171270960375	0.0	(-0.23057171270960375+0j)
-0.47000000000000003	-0.22090000000000004	-0.007237274533955054	-0.2282091257690308	0.0	(-0.2282091257690308+0j)
-0.4675	-0.21855625000000004	-0.007229549786858656	-0.22585894343515717	0.0	(-0.22585894343515717+0j)
-0.465	-0.21622500000000003	-0.007221700292619624	-0.22352116372417433	0.0	(-0.22352116372417433+0j)
-0.4625	-0.21390625000000002	-0.0072137233680307725	-0.221195784599413	0.0	(-0.221195784599413+0j)
-0.46	-0.2116	-0.0072056162591446395	-0.21888280396972534	0.0	(-0.21888280396972534+0j)
-0.4575	-0.20930625000000003	-0.007197376139193197	-0.21658221968781366	0.0	(-0.21658221968781366+0j)
-0.455	-0.20702500000000001	-0.007189000106450601	-0.21429402954852092	0.0	(-0.21429402954852092+0j)
-0.4525	-0.20475625	-0.007180485182038354	-0.21201823128707287	0.0	(-0.21201823128707287+0j)
-0.45	-0.2025	-0.007171828307672452	-0.20975482257727043	0.0	(-0.20975482257727043+0j)
-0.4475	-0.20025625	-0.007163026343352169	-0.20750380102963611	0.0	(-0.20750380102963611+0j)
-0.445	-0.198025	-0.0071540760649902845	-0.2052651641895099	0.0	(-0.2052651641895099+0j)
-0.4425	-0.19580625000000002	-0.007144974161984693	-0.2030389095351012	0.0	(-0.2030389095351012+0j)
-0.44	-0.1936	-0.007135717234731543	-0.2008250344755006	0.0	(-0.2008250344755006+0j)
-0.4375	-0.19140625	-0.0071263017920801825	-0.19862353634862362	0.0	(-0.19862353634862362+0j)
-0.435	-0.189225	-0.007116724248730442	-0.19643441241914056	0.0	(-0.19643441241914056+0j)
-0.4325	-0.18705625	-0.00710698092257299	-0.19425765987632979	0.0	(-0.19425765987632979+0j)
-0.43	-0.18489999999999998	-0.00709706803197372	-0.19209327583191158	0.0	(-0.19209327583191158+0j)
-0.4275	-0.18275624999999998	-0.007086981693003436	-0.18994125731783337	0.0	(-0.18994125731783337+0j)
-0.425	-0.18062499999999998	-0.007076717916614333	-0.1878016012840074	0.0	(-0.1878016012840074+0j)
-0.4225	-0.17850624999999998	-0.00706627260576514	-0.18567430459602416	0.0	(-0.18567430459602416+0j)
-0.42	-0.17639999999999997	-0.007055641552497087	-0.18355936403281864	0.0	(-0.18355936403281864+0j)
-0.4175	-0.17430625	-0.007044820434963208	-0.18145677628431353	0.0	(-0.18145677628431353+0j)
-0.41500000000000004	-0.17222500000000002	-0.007033804814413932	-0.17936653794902535	0.0	(-0.17936653794902535+0j)
-0.41250000000000003	-0.17015625000000004	-0.007022590132142263	-0.17728864553166226	0.0	(-0.17728864553166226+0j)
-0.41000000000000003	-0.16810000000000003	-0.007011171706392335	-0.17522309544067094	0.0	(-0.17522309544067094+0j)
-0.40750000000000003	-0.16605625000000002	-0.006999544729235596	-0.17316988398580468	0.0	(-0.17316988398580468+0j)
-0.405	-0.16402500000000003	-0.006987704263419325	-0.1711290073756478	0.0	(-0.1711290073756478+0j)
-0.4025	-0.16200625000000002	-0.006975645239192812	-0.169100461715152	0.0	(-0.169100461715152+0j)
-0.4	-0.16000000000000003	-0.006963362451117005	-0.16708424300317298	0.0	(-0.16708424300317298+0j)
-0.3975	-0.15800625000000001	-0.006950850554864047	-0.16508034713001285	0.0	(-0.16508034713001285+0j)
-0.395	-0.15602500000000002	-0.006938104064013821	-0.16308876987497223	0.0	(-0.16308876987497223+0j)
-0.3925	-0.15405625	-0.006925117346855153	-0.16110950690393552	0.0	(-0.16110950690393552+0j)
-0.39	-0.1521	-0.006911884623200134	-0.15914255376699082	0.0	(-0.15914255376699082+0j)
-0.3875	-0.15015625000000002	-0.0068983999612207084	-0.15718790589607504	0.0	(-0.15718790589607504+0j)
-0.385	-0.148225	-0.006884657274317387	-0.1552455586026934	0.0	(-0.1552455586026934+0j)
-0.3825	-0.14630625	-0.0068706503180308255	-0.15331550707570274	0.0	(-0.15331550707570274+0j)
-0.38	-0.1444	-0.006856372687007759	-0.15139774637913972	0.0	(-0.15139774637913972+0j)
-0.3775	-0.14250625	-0.006841817812033665	-0.1494922714501896	0.0	(-0.1494922714501896+0j)
-0.375	-0.140625	-0.006826978957145438	-0.14759907709721218	0.0	(-0.14759907709721218+0j)
-0.3725	-0.13875625	-0.006811849216838219	-0.1457181579979197	0.0	(-0.1457181579979197+0j)
-0.37	-0.1369	-0.006796421513381529	-0.143849508697671	0.0	(-0.143849508697671+0j)
-0.3675	-0.13505625	-0.006780688594260751	-0.14199312360792382	0.0	(-0.14199312360792382+0j)
-0.365	-0.13322499999999998	-0.006764643029761099	-0.1401489970048572	0.0	(-0.1401489970048572+0j)
-0.3625	-0.13140625	-0.006748277210712103	-0.1383171230281772	0.0	(-0.1383171230281772+0j)
-0.36	-0.1296	-0.00673158334641179	-0.13649749568014058	0.0	(-0.13649749568014058+0j)
-0.3575	-0.12780624999999998	-0.006714553462750708	-0.13469010882479682	0.0	(-0.13469010882479682+0j)
-0.355	-0.126025	-0.006697179400557036	-0.1328949561874907	0.0	(-0.1328949561874907+0j)
-0.3525	-0.12425624999999998	-0.006679452814185075	-0.13111203135463614	0.0	(-0.13111203135463614+0j)
-0.35000000000000003	-0.12250000000000003	-0.0066613651703705465	-0.12934132777378288	0.0	(-0.12934132777378288+0j)
-0.34750000000000003	-0.12075625000000002	-0.006642907747377076	-0.1275828387540194	0.0	(-0.1275828387540194+0j)
-0.34500000000000003	-0.11902500000000002	-0.006624071634459451	-0.1258365574667109	0.0	(-0.1258365574667109+0j)
-0.3425	-0.11730625000000001	-0.006604847731670189	-0.12410247694662892	0.0	(-0.12410247694662892+0j)
-0.34	-0.11560000000000002	-0.006585226750037065	-0.12238059009346947	0.0	(-0.12238059009346947+0j)
-0.3375	-0.11390625000000001	-0.006565199212140199	-0.12067088967382116	0.0	(-0.12067088967382116+0j)
-0.335	-0.11222500000000002	-0.00654475545311836	-0.11897336832357709	0.0	(-0.11897336832357709+0j)
-0.3325	-0.11055625000000001	-0.006523885622135044	-0.11728801855085089	0.0	(-0.11728801855085089+0j)
-0.33	-0.10890000000000001	-0.006502579684335808	-0.11561483273940822	0.0	(-0.11561483273940822+0j)
-0.3275	-0.10725625000000001	-0.0064808274233291935	-0.1139538031526476	0.0	(-0.1139538031526476+0j)
-0.325	-0.10562500000000001	-0.0064586184442243805	-0.11230492193815986	0.0	(-0.11230492193815986+0j)
-0.3225	-0.10400625000000001	-0.00643594217725941	-0.11066818113288862	0.0	(-0.11066818113288862+0j)
-0.32	-0.1024	-0.006412787882054485	-0.10904357266892212	0.0	(-0.10904357266892212+0j)
-0.3175	-0.10080625	-0.006389144652525405	-0.10743108837992912	0.0	(-0.10743108837992912+0j)
-0.315	-0.09922500000000001	-0.0063650014224926514	-0.1058307200082526	0.0	(-0.1058307200082526+0j)
-0.3125	-0.09765625	-0.006340346972022001	-0.10424245921265429	0.0	(-0.10424245921265429+0j)
-0.31	-0.0961	-0.006315169934532789	-0.10266629757670033	0.0	(-0.10266629757670033+0j)
-0.3075	-0.09455625	-0.006289458804710008	-0.1011022266177152	0.0	(-0.1011022266177152+0j)
-0.305	-0.093025	-0.006263201947256484	-0.09955023779619912	0.0	(-0.09955023779619912+0j)
-0.3025	-0.09150625	-0.0062363876065210915	-0.09801032252547734	0.0	(-0.09801032252547734+0j)
-0.3	-0.09	-0.00620900391703873	-0.0964824721811707	0.0	(-0.0964824721811707+0j)
-0.2975	-0.08850625	-0.006181038915017192	-0.09496667810966603	0.0	(-0.09496667810966603+0j)
-0.295	-0.08702499999999999	-0.006152480550805436	-0.09346293163399115	0.0	(-0.09346293163399115+0j)
-0.2925	-0.08555624999999999	-0.00612331670237686	-0.09197122405372972	0.0	(-0.09197122405372972+0j)
-0.29	-0.0841	-0.0060935351898600875	-0.09049154663137457	0.0	(-0.09049154663137457+0j)
-0.28750000000000003	-0.08265625000000001	-0.006063123791148536	-0.08902389054633089	0.0	(-0.08902389054633089+0j)
-0.28500000000000003	-0.08122500000000002	-0.006032070258618469	-0.0875682467637969	0.0	(-0.0875682467637969+0j)
-0.28250000000000003	-0.07980625000000002	-0.006000362336983556	-0.08612460564284713	0.0	(-0.08612460564284713+0j)
-0.28	-0.07840000000000001	-0.005967987782311933	-0.0846929555308705	0.0	(-0.0846929555308705+0j)
-0.2775	-0.07700625000000001	-0.005934934382229598	-0.0832732753954553	0.0	(-0.0832732753954553+0j)
-0.275	-0.07562500000000001	-0.005901189977331459	-0.08186542556770235	0.0	(-0.08186542556770235+0j)
-0.2725	-0.07425625000000001	-0.005866742483818664	-0.08125639718839511	0.0	(-0.08125639718839511+0j)
-0.27	-0.0729	-0.005831579917377828	-0.08047019972208944	0.0	(-0.08047019972208944+0j)
-0.2675	-0.07155625	-0.005795690418314534	-0.07908634270213943	0.0	(-0.07908634270213943+0j)
-0.265	-0.07022500000000001	-0.005759062277949983	-0.07771454555261613	0.0	(-0.07771454555261613+0j)
-0.2625	-0.06890625	-0.005721683966285819	-0.07635471585231646	0.0	(-0.07635471585231646+0j)
-0.26	-0.06760000000000001	-0.005683544160938166	-0.07500683627129888	0.0	(-0.07500683627129888+0j)
-0.2575	-0.06630625	-0.005644631777337532	-0.07367089738482463	0.0	(-0.07367089738482463+0j)
-0.255	-0.065025	-0.0056049360001866715	-0.07234689192797401	0.0	(-0.07234689192797401+0j)
-0.2525	-0.06375625	-0.0055644463161636	-0.07103481363354584	0.0	(-0.07103481363354584+0j)
-0.25	-0.0625	-0.005523152547851894	-0.06973465690790591	0.0	(-0.06973465690790591+0j)
-0.2475	-0.06125625	-0.005481044888875007	-0.06844641673219395	0.0	(-0.06844641673219395+0j)
-0.245	-0.060024999999999995	-0.005438113940205744	-0.06717008864012289	0.0	(-0.06717008864012289+0j)
-0.2425	-0.05880625	-0.005394350747616214	-0.06590566872650057	0.0	(-0.06590566872650057+0j)
-0.24	-0.0576	-0.005349746840227549	-0.0646531536697252	0.0	(-0.0646531536697252+0j)
-0.23750000000000002	-0.056406250000000005	-0.005304294270112413	-0.06341254076134463	0.0	(-0.06341254076134463+0j)
-0.23500000000000001	-0.05522500000000001	-0.005257985652896934	-0.06218382793951051	0.0	(-0.06218382793951051+0j)
-0.2325	-0.05405625000000001	-0.005210814209302114	-0.060967013824717434	0.0	(-0.060967013824717434+0j)
-0.23	-0.0529	-0.005162773807558027	-0.0597620977569424	0.0	(-0.0597620977569424+0j)
-0.2275	-0.051756250000000004	-0.00511385900661732	-0.05856907983364056	0.0	(-0.05856907983364056+0j)
-0.225	-0.050625	-0.005064065100087574	-0.057387960948217215	0.0	(-0.057387960948217215+0j)
-0.2225	-0.04950625	-0.005013388160795127	-0.0562187428287034	0.0	(-0.0562187428287034+0j)
-0.22	-0.0484	-0.004961825085885935	-0.05506142807638705	0.0	(-0.05506142807638705+0j)
-0.2175	-0.04730625	-0.004909373642362009	-0.05391602020420557	0.0	(-0.05391602020420557+0j)
-0.215	-0.046224999999999995	-0.0048560325129449996	-0.05278252367468929	0.0	(-0.05278252367468929+0j)
-0.2125	-0.045156249999999995	-0.004801801342151593	-0.05166094393728389	0.0	(-0.05166094393728389+0j)
-0.21	-0.04409999999999999	-0.004746680782458521	-0.05055128746486923	0.0	(-0.05055128746486923+0j)
-0.20750000000000002	-0.043056250000000004	-0.004690672540428358	-0.04945356178931267	0.0	(-0.04945356178931267+0j)
-0.20500000000000002	-0.04202500000000001	-0.0046337794226607495	-0.04836777553589934	0.0	(-0.04836777553589934+0j)
-0.2025	-0.04100625000000001	-0.004576005381427458	-0.04729393845650968	0.0	(-0.04729393845650968+0j)
-0.2	-0.04000000000000001	-0.004517355559843599	-0.04623206146143288	0.0	(-0.04623206146143288+0j)
-0.1975	-0.039006250000000006	-0.004457836336421698	-0.04518215664974149	0.0	(-0.04518215664974149+0j)
-0.195	-0.038025	-0.004397455368849896	-0.04414423733820114	0.0	(-0.04414423733820114+0j)
-0.1925	-0.03705625	-0.004336221636830564	-0.04311831808874467	0.0	(-0.04311831808874467+0j)
-0.19	-0.0361	-0.00427414548381117	-0.042104414734625756	0.0	(-0.042104414734625756+0j)
-0.1875	-0.03515625	-0.004211238657435003	-0.041102544405444794	0.0	(-0.041102544405444794+0j)
-0.185	-0.034225	-0.0041475143485359845	-0.04011272555138485	0.0	(-0.04011272555138485+0j)
-0.1825	-0.033306249999999996	-0.0040829872284986485	-0.039134977967122106	0.0	(-0.039134977967122106+0j)
-0.18	-0.0324	-0.004017673484802095	-0.03816932281605112	0.0	(-0.03816932281605112+0j)
-0.1775	-0.03150625	-0.0039515908545648525	-0.03721578265568175	0.0	(-0.03721578265568175+0j)
-0.17500000000000002	-0.030625000000000006	-0.003884758655906592	-0.03627438146529451	0.0	(-0.03627438146529451+0j)
-0.17250000000000001	-0.029756250000000005	-0.003817197816942214	-0.0353451446772145	0.0	(-0.0353451446772145+0j)
-0.17	-0.028900000000000006	-0.0037489309022242043	-0.03442809921337564	0.0	(-0.03442809921337564+0j)
-0.1675	-0.028056250000000005	-0.0036799821364503047	-0.033523273529174794	0.0	(-0.033523273529174794+0j)
-0.165	-0.027225000000000003	-0.0036103774252555032	-0.0326306976669599	0.0	(-0.0326306976669599+0j)
-0.1625	-0.026406250000000003	-0.0035401443729101106	-0.03175040332187088	0.0	(-0.03175040332187088+0j)
-0.16	-0.0256	-0.003469312296749336	-0.030882423923069294	0.0	(-0.030882423923069294+0j)
-0.1575	-0.024806250000000002	-0.0033979122381642534	-0.030026794733711615	0.0	(-0.030026794733711615+0j)
-0.155	-0.024025	-0.0033259769699894477	-0.0291835529732147	0.0	(-0.0291835529732147+0j)
-0.1525	-0.02325625	-0.0032535410001288986	-0.02835273796546147	0.0	(-0.02835273796546147+0j)
-0.15	-0.0225	-0.0031806405712688206	-0.027534391316460377	0.0	(-0.027534391316460377+0j)
-0.1475	-0.021756249999999998	-0.003107313656534273	-0.026728557124589564	0.0	(-0.026728557124589564+0j)
-0.145	-0.021025	-0.003033599950955297	-0.025935282225785988	0.0	(-0.025935282225785988+0j)
-0.14250000000000002	-0.020306250000000005	-0.002959540858618214	-0.025154616474777042	0.0	(-0.025154616474777042+0j)
-0.14	-0.019600000000000003	-0.002885179475388433	-0.024386613061589017	0.0	(-0.024386613061589017+0j)
-0.1375	-0.018906250000000003	-0.0028105605671027148	-0.02363132885990866	0.0	(-0.02363132885990866+0j)
-0.135	-0.018225	-0.0027357305431412425	-0.022888824800310428	0.0	(-0.022888824800310428+0j)
-0.1325	-0.017556250000000002	-0.0026607374253030795	-0.02215916625666273	0.0	(-0.02215916625666273+0j)
-0.13	-0.016900000000000002	-0.0025856308119225633	-0.02144242342804121	0.0	(-0.02144242342804121+0j)
-0.1275	-0.01625625	-0.002510461837178918	-0.020738671690992305	0.0	(-0.020738671690992305+0j)
-0.125	-0.015625	-0.0024352831255667388	-0.020047991887797368	0.0	(-0.020047991887797368+0j)
-0.1225	-0.015006249999999999	-0.002360148741511031	-0.01937047050526659	0.0	(-0.01937047050526659+0j)
-0.12	-0.0144	-0.0022851141341271013	-0.018706199685274046	0.0	(-0.018706199685274046+0j)
-0.11750000000000001	-0.013806250000000003	-0.0022102360771426993	-0.01805527699234346	0.0	(-0.01805527699234346+0j)
-0.115	-0.013225	-0.0021355726040173453	-0.017417804844532158	0.0	(-0.017417804844532158+0j)
-0.1125	-0.01265625	-0.0020611829383118067	-0.016793889490530123	0.0	(-0.016793889490530123+0j)
-0.11	-0.0121	-0.0019871274193788147	-0.016183639386286044	0.0	(-0.016183639386286044+0j)
-0.1075	-0.011556249999999999	-0.001913467423464738	-0.01558716278454324	0.0	(-0.01558716278454324+0j)
-0.105	-0.011024999999999998	-0.0018402652803304166	-0.015004564292502404	0.0	(-0.015004564292502404+0j)
-0.10250000000000001	-0.010506250000000002	-0.001767584185518175	-0.014435940060211603	0.0	(-0.014435940060211603+0j)
-0.1	-0.010000000000000002	-0.0016954881084106231	-0.013881371101791308	0.0	(-0.013881371101791308+0j)
-0.0975	-0.00950625	-0.001624041696245477	-0.013340913951397082	0.0	(-0.013340913951397082+0j)
-0.095	-0.009025	-0.001553310174268926	-0.012814587255040777	0.0	(-0.012814587255040777+0j)
-0.0925	-0.00855625	-0.0014833592422282293	-0.012302351616183994	0.0	(-0.012302351616183994+0j)
-0.09	-0.0081	-0.001414254967421803	-0.01180407707285006	0.0	(-0.01180407707285006+0j)
-0.08750000000000001	-0.007656250000000002	-0.0013460636745423783	-0.011319485263303454	0.0	(-0.011319485263303454+0j)
-0.085	-0.007225000000000001	-0.0012788518325652833	-0.010848033102655967	0.0	(-0.010848033102655967+0j)
-0.0825	-0.006806250000000001	-0.0012126859389501097	-0.010388640685556397	0.0	(-0.010388640685556397+0j)
-0.08	-0.0064	-0.0011476324014389147	-0.009938921827417301	0.0	(-0.009938921827417301+0j)
-0.0775	-0.00600625	-0.001083757417748841	-0.009492372327587546	0.0	(-0.009492372327587546+0j)
-0.075	-0.005625	-0.0010211268534701537	-0.009024293858829836	0.0	(-0.009024293858829836+0j)
-0.0725	-0.00525625	-0.000959806118493371	-0.008739260889405123	-0.00045247539027838224	(-0.008739260889405123-0.00045247539027838224j)
-0.07	-0.004900000000000001	-0.0008998600423003626	-0.008739260889405123	0.00045247539027838224	(-0.008739260889405123+0.00045247539027838224j)
-0.0675	-0.00455625	-0.0008413527484645153	-0.008502739575300374	0.0	(-0.008502739575300374+0j)
-0.065	-0.0042250000000000005	-0.0007843475287140807	-0.00806714856023242	0.0	(-0.00806714856023242+0j)
-0.0625	-0.00390625	-0.0007289067169203006	-0.007681952843437132	0.0	(-0.007681952843437132+0j)
-0.06	-0.0036	-0.0006750915633783926	-0.007318795130925538	0.0	(-0.007318795130925538+0j)
-0.0575	-0.00330625	-0.0006229621097541844	-0.006969955462555189	0.0	(-0.006969955462555189+0j)
-0.055	-0.003025	-0.0005725770650727782	-0.00663210535403264	0.0	(-0.00663210535403264+0j)
-0.0525	-0.0027562499999999996	-0.0005239936831273259	-0.006303199847324907	0.0	(-0.006303199847324907+0j)
-0.05	-0.0025000000000000005	-0.00047726764168669854	-0.005981670384396508	0.0	(-0.005981670384396508+0j)
-0.0475	-0.00225625	-0.000432452923879445	-0.005666165156773947	0.0	(-0.005666165156773947+0j)
-0.045	-0.002025	-0.00038960170212869183	-0.005355458020314797	0.0	(-0.005355458020314797+0j)
-0.0425	-0.0018062500000000003	-0.00034876422500869017	-0.005048418764867767	0.0	(-0.005048418764867767+0j)
-0.04	-0.0016	-0.0003099887073872848	-0.004744007698950641	0.0	(-0.004744007698950641+0j)
-0.0375	-0.00140625	-0.0002733212242118921	-0.004441279535078635	0.0	(-0.004441279535078635+0j)
-0.035	-0.0012250000000000002	-0.00023880560828666922	-0.004139389620840148	0.0	(-0.004139389620840148+0j)
-0.0325	-0.0010562500000000001	-0.00020648335237891113	-0.003837598918492456	0.0	(-0.003837598918492456+0j)
-0.03	-0.0009	-0.0001763935159802485	-0.0035352756720536116	0.0	(-0.0035352756720536116+0j)
-0.0275	-0.00075625	-0.00014857263703486195	-0.003231892370638638	0.0	(-0.003231892370638638+0j)
-0.025	-0.0006250000000000001	-0.00012305464893214851	-0.0029270166790726733	0.0	(-0.0029270166790726733+0j)
-0.0225	-0.00050625	-9.987080304470902e-05	-0.002620294345311439	0.0	(-0.002620294345311439+0j)
-0.02	-0.0004	-7.904959707628889e-05	-0.0023114201465374387	0.0	(-0.0023114201465374387+0j)
-0.0175	-0.00030625000000000004	-6.0616709463556795e-05	-0.0020000881643293263	0.0	(-0.0020000881643293263+0j)
-0.015	-0.000225	-4.459494005806808e-05	-0.0016859008781415193	0.0	(-0.0016859008781415193+0j)
-0.0125	-0.00015625000000000003	-3.10041572920694e-05	-0.001368185474205151	0.0	(-0.001368185474205151+0j)
-0.01	-0.0001	-1.9861252011921238e-05	-0.0010455777142167938	0.0	(-0.0010455777142167938+0j)
-0.0075	-5.625e-05	-1.118009813838583e-05	-0.0007149845714729966	0.0	(-0.0007149845714729966+0j)
-0.005	-2.5e-05	-4.971520288776787e-06	-0.00036925302154922036	0.0	(-0.00036925302154922036+0j)
-0.0025	-6.25e-06	-1.243268483719362e-06	-3.628011519679619e-17	-0.0005999776094064023	(-3.628011519679619e-17-0.0005999776094064023j)
0.0025	6.25e-06	1.243268483719362e-06	-3.628011519679619e-17	0.0005999776094064023	(-3.628011519679619e-17+0.0005999776094064023j)
0.005	2.5e-05	4.971520288776787e-06	0.00036925302154929024	0.0	(0.00036925302154929024+0j)
0.0075	5.625e-05	1.118009813838583e-05	0.0007149845714730485	0.0	(0.0007149845714730485+0j)
0.01	0.0001	1.9861252011921238e-05	0.0010455777142168404	0.0	(0.0010455777142168404+0j)
0.0125	0.00015625000000000003	3.10041572920694e-05	0.0013681854742051682	0.0	(0.0013681854742051682+0j)
0.015	0.000225	4.459494005806808e-05	0.0016859008781415878	0.0	(0.0016859008781415878+0j)
0.0175	0.00030625000000000004	6.0616709463556795e-05	0.002000088164329315	0.0	(0.002000088164329315+0j)
0.02	0.0004	7.904959707628889e-05	0.002311420146537574	0.0	(0.002311420146537574+0j)
0.0225	0.00050625	9.987080304470902e-05	0.0026202943453114214	0.0	(0.0026202943453114214+0j)
0.025	0.0006250000000000001	0.00012305464893214851	0.0029270166790727244	0.0	(0.0029270166790727244+0j)
0.0275	0.00075625	0.00014857263703486195	0.0032318923706386223	0.0	(0.0032318923706386223+0j)
0.03	0.0009	0.0001763935159802485	0.003535275672053644	0.0	(0.003535275672053644+0j)
0.0325	0.0010562500000000001	0.00020648335237891113	0.003837598918492469	0.0	(0.003837598918492469+0j)
0.035	0.0012250000000000002	0.00023880560828666922	0.004139389620840199	0.0	(0.004139389620840199+0j)
0.0375	0.00140625	0.0002733212242118921	0.0044412795350786596	0.0	(0.0044412795350786596+0j)
0.04	0.0016	0.0003099887073872848	0.004744007698950668	0.0	(0.004744007698950668+0j)
0.0425	0.0018062500000000003	0.00034876422500869017	0.005048418764867774	0.0	(0.005048418764867774+0j)
0.045	0.002025	0.00038960170212869183	0.0053554580203148605	0.0	(0.0053554580203148605+0j)
0.0475	0.00225625	0.000432452923879445	0.005666165156774008	0.0	(0.005666165156774008+0j)
0.05	0.0025000000000000005	0.00047726764168669854	0.005981670384396573	0.0	(0.005981670384396573+0j)
0.0525	0.0027562499999999996	0.0005239936831273259	0.006303199847324991	0.0	(0.006303199847324991+0j)
0.055	0.003025	0.0005725770650727782	0.00663210535403264	0.0	(0.00663210535403264+0j)
0.0575	0.00330625	0.0006229621097541844	0.006969955462555249	0.0	(0.006969955462555249+0j)
0.06	0.0036	0.0006750915633783926	0.007318795130925584	0.0	(0.007318795130925584+0j)
0.0625	0.00390625	0.0007289067169203006	0.007681952843437235	0.0	(0.007681952843437235+0j)
0.065	0.0042250000000000005	0.0007843475287140807	0.008067148560232412	0.0	(0.008067148560232412+0j)
0.0675	0.00455625	0.0008413527484645153	0.008502739575300431	0.0	(0.008502739575300431+0j)
0.07	0.004900000000000001	0.0008998600423003626	0.00873926088940516	-0.0004524753902783016	(0.00873926088940516-0.0004524753902783016j)
0.0725	0.00525625	0.000959806118493371	0.00873926088940516	0.0004524753902783016	(0.00873926088940516+0.0004524753902783016j)
0.075	0.005625	0.0010211268534701537	0.009024293858829897	0.0	(0.009024293858829897+0j)
0.0775	0.00600625	0.001083757417748841	0.009492372327587635	0.0	(0.009492372327587635+0j)
0.08	0.0064	0.0011476324014389147	0.009938921827417268	0.0	(0.009938921827417268+0j)
0.0825	0.006806250000000001	0.0012126859389501097	0.010388640685556415	0.0	(0.010388640685556415+0j)
0.085	0.007225000000000001	0.0012788518325652833	0.010848033102656012	0.0	(0.010848033102656012+0j)
0.08750000000000001	0.007656250000000002	0.0013460636745423783	0.011319485263303538	0.0	(0.011319485263303538+0j)
0.09	0.0081	0.001414254967421803	0.011804077072850071	0.0	(0.011804077072850071+0j)
0.0925	0.00855625	0.0014833592422282293	0.012302351616183933	0.0	(0.012302351616183933+0j)
0.095	0.009025	0.001553310174268926	0.012814587255040711	0.0	(0.012814587255040711+0j)
0.0975	0.00950625	0.001624041696245477	0.013340913951397032	0.0	(0.013340913951397032+0j)
0.1	0.010000000000000002	0.0016954881084106231	0.013881371101791374	0.0	(0.013881371101791374+0j)
0.10250000000000001	0.010506250000000002	0.001767584185518175	0.014435940060211684	0.0	(0.014435940060211684+0j)
0.105	0.011024999999999998	0.0018402652803304166	0.015004564292502492	0.0	(0.015004564292502492+0j)
0.1075	0.011556249999999999	0.001913467423464738	0.015587162784543173	0.0	(0.015587162784543173+0j)
0.11	0.0121	0.0019871274193788147	0.016183639386286083	0.0	(0.016183639386286083+0j)
0.1125	0.01265625	0.0020611829383118067	0.016793889490530338	0.0	(0.016793889490530338+0j)
0.115	0.013225	0.0021355726040173453	0.017417804844532116	0.0	(0.017417804844532116+0j)
0.11750000000000001	0.013806250000000003	0.0022102360771426993	0.018055276992343525	0.0	(0.018055276992343525+0j)
0.12	0.0144	0.0022851141341271013	0.018706199685273976	0.0	(0.018706199685273976+0j)
0.1225	0.015006249999999999	0.002360148741511031	0.019370470505266645	0.0	(0.019370470505266645+0j)
0.125	0.015625	0.0024352831255667388	0.020047991887797312	0.0	(0.020047991887797312+0j)
0.1275	0.01625625	0.002510461837178918	0.020738671690992354	0.0	(0.020738671690992354+0j)
0.13	0.016900000000000002	0.0025856308119225633	0.021442423428041178	0.0	(0.021442423428041178+0j)
0.1325	0.017556250000000002	0.0026607374253030795	0.022159166256662702	0.0	(0.022159166256662702+0j)
0.135	0.018225	0.0027357305431412425	0.022888824800310383	0.0	(0.022888824800310383+0j)
0.1375	0.018906250000000003	0.0028105605671027148	0.02363132885990859	0.0	(0.02363132885990859+0j)
0.14	0.019600000000000003	0.002885179475388433	0.024386613061588926	0.0	(0.024386613061588926+0j)
0.14250000000000002	0.020306250000000005	0.002959540858618214	0.02515461647477731	0.0	(0.02515461647477731+0j)
0.145	0.021025	0.003033599950955297	0.025935282225785915	0.0	(0.025935282225785915+0j)
0.1475	0.021756249999999998	0.003107313656534273	0.026728557124589443	0.0	(0.026728557124589443+0j)
0.15	0.0225	0.0031806405712688206	0.02753439131646013	0.0	(0.02753439131646013+0j)
0.1525	0.02325625	0.0032535410001288986	0.028352737965461606	0.0	(0.028352737965461606+0j)
0.155	0.024025	0.0033259769699894477	0.029183552973214635	0.0	(0.029183552973214635+0j)
0.1575	0.024806250000000002	0.0033979122381642534	0.030026794733711525	0.0	(0.030026794733711525+0j)
0.16	0.0256	0.003469312296749336	0.030882423923069408	0.0	(0.030882423923069408+0j)
0.1625	0.026406250000000003	0.0035401443729101106	0.03175040332187099	0.0	(0.03175040332187099+0j)
0.165	0.027225000000000003	0.0036103774252555032	0.03263069766696025	0.0	(0.03263069766696025+0j)
0.1675	0.028056250000000005	0.0036799821364503047	0.03352327352917485	0.0	(0.03352327352917485+0j)
0.17	0.028900000000000006	0.0037489309022242043	0.034428099213375876	0.0	(0.034428099213375876+0j)
0.17250000000000001	0.029756250000000005	0.003817197816942214	0.0353451446772143	0.0	(0.0353451446772143+0j)
0.17500000000000002	0.030625000000000006	0.003884758655906592	0.036274381465294665	0.0	(0.036274381465294665+0j)
0.1775	0.03150625	0.0039515908545648525	0.0372157826556819	0.0	(0.0372157826556819+0j)
0.18	0.0324	0.004017673484802095	0.03816932281605132	0.0	(0.03816932281605132+0j)
0.1825	0.033306249999999996	0.0040829872284986485	0.03913497796712207	0.0	(0.03913497796712207+0j)
0.185	0.034225	0.0041475143485359845	0.04011272555138489	0.0	(0.04011272555138489+0j)
0.1875	0.03515625	0.004211238657435003	0.041102544405444655	0.0	(0.041102544405444655+0j)
0.19	0.0361	0.00427414548381117	0.042104414734626075	0.0	(0.042104414734626075+0j)
0.1925	0.03705625	0.004336221636830564	0.04311831808874494	0.0	(0.04311831808874494+0j)
0.195	0.038025	0.004397455368849896	0.04414423733820081	0.0	(0.04414423733820081+0j)
0.1975	0.039006250000000006	0.004457836336421698	0.04518215664974148	0.0	(0.04518215664974148+0j)
0.2	0.04000000000000001	0.004517355559843599	0.046232061461432876	0.0	(0.046232061461432876+0j)
0.2025	0.04100625000000001	0.004576005381427458	0.04729393845650991	0.0	(0.04729393845650991+0j)
0.20500000000000002	0.04202500000000001	0.0046337794226607495	0.04836777553589927	0.0	(0.04836777553589927+0j)
0.20750000000000002	0.043056250000000004	0.004690672540428358	0.049453561789312275	0.0	(0.049453561789312275+0j)
0.21	0.04409999999999999	0.004746680782458521	0.050551287464869095	0.0	(0.050551287464869095+0j)
0.2125	0.045156249999999995	0.004801801342151593	0.05166094393728365	0.0	(0.05166094393728365+0j)
0.215	0.046224999999999995	0.0048560325129449996	0.052782523674689205	0.0	(0.052782523674689205+0j)
0.2175	0.04730625	0.004909373642362009	0.053916020204205946	0.0	(0.053916020204205946+0j)
0.22	0.0484	0.004961825085885935	0.055061428076387066	0.0	(0.055061428076387066+0j)
0.2225	0.04950625	0.005013388160795127	0.056218742828703525	0.0	(0.056218742828703525+0j)
0.225	0.050625	0.005064065100087574	0.05738796094821748	0.0	(0.05738796094821748+0j)
0.2275	0.051756250000000004	0.00511385900661732	0.05856907983364062	0.0	(0.05856907983364062+0j)
0.23	0.0529	0.005162773807558027	0.05976209775694245	0.0	(0.05976209775694245+0j)
0.2325	0.05405625000000001	0.005210814209302114	0.060967013824717205	0.0	(0.060967013824717205+0j)
0.23500000000000001	0.05522500000000001	0.005257985652896934	0.062183827939510765	0.0	(0.062183827939510765+0j)
0.23750000000000002	0.056406250000000005	0.005304294270112413	0.0634125407613447	0.0	(0.0634125407613447+0j)
0.24	0.0576	0.005349746840227549	0.06465315366972528	0.0	(0.06465315366972528+0j)
0.2425	0.05880625	0.005394350747616214	0.06590566872650104	0.0	(0.06590566872650104+0j)
0.245	0.060024999999999995	0.005438113940205744	0.0671700886401227	0.0	(0.0671700886401227+0j)
0.2475	0.06125625	0.005481044888875007	0.0684464167321937	0.0	(0.0684464167321937+0j)
0.25	0.0625	0.005523152547851894	0.06973465690790595	0.0	(0.06973465690790595+0j)
0.2525	0.06375625	0.0055644463161636	0.0710348136335458	0.0	(0.0710348136335458+0j)
0.255	0.065025	0.0056049360001866715	0.07234689192797347	0.0	(0.07234689192797347+0j)
0.2575	0.06630625	0.005644631777337532	0.07367089738482438	0.0	(0.07367089738482438+0j)
0.26	0.06760000000000001	0.005683544160938166	0.07500683627129948	0.0	(0.07500683627129948+0j)
0.2625	0.06890625	0.005721683966285819	0.0763547158523166	0.0	(0.0763547158523166+0j)
0.265	0.07022500000000001	0.005759062277949983	0.07771454555261663	0.0	(0.07771454555261663+0j)
0.2675	0.07155625	0.005795690418314534	0.07908634270213992	0.0	(0.07908634270213992+0j)
0.27	0.0729	0.005831579917377828	0.0804701997220896	0.0	(0.0804701997220896+0j)
0.2725	0.07425625000000001	0.005866742483818664	0.0812563971883956	0.0	(0.0812563971883956+0j)
0.275	0.07562500000000001	0.005901189977331459	0.08186542556770232	0.0	(0.08186542556770232+0j)
0.2775	0.07700625000000001	0.005934934382229598	0.08327327539545551	0.0	(0.08327327539545551+0j)
0.28	0.07840000000000001	0.005967987782311933	0.08469295553087099	0.0	(0.08469295553087099+0j)
0.28250000000000003	0.07980625000000002	0.006000362336983556	0.08612460564284714	0.0	(0.08612460564284714+0j)
0.28500000000000003	0.08122500000000002	0.006032070258618469	0.08756824676379667	0.0	(0.08756824676379667+0j)
0.28750000000000003	0.08265625000000001	0.006063123791148536	0.08902389054633002	0.0	(0.08902389054633002+0j)
0.29	0.0841	0.0060935351898600875	0.09049154663137488	0.0	(0.09049154663137488+0j)
0.2925	0.08555624999999999	0.00612331670237686	0.0919712240537296	0.0	(0.0919712240537296+0j)
0.295	0.08702499999999999	0.006152480550805436	0.09346293163399111	0.0	(0.09346293163399111+0j)
0.2975	0.08850625	0.006181038915017192	0.0949666781096659	0.0	(0.0949666781096659+0j)
0.3	0.09	0.00620900391703873	0.09648247218117048	0.0	(0.09648247218117048+0j)
0.3025	0.09150625	0.0062363876065210915	0.09801032252547706	0.0	(0.09801032252547706+0j)
0.305	0.093025	0.006263201947256484	0.09955023779619915	0.0	(0.09955023779619915+0j)
0.3075	0.09455625	0.006289458804710008	0.10110222661771602	0.0	(0.10110222661771602+0j)
0.31	0.0961	0.006315169934532789	0.10266629757670029	0.0	(0.10266629757670029+0j)
0.3125	0.09765625	0.006340346972022001	0.1042424592126544	0.0	(0.1042424592126544+0j)
0.315	0.09922500000000001	0.0063650014224926514	0.10583072000825267	0.0	(0.10583072000825267+0j)
0.3175	0.10080625	0.006389144652525405	0.10743108837992953	0.0	(0.10743108837992953+0j)
0.32	0.1024	0.006412787882054485	0.10904357266892259	0.0	(0.10904357266892259+0j)
0.3225	0.10400625000000001	0.00643594217725941	0.1106681811328889	0.0	(0.1106681811328889+0j)
0.325	0.10562500000000001	0.0064586184442243805	0.11230492193816062	0.0	(0.11230492193816062+0j)
0.3275	0.10725625000000001	0.0064808274233291935	0.11395380315264904	0.0	(0.11395380315264904+0j)
0.33	0.10890000000000001	0.006502579684335808	0.11561483273940831	0.0	(0.11561483273940831+0j)
0.3325	0.11055625000000001	0.006523885622135044	0.11728801855085119	0.0	(0.11728801855085119+0j)
0.335	0.11222500000000002	0.00654475545311836	0.11897336832357713	0.0	(0.11897336832357713+0j)
0.3375	0.11390625000000001	0.006565199212140199	0.12067088967382127	0.0	(0.12067088967382127+0j)
0.34	0.11560000000000002	0.006585226750037065	0.12238059009346951	0.0	(0.12238059009346951+0j)
0.3425	0.11730625000000001	0.006604847731670189	0.12410247694662817	0.0	(0.12410247694662817+0j)
0.34500000000000003	0.11902500000000002	0.006624071634459451	0.1258365574667105	0.0	(0.1258365574667105+0j)
0.34750000000000003	0.12075625000000002	0.006642907747377076	0.1275828387540187	0.0	(0.1275828387540187+0j)
0.35000000000000003	0.12250000000000003	0.0066613651703705465	0.12934132777378313	0.0	(0.12934132777378313+0j)
0.3525	0.12425624999999998	0.006679452814185075	0.13111203135463617	0.0	(0.13111203135463617+0j)
0.355	0.126025	0.006697179400557036	0.1328949561874902	0.0	(0.1328949561874902+0j)
0.3575	0.12780624999999998	0.006714553462750708	0.1346901088247968	0.0	(0.1346901088247968+0j)
0.36	0.1296	0.00673158334641179	0.13649749568013977	0.0	(0.13649749568013977+0j)
0.3625	0.13140625	0.006748277210712103	0.13831712302817642	0.0	(0.13831712302817642+0j)
0.365	0.13322499999999998	0.006764643029761099	0.14014899700485686	0.0	(0.14014899700485686+0j)
0.3675	0.13505625	0.006780688594260751	0.141993123607924	0.0	(0.141993123607924+0j)
0.37	0.1369	0.006796421513381529	0.14384950869767066	0.0	(0.14384950869767066+0j)
0.3725	0.13875625	0.006811849216838219	0.14571815799791907	0.0	(0.14571815799791907+0j)
0.375	0.140625	0.006826978957145438	0.1475990770972114	0.0	(0.1475990770972114+0j)
0.3775	0.14250625	0.006841817812033665	0.1494922714501886	0.0	(0.1494922714501886+0j)
0.38	0.1444	0.006856372687007759	0.1513977463791402	0.0	(0.1513977463791402+0j)
0.3825	0.14630625	0.0068706503180308255	0.15331550707570155	0.0	(0.15331550707570155+0j)
0.385	0.148225	0.006884657274317387	0.15524555860269515	0.0	(0.15524555860269515+0j)
0.3875	0.15015625000000002	0.0068983999612207084	0.1571879058960739	0.0	(0.1571879058960739+0j)
0.39	0.1521	0.006911884623200134	0.1591425537669911	0.0	(0.1591425537669911+0j)
0.3925	0.15405625	0.006925117346855153	0.16110950690393694	0.0	(0.16110950690393694+0j)
0.395	0.15602500000000002	0.006938104064013821	0.16308876987497228	0.0	(0.16308876987497228+0j)
0.3975	0.15800625000000001	0.006950850554864047	0.165080347130013	0.0	(0.165080347130013+0j)
0.4	0.16000000000000003	0.006963362451117005	0.16708424300317437	0.0	(0.16708424300317437+0j)
0.4025	0.16200625000000002	0.006975645239192812	0.1691004617151529	0.0	(0.1691004617151529+0j)
0.405	0.16402500000000003	0.006987704263419325	0.1711290073756489	0.0	(0.1711290073756489+0j)
0.40750000000000003	0.16605625000000002	0.006999544729235596	0.17316988398580496	0.0	(0.17316988398580496+0j)
0.41000000000000003	0.16810000000000003	0.007011171706392335	0.17522309544067116	0.0	(0.17522309544067116+0j)
0.41250000000000003	0.17015625000000004	0.007022590132142263	0.1772886455316618	0.0	(0.1772886455316618+0j)
0.41500000000000004	0.17222500000000002	0.007033804814413932	0.17936653794902493	0.0	(0.17936653794902493+0j)
0.4175	0.17430625	0.007044820434963208	0.18145677628431173	0.0	(0.18145677628431173+0j)
0.42	0.17639999999999997	0.007055641552497087	0.18355936403281894	0.0	(0.18355936403281894+0j)
0.4225	0.17850624999999998	0.00706627260576514	0.18567430459602594	0.0	(0.18567430459602594+0j)
0.425	0.18062499999999998	0.007076717916614333	0.1878016012840083	0.0	(0.1878016012840083+0j)
0.4275	0.18275624999999998	0.007086981693003436	0.18994125731783285	0.0	(0.18994125731783285+0j)
0.43	0.18489999999999998	0.00709706803197372	0.19209327583191171	0.0	(0.19209327583191171+0j)
0.4325	0.18705625	0.00710698092257299	0.19425765987632942	0.0	(0.19425765987632942+0j)
0.435	0.189225	0.007116724248730442	0.19643441241914086	0.0	(0.19643441241914086+0j)
0.4375	0.19140625	0.0071263017920801825	0.19862353634862412	0.0	(0.19862353634862412+0j)
0.44	0.1936	0.007135717234731543	0.20082503447550068	0.0	(0.20082503447550068+0j)
0.4425	0.19580625000000002	0.007144974161984693	0.20303890953510276	0.0	(0.20303890953510276+0j)
0.445	0.198025	0.0071540760649902845	0.20526516418950994	0.0	(0.20526516418950994+0j)
0.4475	0.20025625	0.007163026343352169	0.20750380102963684	0.0	(0.20750380102963684+0j)
0.45	0.2025	0.007171828307672452	0.2097548225772716	0.0	(0.2097548225772716+0j)
0.4525	0.20475625	0.007180485182038354	0.2120182312870728	0.0	(0.2120182312870728+0j)
0.455	0.20702500000000001	0.007189000106450601	0.2142940295485207	0.0	(0.2142940295485207+0j)
0.4575	0.20930625000000003	0.007197376139193197	0.21658221968781327	0.0	(0.21658221968781327+0j)
0.46	0.2116	0.0072056162591446395	0.21888280396972518	0.0	(0.21888280396972518+0j)
0.4625	0.21390625000000002	0.0072137233680307725	0.22119578459941355	0.0	(0.22119578459941355+0j)
0.465	0.21622500000000003	0.007221700292619624	0.22352116372417416	0.0	(0.22352116372417416+0j)
0.4675	0.21855625000000004	0.007229549786858656	0.2258589434351563	0.0	(0.2258589434351563+0j)
0.47000000000000003	0.22090000000000004	0.007237274533955054	0.22820912576903096	0.0	(0.22820912576903096+0j)
0.47250000000000003	0.22325625000000002	0.0072448771483996505	0.23057171270960297	0.0	(0.23057171270960297+0j)
0.47500000000000003	0.22562500000000002	0.007252360177935317	0.23294670618938879	0.0	(0.23294670618938879+0j)
0.47750000000000004	0.22800625000000002	0.0072597261054705734	0.23533410809114205	0.0	(0.23533410809114205+0j)
0.48	0.2304	0.007266977350939373	0.2377339202493435	0.0	(0.2377339202493435+0j)
0.4825	0.23280625	0.007274116273107977	0.2401461444516287	0.0	(0.2401461444516287+0j)
0.485	0.235225	0.007281145171329924	0.24257078244019933	0.0	(0.24257078244019933+0j)
0.4875	0.23765624999999999	0.007288066287250142	0.2450078359131578	0.0	(0.2450078359131578+0j)
0.49	0.24009999999999998	0.007294881806459266	0.2474573065258441	0.0	(0.2474573065258441+0j)
0.4925	0.24255625	0.0073015938600992465	0.2499191958920923	0.0	(0.2499191958920923+0j)
0.495	0.245025	0.0073082045264213835	0.2523935055854669	0.0	(0.2523935055854669+0j)
0.4975	0.24750625	0.007314715832297914	0.2548802371404609	0.0	(0.2548802371404609+0j)
0.5	0.25	0.00732112975468828	0.25737939205364835	0.0	(0.25737939205364835+0j)
0.5025000000000001	0.25250625000000004	0.007327448222061226	0.2598909717848139	0.0	(0.2598909717848139+0j)
0.505	0.255025	0.007333673115773892	0.262414977758026	0.0	(0.262414977758026+0j)
0.5075000000000001	0.25755625000000004	0.007339806271409022	0.26495141136269224	0.0	(0.26495141136269224+0j)
0.51	0.2601	0.007345849480071427	0.2675002739545884	0.0	(0.2675002739545884+0j)
0.5125	0.26265625	0.007351804489644851	0.27006156685681976	0.0	(0.27006156685681976+0j)
0.515	0.265225	0.007357673006010345	0.2726352913607901	0.0	(0.2726352913607901+0j)
0.5175	0.26780624999999997	0.007363456694227248	0.2752214487271187	0.0	(0.2752214487271187+0j)
0.52	0.27040000000000003	0.007369157179677871	0.27782004018653117	0.0	(0.27782004018653117+0j)
0.5225	0.27300624999999995	0.00737477604917696	0.28043106694072517	0.0	(0.28043106694072517+0j)
0.525	0.275625	0.007380314852046986	0.28305453016320514	0.0	(0.28305453016320514+0j)
0.5275	0.27825625	0.007385775101160289	0.285690431000085	0.0	(0.285690431000085+0j)
0.53	0.28090000000000004	0.007391158273949105	0.2883387705708734	0.0	(0.2883387705708734+0j)
0.5325	0.28355624999999995	0.007396465813384443	0.2909995499692348	0.0	(0.2909995499692348+0j)
0.535	0.286225	0.0074016991289248095	0.293672770263713	0.0	(0.293672770263713+0j)
0.5375	0.28890625	0.007406859597435696	0.2963584324984441	0.0	(0.2963584324984441+0j)
0.54	0.2916	0.00741194856408078	0.29905653769384405	0.0	(0.29905653769384405+0j)
0.5425	0.29430625	0.007416967343185708	0.3017670868472531	0.0	(0.3017670868472531+0j)
0.545	0.29702500000000004	0.007421917219075365	0.3044900809336134	0.0	(0.3044900809336134+0j)
0.5475	0.29975625	0.007426799446885455	0.30722552090604666	0.0	(0.30722552090604666+0j)
0.55	0.30250000000000005	0.0074316152533492495	0.3099734076964893	0.0	(0.3099734076964893+0j)
0.5525	0.30525625	0.007436365837560269	0.3127337422162585	0.0	(0.3127337422162585+0j)
0.555	0.30802500000000005	0.007441052371711717	0.3155065253566127	0.0	(0.3155065253566127+0j)
0.5575	0.31080625	0.0074456760018133915	0.3182917579893059	0.0	(0.3182917579893059+0j)
0.56	0.31360000000000005	0.007450237848386832	0.3210894409671095	0.0	(0.3210894409671095+0j)
0.5625	0.31640625	0.007454739007139404	0.32389957512431494	0.0	(0.32389957512431494+0j)
0.5650000000000001	0.3192250000000001	0.007459180549617993	0.32672216127725184	0.0	(0.32672216127725184+0j)
0.5675	0.32205625	0.007463563523843015	0.3295572002247351	0.0	(0.3295572002247351+0j)
0.5700000000000001	0.3249000000000001	0.007467888954923352	0.3324046927485598	0.0	(0.3324046927485598+0j)
0.5725	0.32775625	0.007472157845652854	0.33526463961392794	0.0	(0.33526463961392794+0j)
0.5750000000000001	0.33062500000000006	0.007476371177089018	0.3381370415698927	0.0	(0.3381370415698927+0j)
0.5775	0.33350625	0.007480529909114408	0.3410218993497789	0.0	(0.3410218993497789+0j)
0.58	0.3364	0.007484634980981415	0.3439192136715817	0.0	(0.3439192136715817+0j)
0.5825	0.33930625000000003	0.007488687311840863	0.3468289852383917	0.0	(0.3468289852383917+0j)
0.585	0.34222499999999995	0.007492687801255024	0.3497512147387454	0.0	(0.3497512147387454+0j)
0.5875	0.34515625000000005	0.0074966373296955335	0.352685902847011	0.0	(0.352685902847011+0j)
0.59	0.34809999999999997	0.007500536759026707	0.3556330502237502	0.0	(0.3556330502237502+0j)
0.5925	0.35105625	0.007504386932974732	0.3585926575160725	0.0	(0.3585926575160725+0j)
0.595	0.354025	0.007508188677583188	0.3615647253579593	0.0	(0.3615647253579593+0j)
0.5975	0.35700625	0.007511942801655359	0.3645492543706045	0.0	(0.3645492543706045+0j)
0.6	0.36	0.007515650097183742	0.3675462451627327	0.0	(0.3675462451627327+0j)
0.6025	0.36300625000000003	0.0075193113397671865	0.37055569833090246	0.0	(0.37055569833090246+0j)
0.605	0.366025	0.007522927289016051	0.37357761445980847	0.0	(0.37357761445980847+0j)
0.6075	0.36905625000000003	0.007526498688945771	0.37661199412258867	0.0	(0.37661199412258867+0j)
0.61	0.3721	0.0075300262683592085	0.37965883788107246	0.0	(0.37965883788107246+0j)
0.6125	0.3751562500000001	0.0075335107412181435	0.3827181462860901	0.0	(0.3827181462860901+0j)
0.615	0.378225	0.007536952807004244	0.3857899198777227	0.0	(0.3857899198777227+0j)
0.6175	0.38130625000000007	0.007540353151069879	0.38887415918555923	0.0	(0.38887415918555923+0j)
0.62	0.3844	0.007543712444979056	0.39197086472895293	0.0	(0.39197086472895293+0j)
0.6225	0.38750625000000005	0.007547031346838835	0.39508003701727235	0.0	(0.39508003701727235+0j)
0.625	0.390625	0.0075503105016214945	0.3982016765501144	0.0	(0.3982016765501144+0j)
0.6275000000000001	0.3937562500000001	0.007553550541477758	0.40133578381755874	0.0	(0.40133578381755874+0j)
0.63	0.39690000000000003	0.007556752086041344	0.4044823593003932	0.0	(0.4044823593003932+0j)
0.6325000000000001	0.40005625000000006	0.007559915742725127	0.4076414034703059	0.0	(0.4076414034703059+0j)
0.635	0.403225	0.007563042107009163	0.4108129167901172	0.0	(0.4108129167901172+0j)
0.6375000000000001	0.4064062500000001	0.007566131762720843	0.41399689971398473	0.0	(0.41399689971398473+0j)
0.64	0.4096	0.007569185282307394	0.41719335268758884	0.0	(0.41719335268758884+0j)
0.6425	0.41280624999999993	0.007572203227100997	0.4204022761483466	0.0	(0.4204022761483466+0j)
0.645	0.41602500000000003	0.007575186147576726	0.42362367052558025	0.0	(0.42362367052558025+0j)
0.6475	0.41925624999999994	0.007578134583603535	0.4268575362407198	0.0	(0.4268575362407198+0j)
0.65	0.42250000000000004	0.007581049064688505	0.43010387370746483	0.0	(0.43010387370746483+0j)
0.6525	0.42575624999999995	0.0075839301102145675	0.4333626833319782	0.0	(0.4333626833319782+0j)
0.655	0.42902500000000005	0.007586778229671878	0.4366339655130301	0.0	(0.4366339655130301+0j)
0.6575	0.43230624999999995	0.007589593922883056	0.43991772064218093	0.0	(0.43991772064218093+0j)
0.66	0.43560000000000004	0.007592377680222464	0.4432139491039404	0.0	(0.4432139491039404+0j)
0.6625	0.43890625	0.007595129982829716	0.44652265127591473	0.0	(0.44652265127591473+0j)
0.665	0.44222500000000003	0.007597851302817564	0.44984382752896745	0.0	(0.44984382752896745+0j)
0.6675	0.44555625	0.007600542103474357	0.45317747822734944	0.0	(0.45317747822734944+0j)
0.67	0.4489000000000001	0.007603202839461229	0.4565236037288827	0.0	(0.4565236037288827+0j)
0.6725	0.45225624999999997	0.007605833957004152	0.45988220438504895	0.0	(0.45988220438504895+0j)
0.675	0.45562500000000006	0.007608435894081033	0.4632532805411675	0.0	(0.4632532805411675+0j)
0.6775	0.45900625	0.007611009080603985	0.4666368325364988	0.0	(0.4666368325364988+0j)
0.68	0.4624000000000001	0.007613553938596909	0.4700328607043979	0.0	(0.4700328607043979+0j)
0.6825	0.46580625	0.0076160708823685384	0.473441365372431	0.0	(0.473441365372431+0j)
0.685	0.46922500000000006	0.007618560318681083	0.47686234686249096	0.0	(0.47686234686249096+0j)
0.6875	0.47265625	0.007621022646914562	0.48029580549093154	0.0	(0.48029580549093154+0j)
0.6900000000000001	0.4761000000000001	0.0076234582592270015	0.48374174156866756	0.0	(0.48374174156866756+0j)
0.6925	0.47955625	0.007625867540710572	0.4872001554013098	0.0	(0.4872001554013098+0j)
0.6950000000000001	0.4830250000000001	0.0076282508695438254	0.4906710472892628	0.0	(0.4906710472892628+0j)
0.6975	0.48650625000000003	0.007630608617140098	0.4941544175278265	0.0	(0.4941544175278265+0j)
0.7000000000000001	0.4900000000000001	0.007632941148292214	0.49765026640732435	0.0	(0.49765026640732435+0j)
0.7025	0.49350625000000004	0.007635248821313604	0.5011585942131909	0.0	(0.5011585942131909+0j)
0.705	0.49702499999999994	0.007637531988175914	0.5046794012260754	0.0	(0.5046794012260754+0j)
0.7075	0.50055625	0.007639790994643221	0.5082126877219287	0.0	(0.5082126877219287+0j)
0.71	0.5041	0.007642026180402951	0.5117584539721327	0.0	(0.5117584539721327+0j)
0.7125	0.50765625	0.007644237879193572	0.5153167002435671	0.0	(0.5153167002435671+0j)
0.715	0.5112249999999999	0.0076464264189291895	0.5188874267987005	0.0	(0.5188874267987005+0j)
0.7175	0.51480625	0.007648592121821096	0.5224706338957077	0.0	(0.5224706338957077+0j)
0.72	0.5184	0.007650735304496359	0.5260663217885165	0.0	(0.5260663217885165+0j)
0.7225	0.52200625	0.007652856278113576	0.5296744907269249	0.0	(0.5296744907269249+0j)
0.725	0.525625	0.007654955348475801	0.5332951409566831	0.0	(0.5332951409566831+0j)
0.7275	0.5292562500000001	0.007657032816140788	0.5369282727195694	0.0	(0.5369282727195694+0j)
0.73	0.5328999999999999	0.007659088976528583	0.5405738862534765	0.0	(0.5405738862534765+0j)
0.7325	0.5365562500000001	0.007661124120026555	0.5442319817924862	0.0	(0.5442319817924862+0j)
0.735	0.540225	0.007663138532091921	0.5479025595669482	0.0	(0.5479025595669482+0j)
0.7375	0.54390625	0.007665132493351861	0.5515856198035786	0.0	(0.5515856198035786+0j)
0.74	0.5476	0.007667106279701249	0.5552811627255005	0.0	(0.5552811627255005+0j)
0.7425	0.5513062500000001	0.007669060162398097	0.5589891885523646	0.0	(0.5589891885523646+0j)
0.745	0.555025	0.0076709944081567605	0.5627096975003798	0.0	(0.5627096975003798+0j)
0.7475	0.5587562500000001	0.0076729092792389595	0.5664426897824415	0.0	(0.5664426897824415+0j)
0.75	0.5625	0.007674805033542681	0.5701881656081607	0.0	(0.5701881656081607+0j)
0.7525000000000001	0.5662562500000001	0.007676681924689021	0.5739461251839609	0.0	(0.5739461251839609+0j)
0.755	0.570025	0.007678540202107018	0.5777165687131733	0.0	(0.5777165687131733+0j)
0.7575000000000001	0.5738062500000001	0.007680380111116519	0.5814994963960681	0.0	(0.5814994963960681+0j)
0.76	0.5776	0.007682201893009154	0.5852949084299912	0.0	(0.5852949084299912+0j)
0.7625000000000001	0.5814062500000001	0.007684005785127449	0.5891028050094149	0.0	(0.5891028050094149+0j)
0.765	0.585225	0.00768579202094213	0.5929231863260196	0.0	(0.5929231863260196+0j)
0.7675000000000001	0.5890562500000001	0.007687560830127673	0.5967560525688007	0.0	(0.5967560525688007+0j)
0.77	0.5929	0.007689312438636133	0.6006014039241492	0.0	(0.6006014039241492+0j)
0.7725	0.59675625	0.007691047068769309	0.6044592405759477	0.0	(0.6044592405759477+0j)
0.775	0.6006250000000001	0.007692764939249284	0.6083295627056818	0.0	(0.6083295627056818+0j)
0.7775	0.6045062499999999	0.007694466265287364	0.6122123704925557	0.0	(0.6122123704925557+0j)
0.78	0.6084	0.007696151258651496	0.6161076641135746	0.0	(0.6161076641135746+0j)
0.7825	0.6123062499999999	0.007697820127732167	0.6200154437437335	0.0	(0.6200154437437335+0j)
0.785	0.616225	0.007699473077606834	0.6239357095560973	0.0	(0.6239357095560973+0j)
0.7875	0.62015625	0.007701110310102932	0.6278684617219745	0.0	(0.6278684617219745+0j)
0.79	0.6241000000000001	0.007702732023859483	0.6318137004110862	0.0	(0.6318137004110862+0j)
0.7925	0.62805625	0.007704338414387354	0.6357714257917426	0.0	(0.6357714257917426+0j)
0.795	0.6320250000000001	0.007705929674128183	0.6397416380310412	0.0	(0.6397416380310412+0j)
0.7975	0.63600625	0.007707505992512015	0.643724337295087	0.0	(0.643724337295087+0j)
0.8	0.6400000000000001	0.007709067556013684	0.6477195237492372	0.0	(0.6477195237492372+0j)
0.8025	0.64400625	0.007710614548207959	0.6517271975583808	0.0	(0.6517271975583808+0j)
0.805	0.6480250000000001	0.00771214714982351	0.6557473588871928	0.0	(0.6557473588871928+0j)
0.8075	0.65205625	0.007713665538795679	0.6597800079005374	0.0	(0.6597800079005374+0j)
0.81	0.6561000000000001	0.0077151698903181395	0.6638251447637926	0.0	(0.6638251447637926+0j)
0.8125	0.66015625	0.007716660376893436	0.6678827696432684	0.0	(0.6678827696432684+0j)
0.8150000000000001	0.6642250000000001	0.007718137168382422	0.6719528827066602	0.0	(0.6719528827066602+0j)
0.8175	0.66830625	0.007719600432052677	0.676035484123554	0.0	(0.676035484123554+0j)
0.8200000000000001	0.6724000000000001	0.0077210503326258575	0.6801305740660011	0.0	(0.6801305740660011+0j)
0.8225	0.67650625	0.007722487032324062	0.6842381527090816	0.0	(0.6842381527090816+0j)
0.8250000000000001	0.6806250000000001	0.007723910690915214	0.6883582202316929	0.0	(0.6883582202316929+0j)
0.8275	0.6847562500000001	0.007725321465757468	0.6924907768171817	0.0	(0.6924907768171817+0j)
0.8300000000000001	0.6889000000000001	0.007726719511842705	0.6966358226542358	0.0	(0.6966358226542358+0j)
0.8325	0.69305625	0.007728104981839099	0.700793357937792	0.0	(0.700793357937792+0j)
0.835	0.697225	0.0077294780261328	0.7049633828700109	0.0	(0.7049633828700109+0j)
0.8375	0.70140625	0.007730838792868741	0.709145897661365	0.0	(0.709145897661365+0j)
0.84	0.7055999999999999	0.007732187427990606	0.7133409025318194	0.0	(0.7133409025318194+0j)
0.8425	0.7098062500000001	0.00773352407527996	0.7175483977121304	0.0	(0.7175483977121304+0j)
0.845	0.7140249999999999	0.0077348488763945705	0.7217683834452215	0.0	(0.7217683834452215+0j)
0.8475	0.71825625	0.007736161970905943	0.7260008599876825	0.0	(0.7260008599876825+0j)
0.85	0.7224999999999999	0.0077374634963360885	0.7302458276114017	0.0	(0.7302458276114017+0j)
0.8525	0.7267562500000001	0.007738753588193521	0.7345032866052926	0.0	(0.7345032866052926+0j)
0.855	0.7310249999999999	0.007740032380008541	0.7387732372771387	0.0	(0.7387732372771387+0j)
0.8575	0.73530625	0.007741300003367784	0.7430556799556025	0.0	(0.7430556799556025+0j)
0.86	0.7395999999999999	0.007742556587948072	0.747350614992297	0.0	(0.747350614992297+0j)
0.8625	0.7439062500000001	0.007743802261549582	0.7516580427640273	0.0	(0.7516580427640273+0j)
0.865	0.748225	0.007745037150128337	0.7559779636751398	0.0	(0.7559779636751398+0j)
0.8675	0.75255625	0.007746261377828053	0.7603103781599978	0.0	(0.7603103781599978+0j)
0.87	0.7569	0.007747475067011341	0.7646552866855476	0.0	(0.7646552866855476+0j)
0.8725	0.7612562500000001	0.007748678338290276	0.7690126897540299	0.0	(0.7690126897540299+0j)
0.875	0.765625	0.0077498713105563725	0.7733825879057864	0.0	(0.7733825879057864+0j)
0.8775000000000001	0.7700062500000001	0.007751054101009948	0.7777649817221717	0.0	(0.7777649817221717+0j)
0.88	0.7744	0.00775222682518891	0.7821598718285321	0.0	(0.7821598718285321+0j)
0.8825000000000001	0.7788062500000001	0.007753389596996976	0.7865672588973106	0.0	(0.7865672588973106+0j)
0.885	0.7832250000000001	0.007754542528731323	0.7909871436512116	0.0	(0.7909871436512116+0j)
0.8875000000000001	0.7876562500000002	0.007755685731109718	0.7954195268664415	0.0	(0.7954195268664415+0j)
0.89	0.7921	0.007756819313297083	0.799864409375997	0.0	(0.799864409375997+0j)
0.8925000000000001	0.7965562500000001	0.0077579433829315664	0.8043217920730629	0.0	(0.8043217920730629+0j)
0.895	0.801025	0.007759058046150092	0.808791675914429	0.0	(0.808791675914429+0j)
0.8975	0.80550625	0.007760163407613418	0.8132740619239878	0.0	(0.8132740619239878+0j)
0.9	0.81	0.007761259570530699	0.8177689511963212	0.0	(0.8177689511963212+0j)
0.9025	0.81450625	0.007762346636683584	0.8222763449003152	0.0	(0.8222763449003152+0j)
0.905	0.819025	0.0077634247064498445	0.8267962442829966	0.0	(0.8267962442829966+0j)
0.9075	0.82355625	0.007764493878826542	0.8313286506733673	0.0	(0.8313286506733673+0j)
0.91	0.8281000000000001	0.0077655542514527606	0.835873565486598	0.0	(0.835873565486598+0j)
0.9125	0.83265625	0.007766605920631898	0.8404309902283229	0.0	(0.8404309902283229+0j)
0.915	0.8372250000000001	0.007767648981353528	0.8450009264993676	0.0	(0.8450009264993676+0j)
0.9175	0.84180625	0.00776868352731486	0.8495833760009252	0.0	(0.8495833760009252+0j)
0.92	0.8464	0.007769709650941771	0.8541783405402739	0.0	(0.8541783405402739+0j)
0.9225	0.85100625	0.007770727443409455	0.858785822037343	0.0	(0.858785822037343+0j)
0.925	0.8556250000000001	0.0077717369946626765	0.8634058225322018	0.0	(0.8634058225322018+0j)
0.9275	0.86025625	0.00777273839343564	0.8680383441939283	0.0	(0.8680383441939283+0j)
0.93	0.8649000000000001	0.007773731727271498	0.872683389331047	0.0	(0.872683389331047+0j)
0.9325	0.86955625	0.007774717082541469	0.8773409604041496	0.0	(0.8773409604041496+0j)
0.935	0.8742250000000001	0.007775694544463627	0.882011060041156	0.0	(0.882011060041156+0j)
0.9375	0.87890625	0.007776664197121321	0.8866936910560477	0.0	(0.8866936910560477+0j)
0.9400000000000001	0.8836000000000002	0.007777626123481259	0.891388856471925	0.0	(0.891388856471925+0j)
0.9425	0.88830625	0.007778580405411255	0.8960965595496622	0.0	(0.8960965595496622+0j)
0.9450000000000001	0.8930250000000001	0.0077795271236976524	0.900816803823657	0.0	(0.900816803823657+0j)
0.9475	0.89775625	0.007780466358062416	0.9055495931467833	0.0	(0.9055495931467833+0j)
0.9500000000000001	0.9025000000000001	0.0077813981871799245	0.9102949317471647	0.0	(0.9102949317471647+0j)
0.9525	0.90725625	0.007782322688693435	0.9150528243004364	0.0	(0.9150528243004364+0j)
0.9550000000000001	0.9120250000000001	0.007783239939231268	0.9198232760223775	0.0	(0.9198232760223775+0j)
0.9575	0.91680625	0.007784150014422679	0.9246062927886498	0.0	(0.9246062927886498+0j)
0.96	0.9216	0.007785052988913457	0.9294018812910884	0.0	(0.9294018812910884+0j)
0.9625	0.9264062500000001	0.007785948936381218	0.9342100492440316	0.0	(0.9342100492440316+0j)
0.965	0.931225	0.007786837929550448	0.9390308056602725	0.0	(0.9390308056602725+0j)
0.9675	0.93605625	0.007787720040207256	0.9438641612258762	0.0	(0.9438641612258762+0j)
0.97	0.9409	0.00778859533921386	0.9487101288182911	0.0	(0.9487101288182911+0j)
0.9725	0.9457562500000001	0.007789463896522832	0.9535687242377417	0.0	(0.9535687242377417+0j)
0.975	0.9506249999999999	0.007790325781191063	0.9584399672652154	0.0	(0.9584399672652154+0j)
0.9775	0.9555062500000001	0.007791181061393497	0.9633238832378589	0.0	(0.9633238832378589+0j)
0.98	0.9603999999999999	0.007792029804436608	0.9682205054773017	0.0	(0.9682205054773017+0j)
0.9825	0.96530625	0.007792872076771646	0.9731298791922576	0.0	(0.9731298791922576+0j)
0.985	0.970225	0.00779370794400764	0.9780520680807175	0.0	(0.9780520680807175+0j)
0.9875	0.9751562500000001	0.0077945374709241805	0.9829871662429431	0.0	(0.9829871662429431+0j)
0.99	0.9801	0.007795360721483967	0.9879353215485188	0.0	(0.9879353215485188+0j)
0.9925	0.9850562500000001	0.007796177758845137	0.9928967869350089	0.0	(0.9928967869350089+0j)
0.995	0.990025	0.007796988645373389	0.9978720527702339	0.0	(0.9978720527702339+0j)
0.9975	0.9950062500000001	0.007797793442653867	1.002862287873845	0.0	(1.002862287873845+0j)
1.0	1.0	0.007798592211502872	1.0078717449579064	0.0	(1.0078717449579064+0j)
