-1.0	-1.0	-0.02928451901875312	-1.0296203273111666	0.0	(-1.0296203273111666+0j)
-0.9966666666666667	-0.9933444444444445	-0.029267458122392148	-1.0229008493119085	0.0	(-1.0229008493119085+0j)
-0.9933333333333334	-0.9867111111111112	-0.029250225256037987	-1.0162234925470632	0.0	(-1.0162234925470632+0j)
-0.9900000000000001	-0.9801000000000002	-0.029232818105685534	-1.0095758811261404	0.0	(-1.0095758811261404+0j)
-0.9866666666666667	-0.9735111111111112	-0.029215234318648513	-1.002954459840514	0.0	(-1.002954459840514+0j)
-0.9833333333333334	-0.9669444444444446	-0.0291974715028066	-0.9963576988896369	0.0	(-0.9963576988896369+0j)
-0.9800000000000001	-0.9604000000000001	-0.029179527225837065	-0.9897847945778931	0.0	(-0.9897847945778931+0j)
-0.9766666666666667	-0.9538777777777778	-0.029161399014430628	-0.9832352700891116	0.0	(-0.9832352700891116+0j)
-0.9733333333333334	-0.9473777777777779	-0.02914308435349126	-0.9767088181886069	0.0	(-0.9767088181886069+0j)
-0.9700000000000001	-0.9409000000000002	-0.029124580685319697	-0.9702052286485009	0.0	(-0.9702052286485009+0j)
-0.9666666666666667	-0.9344444444444444	-0.029105885408780324	-0.9637243508545531	0.0	(-0.9637243508545531+0j)
-0.9633333333333334	-0.9280111111111112	-0.029086995878451306	-0.9572660728929444	0.0	(-0.9572660728929444+0j)
-0.9600000000000001	-0.9216000000000002	-0.029067909403757492	-0.9508303090868944	0.0	(-0.9508303090868944+0j)
-0.9566666666666668	-0.9152111111111113	-0.029048623248086113	-0.944416992182134	0.0	(-0.944416992182134+0j)
-0.9533333333333334	-0.9088444444444445	-0.029029134627884694	-0.9380260682395438	0.0	(-0.9380260682395438+0j)
-0.9500000000000001	-0.9025000000000001	-0.029009440711741268	-0.9316574931793705	0.0	(-0.9316574931793705+0j)
-0.9466666666666668	-0.896177777777778	-0.028989538619446358	-0.9253112303732818	0.0	(-0.9253112303732818+0j)
-0.9433333333333334	-0.8898777777777778	-0.02896942542103667	-0.9189872489238323	0.0	(-0.9189872489238323+0j)
-0.9400000000000001	-0.8836000000000002	-0.028949098135820216	-0.9126855224078353	0.0	(-0.9126855224078353+0j)
-0.9366666666666668	-0.8773444444444446	-0.02892855373138257	-0.906406027940922	0.0	(-0.906406027940922+0j)
-0.9333333333333333	-0.8711111111111112	-0.028907789122574207	-0.9001487454692672	0.0	(-0.9001487454692672+0j)
-0.93	-0.8649000000000001	-0.028886801170478496	-0.8939136572252299	0.0	(-0.8939136572252299+0j)
-0.9266666666666667	-0.8587111111111113	-0.028865586681360363	-0.887700747303383	0.0	(-0.887700747303383+0j)
-0.9233333333333333	-0.8525444444444444	-0.028844142405595286	-0.8815100013262431	0.0	(-0.8815100013262431+0j)
-0.92	-0.8464	-0.028822465036578558	-0.8753414061778949	0.0	(-0.8753414061778949+0j)
-0.9166666666666667	-0.8402777777777779	-0.028800551209614528	-0.8691949497896223	0.0	(-0.8691949497896223+0j)
-0.9133333333333334	-0.834177777777778	-0.028778397500785848	-0.8630706209658596	0.0	(-0.8630706209658596+0j)
-0.91	-0.8281000000000001	-0.028756000425802404	-0.8569684092417427	0.0	(-0.8569684092417427+0j)
-0.9066666666666667	-0.8220444444444446	-0.02873335643883	-0.8508883047656656	0.0	(-0.8508883047656656+0j)
-0.9033333333333334	-0.8160111111111112	-0.028710461931298552	-0.8448302982017781	0.0	(-0.8448302982017781+0j)
-0.9	-0.81	-0.028687313230689807	-0.8387943806486291	0.0	(-0.8387943806486291+0j)
-0.8966666666666667	-0.8040111111111112	-0.02866390659930451	-0.832780543570784	0.0	(-0.832780543570784+0j)
-0.8933333333333334	-0.7980444444444446	-0.028640238233008996	-0.8267887787411721	0.0	(-0.8267887787411721+0j)
-0.89	-0.7921	-0.028616304259961138	-0.8208190781921925	0.0	(-0.8208190781921925+0j)
-0.8866666666666667	-0.7861777777777779	-0.028592100739315812	-0.8148714341740929	0.0	(-0.8148714341740929+0j)
-0.8833333333333334	-0.780277777777778	-0.02856762365990979	-0.8089458391194143	0.0	(-0.8089458391194143+0j)
-0.88	-0.7744	-0.028542868938926172	-0.8030422856124548	0.0	(-0.8030422856124548+0j)
-0.8766666666666667	-0.7685444444444445	-0.02851783242053856	-0.7971607663630368	0.0	(-0.7971607663630368+0j)
-0.8733333333333334	-0.7627111111111112	-0.028492509874534958	-0.7913012741838445	0.0	(-0.7913012741838445+0j)
-0.8700000000000001	-0.7569000000000002	-0.02846689699492177	-0.7854638019708277	0.0	(-0.7854638019708277+0j)
-0.8666666666666667	-0.7511111111111112	-0.028440989398507893	-0.779648342686164	0.0	(-0.779648342686164+0j)
-0.8633333333333334	-0.7453444444444446	-0.0284147826234694	-0.7738548893434377	0.0	(-0.7738548893434377+0j)
-0.8600000000000001	-0.7396000000000001	-0.02838827212789488	-0.768083434994709	0.0	(-0.768083434994709+0j)
-0.8566666666666667	-0.7338777777777779	-0.028361453288312022	-0.7623339727191859	0.0	(-0.7623339727191859+0j)
-0.8533333333333334	-0.7281777777777779	-0.02833432139819557	-0.7566064956133102	0.0	(-0.7566064956133102+0j)
-0.8500000000000001	-0.7225000000000001	-0.02830687166645733	-0.7509009967819702	0.0	(-0.7509009967819702+0j)
-0.8466666666666667	-0.7168444444444445	-0.028279099215918604	-0.7452174693307979	0.0	(-0.7452174693307979+0j)
-0.8433333333333334	-0.7112111111111112	-0.02825099908176558	-0.7395559063592736	0.0	(-0.7395559063592736+0j)
-0.8400000000000001	-0.7056000000000001	-0.028222566209988347	-0.7339163009546398	0.0	(-0.7339163009546398+0j)
-0.8366666666666667	-0.7000111111111111	-0.0281937954558042	-0.7282986461864406	0.0	(-0.7282986461864406+0j)
-0.8333333333333334	-0.6944444444444445	-0.0281646815820659	-0.722702935101569	0.0	(-0.722702935101569+0j)
-0.8300000000000001	-0.6889000000000001	-0.02813521925765573	-0.7171291607198381	0.0	(-0.7171291607198381+0j)
-0.8266666666666668	-0.683377777777778	-0.02810540305586624	-0.7115773160299216	0.0	(-0.7115773160299216+0j)
-0.8233333333333334	-0.6778777777777778	-0.02807522745276857	-0.7060473939856425	0.0	(-0.7060473939856425+0j)
-0.8200000000000001	-0.6724000000000001	-0.02804468682556934	-0.7005393875025223	0.0	(-0.7005393875025223+0j)
-0.8166666666666668	-0.6669444444444446	-0.028013775450957304	-0.6950532894546165	0.0	(-0.6950532894546165+0j)
-0.8133333333333334	-0.6615111111111112	-0.027982487503440782	-0.6895890926715122	0.0	(-0.6895890926715122+0j)
-0.81	-0.6561000000000001	-0.0279508170536773	-0.684146789935476	0.0	(-0.684146789935476+0j)
-0.8066666666666668	-0.6507111111111112	-0.027918758066796605	-0.6787263739787878	0.0	(-0.6787263739787878+0j)
-0.8033333333333333	-0.6453444444444445	-0.027886304400718664	-0.6733278374811493	0.0	(-0.6733278374811493+0j)
-0.8	-0.6400000000000001	-0.02785344980446802	-0.6679511730671686	0.0	(-0.6679511730671686+0j)
-0.7966666666666667	-0.6346777777777779	-0.027820187916486206	-0.6625963733039619	0.0	(-0.6625963733039619+0j)
-0.7933333333333333	-0.6293777777777778	-0.02778651226294402	-0.6572634306987485	0.0	(-0.6572634306987485+0j)
-0.79	-0.6241000000000001	-0.027752416256055283	-0.6519523376965215	0.0	(-0.6519523376965215+0j)
-0.7866666666666667	-0.6188444444444445	-0.02771789319239429	-0.6466630866777632	0.0	(-0.6466630866777632+0j)
-0.7833333333333334	-0.6136111111111112	-0.02768293625121873	-0.6413956699561226	0.0	(-0.6413956699561226+0j)
-0.78	-0.6084	-0.027647538492800536	-0.6361500797761924	0.0	(-0.6361500797761924+0j)
-0.7766666666666667	-0.6032111111111113	-0.02761169285676664	-0.6309263083112276	0.0	(-0.6309263083112276+0j)
-0.7733333333333334	-0.5980444444444446	-0.027575392160452336	-0.6257243476608619	0.0	(-0.6257243476608619+0j)
-0.77	-0.5929	-0.02753862909726955	-0.6205441898489374	0.0	(-0.6205441898489374+0j)
-0.7666666666666667	-0.5877777777777778	-0.027501396235092842	-0.615385826821192	0.0	(-0.615385826821192+0j)
-0.7633333333333334	-0.582677777777778	-0.027463686014665832	-0.6102492504430803	0.0	(-0.6102492504430803+0j)
-0.76	-0.5776	-0.027425490748031037	-0.6051344524974922	0.0	(-0.6051344524974922+0j)
-0.7566666666666667	-0.5725444444444445	-0.027386802616986165	-0.6000414246825849	0.0	(-0.6000414246825849+0j)
-0.7533333333333334	-0.5675111111111112	-0.02734761367157007	-0.5949701586095479	0.0	(-0.5949701586095479+0j)
-0.75	-0.5625	-0.02730791582858175	-0.5899206458004203	0.0	(-0.5899206458004203+0j)
-0.7466666666666667	-0.5575111111111112	-0.027267700870135837	-0.5848928776859246	0.0	(-0.5848928776859246+0j)
-0.7433333333333334	-0.5525444444444445	-0.027226960442258308	-0.579886845603319	0.0	(-0.579886845603319+0j)
-0.7400000000000001	-0.5476000000000002	-0.027185686053526115	-0.5749025407942998	0.0	(-0.5749025407942998+0j)
-0.7366666666666667	-0.5426777777777778	-0.027143869073754826	-0.5699399544029181	0.0	(-0.5699399544029181+0j)
-0.7333333333333334	-0.5377777777777779	-0.02710150073273824	-0.5649990774735606	0.0	(-0.5649990774735606+0j)
-0.7300000000000001	-0.5329000000000002	-0.027058572119044395	-0.5600799009489421	0.0	(-0.5600799009489421+0j)
-0.7266666666666667	-0.5280444444444444	-0.027015074178872306	-0.5551824156682307	0.0	(-0.5551824156682307+0j)
-0.7233333333333334	-0.5232111111111112	-0.026970997714974087	-0.5503066123651437	0.0	(-0.5503066123651437+0j)
-0.7200000000000001	-0.5184000000000001	-0.02692633338564716	-0.5454524816661986	0.0	(-0.5454524816661986+0j)
-0.7166666666666667	-0.5136111111111111	-0.026881071703801603	-0.5406200140889633	0.0	(-0.5406200140889633+0j)
-0.7133333333333334	-0.5088444444444445	-0.026835203036107563	-0.535809200040487	0.0	(-0.535809200040487+0j)
-0.7100000000000001	-0.5041000000000001	-0.026788717602228146	-0.5310200298157145	0.0	(-0.5310200298157145+0j)
-0.7066666666666667	-0.49937777777777775	-0.026741605474143133	-0.5262524935961022	0.0	(-0.5262524935961022+0j)
-0.7033333333333334	-0.4946777777777778	-0.026693856575569185	-0.5215065814482751	0.0	(-0.5215065814482751+0j)
-0.7000000000000001	-0.4900000000000001	-0.026645460681482186	-0.516782283322842	0.0	(-0.516782283322842+0j)
-0.6966666666666667	-0.4853444444444444	-0.026596407417747815	-0.5120795890532917	0.0	(-0.5120795890532917+0j)
-0.6933333333333334	-0.48071111111111114	-0.026546686260866308	-0.5073984883550787	0.0	(-0.5073984883550787+0j)
-0.6900000000000001	-0.4761000000000001	-0.026496286537837803	-0.5027389708247963	0.0	(-0.5027389708247963+0j)
-0.6866666666666668	-0.4715111111111112	-0.026445197426154546	-0.4981010259395191	0.0	(-0.4981010259395191+0j)
-0.6833333333333333	-0.46694444444444444	-0.026393407953926674	-0.49348464305632167	0.0	(-0.49348464305632167+0j)
-0.68	-0.4624000000000001	-0.02634090700014826	-0.48888981141192084	0.0	(-0.48888981141192084+0j)
-0.6766666666666667	-0.4578777777777779	-0.026287683295110505	-0.4843165201225091	0.0	(-0.4843165201225091+0j)
-0.6733333333333333	-0.45337777777777777	-0.02623372542096917	-0.47976475818378056	0.0	(-0.47976475818378056+0j)
-0.67	-0.4489000000000001	-0.02617902181247344	-0.4752345144711327	0.0	(-0.4752345144711327+0j)
-0.6666666666666667	-0.44444444444444453	-0.026123560757863474	-0.47072577774003754	0.0	(-0.47072577774003754+0j)
-0.6633333333333333	-0.44001111111111113	-0.026067330399944265	-0.46623853662667714	0.0	(-0.46623853662667714+0j)
-0.66	-0.43560000000000004	-0.026010318737343233	-0.46177277964873636	0.0	(-0.46177277964873636+0j)
-0.6566666666666667	-0.4312111111111112	-0.02595251362595949	-0.4573284952064309	0.0	(-0.4573284952064309+0j)
-0.6533333333333333	-0.4268444444444444	-0.02589390278061238	-0.4529056715837717	0.0	(-0.4529056715837717+0j)
-0.65	-0.42250000000000004	-0.025834473776897522	-0.4485042969500578	0.0	(-0.4485042969500578+0j)
-0.6466666666666667	-0.41817777777777787	-0.025774214053258106	-0.444124359361613	0.0	(-0.444124359361613+0j)
-0.6433333333333334	-0.4138777777777779	-0.025713110913279897	-0.4397658467637742	0.0	(-0.4397658467637742+0j)
-0.64	-0.4096	-0.02565115152821794	-0.4354287469931429	0.0	(-0.4354287469931429+0j)
-0.6366666666666667	-0.4053444444444445	-0.025588322939763417	-0.43111304778009607	0.0	(-0.43111304778009607+0j)
-0.6333333333333334	-0.4011111111111112	-0.02552461206305891	-0.42681873675157783	0.0	(-0.42681873675157783+0j)
-0.63	-0.39690000000000003	-0.025460005689970606	-0.4225458014341701	0.0	(-0.4225458014341701+0j)
-0.6266666666666667	-0.3927111111111112	-0.025394490492625776	-0.4182942292574649	0.0	(-0.4182942292574649+0j)
-0.6233333333333334	-0.3885444444444445	-0.025328053027224073	-0.414064007557734	0.0	(-0.414064007557734+0j)
-0.62	-0.3844	-0.025260679738131155	-0.4098551235818869	0.0	(-0.4098551235818869+0j)
-0.6166666666666667	-0.3802777777777778	-0.025192356962263008	-0.405667564491773	0.0	(-0.405667564491773+0j)
-0.6133333333333334	-0.37617777777777783	-0.02512307093376956	-0.40150131736877287	0.0	(-0.40150131736877287+0j)
-0.61	-0.3721	-0.025052807789025935	-0.3973563692187686	0.0	(-0.3973563692187686+0j)
-0.6066666666666667	-0.36804444444444445	-0.02498155357193975	-0.3932327069773968	0.0	(-0.3932327069773968+0j)
-0.6033333333333334	-0.3640111111111112	-0.024909294239582738	-0.3891303175156946	0.0	(-0.3891303175156946+0j)
-0.6000000000000001	-0.3600000000000001	-0.024836015668154923	-0.38504918764606016	0.0	(-0.38504918764606016+0j)
-0.5966666666666667	-0.3560111111111111	-0.024761703659289484	-0.38098930412861687	0.0	(-0.38098930412861687+0j)
-0.5933333333333334	-0.3520444444444445	-0.02468634394670627	-0.3769506536779022	0.0	(-0.3769506536779022+0j)
-0.5900000000000001	-0.3481000000000001	-0.024609922203221744	-0.3729332229699654	0.0	(-0.3729332229699654+0j)
-0.5866666666666667	-0.3441777777777778	-0.024532424048123173	-0.36893699864981677	0.0	(-0.36893699864981677+0j)
-0.5833333333333334	-0.34027777777777785	-0.024453835054914365	-0.3649619673393141	0.0	(-0.3649619673393141+0j)
-0.5800000000000001	-0.3364000000000001	-0.024374140759440353	-0.3610081156453838	0.0	(-0.3610081156453838+0j)
-0.5766666666666667	-0.3325444444444444	-0.024293326668397994	-0.3570754301686787	0.0	(-0.3570754301686787+0j)
-0.5733333333333334	-0.3287111111111111	-0.02421137826823929	-0.35316389751264865	0.0	(-0.35316389751264865+0j)
-0.5700000000000001	-0.3249000000000001	-0.024128281034473877	-0.34927350429301707	0.0	(-0.34927350429301707+0j)
-0.5666666666666667	-0.32111111111111107	-0.0240440204413769	-0.3454042371476477	0.0	(-0.3454042371476477+0j)
-0.5633333333333334	-0.3173444444444445	-0.023958581972108116	-0.34155608274688626	0.0	(-0.34155608274688626+0j)
-0.56	-0.31360000000000005	-0.023871951129247733	-0.33772902780427716	0.0	(-0.33772902780427716+0j)
-0.5566666666666668	-0.30987777777777786	-0.023784113445754027	-0.3339230590877723	0.0	(-0.3339230590877723+0j)
-0.5533333333333333	-0.30617777777777777	-0.0236950544963475	-0.33013816343130586	0.0	(-0.33013816343130586+0j)
-0.55	-0.30250000000000005	-0.023604759909325836	-0.3263743277468673	0.0	(-0.3263743277468673+0j)
-0.5466666666666667	-0.2988444444444445	-0.023513215378813367	-0.3226315390369783	0.0	(-0.3226315390369783+0j)
-0.5433333333333333	-0.2952111111111111	-0.023420406677448418	-0.31890978440763573	0.0	(-0.31890978440763573+0j)
-0.54	-0.2916	-0.023326319669511313	-0.3152090510816977	0.0	(-0.3152090510816977+0j)
-0.5366666666666667	-0.28801111111111116	-0.023230940324495165	-0.3115293264126996	0.0	(-0.3115293264126996+0j)
-0.5333333333333333	-0.28444444444444444	-0.023134254731121264	-0.3078705978991256	0.0	(-0.3078705978991256+0j)
-0.53	-0.28090000000000004	-0.023036249111799932	-0.3042328531991518	0.0	(-0.3042328531991518+0j)
-0.5266666666666667	-0.27737777777777783	-0.022936909837537364	-0.30061608014577956	0.0	(-0.30061608014577956+0j)
-0.5233333333333333	-0.2738777777777778	-0.022836223443288173	-0.29702026676248194	0.0	(-0.29702026676248194+0j)
-0.52	-0.27040000000000003	-0.022734176643752664	-0.2934454012792293	0.0	(-0.2934454012792293+0j)
-0.5166666666666667	-0.2669444444444445	-0.02263075634961724	-0.2898914721489853	0.0	(-0.2898914721489853+0j)
-0.5133333333333334	-0.2635111111111112	-0.022525949684235477	-0.2863584680646432	0.0	(-0.2863584680646432+0j)
-0.51	-0.2601	-0.022419744000746686	-0.28284637797636036	0.0	(-0.28284637797636036+0j)
-0.5066666666666667	-0.25671111111111117	-0.022312126899628068	-0.27935519110934703	0.0	(-0.27935519110934703+0j)
-0.5033333333333334	-0.25334444444444454	-0.022203086246675507	-0.27588489698204993	0.0	(-0.27588489698204993+0j)
-0.5	-0.25	-0.022092610191407576	-0.2724354854247625	0.0	(-0.2724354854247625+0j)
-0.4966666666666667	-0.2466777777777778	-0.021980687185885986	-0.26900694659860613	0.0	(-0.26900694659860613+0j)
-0.49333333333333335	-0.2433777777777778	-0.021867306003945222	-0.26559927101493486	0.0	(-0.26559927101493486+0j)
-0.49000000000000005	-0.24010000000000004	-0.021752455760822974	-0.262212449555085	0.0	(-0.262212449555085+0j)
-0.4866666666666667	-0.23684444444444447	-0.02163612593318205	-0.2588464734905166	0.0	(-0.2588464734905166+0j)
-0.48333333333333334	-0.2336111111111111	-0.02151830637951358	-0.2555013345032899	0.0	(-0.2555013345032899+0j)
-0.48000000000000004	-0.23040000000000005	-0.021398987360910195	-0.2521770247068853	0.0	(-0.2521770247068853+0j)
-0.4766666666666667	-0.2272111111111111	-0.021278159562197037	-0.24887353666734613	0.0	(-0.24887353666734613+0j)
-0.4733333333333334	-0.2240444444444445	-0.02115581411340724	-0.2455908634247184	0.0	(-0.2455908634247184+0j)
-0.47000000000000003	-0.22090000000000004	-0.021031942611587737	-0.24232899851477985	0.0	(-0.24232899851477985+0j)
-0.4666666666666667	-0.2177777777777778	-0.020906537142919828	-0.239087935991039	0.0	(-0.239087935991039+0j)
-0.4633333333333334	-0.21467777777777783	-0.02077959030513842	-0.23586767044696658	0.0	(-0.23586767044696658+0j)
-0.46	-0.2116	-0.02065109523023211	-0.2326681970384576	0.0	(-0.2326681970384576+0j)
-0.4566666666666667	-0.2085444444444445	-0.020521045607405888	-0.2294895115064763	0.0	(-0.2294895115064763+0j)
-0.45333333333333337	-0.20551111111111114	-0.02038943570628655	-0.22633161019988476	0.0	(-0.22633161019988476+0j)
-0.45	-0.2025	-0.020256260400350296	-0.22319449009839246	0.0	(-0.22319449009839246+0j)
-0.4466666666666667	-0.19951111111111114	-0.020121515190550485	-0.22007814883563717	0.0	(-0.22007814883563717+0j)
-0.44333333333333336	-0.19654444444444447	-0.01998519622912281	-0.21698258472231702	0.0	(-0.21698258472231702+0j)
-0.44	-0.1936	-0.01984730034354374	-0.21390779676938648	0.0	(-0.21390779676938648+0j)
-0.4366666666666667	-0.1906777777777778	-0.019707825060617128	-0.21085378471123206	0.0	(-0.21085378471123206+0j)
-0.43333333333333335	-0.1877777777777778	-0.01956676863066282	-0.20782054902882177	0.0	(-0.20782054902882177+0j)
-0.43000000000000005	-0.18490000000000004	-0.01942413005178	-0.20480809097276234	0.0	(-0.20480809097276234+0j)
-0.4266666666666667	-0.18204444444444448	-0.01927990909415687	-0.20181641258621866	0.0	(-0.20181641258621866+0j)
-0.42333333333333334	-0.17921111111111113	-0.019134106324397313	-0.19884551672762518	0.0	(-0.19884551672762518+0j)
-0.42000000000000004	-0.17640000000000003	-0.018986723129834085	-0.19589540709316444	0.0	(-0.19589540709316444+0j)
-0.4166666666666667	-0.17361111111111113	-0.018837761742797145	-0.1929660882388784	0.0	(-0.1929660882388784+0j)
-0.4133333333333334	-0.1708444444444445	-0.018687225264804614	-0.1900575656023544	0.0	(-0.1900575656023544+0j)
-0.41000000000000003	-0.16810000000000003	-0.018535117690642998	-0.18716984552390473	0.0	(-0.18716984552390473+0j)
-0.4066666666666667	-0.1653777777777778	-0.018381443932302358	-0.18430293526704952	0.0	(-0.18430293526704952+0j)
-0.4033333333333334	-0.1626777777777778	-0.018226209842731118	-0.18145684303816487	0.0	(-0.18145684303816487+0j)
-0.4	-0.16000000000000003	-0.018069422239374397	-0.17863157800510038	0.0	(-0.17863157800510038+0j)
-0.39666666666666667	-0.15734444444444445	-0.017911088927458945	-0.17582715031441368	0.0	(-0.17582715031441368+0j)
-0.39333333333333337	-0.15471111111111113	-0.01775121872298686	-0.17304357110687987	0.0	(-0.17304357110687987+0j)
-0.39	-0.1521	-0.017589821475399583	-0.1702808525306453	0.0	(-0.1702808525306453+0j)
-0.3866666666666667	-0.14951111111111115	-0.017426908089872933	-0.16753900775119268	0.0	(-0.16753900775119268+0j)
-0.38333333333333336	-0.14694444444444446	-0.01726249054920334	-0.16481805095683602	0.0	(-0.16481805095683602+0j)
-0.38	-0.1444	-0.01709658193524468	-0.16211799735766977	0.0	(-0.16211799735766977+0j)
-0.3766666666666667	-0.1418777777777778	-0.016929196449854692	-0.15943886317470193	0.0	(-0.15943886317470193+0j)
-0.37333333333333335	-0.1393777777777778	-0.01676034943530947	-0.15678066561347967	0.0	(-0.15678066561347967+0j)
-0.37000000000000005	-0.13690000000000005	-0.016590057394143938	-0.15414342281228136	0.0	(-0.15414342281228136+0j)
-0.3666666666666667	-0.13444444444444448	-0.016418338008376013	-0.15152715374634684	0.0	(-0.15152715374634684+0j)
-0.36333333333333334	-0.1320111111111111	-0.016245210158071722	-0.14893187805167915	0.0	(-0.14893187805167915+0j)
-0.36000000000000004	-0.12960000000000002	-0.01607069393920839	-0.14635761569175693	0.0	(-0.14635761569175693+0j)
-0.3566666666666667	-0.12721111111111114	-0.01589481068079273	-0.14380438629206072	0.0	(-0.14380438629206072+0j)
-0.35333333333333333	-0.12484444444444444	-0.01571758296119079	-0.14127220769927737	0.0	(-0.14127220769927737+0j)
-0.35000000000000003	-0.12250000000000003	-0.015539034623626368	-0.13876109248258206	0.0	(-0.13876109248258206+0j)
-0.3466666666666667	-0.12017777777777779	-0.015359190790804833	-0.13627103790938117	0.0	(-0.13627103790938117+0j)
-0.3433333333333334	-0.1178777777777778	-0.015178077878619385	-0.13380198883473537	0.0	(-0.13380198883473537+0j)
-0.34	-0.11560000000000002	-0.014995723608896817	-0.13135361813403038	0.0	(-0.13135361813403038+0j)
-0.33666666666666667	-0.11334444444444444	-0.0148121570211404	-0.12891901687862747	0.0	(-0.12891901687862747+0j)
-0.33333333333333337	-0.11111111111111113	-0.014627408483227751	-0.12840066837772837	0.0	(-0.12840066837772837+0j)
-0.33	-0.10890000000000001	-0.014441509701022013	-0.12652677326480055	0.0	(-0.12652677326480055+0j)
-0.32666666666666666	-0.1067111111111111	-0.01425449372685534	-0.1241413483490061	0.0	(-0.1241413483490061+0j)
-0.32333333333333336	-0.10454444444444447	-0.014066394966844283	-0.12177837806541789	0.0	(-0.12177837806541789+0j)
-0.32	-0.1024	-0.013877249186997344	-0.11943698717879832	0.0	(-0.11943698717879832+0j)
-0.3166666666666667	-0.1002777777777778	-0.013687093518075958	-0.11711706406578207	0.0	(-0.11711706406578207+0j)
-0.31333333333333335	-0.0981777777777778	-0.013495966459170974	-0.11481860046995669	0.0	(-0.11481860046995669+0j)
-0.31	-0.0961	-0.013303907879957791	-0.11254161595120453	0.0	(-0.11254161595120453+0j)
-0.3066666666666667	-0.09404444444444446	-0.013110959021594388	-0.11028614059289123	0.0	(-0.11028614059289123+0j)
-0.30333333333333334	-0.09201111111111111	-0.012917162496227722	-0.10805220949178752	0.0	(-0.10805220949178752+0j)
-0.30000000000000004	-0.09000000000000002	-0.01272256228507529	-0.1058398605882332	0.0	(-0.1058398605882332+0j)
-0.2966666666666667	-0.08801111111111112	-0.01252720373505	-0.10364913366114534	0.0	(-0.10364913366114534+0j)
-0.29333333333333333	-0.08604444444444445	-0.012331133553898085	-0.10148006978982753	0.0	(-0.10148006978982753+0j)
-0.29000000000000004	-0.08410000000000002	-0.012134399803821196	-0.09933271102121326	0.0	(-0.09933271102121326+0j)
-0.2866666666666667	-0.08217777777777778	-0.011937051893555707	-0.0972071001325742	0.0	(-0.0972071001325742+0j)
-0.2833333333333333	-0.08027777777777777	-0.011739140568883939	-0.09510328043894109	0.0	(-0.09510328043894109+0j)
-0.28	-0.07840000000000001	-0.011540717901553732	-0.09302129561991283	0.0	(-0.09302129561991283+0j)
-0.27666666666666667	-0.07654444444444444	-0.011341837276584964	-0.09096118955238437	0.0	(-0.09096118955238437+0j)
-0.2733333333333334	-0.07471111111111113	-0.011142553377943462	-0.08892300614158112	0.0	(-0.08892300614158112+0j)
-0.27	-0.0729	-0.01094292217256497	-0.0869067891459335	0.0	(-0.0869067891459335+0j)
-0.26666666666666666	-0.07111111111111111	-0.010743000892713898	-0.08491258199306202	0.0	(-0.08491258199306202+0j)
-0.26333333333333336	-0.06934444444444446	-0.010542848016664004	-0.08294042758522531	0.0	(-0.08294042758522531+0j)
-0.26	-0.06760000000000001	-0.010342523247690253	-0.08099036809330218	0.0	(-0.08099036809330218+0j)
-0.2566666666666667	-0.0658777777777778	-0.010142087491363848	-0.07906244473891076	0.0	(-0.07906244473891076+0j)
-0.25333333333333335	-0.06417777777777779	-0.009941602831144527	-0.07715669756469706	0.0	(-0.07715669756469706+0j)
-0.25	-0.0625	-0.009741132502266955	-0.07527316519323528	0.0	(-0.07527316519323528+0j)
-0.24666666666666667	-0.06084444444444445	-0.009540740863920724	-0.07341188457536371	0.0	(-0.07341188457536371+0j)
-0.24333333333333335	-0.05921111111111112	-0.009340493369725825	-0.07157289072918299	0.0	(-0.07157289072918299+0j)
-0.24000000000000002	-0.05760000000000001	-0.009140456536508409	-0.06975621647135657	0.0	(-0.06975621647135657+0j)
-0.2366666666666667	-0.05601111111111112	-0.008940697911384382	-0.06796189214278599	0.0	(-0.06796189214278599+0j)
-0.23333333333333334	-0.05444444444444445	-0.008741286037160963	-0.06618994533120667	0.0	(-0.06618994533120667+0j)
-0.23	-0.0529	-0.008542290416069381	-0.06444040059372386	0.0	(-0.06444040059372386+0j)
-0.22666666666666668	-0.051377777777777786	-0.008343781471844613	-0.06271327918282202	0.0	(-0.06271327918282202+0j)
-0.22333333333333336	-0.049877777777777785	-0.008145830510170971	-0.061008598779901196	0.0	(-0.061008598779901196+0j)
-0.22	-0.0484	-0.007948509677515259	-0.059326373240915255	0.0	(-0.059326373240915255+0j)
-0.21666666666666667	-0.04694444444444445	-0.007751891918372118	-0.05766661235922046	0.0	(-0.05766661235922046+0j)
-0.21333333333333335	-0.04551111111111112	-0.007556050930949058	-0.05602932165126268	0.0	(-0.05602932165126268+0j)
-0.21000000000000002	-0.04410000000000001	-0.007361061121321671	-0.0544145021712083	0.0	(-0.0544145021712083+0j)
-0.2066666666666667	-0.04271111111111112	-0.007166997556092391	-0.05282215036109549	0.0	(-0.05282215036109549+0j)
-0.20333333333333334	-0.04134444444444445	-0.006973935913589051	-0.05125225794346734	0.0	(-0.05125225794346734+0j)
-0.2	-0.04000000000000001	-0.0067819524336424925	-0.04970481186379342	0.0	(-0.04970481186379342+0j)
-0.19666666666666668	-0.03867777777777778	-0.006591123865985087	-0.04817979429022351	0.0	(-0.04817979429022351+0j)
-0.19333333333333336	-0.03737777777777779	-0.006401527417315297	-0.046677182678353864	0.0	(-0.046677182678353864+0j)
-0.19	-0.0361	-0.006213240697075704	-0.045196949908717136	0.0	(-0.045196949908717136+0j)
-0.18666666666666668	-0.03484444444444445	-0.006026341661995189	-0.04373906450457367	0.0	(-0.04373906450457367+0j)
-0.18333333333333335	-0.03361111111111112	-0.005840908559448235	-0.042303490937299265	0.0	(-0.042303490937299265+0j)
-0.18000000000000002	-0.032400000000000005	-0.005657019869687221	-0.04089019002622677	0.0	(-0.04089019002622677+0j)
-0.17666666666666667	-0.03121111111111111	-0.005474754247006171	-0.03949911943913908	0.0	(-0.03949911943913908+0j)
-0.17333333333333334	-0.030044444444444447	-0.0052941904598969615	-0.03813023429878466	0.0	(-0.03813023429878466+0j)
-0.17	-0.028900000000000006	-0.005115407330261133	-0.0367834878997399	0.0	(-0.0367834878997399+0j)
-0.16666666666666669	-0.027777777777777783	-0.00493848367174342	-0.03545883253868566	0.0	(-0.03545883253868566+0j)
-0.16333333333333333	-0.026677777777777776	-0.004763498227254841	-0.034156220459698135	0.0	(-0.034156220459698135+0j)
-0.16	-0.0256	-0.004590529605755659	-0.032875604914499326	0.0	(-0.032875604914499326+0j)
-0.15666666666666668	-0.02454444444444445	-0.0044196562183707565	-0.03161694133573473	0.0	(-0.03161694133573473+0j)
-0.15333333333333335	-0.023511111111111115	-0.004250956213911507	-0.030380188619330884	0.0	(-0.030380188619330884+0j)
-0.15000000000000002	-0.022500000000000006	-0.004084507413880632	-0.029165310509797263	0.0	(-0.029165310509797263+0j)
-0.14666666666666667	-0.021511111111111113	-0.003920387247037856	-0.027972277080042955	0.0	(-0.027972277080042955+0j)
-0.14333333333333334	-0.020544444444444445	-0.003758672683606499	-0.02680106629492021	0.0	(-0.02680106629492021+0j)
-0.14	-0.019600000000000003	-0.0035994401692014504	-0.025651665645307683	0.0	(-0.025651665645307683+0j)
-0.1366666666666667	-0.018677777777777783	-0.003442765558561902	-0.024524073837194106	0.0	(-0.024524073837194106+0j)
-0.13333333333333333	-0.017777777777777778	-0.0032887240491722564	-0.02341830251798373	0.0	(-0.02341830251798373+0j)
-0.13	-0.016900000000000002	-0.0031373901148563227	-0.022334378020157624	0.0	(-0.022334378020157624+0j)
-0.12666666666666668	-0.016044444444444448	-0.0029888374394308054	-0.021272343100662356	0.0	(-0.021272343100662356+0j)
-0.12333333333333334	-0.015211111111111113	-0.0028431388505049254	-0.020232258652973466	0.0	(-0.020232258652973466+0j)
-0.12000000000000001	-0.014400000000000003	-0.0027003662535135704	-0.01921420536790168	0.0	(-0.01921420536790168+0j)
-0.11666666666666667	-0.013611111111111112	-0.0025605905660721316	-0.018218285318977318	0.0	(-0.018218285318977318+0j)
-0.11333333333333334	-0.012844444444444447	-0.0024238816527413776	-0.017244623448871097	0.0	(-0.017244623448871097+0j)
-0.11	-0.0121	-0.002290308260291113	-0.016293368934998886	0.0	(-0.016293368934998886+0j)
-0.10666666666666667	-0.01137777777777778	-0.0021599379535510235	-0.015364696415506853	0.0	(-0.015364696415506853+0j)
-0.10333333333333335	-0.01067777777777778	-0.0020328370519378733	-0.014458807061586625	0.0	(-0.014458807061586625+0j)
-0.1	-0.010000000000000002	-0.0019090705667467942	-0.013575929488960007	0.0	(-0.013575929488960007+0j)
-0.09666666666666668	-0.009344444444444447	-0.001788702139295037	-0.012716320510943189	0.0	(-0.012716320510943189+0j)
-0.09333333333333334	-0.008711111111111112	-0.001671793980005179	-0.011880265748338214	0.0	(-0.011880265748338214+0j)
-0.09000000000000001	-0.008100000000000001	-0.0015584068085147673	-0.01106808012813351	0.0	(-0.01106808012813351+0j)
-0.08666666666666667	-0.007511111111111112	-0.001448599794897816	-0.010280108324053062	0.0	(-0.010280108324053062+0j)
-0.08333333333333334	-0.006944444444444446	-0.001342430502082534	-0.009516725217252128	0.0	(-0.009516725217252128+0j)
-0.08	-0.0064	-0.0012399548295491392	-0.008778336483411807	0.0	(-0.008778336483411807+0j)
-0.07666666666666667	-0.005877777777777779	-0.0011412269583894324	-0.008065379438856428	0.0	(-0.008065379438856428+0j)
-0.07333333333333333	-0.005377777777777778	-0.0010462992978083757	-0.007378324293628603	0.0	(-0.007378324293628603+0j)
-0.07	-0.004900000000000001	-0.0009552224331466769	-0.006717675945638034	0.0	(-0.006717675945638034+0j)
-0.06666666666666667	-0.0044444444444444444	-0.000868045075500673	-0.006083976376354806	0.0	(-0.006083976376354806+0j)
-0.06333333333333334	-0.004011111111111112	-0.0007848140130153197	-0.005477807529843098	0.0	(-0.005477807529843098+0j)
-0.060000000000000005	-0.0036000000000000008	-0.0007055740639208552	-0.0048997942199305545	0.0	(-0.0048997942199305545+0j)
-0.05666666666666667	-0.0032111111111111116	-0.0006303680313865523	-0.004350606080037872	0.0	(-0.004350606080037872+0j)
-0.05333333333333334	-0.002844444444444445	-0.0005592366602552579	-0.0038309568895666356	0.0	(-0.0038309568895666356+0j)
-0.05	-0.0025000000000000005	-0.0004922185957285941	-0.0033415989891920814	0.0	(-0.0033415989891920814+0j)
-0.04666666666666667	-0.002177777777777778	-0.0004293503440608304	-0.0028833103720264683	0.0	(-0.0028833103720264683+0j)
-0.043333333333333335	-0.001877777777777778	-0.00037066623532533427	-0.002456872971992278	0.0	(-0.002456872971992278+0j)
-0.04	-0.0016	-0.00031619838830515556	-0.002063042960620123	0.0	(-0.002063042960620123+0j)
-0.03666666666666667	-0.0013444444444444445	-0.00026597667756811383	-0.0017025169721972698	0.0	(-0.0017025169721972698+0j)
-0.03333333333333333	-0.0011111111111111111	-0.00022002870276871533	-0.0013759005660969822	0.0	(-0.0013759005660969822+0j)
-0.030000000000000002	-0.0009000000000000002	-0.0001783797602322723	-0.0010836851727412855	0.0	(-0.0010836851727412855+0j)
-0.02666666666666667	-0.0007111111111111113	-0.00014105281685716786	-0.0008262367508669613	0.0	(-0.0008262367508669613+0j)
-0.023333333333333334	-0.0005444444444444445	-0.00010806848638134081	-0.00060379472518769	0.0	(-0.00060379472518769+0j)
-0.02	-0.0004	-7.944500804768495e-05	-0.0004164755031449279	0.0	(-0.0004164755031449279+0j)
-0.016666666666666666	-0.0002777777777777778	-5.5198227698616265e-05	-0.0002642718684493544	0.0	(-0.0002642718684493544+0j)
-0.013333333333333334	-0.0001777777777777778	-3.534158133478016e-05	-0.00014703652247696086	0.0	(-0.00014703652247696086+0j)
-0.01	-0.0001	-1.988608115510715e-05	-6.443164007810389e-05	0.0	(-6.443164007810389e-05+0j)
-0.006666666666666667	-4.444444444444445e-05	-8.84030411540948e-06	-1.5813936972052198e-05	0.0	(-1.5813936972052198e-05+0j)
-0.0033333333333333335	-1.1111111111111113e-05	-2.2103829877551107e-06	2.1250362580715887e-17	-0.004180949446644189	(2.1250362580715887e-17-0.004180949446644189j)
0.0033333333333333335	1.1111111111111113e-05	2.2103829877551107e-06	2.1250362580715887e-17	0.004180949446644189	(2.1250362580715887e-17+0.004180949446644189j)
0.006666666666666667	4.444444444444445e-05	8.84030411540948e-06	1.581393697201369e-05	0.0	(1.581393697201369e-05+0j)
0.01	0.0001	1.988608115510715e-05	6.443164007810156e-05	0.0	(6.443164007810156e-05+0j)
0.013333333333333334	0.0001777777777777778	3.534158133478016e-05	0.00014703652247691058	0.0	(0.00014703652247691058+0j)
0.016666666666666666	0.0002777777777777778	5.5198227698616265e-05	0.0002642718684493129	0.0	(0.0002642718684493129+0j)
0.02	0.0004	7.944500804768495e-05	0.00041647550314488326	0.0	(0.00041647550314488326+0j)
0.023333333333333334	0.0005444444444444445	0.00010806848638134081	0.0006037947251876784	0.0	(0.0006037947251876784+0j)
0.02666666666666667	0.0007111111111111113	0.00014105281685716786	0.0008262367508669664	0.0	(0.0008262367508669664+0j)
0.030000000000000002	0.0009000000000000002	0.0001783797602322723	0.0010836851727412642	0.0	(0.0010836851727412642+0j)
0.03333333333333333	0.0011111111111111111	0.00022002870276871533	0.0013759005660969952	0.0	(0.0013759005660969952+0j)
0.03666666666666667	0.0013444444444444445	0.00026597667756811383	0.0017025169721972353	0.0	(0.0017025169721972353+0j)
0.04	0.0016	0.00031619838830515556	0.0020630429606201014	0.0	(0.0020630429606201014+0j)
0.043333333333333335	0.001877777777777778	0.00037066623532533427	0.0024568729719922577	0.0	(0.0024568729719922577+0j)
0.04666666666666667	0.002177777777777778	0.0004293503440608304	0.002883310372026442	0.0	(0.002883310372026442+0j)
0.05	0.0025000000000000005	0.0004922185957285941	0.0033415989891920667	0.0	(0.0033415989891920667+0j)
0.05333333333333334	0.002844444444444445	0.0005592366602552579	0.003830956889566617	0.0	(0.003830956889566617+0j)
0.05666666666666667	0.0032111111111111116	0.0006303680313865523	0.004350606080037848	0.0	(0.004350606080037848+0j)
0.060000000000000005	0.0036000000000000008	0.0007055740639208552	0.00489979421993061	0.0	(0.00489979421993061+0j)
0.06333333333333334	0.004011111111111112	0.0007848140130153197	0.005477807529843091	0.0	(0.005477807529843091+0j)
0.06666666666666667	0.0044444444444444444	0.000868045075500673	0.00608397637635478	0.0	(0.00608397637635478+0j)
0.07	0.004900000000000001	0.0009552224331466769	0.006717675945638016	0.0	(0.006717675945638016+0j)
0.07333333333333333	0.005377777777777778	0.0010462992978083757	0.0073783242936285316	0.0	(0.0073783242936285316+0j)
0.07666666666666667	0.005877777777777779	0.0011412269583894324	0.008065379438856424	0.0	(0.008065379438856424+0j)
0.08	0.0064	0.0012399548295491392	0.008778336483411791	0.0	(0.008778336483411791+0j)
0.08333333333333334	0.006944444444444446	0.001342430502082534	0.009516725217252026	0.0	(0.009516725217252026+0j)
0.08666666666666667	0.007511111111111112	0.001448599794897816	0.01028010832405305	0.0	(0.01028010832405305+0j)
0.09000000000000001	0.008100000000000001	0.0015584068085147673	0.011068080128133385	0.0	(0.011068080128133385+0j)
0.09333333333333334	0.008711111111111112	0.001671793980005179	0.011880265748338132	0.0	(0.011880265748338132+0j)
0.09666666666666668	0.009344444444444447	0.001788702139295037	0.01271632051094316	0.0	(0.01271632051094316+0j)
0.1	0.010000000000000002	0.0019090705667467942	0.013575929488960059	0.0	(0.013575929488960059+0j)
0.10333333333333335	0.01067777777777778	0.0020328370519378733	0.014458807061586604	0.0	(0.014458807061586604+0j)
0.10666666666666667	0.01137777777777778	0.0021599379535510235	0.015364696415506853	0.0	(0.015364696415506853+0j)
0.11	0.0121	0.002290308260291113	0.016293368934998862	0.0	(0.016293368934998862+0j)
0.11333333333333334	0.012844444444444447	0.0024238816527413776	0.017244623448871118	0.0	(0.017244623448871118+0j)
0.11666666666666667	0.013611111111111112	0.0025605905660721316	0.018218285318977265	0.0	(0.018218285318977265+0j)
0.12000000000000001	0.014400000000000003	0.0027003662535135704	0.01921420536790159	0.0	(0.01921420536790159+0j)
0.12333333333333334	0.015211111111111113	0.0028431388505049254	0.020232258652973376	0.0	(0.020232258652973376+0j)
0.12666666666666668	0.016044444444444448	0.0029888374394308054	0.0212723431006625	0.0	(0.0212723431006625+0j)
0.13	0.016900000000000002	0.0031373901148563227	0.022334378020157503	0.0	(0.022334378020157503+0j)
0.13333333333333333	0.017777777777777778	0.0032887240491722564	0.02341830251798375	0.0	(0.02341830251798375+0j)
0.1366666666666667	0.018677777777777783	0.003442765558561902	0.024524073837194262	0.0	(0.024524073837194262+0j)
0.14	0.019600000000000003	0.0035994401692014504	0.025651665645307197	0.0	(0.025651665645307197+0j)
0.14333333333333334	0.020544444444444445	0.003758672683606499	0.02680106629492031	0.0	(0.02680106629492031+0j)
0.14666666666666667	0.021511111111111113	0.003920387247037856	0.02797227708004285	0.0	(0.02797227708004285+0j)
0.15000000000000002	0.022500000000000006	0.004084507413880632	0.029165310509797097	0.0	(0.029165310509797097+0j)
0.15333333333333335	0.023511111111111115	0.004250956213911507	0.03038018861933108	0.0	(0.03038018861933108+0j)
0.15666666666666668	0.02454444444444445	0.0044196562183707565	0.03161694133573454	0.0	(0.03161694133573454+0j)
0.16	0.0256	0.004590529605755659	0.032875604914499285	0.0	(0.032875604914499285+0j)
0.16333333333333333	0.026677777777777776	0.004763498227254841	0.034156220459698176	0.0	(0.034156220459698176+0j)
0.16666666666666669	0.027777777777777783	0.00493848367174342	0.03545883253868542	0.0	(0.03545883253868542+0j)
0.17	0.028900000000000006	0.005115407330261133	0.036783487899740196	0.0	(0.036783487899740196+0j)
0.17333333333333334	0.030044444444444447	0.0052941904598969615	0.038130234298784385	0.0	(0.038130234298784385+0j)
0.17666666666666667	0.03121111111111111	0.005474754247006171	0.039499119439139106	0.0	(0.039499119439139106+0j)
0.18000000000000002	0.032400000000000005	0.005657019869687221	0.04089019002622684	0.0	(0.04089019002622684+0j)
0.18333333333333335	0.03361111111111112	0.005840908559448235	0.042303490937299106	0.0	(0.042303490937299106+0j)
0.18666666666666668	0.03484444444444445	0.006026341661995189	0.04373906450457384	0.0	(0.04373906450457384+0j)
0.19	0.0361	0.006213240697075704	0.0451969499087173	0.0	(0.0451969499087173+0j)
0.19333333333333336	0.03737777777777779	0.006401527417315297	0.04667718267835368	0.0	(0.04667718267835368+0j)
0.19666666666666668	0.03867777777777778	0.006591123865985087	0.04817979429022332	0.0	(0.04817979429022332+0j)
0.2	0.04000000000000001	0.0067819524336424925	0.04970481186379363	0.0	(0.04970481186379363+0j)
0.20333333333333334	0.04134444444444445	0.006973935913589051	0.05125225794346702	0.0	(0.05125225794346702+0j)
0.2066666666666667	0.04271111111111112	0.007166997556092391	0.052822150361095846	0.0	(0.052822150361095846+0j)
0.21000000000000002	0.04410000000000001	0.007361061121321671	0.054414502171208155	0.0	(0.054414502171208155+0j)
0.21333333333333335	0.04551111111111112	0.007556050930949058	0.056029321651262474	0.0	(0.056029321651262474+0j)
0.21666666666666667	0.04694444444444445	0.007751891918372118	0.05766661235922056	0.0	(0.05766661235922056+0j)
0.22	0.0484	0.007948509677515259	0.05932637324091502	0.0	(0.05932637324091502+0j)
0.22333333333333336	0.049877777777777785	0.008145830510170971	0.06100859877990141	0.0	(0.06100859877990141+0j)
0.22666666666666668	0.051377777777777786	0.008343781471844613	0.06271327918282232	0.0	(0.06271327918282232+0j)
0.23	0.0529	0.008542290416069381	0.064440400593724	0.0	(0.064440400593724+0j)
0.23333333333333334	0.05444444444444445	0.008741286037160963	0.06618994533120658	0.0	(0.06618994533120658+0j)
0.2366666666666667	0.05601111111111112	0.008940697911384382	0.067961892142786	0.0	(0.067961892142786+0j)
0.24000000000000002	0.05760000000000001	0.009140456536508409	0.0697562164713564	0.0	(0.0697562164713564+0j)
0.24333333333333335	0.05921111111111112	0.009340493369725825	0.07157289072918269	0.0	(0.07157289072918269+0j)
0.24666666666666667	0.06084444444444445	0.009540740863920724	0.0734118845753632	0.0	(0.0734118845753632+0j)
0.25	0.0625	0.009741132502266955	0.0752731651932351	0.0	(0.0752731651932351+0j)
0.25333333333333335	0.06417777777777779	0.009941602831144527	0.07715669756469687	0.0	(0.07715669756469687+0j)
0.2566666666666667	0.0658777777777778	0.010142087491363848	0.0790624447389104	0.0	(0.0790624447389104+0j)
0.26	0.06760000000000001	0.010342523247690253	0.08099036809330232	0.0	(0.08099036809330232+0j)
0.26333333333333336	0.06934444444444446	0.010542848016664004	0.0829404275852253	0.0	(0.0829404275852253+0j)
0.26666666666666666	0.07111111111111111	0.010743000892713898	0.08491258199306244	0.0	(0.08491258199306244+0j)
0.27	0.0729	0.01094292217256497	0.08690678914593367	0.0	(0.08690678914593367+0j)
0.2733333333333334	0.07471111111111113	0.011142553377943462	0.08892300614158116	0.0	(0.08892300614158116+0j)
0.27666666666666667	0.07654444444444444	0.011341837276584964	0.09096118955238482	0.0	(0.09096118955238482+0j)
0.28	0.07840000000000001	0.011540717901553732	0.09302129561991376	0.0	(0.09302129561991376+0j)
0.2833333333333333	0.08027777777777777	0.011739140568883939	0.09510328043894023	0.0	(0.09510328043894023+0j)
0.2866666666666667	0.08217777777777778	0.011937051893555707	0.09720710013257379	0.0	(0.09720710013257379+0j)
0.29000000000000004	0.08410000000000002	0.012134399803821196	0.09933271102121347	0.0	(0.09933271102121347+0j)
0.29333333333333333	0.08604444444444445	0.012331133553898085	0.10148006978982821	0.0	(0.10148006978982821+0j)
0.2966666666666667	0.08801111111111112	0.01252720373505	0.10364913366114524	0.0	(0.10364913366114524+0j)
0.30000000000000004	0.09000000000000002	0.01272256228507529	0.10583986058823343	0.0	(0.10583986058823343+0j)
0.30333333333333334	0.09201111111111111	0.012917162496227722	0.10805220949178707	0.0	(0.10805220949178707+0j)
0.3066666666666667	0.09404444444444446	0.013110959021594388	0.11028614059289124	0.0	(0.11028614059289124+0j)
0.31	0.0961	0.013303907879957791	0.11254161595120486	0.0	(0.11254161595120486+0j)
0.31333333333333335	0.0981777777777778	0.013495966459170974	0.1148186004699572	0.0	(0.1148186004699572+0j)
0.3166666666666667	0.1002777777777778	0.013687093518075958	0.11711706406578207	0.0	(0.11711706406578207+0j)
0.32	0.1024	0.013877249186997344	0.11943698717879843	0.0	(0.11943698717879843+0j)
0.32333333333333336	0.10454444444444447	0.014066394966844283	0.12177837806541798	0.0	(0.12177837806541798+0j)
0.32666666666666666	0.1067111111111111	0.01425449372685534	0.12414134834900618	0.0	(0.12414134834900618+0j)
0.33	0.10890000000000001	0.014441509701022013	0.1265267732648	0.0	(0.1265267732648+0j)
0.33333333333333337	0.11111111111111113	0.014627408483227751	0.12840066837772784	0.0	(0.12840066837772784+0j)
0.33666666666666667	0.11334444444444444	0.0148121570211404	0.12891901687862725	0.0	(0.12891901687862725+0j)
0.34	0.11560000000000002	0.014995723608896817	0.13135361813403054	0.0	(0.13135361813403054+0j)
0.3433333333333334	0.1178777777777778	0.015178077878619385	0.13380198883473599	0.0	(0.13380198883473599+0j)
0.3466666666666667	0.12017777777777779	0.015359190790804833	0.13627103790938258	0.0	(0.13627103790938258+0j)
0.35000000000000003	0.12250000000000003	0.015539034623626368	0.13876109248258292	0.0	(0.13876109248258292+0j)
0.35333333333333333	0.12484444444444444	0.01571758296119079	0.14127220769927748	0.0	(0.14127220769927748+0j)
0.3566666666666667	0.12721111111111114	0.01589481068079273	0.14380438629206002	0.0	(0.14380438629206002+0j)
0.36000000000000004	0.12960000000000002	0.01607069393920839	0.14635761569175693	0.0	(0.14635761569175693+0j)
0.36333333333333334	0.1320111111111111	0.016245210158071722	0.14893187805167957	0.0	(0.14893187805167957+0j)
0.3666666666666667	0.13444444444444448	0.016418338008376013	0.15152715374634662	0.0	(0.15152715374634662+0j)
0.37000000000000005	0.13690000000000005	0.016590057394143938	0.15414342281227963	0.0	(0.15414342281227963+0j)
0.37333333333333335	0.1393777777777778	0.01676034943530947	0.15678066561347778	0.0	(0.15678066561347778+0j)
0.3766666666666667	0.1418777777777778	0.016929196449854692	0.15943886317470096	0.0	(0.15943886317470096+0j)
0.38	0.1444	0.01709658193524468	0.16211799735766816	0.0	(0.16211799735766816+0j)
0.38333333333333336	0.14694444444444446	0.01726249054920334	0.16481805095683522	0.0	(0.16481805095683522+0j)
0.3866666666666667	0.14951111111111115	0.017426908089872933	0.16753900775119343	0.0	(0.16753900775119343+0j)
0.39	0.1521	0.017589821475399583	0.17028085253064518	0.0	(0.17028085253064518+0j)
0.39333333333333337	0.15471111111111113	0.01775121872298686	0.1730435711068799	0.0	(0.1730435711068799+0j)
0.39666666666666667	0.15734444444444445	0.017911088927458945	0.17582715031441423	0.0	(0.17582715031441423+0j)
0.4	0.16000000000000003	0.018069422239374397	0.1786315780050996	0.0	(0.1786315780050996+0j)
0.4033333333333334	0.1626777777777778	0.018226209842731118	0.18145684303816587	0.0	(0.18145684303816587+0j)
0.4066666666666667	0.1653777777777778	0.018381443932302358	0.18430293526704905	0.0	(0.18430293526704905+0j)
0.41000000000000003	0.16810000000000003	0.018535117690642998	0.18716984552390586	0.0	(0.18716984552390586+0j)
0.4133333333333334	0.1708444444444445	0.018687225264804614	0.19005756560235484	0.0	(0.19005756560235484+0j)
0.4166666666666667	0.17361111111111113	0.018837761742797145	0.19296608823887657	0.0	(0.19296608823887657+0j)
0.42000000000000004	0.17640000000000003	0.018986723129834085	0.19589540709316575	0.0	(0.19589540709316575+0j)
0.42333333333333334	0.17921111111111113	0.019134106324397313	0.1988455167276253	0.0	(0.1988455167276253+0j)
0.4266666666666667	0.18204444444444448	0.01927990909415687	0.20181641258621777	0.0	(0.20181641258621777+0j)
0.43000000000000005	0.18490000000000004	0.01942413005178	0.2048080909727623	0.0	(0.2048080909727623+0j)
0.43333333333333335	0.1877777777777778	0.01956676863066282	0.20782054902882194	0.0	(0.20782054902882194+0j)
0.4366666666666667	0.1906777777777778	0.019707825060617128	0.2108537847112322	0.0	(0.2108537847112322+0j)
0.44	0.1936	0.01984730034354374	0.21390779676938615	0.0	(0.21390779676938615+0j)
0.44333333333333336	0.19654444444444447	0.01998519622912281	0.21698258472231696	0.0	(0.21698258472231696+0j)
0.4466666666666667	0.19951111111111114	0.020121515190550485	0.22007814883563565	0.0	(0.22007814883563565+0j)
0.45	0.2025	0.020256260400350296	0.223194490098393	0.0	(0.223194490098393+0j)
0.45333333333333337	0.20551111111111114	0.02038943570628655	0.22633161019988518	0.0	(0.22633161019988518+0j)
0.4566666666666667	0.2085444444444445	0.020521045607405888	0.22948951150647673	0.0	(0.22948951150647673+0j)
0.46	0.2116	0.02065109523023211	0.2326681970384582	0.0	(0.2326681970384582+0j)
0.4633333333333334	0.21467777777777783	0.02077959030513842	0.23586767044696774	0.0	(0.23586767044696774+0j)
0.4666666666666667	0.2177777777777778	0.020906537142919828	0.23908793599104022	0.0	(0.23908793599104022+0j)
0.47000000000000003	0.22090000000000004	0.021031942611587737	0.24232899851477813	0.0	(0.24232899851477813+0j)
0.4733333333333334	0.2240444444444445	0.02115581411340724	0.2455908634247182	0.0	(0.2455908634247182+0j)
0.4766666666666667	0.2272111111111111	0.021278159562197037	0.2488735366673478	0.0	(0.2488735366673478+0j)
0.48000000000000004	0.23040000000000005	0.021398987360910195	0.2521770247068859	0.0	(0.2521770247068859+0j)
0.48333333333333334	0.2336111111111111	0.02151830637951358	0.2555013345032881	0.0	(0.2555013345032881+0j)
0.4866666666666667	0.23684444444444447	0.02163612593318205	0.2588464734905147	0.0	(0.2588464734905147+0j)
0.49000000000000005	0.24010000000000004	0.021752455760822974	0.26221244955508394	0.0	(0.26221244955508394+0j)
0.49333333333333335	0.2433777777777778	0.021867306003945222	0.26559927101493425	0.0	(0.26559927101493425+0j)
0.4966666666666667	0.2466777777777778	0.021980687185885986	0.2690069465986074	0.0	(0.2690069465986074+0j)
0.5	0.25	0.022092610191407576	0.2724354854247627	0.0	(0.2724354854247627+0j)
0.5033333333333334	0.25334444444444454	0.022203086246675507	0.27588489698205093	0.0	(0.27588489698205093+0j)
0.5066666666666667	0.25671111111111117	0.022312126899628068	0.27935519110934637	0.0	(0.27935519110934637+0j)
0.51	0.2601	0.022419744000746686	0.282846377976361	0.0	(0.282846377976361+0j)
0.5133333333333334	0.2635111111111112	0.022525949684235477	0.2863584680646441	0.0	(0.2863584680646441+0j)
0.5166666666666667	0.2669444444444445	0.02263075634961724	0.28989147214898636	0.0	(0.28989147214898636+0j)
0.52	0.27040000000000003	0.022734176643752664	0.2934454012792283	0.0	(0.2934454012792283+0j)
0.5233333333333333	0.2738777777777778	0.022836223443288173	0.29702026676248355	0.0	(0.29702026676248355+0j)
0.5266666666666667	0.27737777777777783	0.022936909837537364	0.3006160801457808	0.0	(0.3006160801457808+0j)
0.53	0.28090000000000004	0.023036249111799932	0.3042328531991511	0.0	(0.3042328531991511+0j)
0.5333333333333333	0.28444444444444444	0.023134254731121264	0.3078705978991272	0.0	(0.3078705978991272+0j)
0.5366666666666667	0.28801111111111116	0.023230940324495165	0.3115293264126997	0.0	(0.3115293264126997+0j)
0.54	0.2916	0.023326319669511313	0.31520905108169905	0.0	(0.31520905108169905+0j)
0.5433333333333333	0.2952111111111111	0.023420406677448418	0.31890978440763895	0.0	(0.31890978440763895+0j)
0.5466666666666667	0.2988444444444445	0.023513215378813367	0.3226315390369751	0.0	(0.3226315390369751+0j)
0.55	0.30250000000000005	0.023604759909325836	0.3263743277468688	0.0	(0.3263743277468688+0j)
0.5533333333333333	0.30617777777777777	0.0236950544963475	0.33013816343130525	0.0	(0.33013816343130525+0j)
0.5566666666666668	0.30987777777777786	0.023784113445754027	0.3339230590877743	0.0	(0.3339230590877743+0j)
0.56	0.31360000000000005	0.023871951129247733	0.3377290278042766	0.0	(0.3377290278042766+0j)
0.5633333333333334	0.3173444444444445	0.023958581972108116	0.34155608274688193	0.0	(0.34155608274688193+0j)
0.5666666666666667	0.32111111111111107	0.0240440204413769	0.3454042371476478	0.0	(0.3454042371476478+0j)
0.5700000000000001	0.3249000000000001	0.024128281034473877	0.3492735042930146	0.0	(0.3492735042930146+0j)
0.5733333333333334	0.3287111111111111	0.02421137826823929	0.3531638975126485	0.0	(0.3531638975126485+0j)
0.5766666666666667	0.3325444444444444	0.024293326668397994	0.35707543016867377	0.0	(0.35707543016867377+0j)
0.5800000000000001	0.3364000000000001	0.024374140759440353	0.36100811564538293	0.0	(0.36100811564538293+0j)
0.5833333333333334	0.34027777777777785	0.024453835054914365	0.3649619673393147	0.0	(0.3649619673393147+0j)
0.5866666666666667	0.3441777777777778	0.024532424048123173	0.36893699864981977	0.0	(0.36893699864981977+0j)
0.5900000000000001	0.3481000000000001	0.024609922203221744	0.3729332229699628	0.0	(0.3729332229699628+0j)
0.5933333333333334	0.3520444444444445	0.02468634394670627	0.37695065367790836	0.0	(0.37695065367790836+0j)
0.5966666666666667	0.3560111111111111	0.024761703659289484	0.38098930412862136	0.0	(0.38098930412862136+0j)
0.6000000000000001	0.3600000000000001	0.024836015668154923	0.38504918764606316	0.0	(0.38504918764606316+0j)
0.6033333333333334	0.3640111111111112	0.024909294239582738	0.38913031751569205	0.0	(0.38913031751569205+0j)
0.6066666666666667	0.36804444444444445	0.02498155357193975	0.39323270697739665	0.0	(0.39323270697739665+0j)
0.61	0.3721	0.025052807789025935	0.39735636921876777	0.0	(0.39735636921876777+0j)
0.6133333333333334	0.37617777777777783	0.02512307093376956	0.4015013173687751	0.0	(0.4015013173687751+0j)
0.6166666666666667	0.3802777777777778	0.025192356962263008	0.4056675644917705	0.0	(0.4056675644917705+0j)
0.62	0.3844	0.025260679738131155	0.4098551235818884	0.0	(0.4098551235818884+0j)
0.6233333333333334	0.3885444444444445	0.025328053027224073	0.4140640075577362	0.0	(0.4140640075577362+0j)
0.6266666666666667	0.3927111111111112	0.025394490492625776	0.41829422925746457	0.0	(0.41829422925746457+0j)
0.63	0.39690000000000003	0.025460005689970606	0.4225458014341666	0.0	(0.4225458014341666+0j)
0.6333333333333334	0.4011111111111112	0.02552461206305891	0.42681873675157467	0.0	(0.42681873675157467+0j)
0.6366666666666667	0.4053444444444445	0.025588322939763417	0.43111304778009707	0.0	(0.43111304778009707+0j)
0.64	0.4096	0.02565115152821794	0.43542874699314504	0.0	(0.43542874699314504+0j)
0.6433333333333334	0.4138777777777779	0.025713110913279897	0.43976584676377245	0.0	(0.43976584676377245+0j)
0.6466666666666667	0.41817777777777787	0.025774214053258106	0.4441243593616128	0.0	(0.4441243593616128+0j)
0.65	0.42250000000000004	0.025834473776897522	0.448504296950055	0.0	(0.448504296950055+0j)
0.6533333333333333	0.4268444444444444	0.02589390278061238	0.4529056715837695	0.0	(0.4529056715837695+0j)
0.6566666666666667	0.4312111111111112	0.02595251362595949	0.4573284952064295	0.0	(0.4573284952064295+0j)
0.66	0.43560000000000004	0.026010318737343233	0.46177277964873553	0.0	(0.46177277964873553+0j)
0.6633333333333333	0.44001111111111113	0.026067330399944265	0.46623853662667847	0.0	(0.46623853662667847+0j)
0.6666666666666667	0.44444444444444453	0.026123560757863474	0.47072577774003643	0.0	(0.47072577774003643+0j)
0.67	0.4489000000000001	0.02617902181247344	0.47523451447113074	0.0	(0.47523451447113074+0j)
0.6733333333333333	0.45337777777777777	0.02623372542096917	0.4797647581837814	0.0	(0.4797647581837814+0j)
0.6766666666666667	0.4578777777777779	0.026287683295110505	0.48431652012250986	0.0	(0.48431652012250986+0j)
0.68	0.4624000000000001	0.02634090700014826	0.4888898114119211	0.0	(0.4888898114119211+0j)
0.6833333333333333	0.46694444444444444	0.026393407953926674	0.49348464305632117	0.0	(0.49348464305632117+0j)
0.6866666666666668	0.4715111111111112	0.026445197426154546	0.49810102593952066	0.0	(0.49810102593952066+0j)
0.6900000000000001	0.4761000000000001	0.026496286537837803	0.5027389708247955	0.0	(0.5027389708247955+0j)
0.6933333333333334	0.48071111111111114	0.026546686260866308	0.5073984883550812	0.0	(0.5073984883550812+0j)
0.6966666666666667	0.4853444444444444	0.026596407417747815	0.5120795890532911	0.0	(0.5120795890532911+0j)
0.7000000000000001	0.4900000000000001	0.026645460681482186	0.5167822833228402	0.0	(0.5167822833228402+0j)
0.7033333333333334	0.4946777777777778	0.026693856575569185	0.5215065814482784	0.0	(0.5215065814482784+0j)
0.7066666666666667	0.49937777777777775	0.026741605474143133	0.5262524935961026	0.0	(0.5262524935961026+0j)
0.7100000000000001	0.5041000000000001	0.026788717602228146	0.531020029815713	0.0	(0.531020029815713+0j)
0.7133333333333334	0.5088444444444445	0.026835203036107563	0.5358092000404865	0.0	(0.5358092000404865+0j)
0.7166666666666667	0.5136111111111111	0.026881071703801603	0.5406200140889657	0.0	(0.5406200140889657+0j)
0.7200000000000001	0.5184000000000001	0.02692633338564716	0.5454524816661969	0.0	(0.5454524816661969+0j)
0.7233333333333334	0.5232111111111112	0.026970997714974087	0.5503066123651447	0.0	(0.5503066123651447+0j)
0.7266666666666667	0.5280444444444444	0.027015074178872306	0.5551824156682329	0.0	(0.5551824156682329+0j)
0.7300000000000001	0.5329000000000002	0.027058572119044395	0.5600799009489428	0.0	(0.5600799009489428+0j)
0.7333333333333334	0.5377777777777779	0.02710150073273824	0.5649990774735594	0.0	(0.5649990774735594+0j)
0.7366666666666667	0.5426777777777778	0.027143869073754826	0.5699399544029198	0.0	(0.5699399544029198+0j)
0.7400000000000001	0.5476000000000002	0.027185686053526115	0.5749025407943001	0.0	(0.5749025407943001+0j)
0.7433333333333334	0.5525444444444445	0.027226960442258308	0.5798868456033142	0.0	(0.5798868456033142+0j)
0.7466666666666667	0.5575111111111112	0.027267700870135837	0.5848928776859246	0.0	(0.5848928776859246+0j)
0.75	0.5625	0.02730791582858175	0.589920645800421	0.0	(0.589920645800421+0j)
0.7533333333333334	0.5675111111111112	0.02734761367157007	0.5949701586095493	0.0	(0.5949701586095493+0j)
0.7566666666666667	0.5725444444444445	0.027386802616986165	0.6000414246825849	0.0	(0.6000414246825849+0j)
0.76	0.5776	0.027425490748031037	0.6051344524974904	0.0	(0.6051344524974904+0j)
0.7633333333333334	0.582677777777778	0.027463686014665832	0.6102492504430773	0.0	(0.6102492504430773+0j)
0.7666666666666667	0.5877777777777778	0.027501396235092842	0.6153858268211932	0.0	(0.6153858268211932+0j)
0.77	0.5929	0.02753862909726955	0.6205441898489353	0.0	(0.6205441898489353+0j)
0.7733333333333334	0.5980444444444446	0.027575392160452336	0.6257243476608605	0.0	(0.6257243476608605+0j)
0.7766666666666667	0.6032111111111113	0.02761169285676664	0.630926308311222	0.0	(0.630926308311222+0j)
0.78	0.6084	0.027647538492800536	0.6361500797761946	0.0	(0.6361500797761946+0j)
0.7833333333333334	0.6136111111111112	0.02768293625121873	0.6413956699561207	0.0	(0.6413956699561207+0j)
0.7866666666666667	0.6188444444444445	0.02771789319239429	0.6466630866777574	0.0	(0.6466630866777574+0j)
0.79	0.6241000000000001	0.027752416256055283	0.6519523376965176	0.0	(0.6519523376965176+0j)
0.7933333333333333	0.6293777777777778	0.02778651226294402	0.6572634306987413	0.0	(0.6572634306987413+0j)
0.7966666666666667	0.6346777777777779	0.027820187916486206	0.6625963733039635	0.0	(0.6625963733039635+0j)
0.8	0.6400000000000001	0.02785344980446802	0.6679511730671694	0.0	(0.6679511730671694+0j)
0.8033333333333333	0.6453444444444445	0.027886304400718664	0.6733278374811449	0.0	(0.6733278374811449+0j)
0.8066666666666668	0.6507111111111112	0.027918758066796605	0.6787263739787848	0.0	(0.6787263739787848+0j)
0.81	0.6561000000000001	0.0279508170536773	0.6841467899354771	0.0	(0.6841467899354771+0j)
0.8133333333333334	0.6615111111111112	0.027982487503440782	0.6895890926715167	0.0	(0.6895890926715167+0j)
0.8166666666666668	0.6669444444444446	0.028013775450957304	0.6950532894546205	0.0	(0.6950532894546205+0j)
0.8200000000000001	0.6724000000000001	0.02804468682556934	0.7005393875025254	0.0	(0.7005393875025254+0j)
0.8233333333333334	0.6778777777777778	0.02807522745276857	0.7060473939856445	0.0	(0.7060473939856445+0j)
0.8266666666666668	0.683377777777778	0.02810540305586624	0.711577316029925	0.0	(0.711577316029925+0j)
0.8300000000000001	0.6889000000000001	0.02813521925765573	0.7171291607198408	0.0	(0.7171291607198408+0j)
0.8333333333333334	0.6944444444444445	0.0281646815820659	0.7227029351015655	0.0	(0.7227029351015655+0j)
0.8366666666666667	0.7000111111111111	0.0281937954558042	0.7282986461864427	0.0	(0.7282986461864427+0j)
0.8400000000000001	0.7056000000000001	0.028222566209988347	0.73391630095464	0.0	(0.73391630095464+0j)
0.8433333333333334	0.7112111111111112	0.02825099908176558	0.7395559063592693	0.0	(0.7395559063592693+0j)
0.8466666666666667	0.7168444444444445	0.028279099215918604	0.7452174693307994	0.0	(0.7452174693307994+0j)
0.8500000000000001	0.7225000000000001	0.02830687166645733	0.7509009967819708	0.0	(0.7509009967819708+0j)
0.8533333333333334	0.7281777777777779	0.02833432139819557	0.7566064956133086	0.0	(0.7566064956133086+0j)
0.8566666666666667	0.7338777777777779	0.028361453288312022	0.7623339727191875	0.0	(0.7623339727191875+0j)
0.8600000000000001	0.7396000000000001	0.02838827212789488	0.7680834349947065	0.0	(0.7680834349947065+0j)
0.8633333333333334	0.7453444444444446	0.0284147826234694	0.7738548893434422	0.0	(0.7738548893434422+0j)
0.8666666666666667	0.7511111111111112	0.028440989398507893	0.7796483426861631	0.0	(0.7796483426861631+0j)
0.8700000000000001	0.7569000000000002	0.02846689699492177	0.7854638019708331	0.0	(0.7854638019708331+0j)
0.8733333333333334	0.7627111111111112	0.028492509874534958	0.7913012741838409	0.0	(0.7913012741838409+0j)
0.8766666666666667	0.7685444444444445	0.02851783242053856	0.7971607663630372	0.0	(0.7971607663630372+0j)
0.88	0.7744	0.028542868938926172	0.8030422856124542	0.0	(0.8030422856124542+0j)
0.8833333333333334	0.780277777777778	0.02856762365990979	0.808945839119418	0.0	(0.808945839119418+0j)
0.8866666666666667	0.7861777777777779	0.028592100739315812	0.8148714341740965	0.0	(0.8148714341740965+0j)
0.89	0.7921	0.028616304259961138	0.8208190781921867	0.0	(0.8208190781921867+0j)
0.8933333333333334	0.7980444444444446	0.028640238233008996	0.8267887787411746	0.0	(0.8267887787411746+0j)
0.8966666666666667	0.8040111111111112	0.02866390659930451	0.8327805435707881	0.0	(0.8327805435707881+0j)
0.9	0.81	0.028687313230689807	0.8387943806486334	0.0	(0.8387943806486334+0j)
0.9033333333333334	0.8160111111111112	0.028710461931298552	0.844830298201782	0.0	(0.844830298201782+0j)
0.9066666666666667	0.8220444444444446	0.02873335643883	0.850888304765666	0.0	(0.850888304765666+0j)
0.91	0.8281000000000001	0.028756000425802404	0.8569684092417432	0.0	(0.8569684092417432+0j)
0.9133333333333334	0.834177777777778	0.028778397500785848	0.8630706209658576	0.0	(0.8630706209658576+0j)
0.9166666666666667	0.8402777777777779	0.028800551209614528	0.8691949497896232	0.0	(0.8691949497896232+0j)
0.92	0.8464	0.028822465036578558	0.8753414061779001	0.0	(0.8753414061779001+0j)
0.9233333333333333	0.8525444444444444	0.028844142405595286	0.8815100013262449	0.0	(0.8815100013262449+0j)
0.9266666666666667	0.8587111111111113	0.028865586681360363	0.8877007473033832	0.0	(0.8877007473033832+0j)
0.93	0.8649000000000001	0.028886801170478496	0.8939136572252258	0.0	(0.8939136572252258+0j)
0.9333333333333333	0.8711111111111112	0.028907789122574207	0.9001487454692666	0.0	(0.9001487454692666+0j)
0.9366666666666668	0.8773444444444446	0.02892855373138257	0.9064060279409247	0.0	(0.9064060279409247+0j)
0.9400000000000001	0.8836000000000002	0.028949098135820216	0.9126855224078372	0.0	(0.9126855224078372+0j)
0.9433333333333334	0.8898777777777778	0.02896942542103667	0.9189872489238329	0.0	(0.9189872489238329+0j)
0.9466666666666668	0.896177777777778	0.028989538619446358	0.9253112303732847	0.0	(0.9253112303732847+0j)
0.9500000000000001	0.9025000000000001	0.029009440711741268	0.9316574931793673	0.0	(0.9316574931793673+0j)
0.9533333333333334	0.9088444444444445	0.029029134627884694	0.9380260682395475	0.0	(0.9380260682395475+0j)
0.9566666666666668	0.9152111111111113	0.029048623248086113	0.9444169921821335	0.0	(0.9444169921821335+0j)
0.9600000000000001	0.9216000000000002	0.029067909403757492	0.9508303090868945	0.0	(0.9508303090868945+0j)
0.9633333333333334	0.9280111111111112	0.029086995878451306	0.957266072892955	0.0	(0.957266072892955+0j)
0.9666666666666667	0.9344444444444444	0.029105885408780324	0.9637243508545542	0.0	(0.9637243508545542+0j)
0.9700000000000001	0.9409000000000002	0.029124580685319697	0.9702052286485042	0.0	(0.9702052286485042+0j)
0.9733333333333334	0.9473777777777779	0.02914308435349126	0.976708818188606	0.0	(0.976708818188606+0j)
0.9766666666666667	0.9538777777777778	0.029161399014430628	0.9832352700891165	0.0	(0.9832352700891165+0j)
0.9800000000000001	0.9604000000000001	0.029179527225837065	0.9897847945778927	0.0	(0.9897847945778927+0j)
0.9833333333333334	0.9669444444444446	0.0291974715028066	0.9963576988896408	0.0	(0.9963576988896408+0j)
0.9866666666666667	0.9735111111111112	0.029215234318648513	1.002954459840518	0.0	(1.002954459840518+0j)
0.9900000000000001	0.9801000000000002	0.029232818105685534	1.0095758811261413	0.0	(1.0095758811261413+0j)
0.9933333333333334	0.9867111111111112	0.029250225256037987	1.0162234925470628	0.0	(1.0162234925470628+0j)
0.9966666666666667	0.9933444444444445	0.029267458122392148	1.0229008493119107	0.0	(1.0229008493119107+0j)
1.0	1.0	0.02928451901875312	1.0296203273111715	0.0	(1.0296203273111715+0j)
