-1.0	-1.0	-0.0014642259509376559	-1.0014655443660376	0.0	(-1.0014655443660376+0j)
-0.9966666666666667	-0.9933444444444445	-0.0014633729061196074	-0.9948088452997705	0.0	(-0.9948088452997705+0j)
-0.9933333333333334	-0.9867111111111112	-0.0014625112628018993	-0.9881745062998344	0.0	(-0.9881745062998344+0j)
-0.9900000000000001	-0.9801000000000002	-0.0014616409052842767	-0.9815624299559828	0.0	(-0.9815624299559828+0j)
-0.9866666666666667	-0.9735111111111112	-0.0014607617159324256	-0.9749725916190786	0.0	(-0.9749725916190786+0j)
-0.9833333333333334	-0.9669444444444446	-0.00145987357514033	-0.9684049813378794	0.0	(-0.9684049813378794+0j)
-0.9800000000000001	-0.9604000000000001	-0.0014589763612918533	-0.9618595940763195	0.0	(-0.9618595940763195+0j)
-0.9766666666666667	-0.9538777777777778	-0.0014580699507215314	-0.955336426906307	0.0	(-0.955336426906307+0j)
-0.9733333333333334	-0.9473777777777779	-0.001457154217674563	-0.9488354779528708	0.0	(-0.9488354779528708+0j)
-0.9700000000000001	-0.9409000000000002	-0.0014562290342659849	-0.9423567459247717	0.0	(-0.9423567459247717+0j)
-0.9666666666666667	-0.9344444444444444	-0.0014552942704390162	-0.9359002298797375	0.0	(-0.9359002298797375+0j)
-0.9633333333333334	-0.9280111111111112	-0.0014543497939225652	-0.9294659290963968	0.0	(-0.9294659290963968+0j)
-0.9600000000000001	-0.9216000000000002	-0.0014533954701878746	-0.9230538429995747	0.0	(-0.9230538429995747+0j)
-0.9566666666666668	-0.9152111111111113	-0.0014524311624043056	-0.916663971114361	0.0	(-0.916663971114361+0j)
-0.9533333333333334	-0.9088444444444445	-0.0014514567313942347	-0.9102963130365497	0.0	(-0.9102963130365497+0j)
-0.9500000000000001	-0.9025000000000001	-0.0014504720355870634	-0.9039508684129847	0.0	(-0.9039508684129847+0j)
-0.9466666666666668	-0.896177777777778	-0.0014494769309723178	-0.8976276369280071	0.0	(-0.8976276369280071+0j)
-0.9433333333333334	-0.8898777777777778	-0.0014484712710518335	-0.8913266182939066	0.0	(-0.8913266182939066+0j)
-0.9400000000000001	-0.8836000000000002	-0.0014474549067910107	-0.8850478122440417	0.0	(-0.8850478122440417+0j)
-0.9366666666666668	-0.8773444444444446	-0.0014464276865691285	-0.87879121852771	0.0	(-0.87879121852771+0j)
-0.9333333333333333	-0.8711111111111112	-0.0014453894561287104	-0.8725568369063494	0.0	(-0.8725568369063494+0j)
-0.93	-0.8649000000000001	-0.0014443400585239248	-0.8663446671506296	0.0	(-0.8663446671506296+0j)
-0.9266666666666667	-0.8587111111111113	-0.001443279334068018	-0.8601547090381606	0.0	(-0.8601547090381606+0j)
-0.9233333333333333	-0.8525444444444444	-0.0014422071202797643	-0.8539869623517378	0.0	(-0.8539869623517378+0j)
-0.92	-0.8464	-0.0014411232518289278	-0.847841426877912	0.0	(-0.847841426877912+0j)
-0.9166666666666667	-0.8402777777777779	-0.0014400275604807265	-0.8417181024058681	0.0	(-0.8417181024058681+0j)
-0.9133333333333334	-0.834177777777778	-0.0014389198750392924	-0.835616988726483	0.0	(-0.835616988726483+0j)
-0.91	-0.8281000000000001	-0.0014378000212901202	-0.8295380856315547	0.0	(-0.8295380856315547+0j)
-0.9066666666666667	-0.8220444444444446	-0.0014366678219415	-0.8234813929131823	0.0	(-0.8234813929131823+0j)
-0.9033333333333334	-0.8160111111111112	-0.0014355230965649277	-0.8174469103632404	0.0	(-0.8174469103632404+0j)
-0.9	-0.81	-0.0014343656615344903	-0.8114346377729085	0.0	(-0.8114346377729085+0j)
-0.8966666666666667	-0.8040111111111112	-0.0014331953299652257	-0.8054445749322645	0.0	(-0.8054445749322645+0j)
-0.8933333333333334	-0.7980444444444446	-0.0014320119116504498	-0.7994767216300173	0.0	(-0.7994767216300173+0j)
-0.89	-0.7921	-0.001430815212998057	-0.7935310776531266	0.0	(-0.7935310776531266+0j)
-0.8866666666666667	-0.7861777777777779	-0.0014296050369657907	-0.7876076427866172	0.0	(-0.7876076427866172+0j)
-0.8833333333333334	-0.780277777777778	-0.0014283811829954895	-0.7817064168133017	0.0	(-0.7817064168133017+0j)
-0.88	-0.7744	-0.0014271434469463086	-0.7758273995136039	0.0	(-0.7758273995136039+0j)
-0.8766666666666667	-0.7685444444444445	-0.001425891621026928	-0.769970590665361	0.0	(-0.769970590665361+0j)
-0.8733333333333334	-0.7627111111111112	-0.001424625493726748	-0.7641359900436409	0.0	(-0.7641359900436409+0j)
-0.8700000000000001	-0.7569000000000002	-0.0014233448497460884	-0.7583235974206275	0.0	(-0.7583235974206275+0j)
-0.8666666666666667	-0.7511111111111112	-0.0014220494699253947	-0.7525334125654122	0.0	(-0.7525334125654122+0j)
-0.8633333333333334	-0.7453444444444446	-0.00142073913117347	-0.7467654352439034	0.0	(-0.7467654352439034+0j)
-0.8600000000000001	-0.7396000000000001	-0.0014194136063947441	-0.7410196652186928	0.0	(-0.7410196652186928+0j)
-0.8566666666666667	-0.7338777777777779	-0.0014180726644156011	-0.7352961022489309	0.0	(-0.7352961022489309+0j)
-0.8533333333333334	-0.7281777777777779	-0.0014167160699097784	-0.7295947460901666	0.0	(-0.7295947460901666+0j)
-0.8500000000000001	-0.7225000000000001	-0.0014153435833228665	-0.7239155964943147	0.0	(-0.7239155964943147+0j)
-0.8466666666666667	-0.7168444444444445	-0.0014139549607959303	-0.7182586532094752	0.0	(-0.7182586532094752+0j)
-0.8433333333333334	-0.7112111111111112	-0.001412549954088279	-0.71262391597988	0.0	(-0.71262391597988+0j)
-0.8400000000000001	-0.7056000000000001	-0.0014111283104994174	-0.7070113845457413	0.0	(-0.7070113845457413+0j)
-0.8366666666666667	-0.7000111111111111	-0.00140968977279021	-0.7014210586431888	0.0	(-0.7014210586431888+0j)
-0.8333333333333334	-0.6944444444444445	-0.001408234079103295	-0.6958529380041462	0.0	(-0.6958529380041462+0j)
-0.8300000000000001	-0.6889000000000001	-0.0014067609628827865	-0.6903070223562593	0.0	(-0.6903070223562593+0j)
-0.8266666666666668	-0.683377777777778	-0.001405270152793312	-0.6847833114227706	0.0	(-0.6847833114227706+0j)
-0.8233333333333334	-0.6778777777777778	-0.0014037613726384285	-0.6792818049224241	0.0	(-0.6792818049224241+0j)
-0.8200000000000001	-0.6724000000000001	-0.001402234341278467	-0.673802502569397	0.0	(-0.673802502569397+0j)
-0.8166666666666668	-0.6669444444444446	-0.0014006887725478653	-0.6683454040731769	0.0	(-0.6683454040731769+0j)
-0.8133333333333334	-0.6615111111111112	-0.0013991243751720391	-0.6629105091384812	0.0	(-0.6629105091384812+0j)
-0.81	-0.6561000000000001	-0.001397540852683865	-0.6574978174651663	0.0	(-0.6574978174651663+0j)
-0.8066666666666668	-0.6507111111111112	-0.0013959379033398303	-0.6521073287481146	0.0	(-0.6521073287481146+0j)
-0.8033333333333333	-0.6453444444444445	-0.0013943152200359332	-0.6467390426771615	0.0	(-0.6467390426771615+0j)
-0.8	-0.6400000000000001	-0.001392672490223401	-0.6413929589369941	0.0	(-0.6413929589369941+0j)
-0.7966666666666667	-0.6346777777777779	-0.0013910093958243103	-0.636069077207058	0.0	(-0.636069077207058+0j)
-0.7933333333333333	-0.6293777777777778	-0.001389325613147201	-0.6307673971614711	0.0	(-0.6307673971614711+0j)
-0.79	-0.6241000000000001	-0.0013876208128027641	-0.6254879184689305	0.0	(-0.6254879184689305+0j)
-0.7866666666666667	-0.6188444444444445	-0.0013858946596197145	-0.620230640792608	0.0	(-0.620230640792608+0j)
-0.7833333333333334	-0.6136111111111112	-0.0013841468125609367	-0.6149955637900749	0.0	(-0.6149955637900749+0j)
-0.78	-0.6084	-0.0013823769246400267	-0.6097826871132201	0.0	(-0.6097826871132201+0j)
-0.7766666666666667	-0.6032111111111113	-0.001380584642838332	-0.604592010408127	0.0	(-0.604592010408127+0j)
-0.7733333333333334	-0.5980444444444446	-0.0013787696080226168	-0.5994235333150246	0.0	(-0.5994235333150246+0j)
-0.77	-0.5929	-0.0013769314548634775	-0.5942772554681817	0.0	(-0.5942772554681817+0j)
-0.7666666666666667	-0.5877777777777778	-0.001375069811754642	-0.5891531764958062	0.0	(-0.5891531764958062+0j)
-0.7633333333333334	-0.582677777777778	-0.0013731843007332915	-0.5840512960199957	0.0	(-0.5840512960199957+0j)
-0.76	-0.5776	-0.0013712745374015519	-0.5789716136566252	0.0	(-0.5789716136566252+0j)
-0.7566666666666667	-0.5725444444444445	-0.0013693401308493083	-0.5739141290152752	0.0	(-0.5739141290152752+0j)
-0.7533333333333334	-0.5675111111111112	-0.0013673806835785036	-0.5688788416991534	0.0	(-0.5688788416991534+0j)
-0.75	-0.5625	-0.0013653957914290876	-0.5638657513050219	0.0	(-0.5638657513050219+0j)
-0.7466666666666667	-0.5575111111111112	-0.0013633850435067919	-0.5588748574230914	0.0	(-0.5588748574230914+0j)
-0.7433333333333334	-0.5525444444444445	-0.0013613480221129153	-0.5539061596370022	0.0	(-0.5539061596370022+0j)
-0.7400000000000001	-0.5476000000000002	-0.0013592843026763058	-0.5489596575236858	0.0	(-0.5489596575236858+0j)
-0.7366666666666667	-0.5426777777777778	-0.0013571934536877413	-0.5440353506533607	0.0	(-0.5440353506533607+0j)
-0.7333333333333334	-0.5377777777777779	-0.001355075036636912	-0.5391332385894196	0.0	(-0.5391332385894196+0j)
-0.7300000000000001	-0.5329000000000002	-0.0013529286059522198	-0.5342533208883878	0.0	(-0.5342533208883878+0j)
-0.7266666666666667	-0.5280444444444444	-0.0013507537089436153	-0.5293955970998637	0.0	(-0.5293955970998637+0j)
-0.7233333333333334	-0.5232111111111112	-0.0013485498857487043	-0.5245600667664578	0.0	(-0.5245600667664578+0j)
-0.7200000000000001	-0.5184000000000001	-0.001346316669282358	-0.5197467294237368	0.0	(-0.5197467294237368+0j)
-0.7166666666666667	-0.5136111111111111	-0.0013440535851900802	-0.514955584600192	0.0	(-0.514955584600192+0j)
-0.7133333333333334	-0.5088444444444445	-0.0013417601518053782	-0.5101866318171732	0.0	(-0.5101866318171732+0j)
-0.7100000000000001	-0.5041000000000001	-0.0013394358801114073	-0.5054398705888655	0.0	(-0.5054398705888655+0j)
-0.7066666666666667	-0.49937777777777775	-0.0013370802737071566	-0.5007153004222551	0.0	(-0.5007153004222551+0j)
-0.7033333333333334	-0.4946777777777778	-0.0013346928287784592	-0.4960129208170884	0.0	(-0.4960129208170884+0j)
-0.7000000000000001	-0.4900000000000001	-0.0013322730340741093	-0.4913327312658588	0.0	(-0.4913327312658588+0j)
-0.6966666666666667	-0.4853444444444444	-0.0013298203708873907	-0.4866747312537925	0.0	(-0.4866747312537925+0j)
-0.6933333333333334	-0.48071111111111114	-0.0013273343130433153	-0.4820389202588139	0.0	(-0.4820389202588139+0j)
-0.6900000000000001	-0.4761000000000001	-0.0013248143268918902	-0.4774252977515675	0.0	(-0.4774252977515675+0j)
-0.6866666666666668	-0.4715111111111112	-0.0013222598713077272	-0.4728338631954081	0.0	(-0.4728338631954081+0j)
-0.6833333333333333	-0.46694444444444444	-0.0013196703976963338	-0.46826461604640385	0.0	(-0.46826461604640385+0j)
-0.68	-0.4624000000000001	-0.001317045350007413	-0.46371755575335194	0.0	(-0.46371755575335194+0j)
-0.6766666666666667	-0.4578777777777779	-0.0013143841647555252	-0.4591926817578108	0.0	(-0.4591926817578108+0j)
-0.6733333333333333	-0.45337777777777777	-0.0013116862710484585	-0.45468999349413075	0.0	(-0.45468999349413075+0j)
-0.67	-0.4489000000000001	-0.001308951090623672	-0.45020949038947483	0.0	(-0.45020949038947483+0j)
-0.6666666666666667	-0.44444444444444453	-0.0013061780378931737	-0.4457511718638924	0.0	(-0.4457511718638924+0j)
-0.6633333333333333	-0.44001111111111113	-0.0013033665199972133	-0.4413150373303645	0.0	(-0.4413150373303645+0j)
-0.66	-0.43560000000000004	-0.0013005159368671617	-0.43690108619486373	0.0	(-0.43690108619486373+0j)
-0.6566666666666667	-0.4312111111111112	-0.0012976256812979744	-0.4325093178564449	0.0	(-0.4325093178564449+0j)
-0.6533333333333333	-0.4268444444444444	-0.001294695139030619	-0.428139731707328	0.0	(-0.428139731707328+0j)
-0.65	-0.42250000000000004	-0.0012917236888448762	-0.4237923271329914	0.0	(-0.4237923271329914+0j)
-0.6466666666666667	-0.41817777777777787	-0.0012887107026629053	-0.41946710351228433	0.0	(-0.41946710351228433+0j)
-0.6433333333333334	-0.4138777777777779	-0.0012856555456639948	-0.41516406021753727	0.0	(-0.41516406021753727+0j)
-0.64	-0.4096	-0.001282557576410897	-0.41088319661471917	0.0	(-0.41088319661471917+0j)
-0.6366666666666667	-0.4053444444444445	-0.0012794161469881708	-0.4066245120635613	0.0	(-0.4066245120635613+0j)
-0.6333333333333334	-0.4011111111111112	-0.0012762306031529455	-0.4023880059177159	0.0	(-0.4023880059177159+0j)
-0.63	-0.39690000000000003	-0.0012730002844985302	-0.39817367752492927	0.0	(-0.39817367752492927+0j)
-0.6266666666666667	-0.3927111111111112	-0.0012697245246312888	-0.39398152622724375	0.0	(-0.39398152622724375+0j)
-0.6233333333333334	-0.3885444444444445	-0.0012664026513612037	-0.389811551361163	0.0	(-0.389811551361163+0j)
-0.62	-0.3844	-0.0012630339869065578	-0.3856637522578954	0.0	(-0.3856637522578954+0j)
-0.6166666666666667	-0.3802777777777778	-0.0012596178481131504	-0.3815381282435564	0.0	(-0.3815381282435564+0j)
-0.6133333333333334	-0.37617777777777783	-0.001256153546688478	-0.377434678639436	0.0	(-0.377434678639436+0j)
-0.61	-0.3721	-0.0012526403894512967	-0.37335340276223755	0.0	(-0.37335340276223755+0j)
-0.6066666666666667	-0.36804444444444445	-0.0012490776785969875	-0.3692942999243713	0.0	(-0.3692942999243713+0j)
-0.6033333333333334	-0.3640111111111112	-0.0012454647119791368	-0.3652573694342222	0.0	(-0.3652573694342222+0j)
-0.6000000000000001	-0.3600000000000001	-0.0012418007834077462	-0.3612426105964808	0.0	(-0.3612426105964808+0j)
-0.5966666666666667	-0.3560111111111111	-0.0012380851829644742	-0.3572500227124649	0.0	(-0.3572500227124649+0j)
-0.5933333333333334	-0.3520444444444445	-0.0012343171973353134	-0.35327960508045236	0.0	(-0.35327960508045236+0j)
-0.5900000000000001	-0.3481000000000001	-0.0012304961101610873	-0.34933135699605616	0.0	(-0.34933135699605616+0j)
-0.5866666666666667	-0.3441777777777778	-0.0012266212024061587	-0.34540527775259283	0.0	(-0.34540527775259283+0j)
-0.5833333333333334	-0.34027777777777785	-0.0012226917527457183	-0.34150136664149877	0.0	(-0.34150136664149877+0j)
-0.5800000000000001	-0.3364000000000001	-0.0012187070379720178	-0.33761962295273734	0.0	(-0.33761962295273734+0j)
-0.5766666666666667	-0.3325444444444444	-0.0012146663334198996	-0.33376004597523473	0.0	(-0.33376004597523473+0j)
-0.5733333333333334	-0.3287111111111111	-0.0012105689134119645	-0.3299226349973573	0.0	(-0.3299226349973573+0j)
-0.5700000000000001	-0.3249000000000001	-0.0012064140517236937	-0.326107389307368	0.0	(-0.326107389307368+0j)
-0.5666666666666667	-0.32111111111111107	-0.001202201022068845	-0.32231430819394424	0.0	(-0.32231430819394424+0j)
-0.5633333333333334	-0.3173444444444445	-0.0011979290986054059	-0.3185433909466925	0.0	(-0.3185433909466925+0j)
-0.56	-0.31360000000000005	-0.0011935975564623866	-0.314794636856689	0.0	(-0.314794636856689+0j)
-0.5566666666666668	-0.30987777777777786	-0.0011892056722877012	-0.3110680452170456	0.0	(-0.3110680452170456+0j)
-0.5533333333333333	-0.30617777777777777	-0.001184752724817375	-0.30736361532350504	0.0	(-0.30736361532350504+0j)
-0.55	-0.30250000000000005	-0.0011802379954662919	-0.3036813464750287	0.0	(-0.3036813464750287+0j)
-0.5466666666666667	-0.2988444444444445	-0.0011756607689406683	-0.30002123797444574	0.0	(-0.30002123797444574+0j)
-0.5433333333333333	-0.2952111111111111	-0.0011710203338724209	-0.29638328912910106	0.0	(-0.29638328912910106+0j)
-0.54	-0.2916	-0.0011663159834755655	-0.2927674992515194	0.0	(-0.2927674992515194+0j)
-0.5366666666666667	-0.28801111111111116	-0.0011615470162247583	-0.28917386766011943	0.0	(-0.28917386766011943+0j)
-0.5333333333333333	-0.28444444444444444	-0.0011567127365560632	-0.28560239367992385	0.0	(-0.28560239367992385+0j)
-0.53	-0.28090000000000004	-0.0011518124555899966	-0.2820530766433084	0.0	(-0.2820530766433084+0j)
-0.5266666666666667	-0.27737777777777783	-0.0011468454918768683	-0.27852591589075815	0.0	(-0.27852591589075815+0j)
-0.5233333333333333	-0.2738777777777778	-0.0011418111721644086	-0.2750209107716721	0.0	(-0.2750209107716721+0j)
-0.52	-0.27040000000000003	-0.0011367088321876332	-0.27153806064515623	0.0	(-0.27153806064515623+0j)
-0.5166666666666667	-0.2669444444444445	-0.001131537817480862	-0.2680773648808717	0.0	(-0.2680773648808717+0j)
-0.5133333333333334	-0.2635111111111112	-0.0011262974842117738	-0.2646388228598859	0.0	(-0.2646388228598859+0j)
-0.51	-0.2601	-0.0011209872000373343	-0.2612224339755465	0.0	(-0.2612224339755465+0j)
-0.5066666666666667	-0.25671111111111117	-0.0011156063449814034	-0.25782819763439374	0.0	(-0.25782819763439374+0j)
-0.5033333333333334	-0.25334444444444454	-0.0011101543123337753	-0.2544561132570656	0.0	(-0.2544561132570656+0j)
-0.5	-0.25	-0.0011046305095703788	-0.2511061802792607	0.0	(-0.2511061802792607+0j)
-0.4966666666666667	-0.2466777777777778	-0.0010990343592942992	-0.24777839815268807	0.0	(-0.24777839815268807+0j)
-0.49333333333333335	-0.2433777777777778	-0.0010933653001972612	-0.244472766346056	0.0	(-0.244472766346056+0j)
-0.49000000000000005	-0.24010000000000004	-0.0010876227880411487	-0.2411892843460845	0.0	(-0.2411892843460845+0j)
-0.4866666666666667	-0.23684444444444447	-0.0010818062966591025	-0.23792795165851516	0.0	(-0.23792795165851516+0j)
-0.48333333333333334	-0.2336111111111111	-0.001075915318975679	-0.2346887678091739	0.0	(-0.2346887678091739+0j)
-0.48000000000000004	-0.23040000000000005	-0.0010699493680455098	-0.23147173234501645	0.0	(-0.23147173234501645+0j)
-0.4766666666666667	-0.2272111111111111	-0.0010639079781098518	-0.22827684483521696	0.0	(-0.22827684483521696+0j)
-0.4733333333333334	-0.2240444444444445	-0.001057790705670362	-0.2251041048722651	0.0	(-0.2251041048722651+0j)
-0.47000000000000003	-0.22090000000000004	-0.0010515971305793867	-0.2219535120730701	0.0	(-0.2219535120730701+0j)
-0.4666666666666667	-0.2177777777777778	-0.0010453268571459914	-0.21882506608010138	0.0	(-0.21882506608010138+0j)
-0.4633333333333334	-0.21467777777777783	-0.0010389795152569209	-0.21571876656251912	0.0	(-0.21571876656251912+0j)
-0.46	-0.2116	-0.0010325547615116055	-0.21263461321733548	0.0	(-0.21263461321733548+0j)
-0.4566666666666667	-0.2085444444444445	-0.0010260522803702944	-0.2095726057705826	0.0	(-0.2095726057705826+0j)
-0.45333333333333337	-0.20551111111111114	-0.0010194717853143275	-0.20653274397848678	0.0	(-0.20653274397848678+0j)
-0.45	-0.2025	-0.0010128130200175148	-0.2035150276286609	0.0	(-0.2035150276286609+0j)
-0.4466666666666667	-0.19951111111111114	-0.0010060757595275241	-0.20051945654129594	0.0	(-0.20051945654129594+0j)
-0.44333333333333336	-0.19654444444444447	-0.0009992598114561405	-0.19754603057037112	0.0	(-0.19754603057037112+0j)
-0.44	-0.1936	-0.000992365017177187	-0.19459474960486256	0.0	(-0.19459474960486256+0j)
-0.4366666666666667	-0.1906777777777778	-0.0009853912530308564	-0.1916656135699518	0.0	(-0.1916656135699518+0j)
-0.43333333333333335	-0.1877777777777778	-0.0009783384315331409	-0.18875862242825417	0.0	(-0.18875862242825417+0j)
-0.43000000000000005	-0.18490000000000004	-0.0009712065025890001	-0.18587377618102405	0.0	(-0.18587377618102405+0j)
-0.4266666666666667	-0.18204444444444448	-0.0009639954547078436	-0.18301107486938278	0.0	(-0.18301107486938278+0j)
-0.42333333333333334	-0.17921111111111113	-0.0009567053162198657	-0.1801705185755373	0.0	(-0.1801705185755373+0j)
-0.42000000000000004	-0.17640000000000003	-0.0009493361564917043	-0.17735210742398402	0.0	(-0.17735210742398402+0j)
-0.4166666666666667	-0.17361111111111113	-0.0009418880871398573	-0.17455584158272724	0.0	(-0.17455584158272724+0j)
-0.4133333333333334	-0.1708444444444445	-0.0009343612632402307	-0.1717817212644743	0.0	(-0.1717817212644743+0j)
-0.41000000000000003	-0.16810000000000003	-0.0009267558845321498	-0.16902974672783203	0.0	(-0.16902974672783203+0j)
-0.4066666666666667	-0.1653777777777778	-0.0009190721966151178	-0.16629991827848564	0.0	(-0.16629991827848564+0j)
-0.4033333333333334	-0.1626777777777778	-0.0009113104921365559	-0.16359223627038183	0.0	(-0.16359223627038183+0j)
-0.4	-0.16000000000000003	-0.0009034711119687199	-0.16090670110686708	0.0	(-0.16090670110686708+0j)
-0.39666666666666667	-0.15734444444444445	-0.0008955544463729473	-0.15824331324184804	0.0	(-0.15824331324184804+0j)
-0.39333333333333337	-0.15471111111111113	-0.0008875609361493431	-0.1556020731809038	0.0	(-0.1556020731809038+0j)
-0.39	-0.1521	-0.0008794910737699791	-0.15298298148240516	0.0	(-0.15298298148240516+0j)
-0.3866666666666667	-0.14951111111111115	-0.0008713454044936466	-0.15038603875859058	0.0	(-0.15038603875859058+0j)
-0.38333333333333336	-0.14694444444444446	-0.0008631245274601671	-0.14781124567663778	0.0	(-0.14781124567663778+0j)
-0.38	-0.1444	-0.000854829096762234	-0.1452586029597085	0.0	(-0.1452586029597085+0j)
-0.3766666666666667	-0.1418777777777778	-0.0008464598224927345	-0.14272811138797298	0.0	(-0.14272811138797298+0j)
-0.37333333333333335	-0.1393777777777778	-0.0008380174717654734	-0.14021977179960013	0.0	(-0.14021977179960013+0j)
-0.37000000000000005	-0.13690000000000005	-0.0008295028697071969	-0.13773358509173003	0.0	(-0.13773358509173003+0j)
-0.3666666666666667	-0.13444444444444448	-0.0008209169004188006	-0.13526955222142945	0.0	(-0.13526955222142945+0j)
-0.36333333333333334	-0.1320111111111111	-0.000812260507903586	-0.1328276742066114	0.0	(-0.1328276742066114+0j)
-0.36000000000000004	-0.12960000000000002	-0.0008035346969604193	-0.1304079521269283	0.0	(-0.1304079521269283+0j)
-0.3566666666666667	-0.12721111111111114	-0.0007947405340396365	-0.1280103871246548	0.0	(-0.1280103871246548+0j)
-0.35333333333333333	-0.12484444444444444	-0.0007858791480595395	-0.12563498040553905	0.0	(-0.12563498040553905+0j)
-0.35000000000000003	-0.12250000000000003	-0.0007769517311813184	-0.12328173323962754	0.0	(-0.12328173323962754+0j)
-0.3466666666666667	-0.12017777777777779	-0.0007679595395402416	-0.12095064696208511	0.0	(-0.12095064696208511+0j)
-0.3433333333333334	-0.1178777777777778	-0.0007589038939309693	-0.11864172297398826	0.0	(-0.11864172297398826+0j)
-0.34	-0.11560000000000002	-0.0007497861804448408	-0.11635496274311083	0.0	(-0.11635496274311083+0j)
-0.33666666666666667	-0.11334444444444444	-0.00074060785105702	-0.11409036780469357	0.0	(-0.11409036780469357+0j)
-0.33333333333333337	-0.11111111111111113	-0.0007313704241613875	-0.11184793976221966	0.0	(-0.11184793976221966+0j)
-0.33	-0.10890000000000001	-0.0007220754850511006	-0.10962768028817971	0.0	(-0.10962768028817971+0j)
-0.32666666666666666	-0.1067111111111111	-0.000712724686342767	-0.10742959112485198	0.0	(-0.10742959112485198+0j)
-0.32333333333333336	-0.10454444444444447	-0.0007033197483422141	-0.10525367408508765	0.0	(-0.10525367408508765+0j)
-0.32	-0.1024	-0.0006938624593498672	-0.10309993105312373	0.0	(-0.10309993105312373+0j)
-0.3166666666666667	-0.1002777777777778	-0.0006843546759037979	-0.10096836398541664	0.0	(-0.10096836398541664+0j)
-0.31333333333333335	-0.0981777777777778	-0.0006747983229585487	-0.09885897491152001	0.0	(-0.09885897491152001+0j)
-0.31	-0.0961	-0.0006651953939978896	-0.09677176593499752	0.0	(-0.09677176593499752+0j)
-0.3066666666666667	-0.09404444444444446	-0.0006555479510797194	-0.09470673923440288	0.0	(-0.09470673923440288+0j)
-0.30333333333333334	-0.09201111111111111	-0.0006458581248113861	-0.09266389706431506	0.0	(-0.09266389706431506+0j)
-0.30000000000000004	-0.09000000000000002	-0.0006361281142537645	-0.09064324175645885	0.0	(-0.09064324175645885+0j)
-0.2966666666666667	-0.08801111111111112	-0.0006263601867525	-0.08864477572090414	0.0	(-0.08864477572090414+0j)
-0.29333333333333333	-0.08604444444444445	-0.0006165566776949042	-0.08666850144736458	0.0	(-0.08666850144736458+0j)
-0.29000000000000004	-0.08410000000000002	-0.0006067199901910598	-0.08471442150660934	0.0	(-0.08471442150660934+0j)
-0.2866666666666667	-0.08217777777777778	-0.0005968525946777854	-0.08278253855198604	0.0	(-0.08278253855198604+0j)
-0.2833333333333333	-0.08027777777777777	-0.0005869570284441969	-0.08087285532107735	0.0	(-0.08087285532107735+0j)
-0.28	-0.07840000000000001	-0.0005770358950776866	-0.07898537463749226	0.0	(-0.07898537463749226+0j)
-0.27666666666666667	-0.07654444444444444	-0.0005670918638292482	-0.07712009941279864	0.0	(-0.07712009941279864+0j)
-0.2733333333333334	-0.07471111111111113	-0.0005571276688971731	-0.0752770326486131	0.0	(-0.0752770326486131+0j)
-0.27	-0.0729	-0.0005471461086282485	-0.07345617743884134	0.0	(-0.07345617743884134+0j)
-0.26666666666666666	-0.07111111111111111	-0.0005371500446356949	-0.07165753697207547	0.0	(-0.07165753697207547+0j)
-0.26333333333333336	-0.06934444444444446	-0.0005271424008332002	-0.06988111453415313	0.0	(-0.06988111453415313+0j)
-0.26	-0.06760000000000001	-0.0005171261623845127	-0.06812691351086414	0.0	(-0.06812691351086414+0j)
-0.2566666666666667	-0.0658777777777778	-0.0005071043745681924	-0.0663949373908127	0.0	(-0.0663949373908127+0j)
-0.25333333333333335	-0.06417777777777779	-0.0004970801415572263	-0.06468518976841105	0.0	(-0.06468518976841105+0j)
-0.25	-0.0625	-0.00048705662511334773	-0.06299767434700601	0.0	(-0.06299767434700601+0j)
-0.24666666666666667	-0.06084444444444445	-0.0004770370431960362	-0.06133239494211403	0.0	(-0.06133239494211403+0j)
-0.24333333333333335	-0.05921111111111112	-0.0004670246684862912	-0.059689355484741885	0.0	(-0.059689355484741885+0j)
-0.24000000000000002	-0.05760000000000001	-0.0004570228268254205	-0.05806856002477776	0.0	(-0.05806856002477776+0j)
-0.2366666666666667	-0.05601111111111112	-0.00044703489556921906	-0.05647001273442318	0.0	(-0.05647001273442318+0j)
-0.23333333333333334	-0.05444444444444445	-0.00043706430185804813	-0.05489371791162903	0.0	(-0.05489371791162903+0j)
-0.23	-0.0529	-0.00042711452080346907	-0.05333967998351534	0.0	(-0.05333967998351534+0j)
-0.22666666666666668	-0.051377777777777786	-0.0004171890735922307	-0.051807903509727304	0.0	(-0.051807903509727304+0j)
-0.22333333333333336	-0.049877777777777785	-0.0004072915255085485	-0.050298393185705156	0.0	(-0.050298393185705156+0j)
-0.22	-0.0484	-0.0003974254838757629	-0.048811153845824885	0.0	(-0.048811153845824885+0j)
-0.21666666666666667	-0.04694444444444445	-0.0003875945959186059	-0.047346190466380625	0.0	(-0.047346190466380625+0j)
-0.21333333333333335	-0.04551111111111112	-0.0003778025465474529	-0.045903508168380666	0.0	(-0.045903508168380666+0j)
-0.21000000000000002	-0.04410000000000001	-0.00036805305606608355	-0.04448311222013138	0.0	(-0.04448311222013138+0j)
-0.2066666666666667	-0.04271111111111112	-0.00035834987780461957	-0.04308500803960114	0.0	(-0.04308500803960114+0j)
-0.20333333333333334	-0.04134444444444445	-0.00034869679567945257	-0.041709201196555704	0.0	(-0.041709201196555704+0j)
-0.2	-0.04000000000000001	-0.0003390976216821246	-0.040355697414483575	0.0	(-0.040355697414483575+0j)
-0.19666666666666668	-0.03867777777777778	-0.00032955619329925437	-0.039024502572346104	0.0	(-0.039024502572346104+0j)
-0.19333333333333336	-0.03737777777777779	-0.00032007637086576483	-0.03771562270620961	0.0	(-0.03771562270620961+0j)
-0.19	-0.0361	-0.0003106620348537852	-0.0364290640108574	0.0	(-0.0364290640108574+0j)
-0.18666666666666668	-0.03484444444444445	-0.00030131708309975944	-0.035164832841513775	0.0	(-0.035164832841513775+0j)
-0.18333333333333335	-0.03361111111111112	-0.00029204542797241174	-0.03392293571586214	0.0	(-0.03392293571586214+0j)
-0.18000000000000002	-0.032400000000000005	-0.00028285099348436104	-0.032703379316606024	0.0	(-0.032703379316606024+0j)
-0.17666666666666667	-0.03121111111111111	-0.00027373771235030854	-0.031506170494890365	0.0	(-0.031506170494890365+0j)
-0.17333333333333334	-0.030044444444444447	-0.0002647095229948481	-0.03033131627499062	0.0	(-0.03033131627499062+0j)
-0.17	-0.028900000000000006	-0.00025577036651305667	-0.029178823860784783	0.0	(-0.029178823860784783+0j)
-0.16666666666666669	-0.027777777777777783	-0.000246924183587171	-0.028048700644644518	0.0	(-0.028048700644644518+0j)
-0.16333333333333333	-0.026677777777777776	-0.00023817491136274207	-0.02694095421952513	0.0	(-0.02694095421952513+0j)
-0.16	-0.0256	-0.00022952648028778293	-0.0258555923951993	0.0	(-0.0258555923951993+0j)
-0.15666666666666668	-0.02454444444444445	-0.00022098281091853782	-0.02479262321975044	0.0	(-0.02479262321975044+0j)
-0.15333333333333335	-0.023511111111111115	-0.00021254781069557534	-0.023752055007635987	0.0	(-0.023752055007635987+0j)
-0.15000000000000002	-0.022500000000000006	-0.0002042253706940316	-0.02273389637582187	0.0	(-0.02273389637582187+0j)
-0.14666666666666667	-0.021511111111111113	-0.00019601936235189282	-0.021738156289653553	0.0	(-0.021738156289653553+0j)
-0.14333333333333334	-0.020544444444444445	-0.00018793363418032494	-0.020764844120279957	0.0	(-0.020764844120279957+0j)
-0.14	-0.019600000000000003	-0.00017997200846007252	-0.019813969715485137	0.0	(-0.019813969715485137+0j)
-0.1366666666666667	-0.018677777777777783	-0.0001721382779280951	-0.018885543485730998	0.0	(-0.018885543485730998+0j)
-0.13333333333333333	-0.017777777777777778	-0.00016443620245861282	-0.017979576506933614	0.0	(-0.017979576506933614+0j)
-0.13	-0.016900000000000002	-0.00015686950574281613	-0.017096080640955864	0.0	(-0.017096080640955864+0j)
-0.12666666666666668	-0.016044444444444448	-0.00014944187197154027	-0.016235068673848125	0.0	(-0.016235068673848125+0j)
-0.12333333333333334	-0.015211111111111113	-0.00014215694252524627	-0.01539655447039229	0.0	(-0.01539655447039229+0j)
-0.12000000000000001	-0.014400000000000003	-0.00013501831267567852	-0.014580553141359896	0.0	(-0.014580553141359896+0j)
-0.11666666666666667	-0.013611111111111112	-0.00012802952830360658	-0.013787081216916583	0.0	(-0.013787081216916583+0j)
-0.11333333333333334	-0.012844444444444447	-0.00012119408263706888	-0.013016156815691468	0.0	(-0.013016156815691468+0j)
-0.11	-0.0121	-0.00011451541301455564	-0.012267799794105937	0.0	(-0.012267799794105937+0j)
-0.10666666666666667	-0.01137777777777778	-0.00010799689767755118	-0.011542031854692724	0.0	(-0.011542031854692724+0j)
-0.10333333333333335	-0.01067777777777778	-0.00010164185259689366	-0.010838876585578862	0.0	(-0.010838876585578862+0j)
-0.1	-0.010000000000000002	-9.545352833733971e-05	-0.010158359396573538	0.0	(-0.010158359396573538+0j)
-0.09666666666666668	-0.009344444444444447	-8.943510696475185e-05	-0.00950050731121263	0.0	(-0.00950050731121263+0j)
-0.09333333333333334	-0.008711111111111112	-8.358969900025895e-05	-0.008865348569832942	0.0	(-0.008865348569832942+0j)
-0.09000000000000001	-0.008100000000000001	-7.792034042573837e-05	-0.008252911997629116	0.0	(-0.008252911997629116+0j)
-0.08666666666666667	-0.007511111111111112	-7.24299897448908e-05	-0.0076632260950613654	0.0	(-0.0076632260950613654+0j)
-0.08333333333333334	-0.006944444444444446	-6.71215251041267e-05	-0.007096317816839245	0.0	(-0.007096317816839245+0j)
-0.08	-0.0064	-6.199774147745696e-05	-0.006552211019985012	0.0	(-0.006552211019985012+0j)
-0.07666666666666667	-0.005877777777777779	-5.706134791947162e-05	-0.006030924579598528	0.0	(-0.006030924579598528+0j)
-0.07333333333333333	-0.005377777777777778	-5.2314964890418786e-05	-0.005532470189414183	0.0	(-0.005532470189414183+0j)
-0.07	-0.004900000000000001	-4.7761121657333844e-05	-0.005056849877643981	0.0	(-0.005056849877643981+0j)
-0.06666666666666667	-0.0044444444444444444	-4.340225377503365e-05	-0.004604053270130785	0.0	(-0.004604053270130785+0j)
-0.06333333333333334	-0.004011111111111112	-3.9240700650765986e-05	-0.00417405461533999	0.0	(-0.00417405461533999+0j)
-0.060000000000000005	-0.0036000000000000008	-3.527870319604276e-05	-0.003766809542873191	0.0	(-0.003766809542873191+0j)
-0.05666666666666667	-0.0032111111111111116	-3.1518401569327614e-05	-0.0033822514543392114	0.0	(-0.0033822514543392114+0j)
-0.05333333333333334	-0.002844444444444445	-2.7961833012762893e-05	-0.00302028733952847	0.0	(-0.00302028733952847+0j)
-0.05	-0.0025000000000000005	-2.4610929786429703e-05	-0.002680792669305948	0.0	(-0.002680792669305948+0j)
-0.04666666666666667	-0.002177777777777778	-2.146751720304152e-05	-0.0023636048353458876	0.0	(-0.0023636048353458876+0j)
-0.043333333333333335	-0.001877777777777778	-1.8533311766266714e-05	-0.002068514378247878	0.0	(-0.002068514378247878+0j)
-0.04	-0.0016	-1.5809919415257778e-05	-0.0017952529585769476	0.0	(-0.0017952529585769476+0j)
-0.03666666666666667	-0.0013444444444444445	-1.3298833878405691e-05	-0.001543476669248274	0.0	(-0.001543476669248274+0j)
-0.03333333333333333	-0.0011111111111111111	-1.1001435138435767e-05	-0.0013127428647120778	0.0	(-0.0013127428647120778+0j)
-0.030000000000000002	-0.0009000000000000002	-8.918988011613616e-06	-0.0011024782366268557	0.0	(-0.0011024782366268557+0j)
-0.02666666666666667	-0.0007111111111111113	-7.052640842858393e-06	-0.0009119355402950237	0.0	(-0.0009119355402950237+0j)
-0.023333333333333334	-0.0005444444444444445	-5.4034243190670406e-06	-0.000740136513952546	0.0	(-0.000740136513952546+0j)
-0.02	-0.0004	-3.9722504023842475e-06	-0.0005857998217212875	0.0	(-0.0005857998217212875+0j)
-0.016666666666666666	-0.0002777777777777778	-2.7599113849308132e-06	-0.0004472564487189823	0.0	(-0.0004472564487189823+0j)
-0.013333333333333334	-0.0001777777777777778	-1.767079066739008e-06	-0.0003223623692324655	0.0	(-0.0003223623692324655+0j)
-0.01	-0.0001	-9.943040577553575e-07	-0.00020843028066703655	0.0	(-0.00020843028066703655+0j)
-0.006666666666666667	-4.444444444444445e-05	-4.4201520577047404e-07	-0.00010221598232591946	0.0	(-0.00010221598232591946+0j)
-0.0033333333333333335	-1.1111111111111113e-05	-1.1051914938775553e-07	2.371692252312041e-17	-0.008881199454905238	(2.371692252312041e-17-0.008881199454905238j)
0.0033333333333333335	1.1111111111111113e-05	1.1051914938775553e-07	2.371692252312041e-17	0.008881199454905238	(2.371692252312041e-17+0.008881199454905238j)
0.006666666666666667	4.444444444444445e-05	4.4201520577047404e-07	0.00010221598232588788	0.0	(0.00010221598232588788+0j)
0.01	0.0001	9.943040577553575e-07	0.00020843028066702156	0.0	(0.00020843028066702156+0j)
0.013333333333333334	0.0001777777777777778	1.767079066739008e-06	0.0003223623692324273	0.0	(0.0003223623692324273+0j)
0.016666666666666666	0.0002777777777777778	2.7599113849308132e-06	0.00044725644871895245	0.0	(0.00044725644871895245+0j)
0.02	0.0004	3.9722504023842475e-06	0.0005857998217212606	0.0	(0.0005857998217212606+0j)
0.023333333333333334	0.0005444444444444445	5.4034243190670406e-06	0.0007401365139525475	0.0	(0.0007401365139525475+0j)
0.02666666666666667	0.0007111111111111113	7.052640842858393e-06	0.0009119355402950065	0.0	(0.0009119355402950065+0j)
0.030000000000000002	0.0009000000000000002	8.918988011613616e-06	0.0011024782366268432	0.0	(0.0011024782366268432+0j)
0.03333333333333333	0.0011111111111111111	1.1001435138435767e-05	0.0013127428647120327	0.0	(0.0013127428647120327+0j)
0.03666666666666667	0.0013444444444444445	1.3298833878405691e-05	0.001543476669248281	0.0	(0.001543476669248281+0j)
0.04	0.0016	1.5809919415257778e-05	0.0017952529585769106	0.0	(0.0017952529585769106+0j)
0.043333333333333335	0.001877777777777778	1.8533311766266714e-05	0.002068514378247877	0.0	(0.002068514378247877+0j)
0.04666666666666667	0.002177777777777778	2.146751720304152e-05	0.0023636048353458607	0.0	(0.0023636048353458607+0j)
0.05	0.0025000000000000005	2.4610929786429703e-05	0.002680792669305942	0.0	(0.002680792669305942+0j)
0.05333333333333334	0.002844444444444445	2.7961833012762893e-05	0.003020287339528482	0.0	(0.003020287339528482+0j)
0.05666666666666667	0.0032111111111111116	3.1518401569327614e-05	0.0033822514543391962	0.0	(0.0033822514543391962+0j)
0.060000000000000005	0.0036000000000000008	3.527870319604276e-05	0.0037668095428731816	0.0	(0.0037668095428731816+0j)
0.06333333333333334	0.004011111111111112	3.9240700650765986e-05	0.004174054615340021	0.0	(0.004174054615340021+0j)
0.06666666666666667	0.0044444444444444444	4.340225377503365e-05	0.004604053270130742	0.0	(0.004604053270130742+0j)
0.07	0.004900000000000001	4.7761121657333844e-05	0.005056849877643986	0.0	(0.005056849877643986+0j)
0.07333333333333333	0.005377777777777778	5.2314964890418786e-05	0.005532470189414155	0.0	(0.005532470189414155+0j)
0.07666666666666667	0.005877777777777779	5.706134791947162e-05	0.0060309245795985445	0.0	(0.0060309245795985445+0j)
0.08	0.0064	6.199774147745696e-05	0.006552211019985056	0.0	(0.006552211019985056+0j)
0.08333333333333334	0.006944444444444446	6.71215251041267e-05	0.00709631781683925	0.0	(0.00709631781683925+0j)
0.08666666666666667	0.007511111111111112	7.24299897448908e-05	0.007663226095061323	0.0	(0.007663226095061323+0j)
0.09000000000000001	0.008100000000000001	7.792034042573837e-05	0.008252911997629116	0.0	(0.008252911997629116+0j)
0.09333333333333334	0.008711111111111112	8.358969900025895e-05	0.008865348569832877	0.0	(0.008865348569832877+0j)
0.09666666666666668	0.009344444444444447	8.943510696475185e-05	0.009500507311212592	0.0	(0.009500507311212592+0j)
0.1	0.010000000000000002	9.545352833733971e-05	0.010158359396573488	0.0	(0.010158359396573488+0j)
0.10333333333333335	0.01067777777777778	0.00010164185259689366	0.01083887658557884	0.0	(0.01083887658557884+0j)
0.10666666666666667	0.01137777777777778	0.00010799689767755118	0.011542031854692712	0.0	(0.011542031854692712+0j)
0.11	0.0121	0.00011451541301455564	0.012267799794105944	0.0	(0.012267799794105944+0j)
0.11333333333333334	0.012844444444444447	0.00012119408263706888	0.013016156815691493	0.0	(0.013016156815691493+0j)
0.11666666666666667	0.013611111111111112	0.00012802952830360658	0.013787081216916564	0.0	(0.013787081216916564+0j)
0.12000000000000001	0.014400000000000003	0.00013501831267567852	0.014580553141359908	0.0	(0.014580553141359908+0j)
0.12333333333333334	0.015211111111111113	0.00014215694252524627	0.015396554470392234	0.0	(0.015396554470392234+0j)
0.12666666666666668	0.016044444444444448	0.00014944187197154027	0.01623506867384817	0.0	(0.01623506867384817+0j)
0.13	0.016900000000000002	0.00015686950574281613	0.017096080640955982	0.0	(0.017096080640955982+0j)
0.13333333333333333	0.017777777777777778	0.00016443620245861282	0.0179795765069336	0.0	(0.0179795765069336+0j)
0.1366666666666667	0.018677777777777783	0.0001721382779280951	0.018885543485731016	0.0	(0.018885543485731016+0j)
0.14	0.019600000000000003	0.00017997200846007252	0.019813969715485172	0.0	(0.019813969715485172+0j)
0.14333333333333334	0.020544444444444445	0.00018793363418032494	0.020764844120279947	0.0	(0.020764844120279947+0j)
0.14666666666666667	0.021511111111111113	0.00019601936235189282	0.021738156289653702	0.0	(0.021738156289653702+0j)
0.15000000000000002	0.022500000000000006	0.0002042253706940316	0.022733896375821776	0.0	(0.022733896375821776+0j)
0.15333333333333335	0.023511111111111115	0.00021254781069557534	0.023752055007636087	0.0	(0.023752055007636087+0j)
0.15666666666666668	0.02454444444444445	0.00022098281091853782	0.02479262321975016	0.0	(0.02479262321975016+0j)
0.16	0.0256	0.00022952648028778293	0.025855592395199117	0.0	(0.025855592395199117+0j)
0.16333333333333333	0.026677777777777776	0.00023817491136274207	0.02694095421952503	0.0	(0.02694095421952503+0j)
0.16666666666666669	0.027777777777777783	0.000246924183587171	0.02804870064464441	0.0	(0.02804870064464441+0j)
0.17	0.028900000000000006	0.00025577036651305667	0.029178823860784946	0.0	(0.029178823860784946+0j)
0.17333333333333334	0.030044444444444447	0.0002647095229948481	0.030331316274990704	0.0	(0.030331316274990704+0j)
0.17666666666666667	0.03121111111111111	0.00027373771235030854	0.031506170494890406	0.0	(0.031506170494890406+0j)
0.18000000000000002	0.032400000000000005	0.00028285099348436104	0.03270337931660596	0.0	(0.03270337931660596+0j)
0.18333333333333335	0.03361111111111112	0.00029204542797241174	0.03392293571586222	0.0	(0.03392293571586222+0j)
0.18666666666666668	0.03484444444444445	0.00030131708309975944	0.03516483284151379	0.0	(0.03516483284151379+0j)
0.19	0.0361	0.0003106620348537852	0.03642906401085756	0.0	(0.03642906401085756+0j)
0.19333333333333336	0.03737777777777779	0.00032007637086576483	0.03771562270620948	0.0	(0.03771562270620948+0j)
0.19666666666666668	0.03867777777777778	0.00032955619329925437	0.039024502572346104	0.0	(0.039024502572346104+0j)
0.2	0.04000000000000001	0.0003390976216821246	0.04035569741448386	0.0	(0.04035569741448386+0j)
0.20333333333333334	0.04134444444444445	0.00034869679567945257	0.04170920119655558	0.0	(0.04170920119655558+0j)
0.2066666666666667	0.04271111111111112	0.00035834987780461957	0.043085008039600955	0.0	(0.043085008039600955+0j)
0.21000000000000002	0.04410000000000001	0.00036805305606608355	0.04448311222013162	0.0	(0.04448311222013162+0j)
0.21333333333333335	0.04551111111111112	0.0003778025465474529	0.04590350816838025	0.0	(0.04590350816838025+0j)
0.21666666666666667	0.04694444444444445	0.0003875945959186059	0.04734619046638055	0.0	(0.04734619046638055+0j)
0.22	0.0484	0.0003974254838757629	0.04881115384582494	0.0	(0.04881115384582494+0j)
0.22333333333333336	0.049877777777777785	0.0004072915255085485	0.050298393185704955	0.0	(0.050298393185704955+0j)
0.22666666666666668	0.051377777777777786	0.0004171890735922307	0.05180790350972721	0.0	(0.05180790350972721+0j)
0.23	0.0529	0.00042711452080346907	0.053339679983515284	0.0	(0.053339679983515284+0j)
0.23333333333333334	0.05444444444444445	0.00043706430185804813	0.05489371791162918	0.0	(0.05489371791162918+0j)
0.2366666666666667	0.05601111111111112	0.00044703489556921906	0.0564700127344229	0.0	(0.0564700127344229+0j)
0.24000000000000002	0.05760000000000001	0.0004570228268254205	0.05806856002477772	0.0	(0.05806856002477772+0j)
0.24333333333333335	0.05921111111111112	0.0004670246684862912	0.05968935548474169	0.0	(0.05968935548474169+0j)
0.24666666666666667	0.06084444444444445	0.0004770370431960362	0.06133239494211421	0.0	(0.06133239494211421+0j)
0.25	0.0625	0.00048705662511334773	0.06299767434700622	0.0	(0.06299767434700622+0j)
0.25333333333333335	0.06417777777777779	0.0004970801415572263	0.06468518976841052	0.0	(0.06468518976841052+0j)
0.2566666666666667	0.0658777777777778	0.0005071043745681924	0.0663949373908127	0.0	(0.0663949373908127+0j)
0.26	0.06760000000000001	0.0005171261623845127	0.06812691351086447	0.0	(0.06812691351086447+0j)
0.26333333333333336	0.06934444444444446	0.0005271424008332002	0.06988111453415291	0.0	(0.06988111453415291+0j)
0.26666666666666666	0.07111111111111111	0.0005371500446356949	0.07165753697207575	0.0	(0.07165753697207575+0j)
0.27	0.0729	0.0005471461086282485	0.07345617743884092	0.0	(0.07345617743884092+0j)
0.2733333333333334	0.07471111111111113	0.0005571276688971731	0.07527703264861327	0.0	(0.07527703264861327+0j)
0.27666666666666667	0.07654444444444444	0.0005670918638292482	0.07712009941279874	0.0	(0.07712009941279874+0j)
0.28	0.07840000000000001	0.0005770358950776866	0.07898537463749199	0.0	(0.07898537463749199+0j)
0.2833333333333333	0.08027777777777777	0.0005869570284441969	0.08087285532107742	0.0	(0.08087285532107742+0j)
0.2866666666666667	0.08217777777777778	0.0005968525946777854	0.08278253855198629	0.0	(0.08278253855198629+0j)
0.29000000000000004	0.08410000000000002	0.0006067199901910598	0.08471442150660875	0.0	(0.08471442150660875+0j)
0.29333333333333333	0.08604444444444445	0.0006165566776949042	0.08666850144736454	0.0	(0.08666850144736454+0j)
0.2966666666666667	0.08801111111111112	0.0006263601867525	0.08864477572090389	0.0	(0.08864477572090389+0j)
0.30000000000000004	0.09000000000000002	0.0006361281142537645	0.09064324175645935	0.0	(0.09064324175645935+0j)
0.30333333333333334	0.09201111111111111	0.0006458581248113861	0.0926638970643148	0.0	(0.0926638970643148+0j)
0.3066666666666667	0.09404444444444446	0.0006555479510797194	0.09470673923440244	0.0	(0.09470673923440244+0j)
0.31	0.0961	0.0006651953939978896	0.0967717659349975	0.0	(0.0967717659349975+0j)
0.31333333333333335	0.0981777777777778	0.0006747983229585487	0.09885897491151963	0.0	(0.09885897491151963+0j)
0.3166666666666667	0.1002777777777778	0.0006843546759037979	0.10096836398541634	0.0	(0.10096836398541634+0j)
0.32	0.1024	0.0006938624593498672	0.10309993105312347	0.0	(0.10309993105312347+0j)
0.32333333333333336	0.10454444444444447	0.0007033197483422141	0.10525367408508765	0.0	(0.10525367408508765+0j)
0.32666666666666666	0.1067111111111111	0.000712724686342767	0.10742959112485205	0.0	(0.10742959112485205+0j)
0.33	0.10890000000000001	0.0007220754850511006	0.10962768028817974	0.0	(0.10962768028817974+0j)
0.33333333333333337	0.11111111111111113	0.0007313704241613875	0.11184793976222004	0.0	(0.11184793976222004+0j)
0.33666666666666667	0.11334444444444444	0.00074060785105702	0.1140903678046939	0.0	(0.1140903678046939+0j)
0.34	0.11560000000000002	0.0007497861804448408	0.11635496274311039	0.0	(0.11635496274311039+0j)
0.3433333333333334	0.1178777777777778	0.0007589038939309693	0.11864172297398796	0.0	(0.11864172297398796+0j)
0.3466666666666667	0.12017777777777779	0.0007679595395402416	0.12095064696208484	0.0	(0.12095064696208484+0j)
0.35000000000000003	0.12250000000000003	0.0007769517311813184	0.12328173323962711	0.0	(0.12328173323962711+0j)
0.35333333333333333	0.12484444444444444	0.0007858791480595395	0.1256349804055397	0.0	(0.1256349804055397+0j)
0.3566666666666667	0.12721111111111114	0.0007947405340396365	0.12801038712465565	0.0	(0.12801038712465565+0j)
0.36000000000000004	0.12960000000000002	0.0008035346969604193	0.13040795212692802	0.0	(0.13040795212692802+0j)
0.36333333333333334	0.1320111111111111	0.000812260507903586	0.13282767420661062	0.0	(0.13282767420661062+0j)
0.3666666666666667	0.13444444444444448	0.0008209169004188006	0.1352695522214293	0.0	(0.1352695522214293+0j)
0.37000000000000005	0.13690000000000005	0.0008295028697071969	0.13773358509172984	0.0	(0.13773358509172984+0j)
0.37333333333333335	0.1393777777777778	0.0008380174717654734	0.14021977179959885	0.0	(0.14021977179959885+0j)
0.3766666666666667	0.1418777777777778	0.0008464598224927345	0.14272811138797356	0.0	(0.14272811138797356+0j)
0.38	0.1444	0.000854829096762234	0.14525860295970805	0.0	(0.14525860295970805+0j)
0.38333333333333336	0.14694444444444446	0.0008631245274601671	0.14781124567663673	0.0	(0.14781124567663673+0j)
0.3866666666666667	0.14951111111111115	0.0008713454044936466	0.15038603875859052	0.0	(0.15038603875859052+0j)
0.39	0.1521	0.0008794910737699791	0.15298298148240527	0.0	(0.15298298148240527+0j)
0.39333333333333337	0.15471111111111113	0.0008875609361493431	0.15560207318090438	0.0	(0.15560207318090438+0j)
0.39666666666666667	0.15734444444444445	0.0008955544463729473	0.15824331324184826	0.0	(0.15824331324184826+0j)
0.4	0.16000000000000003	0.0009034711119687199	0.16090670110686686	0.0	(0.16090670110686686+0j)
0.4033333333333334	0.1626777777777778	0.0009113104921365559	0.16359223627038127	0.0	(0.16359223627038127+0j)
0.4066666666666667	0.1653777777777778	0.0009190721966151178	0.166299918278487	0.0	(0.166299918278487+0j)
0.41000000000000003	0.16810000000000003	0.0009267558845321498	0.16902974672783136	0.0	(0.16902974672783136+0j)
0.4133333333333334	0.1708444444444445	0.0009343612632402307	0.1717817212644744	0.0	(0.1717817212644744+0j)
0.4166666666666667	0.17361111111111113	0.0009418880871398573	0.17455584158272794	0.0	(0.17455584158272794+0j)
0.42000000000000004	0.17640000000000003	0.0009493361564917043	0.17735210742398408	0.0	(0.17735210742398408+0j)
0.42333333333333334	0.17921111111111113	0.0009567053162198657	0.18017051857553854	0.0	(0.18017051857553854+0j)
0.4266666666666667	0.18204444444444448	0.0009639954547078436	0.18301107486938378	0.0	(0.18301107486938378+0j)
0.43000000000000005	0.18490000000000004	0.0009712065025890001	0.18587377618102424	0.0	(0.18587377618102424+0j)
0.43333333333333335	0.1877777777777778	0.0009783384315331409	0.188758622428254	0.0	(0.188758622428254+0j)
0.4366666666666667	0.1906777777777778	0.0009853912530308564	0.19166561356995226	0.0	(0.19166561356995226+0j)
0.44	0.1936	0.000992365017177187	0.194594749604862	0.0	(0.194594749604862+0j)
0.44333333333333336	0.19654444444444447	0.0009992598114561405	0.19754603057037104	0.0	(0.19754603057037104+0j)
0.4466666666666667	0.19951111111111114	0.0010060757595275241	0.20051945654129533	0.0	(0.20051945654129533+0j)
0.45	0.2025	0.0010128130200175148	0.2035150276286602	0.0	(0.2035150276286602+0j)
0.45333333333333337	0.20551111111111114	0.0010194717853143275	0.20653274397848692	0.0	(0.20653274397848692+0j)
0.4566666666666667	0.2085444444444445	0.0010260522803702944	0.2095726057705826	0.0	(0.2095726057705826+0j)
0.46	0.2116	0.0010325547615116055	0.2126346132173348	0.0	(0.2126346132173348+0j)
0.4633333333333334	0.21467777777777783	0.0010389795152569209	0.21571876656251784	0.0	(0.21571876656251784+0j)
0.4666666666666667	0.2177777777777778	0.0010453268571459914	0.2188250660801007	0.0	(0.2188250660801007+0j)
0.47000000000000003	0.22090000000000004	0.0010515971305793867	0.22195351207307096	0.0	(0.22195351207307096+0j)
0.4733333333333334	0.2240444444444445	0.001057790705670362	0.2251041048722647	0.0	(0.2251041048722647+0j)
0.4766666666666667	0.2272111111111111	0.0010639079781098518	0.22827684483521765	0.0	(0.22827684483521765+0j)
0.48000000000000004	0.23040000000000005	0.0010699493680455098	0.2314717323450157	0.0	(0.2314717323450157+0j)
0.48333333333333334	0.2336111111111111	0.001075915318975679	0.23468876780917472	0.0	(0.23468876780917472+0j)
0.4866666666666667	0.23684444444444447	0.0010818062966591025	0.2379279516585155	0.0	(0.2379279516585155+0j)
0.49000000000000005	0.24010000000000004	0.0010876227880411487	0.2411892843460836	0.0	(0.2411892843460836+0j)
0.49333333333333335	0.2433777777777778	0.0010933653001972612	0.24447276634605614	0.0	(0.24447276634605614+0j)
0.4966666666666667	0.2466777777777778	0.0010990343592942992	0.24777839815268776	0.0	(0.24777839815268776+0j)
0.5	0.25	0.0011046305095703788	0.2511061802792611	0.0	(0.2511061802792611+0j)
0.5033333333333334	0.25334444444444454	0.0011101543123337753	0.25445611325706635	0.0	(0.25445611325706635+0j)
0.5066666666666667	0.25671111111111117	0.0011156063449814034	0.2578281976343914	0.0	(0.2578281976343914+0j)
0.51	0.2601	0.0011209872000373343	0.2612224339755455	0.0	(0.2612224339755455+0j)
0.5133333333333334	0.2635111111111112	0.0011262974842117738	0.26463882285988577	0.0	(0.26463882285988577+0j)
0.5166666666666667	0.2669444444444445	0.001131537817480862	0.2680773648808713	0.0	(0.2680773648808713+0j)
0.52	0.27040000000000003	0.0011367088321876332	0.2715380606451551	0.0	(0.2715380606451551+0j)
0.5233333333333333	0.2738777777777778	0.0011418111721644086	0.2750209107716714	0.0	(0.2750209107716714+0j)
0.5266666666666667	0.27737777777777783	0.0011468454918768683	0.27852591589075987	0.0	(0.27852591589075987+0j)
0.53	0.28090000000000004	0.0011518124555899966	0.2820530766433089	0.0	(0.2820530766433089+0j)
0.5333333333333333	0.28444444444444444	0.0011567127365560632	0.28560239367992396	0.0	(0.28560239367992396+0j)
0.5366666666666667	0.28801111111111116	0.0011615470162247583	0.28917386766011866	0.0	(0.28917386766011866+0j)
0.54	0.2916	0.0011663159834755655	0.29276749925151935	0.0	(0.29276749925151935+0j)
0.5433333333333333	0.2952111111111111	0.0011710203338724209	0.2963832891291009	0.0	(0.2963832891291009+0j)
0.5466666666666667	0.2988444444444445	0.0011756607689406683	0.3000212379744474	0.0	(0.3000212379744474+0j)
0.55	0.30250000000000005	0.0011802379954662919	0.303681346475029	0.0	(0.303681346475029+0j)
0.5533333333333333	0.30617777777777777	0.001184752724817375	0.3073636153235039	0.0	(0.3073636153235039+0j)
0.5566666666666668	0.30987777777777786	0.0011892056722877012	0.31106804521704906	0.0	(0.31106804521704906+0j)
0.56	0.31360000000000005	0.0011935975564623866	0.31479463685668874	0.0	(0.31479463685668874+0j)
0.5633333333333334	0.3173444444444445	0.0011979290986054059	0.31854339094669143	0.0	(0.31854339094669143+0j)
0.5666666666666667	0.32111111111111107	0.001202201022068845	0.322314308193946	0.0	(0.322314308193946+0j)
0.5700000000000001	0.3249000000000001	0.0012064140517236937	0.3261073893073671	0.0	(0.3261073893073671+0j)
0.5733333333333334	0.3287111111111111	0.0012105689134119645	0.3299226349973569	0.0	(0.3299226349973569+0j)
0.5766666666666667	0.3325444444444444	0.0012146663334198996	0.333760045975237	0.0	(0.333760045975237+0j)
0.5800000000000001	0.3364000000000001	0.0012187070379720178	0.3376196229527353	0.0	(0.3376196229527353+0j)
0.5833333333333334	0.34027777777777785	0.0012226917527457183	0.34150136664149916	0.0	(0.34150136664149916+0j)
0.5866666666666667	0.3441777777777778	0.0012266212024061587	0.3454052777525955	0.0	(0.3454052777525955+0j)
0.5900000000000001	0.3481000000000001	0.0012304961101610873	0.34933135699605505	0.0	(0.34933135699605505+0j)
0.5933333333333334	0.3520444444444445	0.0012343171973353134	0.35327960508045175	0.0	(0.35327960508045175+0j)
0.5966666666666667	0.3560111111111111	0.0012380851829644742	0.35725002271246475	0.0	(0.35725002271246475+0j)
0.6000000000000001	0.3600000000000001	0.0012418007834077462	0.3612426105964801	0.0	(0.3612426105964801+0j)
0.6033333333333334	0.3640111111111112	0.0012454647119791368	0.36525736943422	0.0	(0.36525736943422+0j)
0.6066666666666667	0.36804444444444445	0.0012490776785969875	0.36929429992436785	0.0	(0.36929429992436785+0j)
0.61	0.3721	0.0012526403894512967	0.3733534027622389	0.0	(0.3733534027622389+0j)
0.6133333333333334	0.37617777777777783	0.001256153546688478	0.37743467863943797	0.0	(0.37743467863943797+0j)
0.6166666666666667	0.3802777777777778	0.0012596178481131504	0.3815381282435581	0.0	(0.3815381282435581+0j)
0.62	0.3844	0.0012630339869065578	0.3856637522578971	0.0	(0.3856637522578971+0j)
0.6233333333333334	0.3885444444444445	0.0012664026513612037	0.3898115513611652	0.0	(0.3898115513611652+0j)
0.6266666666666667	0.3927111111111112	0.0012697245246312888	0.39398152622724253	0.0	(0.39398152622724253+0j)
0.63	0.39690000000000003	0.0012730002844985302	0.3981736775249295	0.0	(0.3981736775249295+0j)
0.6333333333333334	0.4011111111111112	0.0012762306031529455	0.4023880059177142	0.0	(0.4023880059177142+0j)
0.6366666666666667	0.4053444444444445	0.0012794161469881708	0.40662451206356065	0.0	(0.40662451206356065+0j)
0.64	0.4096	0.001282557576410897	0.41088319661471906	0.0	(0.41088319661471906+0j)
0.6433333333333334	0.4138777777777779	0.0012856555456639948	0.41516406021753677	0.0	(0.41516406021753677+0j)
0.6466666666666667	0.41817777777777787	0.0012887107026629053	0.41946710351227995	0.0	(0.41946710351227995+0j)
0.65	0.42250000000000004	0.0012917236888448762	0.42379232713298987	0.0	(0.42379232713298987+0j)
0.6533333333333333	0.4268444444444444	0.001294695139030619	0.4281397317073284	0.0	(0.4281397317073284+0j)
0.6566666666666667	0.4312111111111112	0.0012976256812979744	0.4325093178564458	0.0	(0.4325093178564458+0j)
0.66	0.43560000000000004	0.0013005159368671617	0.43690108619486373	0.0	(0.43690108619486373+0j)
0.6633333333333333	0.44001111111111113	0.0013033665199972133	0.44131503733036415	0.0	(0.44131503733036415+0j)
0.6666666666666667	0.44444444444444453	0.0013061780378931737	0.4457511718638949	0.0	(0.4457511718638949+0j)
0.67	0.4489000000000001	0.001308951090623672	0.45020949038947344	0.0	(0.45020949038947344+0j)
0.6733333333333333	0.45337777777777777	0.0013116862710484585	0.45468999349412764	0.0	(0.45468999349412764+0j)
0.6766666666666667	0.4578777777777779	0.0013143841647555252	0.4591926817578119	0.0	(0.4591926817578119+0j)
0.68	0.4624000000000001	0.001317045350007413	0.4637175557533535	0.0	(0.4637175557533535+0j)
0.6833333333333333	0.46694444444444444	0.0013196703976963338	0.46826461604640013	0.0	(0.46826461604640013+0j)
0.6866666666666668	0.4715111111111112	0.0013222598713077272	0.47283386319540804	0.0	(0.47283386319540804+0j)
0.6900000000000001	0.4761000000000001	0.0013248143268918902	0.4774252977515669	0.0	(0.4774252977515669+0j)
0.6933333333333334	0.48071111111111114	0.0013273343130433153	0.48203892025881195	0.0	(0.48203892025881195+0j)
0.6966666666666667	0.4853444444444444	0.0013298203708873907	0.4866747312537923	0.0	(0.4866747312537923+0j)
0.7000000000000001	0.4900000000000001	0.0013322730340741093	0.49133273126586247	0.0	(0.49133273126586247+0j)
0.7033333333333334	0.4946777777777778	0.0013346928287784592	0.49601292081708614	0.0	(0.49601292081708614+0j)
0.7066666666666667	0.49937777777777775	0.0013370802737071566	0.5007153004222548	0.0	(0.5007153004222548+0j)
0.7100000000000001	0.5041000000000001	0.0013394358801114073	0.5054398705888657	0.0	(0.5054398705888657+0j)
0.7133333333333334	0.5088444444444445	0.0013417601518053782	0.5101866318171728	0.0	(0.5101866318171728+0j)
0.7166666666666667	0.5136111111111111	0.0013440535851900802	0.5149555846001894	0.0	(0.5149555846001894+0j)
0.7200000000000001	0.5184000000000001	0.001346316669282358	0.5197467294237371	0.0	(0.5197467294237371+0j)
0.7233333333333334	0.5232111111111112	0.0013485498857487043	0.5245600667664572	0.0	(0.5245600667664572+0j)
0.7266666666666667	0.5280444444444444	0.0013507537089436153	0.5293955970998658	0.0	(0.5293955970998658+0j)
0.7300000000000001	0.5329000000000002	0.0013529286059522198	0.5342533208883875	0.0	(0.5342533208883875+0j)
0.7333333333333334	0.5377777777777779	0.001355075036636912	0.5391332385894171	0.0	(0.5391332385894171+0j)
0.7366666666666667	0.5426777777777778	0.0013571934536877413	0.544035350653359	0.0	(0.544035350653359+0j)
0.7400000000000001	0.5476000000000002	0.0013592843026763058	0.5489596575236855	0.0	(0.5489596575236855+0j)
0.7433333333333334	0.5525444444444445	0.0013613480221129153	0.5539061596370006	0.0	(0.5539061596370006+0j)
0.7466666666666667	0.5575111111111112	0.0013633850435067919	0.5588748574230925	0.0	(0.5588748574230925+0j)
0.75	0.5625	0.0013653957914290876	0.5638657513050237	0.0	(0.5638657513050237+0j)
0.7533333333333334	0.5675111111111112	0.0013673806835785036	0.5688788416991536	0.0	(0.5688788416991536+0j)
0.7566666666666667	0.5725444444444445	0.0013693401308493083	0.5739141290152744	0.0	(0.5739141290152744+0j)
0.76	0.5776	0.0013712745374015519	0.5789716136566254	0.0	(0.5789716136566254+0j)
0.7633333333333334	0.582677777777778	0.0013731843007332915	0.5840512960199971	0.0	(0.5840512960199971+0j)
0.7666666666666667	0.5877777777777778	0.001375069811754642	0.589153176495808	0.0	(0.589153176495808+0j)
0.77	0.5929	0.0013769314548634775	0.5942772554681816	0.0	(0.5942772554681816+0j)
0.7733333333333334	0.5980444444444446	0.0013787696080226168	0.5994235333150238	0.0	(0.5994235333150238+0j)
0.7766666666666667	0.6032111111111113	0.001380584642838332	0.604592010408126	0.0	(0.604592010408126+0j)
0.78	0.6084	0.0013823769246400267	0.6097826871132233	0.0	(0.6097826871132233+0j)
0.7833333333333334	0.6136111111111112	0.0013841468125609367	0.6149955637900754	0.0	(0.6149955637900754+0j)
0.7866666666666667	0.6188444444444445	0.0013858946596197145	0.6202306407926124	0.0	(0.6202306407926124+0j)
0.79	0.6241000000000001	0.0013876208128027641	0.6254879184689304	0.0	(0.6254879184689304+0j)
0.7933333333333333	0.6293777777777778	0.001389325613147201	0.6307673971614726	0.0	(0.6307673971614726+0j)
0.7966666666666667	0.6346777777777779	0.0013910093958243103	0.6360690772070586	0.0	(0.6360690772070586+0j)
0.8	0.6400000000000001	0.001392672490223401	0.6413929589369948	0.0	(0.6413929589369948+0j)
0.8033333333333333	0.6453444444444445	0.0013943152200359332	0.646739042677161	0.0	(0.646739042677161+0j)
0.8066666666666668	0.6507111111111112	0.0013959379033398303	0.6521073287481115	0.0	(0.6521073287481115+0j)
0.81	0.6561000000000001	0.001397540852683865	0.6574978174651691	0.0	(0.6574978174651691+0j)
0.8133333333333334	0.6615111111111112	0.0013991243751720391	0.6629105091384846	0.0	(0.6629105091384846+0j)
0.8166666666666668	0.6669444444444446	0.0014006887725478653	0.6683454040731784	0.0	(0.6683454040731784+0j)
0.8200000000000001	0.6724000000000001	0.001402234341278467	0.6738025025693992	0.0	(0.6738025025693992+0j)
0.8233333333333334	0.6778777777777778	0.0014037613726384285	0.6792818049224225	0.0	(0.6792818049224225+0j)
0.8266666666666668	0.683377777777778	0.001405270152793312	0.6847833114227709	0.0	(0.6847833114227709+0j)
0.8300000000000001	0.6889000000000001	0.0014067609628827865	0.6903070223562577	0.0	(0.6903070223562577+0j)
0.8333333333333334	0.6944444444444445	0.001408234079103295	0.6958529380041509	0.0	(0.6958529380041509+0j)
0.8366666666666667	0.7000111111111111	0.00140968977279021	0.7014210586431848	0.0	(0.7014210586431848+0j)
0.8400000000000001	0.7056000000000001	0.0014111283104994174	0.7070113845457378	0.0	(0.7070113845457378+0j)
0.8433333333333334	0.7112111111111112	0.001412549954088279	0.7126239159798758	0.0	(0.7126239159798758+0j)
0.8466666666666667	0.7168444444444445	0.0014139549607959303	0.7182586532094783	0.0	(0.7182586532094783+0j)
0.8500000000000001	0.7225000000000001	0.0014153435833228665	0.7239155964943117	0.0	(0.7239155964943117+0j)
0.8533333333333334	0.7281777777777779	0.0014167160699097784	0.7295947460901601	0.0	(0.7295947460901601+0j)
0.8566666666666667	0.7338777777777779	0.0014180726644156011	0.735296102248926	0.0	(0.735296102248926+0j)
0.8600000000000001	0.7396000000000001	0.0014194136063947441	0.7410196652186978	0.0	(0.7410196652186978+0j)
0.8633333333333334	0.7453444444444446	0.00142073913117347	0.7467654352439062	0.0	(0.7467654352439062+0j)
0.8666666666666667	0.7511111111111112	0.0014220494699253947	0.7525334125654076	0.0	(0.7525334125654076+0j)
0.8700000000000001	0.7569000000000002	0.0014233448497460884	0.758323597420624	0.0	(0.758323597420624+0j)
0.8733333333333334	0.7627111111111112	0.001424625493726748	0.7641359900436412	0.0	(0.7641359900436412+0j)
0.8766666666666667	0.7685444444444445	0.001425891621026928	0.7699705906653564	0.0	(0.7699705906653564+0j)
0.88	0.7744	0.0014271434469463086	0.7758273995136018	0.0	(0.7758273995136018+0j)
0.8833333333333334	0.780277777777778	0.0014283811829954895	0.781706416813298	0.0	(0.781706416813298+0j)
0.8866666666666667	0.7861777777777779	0.0014296050369657907	0.7876076427866174	0.0	(0.7876076427866174+0j)
0.89	0.7921	0.001430815212998057	0.7935310776531309	0.0	(0.7935310776531309+0j)
0.8933333333333334	0.7980444444444446	0.0014320119116504498	0.7994767216300152	0.0	(0.7994767216300152+0j)
0.8966666666666667	0.8040111111111112	0.0014331953299652257	0.805444574932266	0.0	(0.805444574932266+0j)
0.9	0.81	0.0014343656615344903	0.8114346377729007	0.0	(0.8114346377729007+0j)
0.9033333333333334	0.8160111111111112	0.0014355230965649277	0.8174469103632391	0.0	(0.8174469103632391+0j)
0.9066666666666667	0.8220444444444446	0.0014366678219415	0.823481392913182	0.0	(0.823481392913182+0j)
0.91	0.8281000000000001	0.0014378000212901202	0.8295380856315522	0.0	(0.8295380856315522+0j)
0.9133333333333334	0.834177777777778	0.0014389198750392924	0.8356169887264793	0.0	(0.8356169887264793+0j)
0.9166666666666667	0.8402777777777779	0.0014400275604807265	0.8417181024058716	0.0	(0.8417181024058716+0j)
0.92	0.8464	0.0014411232518289278	0.847841426877912	0.0	(0.847841426877912+0j)
0.9233333333333333	0.8525444444444444	0.0014422071202797643	0.8539869623517367	0.0	(0.8539869623517367+0j)
0.9266666666666667	0.8587111111111113	0.001443279334068018	0.8601547090381565	0.0	(0.8601547090381565+0j)
0.93	0.8649000000000001	0.0014443400585239248	0.8663446671506313	0.0	(0.8663446671506313+0j)
0.9333333333333333	0.8711111111111112	0.0014453894561287104	0.8725568369063494	0.0	(0.8725568369063494+0j)
0.9366666666666668	0.8773444444444446	0.0014464276865691285	0.8787912185277069	0.0	(0.8787912185277069+0j)
0.9400000000000001	0.8836000000000002	0.0014474549067910107	0.8850478122440402	0.0	(0.8850478122440402+0j)
0.9433333333333334	0.8898777777777778	0.0014484712710518335	0.8913266182939021	0.0	(0.8913266182939021+0j)
0.9466666666666668	0.896177777777778	0.0014494769309723178	0.8976276369280042	0.0	(0.8976276369280042+0j)
0.9500000000000001	0.9025000000000001	0.0014504720355870634	0.9039508684129791	0.0	(0.9039508684129791+0j)
0.9533333333333334	0.9088444444444445	0.0014514567313942347	0.9102963130365515	0.0	(0.9102963130365515+0j)
0.9566666666666668	0.9152111111111113	0.0014524311624043056	0.9166639711143578	0.0	(0.9166639711143578+0j)
0.9600000000000001	0.9216000000000002	0.0014533954701878746	0.9230538429995713	0.0	(0.9230538429995713+0j)
0.9633333333333334	0.9280111111111112	0.0014543497939225652	0.9294659290963915	0.0	(0.9294659290963915+0j)
0.9666666666666667	0.9344444444444444	0.0014552942704390162	0.9359002298797375	0.0	(0.9359002298797375+0j)
0.9700000000000001	0.9409000000000002	0.0014562290342659849	0.9423567459247707	0.0	(0.9423567459247707+0j)
0.9733333333333334	0.9473777777777779	0.001457154217674563	0.9488354779528719	0.0	(0.9488354779528719+0j)
0.9766666666666667	0.9538777777777778	0.0014580699507215314	0.955336426906307	0.0	(0.955336426906307+0j)
0.9800000000000001	0.9604000000000001	0.0014589763612918533	0.9618595940763105	0.0	(0.9618595940763105+0j)
0.9833333333333334	0.9669444444444446	0.00145987357514033	0.9684049813378792	0.0	(0.9684049813378792+0j)
0.9866666666666667	0.9735111111111112	0.0014607617159324256	0.9749725916190748	0.0	(0.9749725916190748+0j)
0.9900000000000001	0.9801000000000002	0.0014616409052842767	0.9815624299559841	0.0	(0.9815624299559841+0j)
0.9933333333333334	0.9867111111111112	0.0014625112628018993	0.9881745062998347	0.0	(0.9881745062998347+0j)
0.9966666666666667	0.9933444444444445	0.0014633729061196074	0.9948088452997784	0.0	(0.9948088452997784+0j)
1.0	1.0	0.0014642259509376559	1.001465544366044	0.0	(1.001465544366044+0j)
