-1.0	-1.0	-0.0033909762168212484	-1.0033930651547918	0.0	(-1.0033930651547918+0j)
-0.995	-0.990025	-0.0033622895465047296	-0.9933890242148521	0.0	(-0.9933890242148521+0j)
-0.99	-0.9801	-0.0033336558859774963	-0.9834352150243418	0.0	(-0.9834352150243418+0j)
-0.985	-0.970225	-0.003305076277321956	-0.9735315198225816	0.0	(-0.9735315198225816+0j)
-0.98	-0.9603999999999999	-0.003276551764340838	-0.9636779096965212	0.0	(-0.9636779096965212+0j)
-0.975	-0.9506249999999999	-0.0032480833924909526	-0.9538743736761701	0.0	(-0.9538743736761701+0j)
-0.97	-0.9409	-0.003219672208816438	-0.9441209067960782	0.0	(-0.9441209067960782+0j)
-0.965	-0.931225	-0.003191319261881601	-0.9344175066696069	0.0	(-0.9344175066696069+0j)
-0.96	-0.9216	-0.0031630256017033094	-0.9247641722012482	0.0	(-0.9247641722012482+0j)
-0.9550000000000001	-0.9120250000000001	-0.003134792279682927	-0.9151609030135102	0.0	(-0.9151609030135102+0j)
-0.9500000000000001	-0.9025000000000001	-0.0031066203485378505	-0.9056076991601015	0.0	(-0.9056076991601015+0j)
-0.9450000000000001	-0.8930250000000001	-0.003078510862232606	-0.8961045609694291	0.0	(-0.8961045609694291+0j)
-0.9400000000000001	-0.8836000000000002	-0.003050464875909523	-0.8866514889532391	0.0	(-0.8866514889532391+0j)
-0.935	-0.8742250000000001	-0.0030224834458189966	-0.8772484837503762	0.0	(-0.8772484837503762+0j)
-0.93	-0.8649000000000001	-0.002994567629249387	-0.8678955460906268	0.0	(-0.8678955460906268+0j)
-0.925	-0.8556250000000001	-0.0029667184844564543	-0.8585926767706002	0.0	(-0.8585926767706002+0j)
-0.92	-0.8464	-0.002938937070592443	-0.8493398766370975	0.0	(-0.8493398766370975+0j)
-0.915	-0.8372250000000001	-0.0029112244476347665	-0.8401371465754238	0.0	(-0.8401371465754238+0j)
-0.91	-0.8281000000000001	-0.002883581676314348	-0.8309844875008491	0.0	(-0.8309844875008491+0j)
-0.905	-0.819025	-0.002856009818043512	-0.8218819003523719	0.0	(-0.8218819003523719+0j)
-0.9	-0.81	-0.002828509934843607	-0.8128293860879741	0.0	(-0.8128293860879741+0j)
-0.895	-0.801025	-0.00280108308927218	-0.8038269456810345	0.0	(-0.8038269456810345+0j)
-0.89	-0.7921	-0.002773730344349865	-0.7948745801175007	0.0	(-0.7948745801175007+0j)
-0.885	-0.7832250000000001	-0.002746452763486904	-0.7859722903936945	0.0	(-0.7859722903936945+0j)
-0.88	-0.7744	-0.0027192514104093127	-0.7771200775145287	0.0	(-0.7771200775145287+0j)
-0.875	-0.765625	-0.0026921273490847553	-0.7683179424920893	0.0	(-0.7683179424920893+0j)
-0.87	-0.7569	-0.002665081643648043	-0.7595658863444743	0.0	(-0.7595658863444743+0j)
-0.865	-0.748225	-0.0026381153583263984	-0.7508639100948111	0.0	(-0.7508639100948111+0j)
-0.86	-0.7395999999999999	-0.002611229557364314	-0.7422120147704719	0.0	(-0.7422120147704719+0j)
-0.855	-0.7310249999999999	-0.002584425304948174	-0.7336102014023596	0.0	(-0.7336102014023596+0j)
-0.85	-0.7224999999999999	-0.002557703665130562	-0.725058471024362	0.0	(-0.725058471024362+0j)
-0.845	-0.7140249999999999	-0.002531065701754326	-0.7165568246728237	0.0	(-0.7165568246728237+0j)
-0.84	-0.7055999999999999	-0.0025045124783762644	-0.7081052633861259	0.0	(-0.7081052633861259+0j)
-0.835	-0.697225	-0.0024780450581906367	-0.6997037882042962	0.0	(-0.6997037882042962+0j)
-0.8300000000000001	-0.6889000000000001	-0.0024516645039524333	-0.6913524001686797	0.0	(-0.6913524001686797+0j)
-0.8250000000000001	-0.6806250000000001	-0.002425371877900212	-0.6830511003216135	0.0	(-0.6830511003216135+0j)
-0.8200000000000001	-0.6724000000000001	-0.0023991682416789673	-0.6747998897061923	0.0	(-0.6747998897061923+0j)
-0.8150000000000001	-0.6642250000000001	-0.0023730546562624744	-0.6665987693659935	0.0	(-0.6665987693659935+0j)
-0.81	-0.6561000000000001	-0.0023470321818756194	-0.6584477403448492	0.0	(-0.6584477403448492+0j)
-0.805	-0.6480250000000001	-0.002321101877916426	-0.650346803686649	0.0	(-0.650346803686649+0j)
-0.8	-0.6400000000000001	-0.002295264802877828	-0.6422959604351501	0.0	(-0.6422959604351501+0j)
-0.795	-0.6320250000000001	-0.002269522014269282	-0.6342952116337891	0.0	(-0.6342952116337891+0j)
-0.79	-0.6241000000000001	-0.002243874568538207	-0.6263445583255015	0.0	(-0.6263445583255015+0j)
-0.785	-0.616225	-0.002218323520991206	-0.6184440015525832	0.0	(-0.6184440015525832+0j)
-0.78	-0.6084	-0.0021928699257150685	-0.6105935423565233	0.0	(-0.6105935423565233+0j)
-0.775	-0.6006250000000001	-0.0021675148354976803	-0.6027931817778547	0.0	(-0.6027931817778547+0j)
-0.77	-0.5929	-0.0021422593017487225	-0.595042920856022	0.0	(-0.595042920856022+0j)
-0.765	-0.585225	-0.00211710437442022	-0.5873427606292367	0.0	(-0.5873427606292367+0j)
-0.76	-0.5776	-0.002092051101926923	-0.5796927021343595	0.0	(-0.5796927021343595+0j)
-0.755	-0.570025	-0.0020671005310666404	-0.5720927464067469	0.0	(-0.5720927464067469+0j)
-0.75	-0.5625	-0.0020422537069403114	-0.564542894480163	0.0	(-0.564542894480163+0j)
-0.745	-0.555025	-0.0020175116728720854	-0.557043147386618	0.0	(-0.557043147386618+0j)
-0.74	-0.5476	-0.0019928754703291917	-0.549593506156272	0.0	(-0.549593506156272+0j)
-0.735	-0.540225	-0.0019683461388417755	-0.5421939718173024	0.0	(-0.5421939718173024+0j)
-0.73	-0.5328999999999999	-0.0019439247159226125	-0.5348445453958065	0.0	(-0.5348445453958065+0j)
-0.725	-0.525625	-0.0019196122369867508	-0.5275452279156662	0.0	(-0.5275452279156662+0j)
-0.72	-0.5184	-0.0018954097352710253	-0.5202960203984464	0.0	(-0.5202960203984464+0j)
-0.715	-0.5112249999999999	-0.0018713182417536224	-0.513096923863257	0.0	(-0.513096923863257+0j)
-0.71	-0.5041	-0.0018473387850734659	-0.5059479393266896	0.0	(-0.5059479393266896+0j)
-0.705	-0.49702499999999994	-0.0018234723914496431	-0.49884906780264965	0.0	(-0.49884906780264965+0j)
-0.7000000000000001	-0.4900000000000001	-0.0017997200846007312	-0.49180031030227833	0.0	(-0.49180031030227833+0j)
-0.6950000000000001	-0.4830250000000001	-0.001776082885664121	-0.4848016678338222	0.0	(-0.4848016678338222+0j)
-0.6900000000000001	-0.4761000000000001	-0.001752561813115383	-0.4778531414025429	0.0	(-0.4778531414025429+0j)
-0.685	-0.46922500000000006	-0.0017291578826874822	-0.4709547320105845	0.0	(-0.4709547320105845+0j)
-0.68	-0.4624000000000001	-0.0017058721072901184	-0.46410644065686946	0.0	(-0.46410644065686946+0j)
-0.675	-0.45562500000000006	-0.001682705496929038	-0.45730826833698424	0.0	(-0.45730826833698424+0j)
-0.67	-0.4489000000000001	-0.0016596590586252958	-0.4505602160430769	0.0	(-0.4505602160430769+0j)
-0.665	-0.44222500000000003	-0.001636733796334744	-0.4438622847637323	0.0	(-0.4438622847637323+0j)
-0.66	-0.43560000000000004	-0.0016139307108672396	-0.43721447548385656	0.0	(-0.43721447548385656+0j)
-0.655	-0.42902500000000005	-0.001591250799806221	-0.4306167891845737	0.0	(-0.4306167891845737+0j)
-0.65	-0.42250000000000004	-0.00156869505742816	-0.4240692268431077	0.0	(-0.4240692268431077+0j)
-0.645	-0.41602500000000003	-0.0015462644746220722	-0.4175717894326592	0.0	(-0.4175717894326592+0j)
-0.64	-0.4096	-0.0015239600388092245	-0.4111244779223019	0.0	(-0.4111244779223019+0j)
-0.635	-0.403225	-0.0015017827338627888	-0.4047272932768545	0.0	(-0.4047272932768545+0j)
-0.63	-0.39690000000000003	-0.0014797335400277168	-0.3983802364567684	0.0	(-0.3983802364567684+0j)
-0.625	-0.390625	-0.0014578134338406046	-0.39208330841800526	0.0	(-0.39208330841800526+0j)
-0.62	-0.3844	-0.0014360233880497454	-0.38583651011191333	0.0	(-0.38583651011191333+0j)
-0.615	-0.378225	-0.0014143643715352928	-0.3796398424851224	0.0	(-0.3796398424851224+0j)
-0.61	-0.3721	-0.0013928373492295588	-0.37349330647939566	0.0	(-0.37349330647939566+0j)
-0.605	-0.366025	-0.0013714432820373657	-0.36739690303152783	0.0	(-0.36739690303152783+0j)
-0.6	-0.36	-0.0013501831267567878	-0.36135063307320375	0.0	(-0.36135063307320375+0j)
-0.595	-0.354025	-0.0013290578359997141	-0.355354497530882	0.0	(-0.355354497530882+0j)
-0.59	-0.34809999999999997	-0.0013080683581129127	-0.34940849732565793	0.0	(-0.34940849732565793+0j)
-0.585	-0.34222499999999995	-0.0012872156370990484	-0.34351263337313376	0.0	(-0.34351263337313376+0j)
-0.58	-0.3364	-0.001266500612538002	-0.3376669065832938	0.0	(-0.3376669065832938+0j)
-0.5750000000000001	-0.33062500000000006	-0.0012459242195083766	-0.33187131786035595	0.0	(-0.33187131786035595+0j)
-0.5700000000000001	-0.3249000000000001	-0.0012254873885091833	-0.32612586810264893	0.0	(-0.32612586810264893+0j)
-0.5650000000000001	-0.3192250000000001	-0.0012051910453817706	-0.3204305582024621	0.0	(-0.3204305582024621+0j)
-0.56	-0.31360000000000005	-0.001185036111231952	-0.3147853890459058	0.0	(-0.3147853890459058+0j)
-0.555	-0.30802500000000005	-0.0011650235023524691	-0.30919036151277746	0.0	(-0.30919036151277746+0j)
-0.55	-0.30250000000000005	-0.0011451541301455536	-0.30364547647639917	0.0	(-0.30364547647639917+0j)
-0.545	-0.29702500000000004	-0.001125428901045933	-0.2981507348034741	0.0	(-0.2981507348034741+0j)
-0.54	-0.2916	-0.001105848716443858	-0.29270613735393913	0.0	(-0.29270613735393913+0j)
-0.535	-0.286225	-0.001086414472608721	-0.2873116849807959	0.0	(-0.2873116849807959+0j)
-0.53	-0.28090000000000004	-0.0010671270606126605	-0.2819673785299695	0.0	(-0.2819673785299695+0j)
-0.525	-0.275625	-0.0010479873662546546	-0.2766732188401216	0.0	(-0.2766732188401216+0j)
-0.52	-0.27040000000000003	-0.001028996269984872	-0.27142920674249965	0.0	(-0.27142920674249965+0j)
-0.515	-0.265225	-0.0010101546468293866	-0.26623534306076263	0.0	(-0.26623534306076263+0j)
-0.51	-0.2601	-0.000991463366314993	-0.2610916286107951	0.0	(-0.2610916286107951+0j)
-0.505	-0.255025	-0.0009729232923947118	-0.25599806420053245	0.0	(-0.25599806420053245+0j)
-0.5	-0.25	-0.0009545352833734144	-0.2509546506297775	0.0	(-0.2509546506297775+0j)
-0.495	-0.245025	-0.00093630019183375	-0.245961388689999	0.0	(-0.245961388689999+0j)
-0.49	-0.24009999999999998	-0.0009182188645626699	-0.2410182791641357	0.0	(-0.2410182791641357+0j)
-0.485	-0.235225	-0.0009002921424781541	-0.23612532282639592	0.0	(-0.23612532282639592+0j)
-0.48	-0.2304	-0.0008825208605562685	-0.23128252044203473	0.0	(-0.23128252044203473+0j)
-0.47500000000000003	-0.22562500000000002	-0.00086490584775889	-0.22648987276714252	0.0	(-0.22648987276714252+0j)
-0.47000000000000003	-0.22090000000000004	-0.0008474479269614311	-0.22174738054841242	0.0	(-0.22174738054841242+0j)
-0.465	-0.21622500000000003	-0.0008301479148813629	-0.21705504452290264	0.0	(-0.21705504452290264+0j)
-0.46	-0.2116	-0.0008130066220069177	-0.21241286541779023	0.0	(-0.21241286541779023+0j)
-0.455	-0.20702500000000001	-0.0007960248525263003	-0.20782084395011294	0.0	(-0.20782084395011294+0j)
-0.45	-0.2025	-0.0007792034042573893	-0.20327898082649748	0.0	(-0.20327898082649748+0j)
-0.445	-0.198025	-0.0007625430685777257	-0.1987872767428811	0.0	(-0.1987872767428811+0j)
-0.44	-0.1936	-0.0007460446303551694	-0.1943457323842185	0.0	(-0.1943457323842185+0j)
-0.435	-0.189225	-0.0007297088678788644	-0.18995434842416686	0.0	(-0.18995434842416686+0j)
-0.43	-0.18489999999999998	-0.0007135365527906724	-0.18561312552476383	0.0	(-0.18561312552476383+0j)
-0.425	-0.18062499999999998	-0.0006975284500173595	-0.18132206433609024	0.0	(-0.18132206433609024+0j)
-0.42	-0.17639999999999997	-0.0006816853177027849	-0.17708116549589614	0.0	(-0.17708116549589614+0j)
-0.41500000000000004	-0.17222500000000002	-0.0006660079071410864	-0.17289042962924026	0.0	(-0.17289042962924026+0j)
-0.41000000000000003	-0.16810000000000003	-0.0006504969627100899	-0.1687498573480654	0.0	(-0.1687498573480654+0j)
-0.405	-0.16402500000000003	-0.000635153221805318	-0.16465944925078513	0.0	(-0.16465944925078513+0j)
-0.4	-0.16000000000000003	-0.000619977414774553	-0.16061920592182566	0.0	(-0.16061920592182566+0j)
-0.395	-0.15602500000000002	-0.0006049702648528443	-0.15662912793114314	0.0	(-0.15662912793114314+0j)
-0.39	-0.1521	-0.0005901324880981829	-0.1526892158337113	0.0	(-0.1526892158337113+0j)
-0.385	-0.148225	-0.0005754647933276403	-0.14879947016897294	0.0	(-0.14879947016897294+0j)
-0.38	-0.1444	-0.0005609678820541752	-0.14495989146024837	0.0	(-0.14495989146024837+0j)
-0.375	-0.140625	-0.0005466424484237731	-0.1411704802141127	0.0	(-0.1411704802141127+0j)
-0.37	-0.1369	-0.0005324891791535614	-0.1374312369197159	0.0	(-0.1374312369197159+0j)
-0.365	-0.13322499999999998	-0.000518508753470126	-0.1337421620480676	0.0	(-0.1337421620480676+0j)
-0.36	-0.1296	-0.0005047018430486272	-0.13010325605124312	0.0	(-0.13010325605124312+0j)
-0.355	-0.126025	-0.0004910691119523581	-0.12651451936155003	0.0	(-0.12651451936155003+0j)
-0.35000000000000003	-0.12250000000000003	-0.00047761121657332597	-0.12297595239061805	0.0	(-0.12297595239061805+0j)
-0.34500000000000003	-0.11902500000000002	-0.00046432880557283345	-0.11948755552841116	0.0	(-0.11948755552841116+0j)
-0.34	-0.11560000000000002	-0.0004512225198232134	-0.11604932914216051	0.0	(-0.11604932914216051+0j)
-0.335	-0.11222500000000002	-0.0004382929923499646	-0.11266127357520617	0.0	(-0.11266127357520617+0j)
-0.33	-0.10890000000000001	-0.0004255408482745527	-0.10932338914573259	0.0	(-0.10932338914573259+0j)
-0.325	-0.10562500000000001	-0.000412966704757789	-0.10603567614539419	0.0	(-0.10603567614539419+0j)
-0.32	-0.1024	-0.0004005711709440974	-0.10279813483781307	0.0	(-0.10279813483781307+0j)
-0.315	-0.09922500000000001	-0.00038835484790626933	-0.09961076545693957	0.0	(-0.09961076545693957+0j)
-0.31	-0.0961	-0.00037631832859084117	-0.09647356820524382	0.0	(-0.09647356820524382+0j)
-0.305	-0.093025	-0.000364462197764448	-0.09338654325175265	0.0	(-0.09338654325175265+0j)
-0.3	-0.09	-0.0003527870319604887	-0.09034969072986677	0.0	(-0.09034969072986677+0j)
-0.295	-0.08702499999999999	-0.0003412933994265455	-0.08736301073497484	0.0	(-0.08736301073497484+0j)
-0.29	-0.0841	-0.000329981860073092	-0.0844265033218126	0.0	(-0.0844265033218126+0j)
-0.28500000000000003	-0.08122500000000002	-0.0003188529654218009	-0.08154016850154489	0.0	(-0.08154016850154489+0j)
-0.28	-0.07840000000000001	-0.00030790725855585067	-0.07870400623853537	0.0	(-0.07870400623853537+0j)
-0.275	-0.07562500000000001	-0.00029714527406978777	-0.07591801644676076	0.0	(-0.07591801644676076+0j)
-0.27	-0.0729	-0.0002865675380208543	-0.07318219898583052	0.0	(-0.07318219898583052+0j)
-0.265	-0.07022500000000001	-0.00027617456788116	-0.07049655365654509	0.0	(-0.07049655365654509+0j)
-0.26	-0.06760000000000001	-0.00026596687248963135	-0.06786108019594887	0.0	(-0.06786108019594887+0j)
-0.255	-0.065025	-0.00025594495200591537	-0.06527577827179637	0.0	(-0.06527577827179637+0j)
-0.25	-0.0625	-0.00024610929786428315	-0.06274064747635258	0.0	(-0.06274064747635258+0j)
-0.245	-0.060024999999999995	-0.00023646039272842148	-0.06025568731943674	0.0	(-0.06025568731943674+0j)
-0.24	-0.0576	-0.0002269987104473792	-0.05782089722059945	0.0	(-0.05782089722059945+0j)
-0.23500000000000001	-0.05522500000000001	-0.00021772471601151367	-0.05543627650030378	0.0	(-0.05543627650030378+0j)
-0.23	-0.0529	-0.0002086388655102134	-0.053101824369969616	0.0	(-0.053101824369969616+0j)
-0.225	-0.050625	-0.00019974160608944304	-0.05081753992070733	0.0	(-0.05081753992070733+0j)
-0.22	-0.0484	-0.00019103337591079851	-0.048583422110538774	0.0	(-0.048583422110538774+0j)
-0.215	-0.046224999999999995	-0.00018251460411100595	-0.04639946974987775	0.0	(-0.04639946974987775+0j)
-0.21	-0.04409999999999999	-0.00017418571076230905	-0.04426568148499243	0.0	(-0.04426568148499243+0j)
-0.20500000000000002	-0.04202500000000001	-0.00016604710683365553	-0.042182055779133726	0.0	(-0.042182055779133726+0j)
-0.2	-0.04000000000000001	-0.00015809919415250563	-0.04014859089095442	0.0	(-0.04014859089095442+0j)
-0.195	-0.038025	-0.00015034236536841662	-0.03816528484978041	0.0	(-0.03816528484978041+0j)
-0.19	-0.0361	-0.00014277700391556182	-0.03623213542722047	0.0	(-0.03623213542722047+0j)
-0.185	-0.034225	-0.00013540348397818037	-0.03434914010451765	0.0	(-0.03434914010451765+0j)
-0.18	-0.0324	-0.00012822217045513896	-0.032516296034942875	0.0	(-0.032516296034942875+0j)
-0.17500000000000002	-0.030625000000000006	-0.00012123341892706919	-0.030733600000421395	0.0	(-0.030733600000421395+0j)
-0.17	-0.028900000000000006	-0.00011443757562226154	-0.029001048361468315	0.0	(-0.029001048361468315+0j)
-0.165	-0.027225000000000003	-0.00010783497738522386	-0.02731863699937313	0.0	(-0.02731863699937313+0j)
-0.16	-0.0256	-0.00010142595164523982	-0.025686361249468197	0.0	(-0.025686361249468197+0j)
-0.155	-0.024025	-9.521081638599328e-05	-0.02410421582421085	0.0	(-0.02410421582421085+0j)
-0.15	-0.0225	-8.918988011608064e-05	-0.022572194724791408	0.0	(-0.022572194724791408+0j)
-0.145	-0.021025	-8.336344183934585e-05	-0.021090291140069002	0.0	(-0.021090291140069002+0j)
-0.14	-0.019600000000000003	-7.773179102876782e-05	-0.01965849733198618	0.0	(-0.01965849733198618+0j)
-0.135	-0.018225	-7.22952075982164e-05	-0.018276804507368658	0.0	(-0.018276804507368658+0j)
-0.13	-0.016900000000000002	-6.705396187705049e-05	-0.016945202677553423	0.0	(-0.016945202677553423+0j)
-0.125	-0.015625	-6.200831458400558e-05	-0.015663680510104337	0.0	(-0.015663680510104337+0j)
-0.12	-0.0144	-5.715851680427875e-05	-0.014432225181966563	0.0	(-0.014432225181966563+0j)
-0.115	-0.013225	-5.2504809964304405e-05	-0.013250822252320379	0.0	(-0.013250822252320379+0j)
-0.11	-0.0121	-4.804742581114852e-05	-0.012119455588933322	0.0	(-0.012119455588933322+0j)
-0.105	-0.011024999999999998	-4.378658639048183e-05	-0.011038107408568329	0.0	(-0.011038107408568329+0j)
-0.1	-0.010000000000000002	-3.9722504023842475e-05	-0.010006758538017068	0.0	(-0.010006758538017068+0j)
-0.095	-0.009025	-3.5855381290872405e-05	-0.009025389080977103	0.0	(-0.009025389080977103+0j)
-0.09	-0.0081	-3.218541101119854e-05	-0.008093979809518892	0.0	(-0.008093979809518892+0j)
-0.085	-0.007225000000000001	-2.871277622205071e-05	-0.007212514822704334	0.0	(-0.007212514822704334+0j)
-0.08	-0.0064	-2.5437650167248196e-05	-0.006380986380942128	0.0	(-0.006380986380942128+0j)
-0.075	-0.005625	-2.2360196276594027e-05	-0.005599403395165973	0.0	(-0.005599403395165973+0j)
-0.07	-0.004900000000000001	-1.9480568150243018e-05	-0.004867805855806848	0.0	(-0.004867805855806848+0j)
-0.065	-0.0042250000000000005	-1.679890955017527e-05	-0.00418628837944347	0.0	(-0.00418628837944347+0j)
-0.06	-0.0036	-1.4315354377458789e-05	-0.003555036306081329	0.0	(-0.003555036306081329+0j)
-0.055	-0.003025	-1.2030026668696792e-05	-0.0029743752851788606	0.0	(-0.0029743752851788606+0j)
-0.05	-0.0025000000000000005	-9.943040578264118e-06	-0.0024448256815201392	0.0	(-0.0024448256815201392+0j)
-0.045	-0.002025	-8.054500369780726e-06	-0.0019671315022756594	0.0	(-0.0019671315022756594+0j)
-0.04	-0.0016	-6.364500410427355e-06	-0.0015422048051558892	0.0	(-0.0015422048051558892+0j)
-0.035	-0.0012250000000000002	-4.873125152471403e-06	-0.001170922676015423	0.0	(-0.001170922676015423+0j)
-0.03	-0.0009	-3.5804491346880243e-06	-0.0008537768991878957	0.0	(-0.0008537768991878957+0j)
-0.025	-0.0006250000000000001	-2.486536965307096e-06	-0.0005904628964256614	0.0	(-0.0005904628964256614+0j)
-0.02	-0.0004	-1.5914433447505873e-06	-0.0003794322979168035	0.0	(-0.0003794322979168035+0j)
-0.015	-0.000225	-8.952129746830906e-07	-0.00021709860081299976	0.0	(-0.00021709860081299976+0j)
-0.01	-0.0001	-3.978806944360258e-07	-9.58403518682759e-05	0.0	(-9.58403518682759e-05+0j)
-0.005	-2.5e-05	-9.947143553290516e-08	-1.3518645838178633e-17	-0.0023279771672808846	(-1.3518645838178633e-17-0.0023279771672808846j)
0.005	2.5e-05	9.947143553290516e-08	-1.3518645838178633e-17	0.0023279771672808846	(-1.3518645838178633e-17+0.0023279771672808846j)
0.01	0.0001	3.978806944360258e-07	9.584035186829072e-05	0.0	(9.584035186829072e-05+0j)
0.015	0.000225	8.952129746830906e-07	0.00021709860081300133	0.0	(0.00021709860081300133+0j)
0.02	0.0004	1.5914433447505873e-06	0.00037943229791676306	0.0	(0.00037943229791676306+0j)
0.025	0.0006250000000000001	2.486536965307096e-06	0.0005904628964256838	0.0	(0.0005904628964256838+0j)
0.03	0.0009	3.5804491346880243e-06	0.0008537768991878403	0.0	(0.0008537768991878403+0j)
0.035	0.0012250000000000002	4.873125152471403e-06	0.0011709226760154502	0.0	(0.0011709226760154502+0j)
0.04	0.0016	6.364500410427355e-06	0.0015422048051558694	0.0	(0.0015422048051558694+0j)
0.045	0.002025	8.054500369780726e-06	0.0019671315022756733	0.0	(0.0019671315022756733+0j)
0.05	0.0025000000000000005	9.943040578264118e-06	0.002444825681520122	0.0	(0.002444825681520122+0j)
0.055	0.003025	1.2030026668696792e-05	0.002974375285178871	0.0	(0.002974375285178871+0j)
0.06	0.0036	1.4315354377458789e-05	0.003555036306081276	0.0	(0.003555036306081276+0j)
0.065	0.0042250000000000005	1.679890955017527e-05	0.004186288379443483	0.0	(0.004186288379443483+0j)
0.07	0.004900000000000001	1.9480568150243018e-05	0.004867805855806861	0.0	(0.004867805855806861+0j)
0.075	0.005625	2.2360196276594027e-05	0.005599403395165998	0.0	(0.005599403395165998+0j)
0.08	0.0064	2.5437650167248196e-05	0.006380986380942111	0.0	(0.006380986380942111+0j)
0.085	0.007225000000000001	2.871277622205071e-05	0.0072125148227043506	0.0	(0.0072125148227043506+0j)
0.09	0.0081	3.218541101119854e-05	0.008093979809518823	0.0	(0.008093979809518823+0j)
0.095	0.009025	3.5855381290872405e-05	0.009025389080977088	0.0	(0.009025389080977088+0j)
0.1	0.010000000000000002	3.9722504023842475e-05	0.010006758538017094	0.0	(0.010006758538017094+0j)
0.105	0.011024999999999998	4.378658639048183e-05	0.011038107408568466	0.0	(0.011038107408568466+0j)
0.11	0.0121	4.804742581114852e-05	0.012119455588933301	0.0	(0.012119455588933301+0j)
0.115	0.013225	5.2504809964304405e-05	0.013250822252320393	0.0	(0.013250822252320393+0j)
0.12	0.0144	5.715851680427875e-05	0.01443222518196651	0.0	(0.01443222518196651+0j)
0.125	0.015625	6.200831458400558e-05	0.015663680510104413	0.0	(0.015663680510104413+0j)
0.13	0.016900000000000002	6.705396187705049e-05	0.01694520267755334	0.0	(0.01694520267755334+0j)
0.135	0.018225	7.22952075982164e-05	0.01827680450736861	0.0	(0.01827680450736861+0j)
0.14	0.019600000000000003	7.773179102876782e-05	0.019658497331986113	0.0	(0.019658497331986113+0j)
0.145	0.021025	8.336344183934585e-05	0.021090291140069085	0.0	(0.021090291140069085+0j)
0.15	0.0225	8.918988011608064e-05	0.022572194724791494	0.0	(0.022572194724791494+0j)
0.155	0.024025	9.521081638599328e-05	0.024104215824210788	0.0	(0.024104215824210788+0j)
0.16	0.0256	0.00010142595164523982	0.025686361249468142	0.0	(0.025686361249468142+0j)
0.165	0.027225000000000003	0.00010783497738522386	0.027318636999373088	0.0	(0.027318636999373088+0j)
0.17	0.028900000000000006	0.00011443757562226154	0.029001048361468214	0.0	(0.029001048361468214+0j)
0.17500000000000002	0.030625000000000006	0.00012123341892706919	0.03073360000042131	0.0	(0.03073360000042131+0j)
0.18	0.0324	0.00012822217045513896	0.0325162960349428	0.0	(0.0325162960349428+0j)
0.185	0.034225	0.00013540348397818037	0.03434914010451772	0.0	(0.03434914010451772+0j)
0.19	0.0361	0.00014277700391556182	0.03623213542722047	0.0	(0.03623213542722047+0j)
0.195	0.038025	0.00015034236536841662	0.03816528484978007	0.0	(0.03816528484978007+0j)
0.2	0.04000000000000001	0.00015809919415250563	0.040148590890954364	0.0	(0.040148590890954364+0j)
0.20500000000000002	0.04202500000000001	0.00016604710683365553	0.04218205577913351	0.0	(0.04218205577913351+0j)
0.21	0.04409999999999999	0.00017418571076230905	0.04426568148499239	0.0	(0.04426568148499239+0j)
0.215	0.046224999999999995	0.00018251460411100595	0.04639946974987776	0.0	(0.04639946974987776+0j)
0.22	0.0484	0.00019103337591079851	0.04858342211053901	0.0	(0.04858342211053901+0j)
0.225	0.050625	0.00019974160608944304	0.05081753992070743	0.0	(0.05081753992070743+0j)
0.23	0.0529	0.0002086388655102134	0.05310182436996984	0.0	(0.05310182436996984+0j)
0.23500000000000001	0.05522500000000001	0.00021772471601151367	0.055436276500303555	0.0	(0.055436276500303555+0j)
0.24	0.0576	0.0002269987104473792	0.057820897220599694	0.0	(0.057820897220599694+0j)
0.245	0.060024999999999995	0.00023646039272842148	0.06025568731943692	0.0	(0.06025568731943692+0j)
0.25	0.0625	0.00024610929786428315	0.06274064747635255	0.0	(0.06274064747635255+0j)
0.255	0.065025	0.00025594495200591537	0.06527577827179624	0.0	(0.06527577827179624+0j)
0.26	0.06760000000000001	0.00026596687248963135	0.06786108019594843	0.0	(0.06786108019594843+0j)
0.265	0.07022500000000001	0.00027617456788116	0.07049655365654443	0.0	(0.07049655365654443+0j)
0.27	0.0729	0.0002865675380208543	0.07318219898583034	0.0	(0.07318219898583034+0j)
0.275	0.07562500000000001	0.00029714527406978777	0.0759180164467608	0.0	(0.0759180164467608+0j)
0.28	0.07840000000000001	0.00030790725855585067	0.07870400623853449	0.0	(0.07870400623853449+0j)
0.28500000000000003	0.08122500000000002	0.0003188529654218009	0.08154016850154489	0.0	(0.08154016850154489+0j)
0.29	0.0841	0.000329981860073092	0.08442650332181327	0.0	(0.08442650332181327+0j)
0.295	0.08702499999999999	0.0003412933994265455	0.08736301073497459	0.0	(0.08736301073497459+0j)
0.3	0.09	0.0003527870319604887	0.090349690729867	0.0	(0.090349690729867+0j)
0.305	0.093025	0.000364462197764448	0.09338654325175286	0.0	(0.09338654325175286+0j)
0.31	0.0961	0.00037631832859084117	0.09647356820524468	0.0	(0.09647356820524468+0j)
0.315	0.09922500000000001	0.00038835484790626933	0.09961076545693935	0.0	(0.09961076545693935+0j)
0.32	0.1024	0.0004005711709440974	0.10279813483781279	0.0	(0.10279813483781279+0j)
0.325	0.10562500000000001	0.000412966704757789	0.10603567614539365	0.0	(0.10603567614539365+0j)
0.33	0.10890000000000001	0.0004255408482745527	0.10932338914573236	0.0	(0.10932338914573236+0j)
0.335	0.11222500000000002	0.0004382929923499646	0.11266127357520635	0.0	(0.11266127357520635+0j)
0.34	0.11560000000000002	0.0004512225198232134	0.11604932914216122	0.0	(0.11604932914216122+0j)
0.34500000000000003	0.11902500000000002	0.00046432880557283345	0.11948755552841168	0.0	(0.11948755552841168+0j)
0.35000000000000003	0.12250000000000003	0.00047761121657332597	0.12297595239061807	0.0	(0.12297595239061807+0j)
0.355	0.126025	0.0004910691119523581	0.12651451936154973	0.0	(0.12651451936154973+0j)
0.36	0.1296	0.0005047018430486272	0.13010325605124268	0.0	(0.13010325605124268+0j)
0.365	0.13322499999999998	0.000518508753470126	0.13374216204806777	0.0	(0.13374216204806777+0j)
0.37	0.1369	0.0005324891791535614	0.13743123691971681	0.0	(0.13743123691971681+0j)
0.375	0.140625	0.0005466424484237731	0.14117048021411233	0.0	(0.14117048021411233+0j)
0.38	0.1444	0.0005609678820541752	0.14495989146024915	0.0	(0.14495989146024915+0j)
0.385	0.148225	0.0005754647933276403	0.14879947016897277	0.0	(0.14879947016897277+0j)
0.39	0.1521	0.0005901324880981829	0.15268921583371314	0.0	(0.15268921583371314+0j)
0.395	0.15602500000000002	0.0006049702648528443	0.15662912793114322	0.0	(0.15662912793114322+0j)
0.4	0.16000000000000003	0.000619977414774553	0.16061920592182488	0.0	(0.16061920592182488+0j)
0.405	0.16402500000000003	0.000635153221805318	0.1646594492507851	0.0	(0.1646594492507851+0j)
0.41000000000000003	0.16810000000000003	0.0006504969627100899	0.16874985734806525	0.0	(0.16874985734806525+0j)
0.41500000000000004	0.17222500000000002	0.0006660079071410864	0.17289042962924026	0.0	(0.17289042962924026+0j)
0.42	0.17639999999999997	0.0006816853177027849	0.17708116549589772	0.0	(0.17708116549589772+0j)
0.425	0.18062499999999998	0.0006975284500173595	0.1813220643360906	0.0	(0.1813220643360906+0j)
0.43	0.18489999999999998	0.0007135365527906724	0.18561312552476444	0.0	(0.18561312552476444+0j)
0.435	0.189225	0.0007297088678788644	0.18995434842416722	0.0	(0.18995434842416722+0j)
0.44	0.1936	0.0007460446303551694	0.19434573238421765	0.0	(0.19434573238421765+0j)
0.445	0.198025	0.0007625430685777257	0.19878727674288077	0.0	(0.19878727674288077+0j)
0.45	0.2025	0.0007792034042573893	0.20327898082649626	0.0	(0.20327898082649626+0j)
0.455	0.20702500000000001	0.0007960248525263003	0.2078208439501129	0.0	(0.2078208439501129+0j)
0.46	0.2116	0.0008130066220069177	0.2124128654177902	0.0	(0.2124128654177902+0j)
0.465	0.21622500000000003	0.0008301479148813629	0.21705504452290272	0.0	(0.21705504452290272+0j)
0.47000000000000003	0.22090000000000004	0.0008474479269614311	0.2217473805484123	0.0	(0.2217473805484123+0j)
0.47500000000000003	0.22562500000000002	0.00086490584775889	0.226489872767143	0.0	(0.226489872767143+0j)
0.48	0.2304	0.0008825208605562685	0.23128252044203465	0.0	(0.23128252044203465+0j)
0.485	0.235225	0.0009002921424781541	0.23612532282639698	0.0	(0.23612532282639698+0j)
0.49	0.24009999999999998	0.0009182188645626699	0.2410182791641373	0.0	(0.2410182791641373+0j)
0.495	0.245025	0.00093630019183375	0.2459613886899997	0.0	(0.2459613886899997+0j)
0.5	0.25	0.0009545352833734144	0.25095465062977895	0.0	(0.25095465062977895+0j)
0.505	0.255025	0.0009729232923947118	0.255998064200532	0.0	(0.255998064200532+0j)
0.51	0.2601	0.000991463366314993	0.26109162861079377	0.0	(0.26109162861079377+0j)
0.515	0.265225	0.0010101546468293866	0.2662353430607615	0.0	(0.2662353430607615+0j)
0.52	0.27040000000000003	0.001028996269984872	0.27142920674249943	0.0	(0.27142920674249943+0j)
0.525	0.275625	0.0010479873662546546	0.2766732188401185	0.0	(0.2766732188401185+0j)
0.53	0.28090000000000004	0.0010671270606126605	0.2819673785299685	0.0	(0.2819673785299685+0j)
0.535	0.286225	0.001086414472608721	0.287311684980796	0.0	(0.287311684980796+0j)
0.54	0.2916	0.001105848716443858	0.292706137353936	0.0	(0.292706137353936+0j)
0.545	0.29702500000000004	0.001125428901045933	0.29815073480347287	0.0	(0.29815073480347287+0j)
0.55	0.30250000000000005	0.0011451541301455536	0.3036454764763994	0.0	(0.3036454764763994+0j)
0.555	0.30802500000000005	0.0011650235023524691	0.3091903615127765	0.0	(0.3091903615127765+0j)
0.56	0.31360000000000005	0.001185036111231952	0.3147853890459061	0.0	(0.3147853890459061+0j)
0.5650000000000001	0.3192250000000001	0.0012051910453817706	0.3204305582024614	0.0	(0.3204305582024614+0j)
0.5700000000000001	0.3249000000000001	0.0012254873885091833	0.3261258681026478	0.0	(0.3261258681026478+0j)
0.5750000000000001	0.33062500000000006	0.0012459242195083766	0.33187131786035645	0.0	(0.33187131786035645+0j)
0.58	0.3364	0.001266500612538002	0.337666906583292	0.0	(0.337666906583292+0j)
0.585	0.34222499999999995	0.0012872156370990484	0.3435126333731357	0.0	(0.3435126333731357+0j)
0.59	0.34809999999999997	0.0013080683581129127	0.34940849732565804	0.0	(0.34940849732565804+0j)
0.595	0.354025	0.0013290578359997141	0.3553544975308833	0.0	(0.3553544975308833+0j)
0.6	0.36	0.0013501831267567878	0.36135063307320336	0.0	(0.36135063307320336+0j)
0.605	0.366025	0.0013714432820373657	0.36739690303153	0.0	(0.36739690303153+0j)
0.61	0.3721	0.0013928373492295588	0.37349330647939705	0.0	(0.37349330647939705+0j)
0.615	0.378225	0.0014143643715352928	0.3796398424851211	0.0	(0.3796398424851211+0j)
0.62	0.3844	0.0014360233880497454	0.38583651011191455	0.0	(0.38583651011191455+0j)
0.625	0.390625	0.0014578134338406046	0.3920833084180047	0.0	(0.3920833084180047+0j)
0.63	0.39690000000000003	0.0014797335400277168	0.39838023645676957	0.0	(0.39838023645676957+0j)
0.635	0.403225	0.0015017827338627888	0.4047272932768555	0.0	(0.4047272932768555+0j)
0.64	0.4096	0.0015239600388092245	0.4111244779223024	0.0	(0.4111244779223024+0j)
0.645	0.41602500000000003	0.0015462644746220722	0.41757178943265943	0.0	(0.41757178943265943+0j)
0.65	0.42250000000000004	0.00156869505742816	0.42406922684310594	0.0	(0.42406922684310594+0j)
0.655	0.42902500000000005	0.001591250799806221	0.43061678918457325	0.0	(0.43061678918457325+0j)
0.66	0.43560000000000004	0.0016139307108672396	0.4372144754838562	0.0	(0.4372144754838562+0j)
0.665	0.44222500000000003	0.001636733796334744	0.4438622847637307	0.0	(0.4438622847637307+0j)
0.67	0.4489000000000001	0.0016596590586252958	0.4505602160430787	0.0	(0.4505602160430787+0j)
0.675	0.45562500000000006	0.001682705496929038	0.45730826833698446	0.0	(0.45730826833698446+0j)
0.68	0.4624000000000001	0.0017058721072901184	0.46410644065686846	0.0	(0.46410644065686846+0j)
0.685	0.46922500000000006	0.0017291578826874822	0.47095473201058186	0.0	(0.47095473201058186+0j)
0.6900000000000001	0.4761000000000001	0.001752561813115383	0.4778531414025406	0.0	(0.4778531414025406+0j)
0.6950000000000001	0.4830250000000001	0.001776082885664121	0.4848016678338216	0.0	(0.4848016678338216+0j)
0.7000000000000001	0.4900000000000001	0.0017997200846007312	0.4918003103022767	0.0	(0.4918003103022767+0j)
0.705	0.49702499999999994	0.0018234723914496431	0.49884906780264976	0.0	(0.49884906780264976+0j)
0.71	0.5041	0.0018473387850734659	0.5059479393266904	0.0	(0.5059479393266904+0j)
0.715	0.5112249999999999	0.0018713182417536224	0.5130969238632576	0.0	(0.5130969238632576+0j)
0.72	0.5184	0.0018954097352710253	0.5202960203984442	0.0	(0.5202960203984442+0j)
0.725	0.525625	0.0019196122369867508	0.5275452279156646	0.0	(0.5275452279156646+0j)
0.73	0.5328999999999999	0.0019439247159226125	0.5348445453958046	0.0	(0.5348445453958046+0j)
0.735	0.540225	0.0019683461388417755	0.5421939718173009	0.0	(0.5421939718173009+0j)
0.74	0.5476	0.0019928754703291917	0.5495935061562668	0.0	(0.5495935061562668+0j)
0.745	0.555025	0.0020175116728720854	0.5570431473866185	0.0	(0.5570431473866185+0j)
0.75	0.5625	0.0020422537069403114	0.5645428944801663	0.0	(0.5645428944801663+0j)
0.755	0.570025	0.0020671005310666404	0.572092746406749	0.0	(0.572092746406749+0j)
0.76	0.5776	0.002092051101926923	0.5796927021343581	0.0	(0.5796927021343581+0j)
0.765	0.585225	0.00211710437442022	0.5873427606292383	0.0	(0.5873427606292383+0j)
0.77	0.5929	0.0021422593017487225	0.5950429208560192	0.0	(0.5950429208560192+0j)
0.775	0.6006250000000001	0.0021675148354976803	0.6027931817778556	0.0	(0.6027931817778556+0j)
0.78	0.6084	0.0021928699257150685	0.6105935423565227	0.0	(0.6105935423565227+0j)
0.785	0.616225	0.002218323520991206	0.6184440015525864	0.0	(0.6184440015525864+0j)
0.79	0.6241000000000001	0.002243874568538207	0.6263445583255017	0.0	(0.6263445583255017+0j)
0.795	0.6320250000000001	0.002269522014269282	0.6342952116337913	0.0	(0.6342952116337913+0j)
0.8	0.6400000000000001	0.002295264802877828	0.6422959604351501	0.0	(0.6422959604351501+0j)
0.805	0.6480250000000001	0.002321101877916426	0.6503468036866493	0.0	(0.6503468036866493+0j)
0.81	0.6561000000000001	0.0023470321818756194	0.6584477403448483	0.0	(0.6584477403448483+0j)
0.8150000000000001	0.6642250000000001	0.0023730546562624744	0.666598769365996	0.0	(0.666598769365996+0j)
0.8200000000000001	0.6724000000000001	0.0023991682416789673	0.674799889706196	0.0	(0.674799889706196+0j)
0.8250000000000001	0.6806250000000001	0.002425371877900212	0.6830511003216158	0.0	(0.6830511003216158+0j)
0.8300000000000001	0.6889000000000001	0.0024516645039524333	0.6913524001686778	0.0	(0.6913524001686778+0j)
0.835	0.697225	0.0024780450581906367	0.6997037882042935	0.0	(0.6997037882042935+0j)
0.84	0.7055999999999999	0.0025045124783762644	0.7081052633861266	0.0	(0.7081052633861266+0j)
0.845	0.7140249999999999	0.002531065701754326	0.7165568246728252	0.0	(0.7165568246728252+0j)
0.85	0.7224999999999999	0.002557703665130562	0.725058471024361	0.0	(0.725058471024361+0j)
0.855	0.7310249999999999	0.002584425304948174	0.7336102014023608	0.0	(0.7336102014023608+0j)
0.86	0.7395999999999999	0.002611229557364314	0.7422120147704674	0.0	(0.7422120147704674+0j)
0.865	0.748225	0.0026381153583263984	0.7508639100948148	0.0	(0.7508639100948148+0j)
0.87	0.7569	0.002665081643648043	0.7595658863444763	0.0	(0.7595658863444763+0j)
0.875	0.765625	0.0026921273490847553	0.7683179424920871	0.0	(0.7683179424920871+0j)
0.88	0.7744	0.0027192514104093127	0.7771200775145238	0.0	(0.7771200775145238+0j)
0.885	0.7832250000000001	0.002746452763486904	0.7859722903936943	0.0	(0.7859722903936943+0j)
0.89	0.7921	0.002773730344349865	0.7948745801175043	0.0	(0.7948745801175043+0j)
0.895	0.801025	0.00280108308927218	0.8038269456810428	0.0	(0.8038269456810428+0j)
0.9	0.81	0.002828509934843607	0.8128293860879753	0.0	(0.8128293860879753+0j)
0.905	0.819025	0.002856009818043512	0.82188190035237	0.0	(0.82188190035237+0j)
0.91	0.8281000000000001	0.002883581676314348	0.8309844875008524	0.0	(0.8309844875008524+0j)
0.915	0.8372250000000001	0.0029112244476347665	0.8401371465754238	0.0	(0.8401371465754238+0j)
0.92	0.8464	0.002938937070592443	0.8493398766371026	0.0	(0.8493398766371026+0j)
0.925	0.8556250000000001	0.0029667184844564543	0.8585926767706016	0.0	(0.8585926767706016+0j)
0.93	0.8649000000000001	0.002994567629249387	0.8678955460906296	0.0	(0.8678955460906296+0j)
0.935	0.8742250000000001	0.0030224834458189966	0.8772484837503752	0.0	(0.8772484837503752+0j)
0.9400000000000001	0.8836000000000002	0.003050464875909523	0.8866514889532383	0.0	(0.8866514889532383+0j)
0.9450000000000001	0.8930250000000001	0.003078510862232606	0.8961045609694311	0.0	(0.8961045609694311+0j)
0.9500000000000001	0.9025000000000001	0.0031066203485378505	0.9056076991601009	0.0	(0.9056076991601009+0j)
0.9550000000000001	0.9120250000000001	0.003134792279682927	0.9151609030135104	0.0	(0.9151609030135104+0j)
0.96	0.9216	0.0031630256017033094	0.9247641722012536	0.0	(0.9247641722012536+0j)
0.965	0.931225	0.003191319261881601	0.9344175066696047	0.0	(0.9344175066696047+0j)
0.97	0.9409	0.003219672208816438	0.9441209067960745	0.0	(0.9441209067960745+0j)
0.975	0.9506249999999999	0.0032480833924909526	0.9538743736761628	0.0	(0.9538743736761628+0j)
0.98	0.9603999999999999	0.003276551764340838	0.9636779096965206	0.0	(0.9636779096965206+0j)
0.985	0.970225	0.003305076277321956	0.9735315198225808	0.0	(0.9735315198225808+0j)
0.99	0.9801	0.0033336558859774963	0.9834352150243371	0.0	(0.9834352150243371+0j)
0.995	0.990025	0.0033622895465047296	0.9933890242148579	0.0	(0.9933890242148579+0j)
1.0	1.0	0.0033909762168212484	1.0033930651547946	0.0	(1.0033930651547946+0j)
