-1.0	-1.0	-0.007798592211502872	-1.0078897080695157	0.0	(-1.0078897080695157+0j)
-0.9966666666666667	-0.9933444444444445	-0.0077975258497070075	-1.0012127636847714	0.0	(-1.0012127636847714+0j)
-0.9933333333333334	-0.9867111111111112	-0.007796448734723245	-0.9945672180287572	0.0	(-0.9945672180287572+0j)
-0.9900000000000001	-0.9801000000000002	-0.007795360721483967	-0.9879472747848459	0.0	(-0.9879472747848459+0j)
-0.9866666666666667	-0.9735111111111112	-0.007794261662466953	-0.9813513417470199	0.0	(-0.9813513417470199+0j)
-0.9833333333333334	-0.9669444444444446	-0.007793151407645377	-0.9747787515649033	0.0	(-0.9747787515649033+0j)
-0.9800000000000001	-0.9604000000000001	-0.007792029804436608	-0.9682291602597285	0.0	(-0.9682291602597285+0j)
-0.9766666666666667	-0.9538777777777778	-0.007790896697649775	-0.9617023667203074	0.0	(-0.9617023667203074+0j)
-0.9733333333333334	-0.9473777777777779	-0.007789751929432088	-0.9551982427714698	0.0	(-0.9551982427714698+0j)
-0.9700000000000001	-0.9409000000000002	-0.00778859533921386	-0.9487167013399114	0.0	(-0.9487167013399114+0j)
-0.9666666666666667	-0.9344444444444444	-0.007787426763652192	-0.9422576802414977	0.0	(-0.9422576802414977+0j)
-0.9633333333333334	-0.9280111111111112	-0.0077862460365733036	-0.935821133211403	0.0	(-0.935821133211403+0j)
-0.9600000000000001	-0.9216000000000002	-0.007785052988913457	-0.9294070246160464	0.0	(-0.9294070246160464+0j)
-0.9566666666666668	-0.9152111111111113	-0.007783847448658425	-0.9230153261758942	0.0	(-0.9230153261758942+0j)
-0.9533333333333334	-0.9088444444444445	-0.007782629240781492	-0.9166460148517693	0.0	(-0.9166460148517693+0j)
-0.9500000000000001	-0.9025000000000001	-0.0077813981871799245	-0.9102990714368696	0.0	(-0.9102990714368696+0j)
-0.9466666666666668	-0.896177777777778	-0.007780154106609861	-0.903974479593944	0.0	(-0.903974479593944+0j)
-0.9433333333333334	-0.8898777777777778	-0.007778896814619607	-0.8976722251826907	0.0	(-0.8976722251826907+0j)
-0.9400000000000001	-0.8836000000000002	-0.007777626123481259	-0.8913922957815552	0.0	(-0.8913922957815552+0j)
-0.9366666666666668	-0.8773444444444446	-0.007776341842120626	-0.8851346803427412	0.0	(-0.8851346803427412+0j)
-0.9333333333333333	-0.8711111111111112	-0.007775043776045397	-0.8788993689403031	0.0	(-0.8788993689403031+0j)
-0.93	-0.8649000000000001	-0.007773731727271498	-0.8726863525840549	0.0	(-0.8726863525840549+0j)
-0.9266666666666667	-0.8587111111111113	-0.007772405494247598	-0.8664956230806502	0.0	(-0.8664956230806502+0j)
-0.9233333333333333	-0.8525444444444444	-0.0077710648717777015	-0.86032717292876	0.0	(-0.86032717292876+0j)
-0.92	-0.8464	-0.007769709650941771	-0.854180995238818	0.0	(-0.854180995238818+0j)
-0.9166666666666667	-0.8402777777777779	-0.007768339619014329	-0.8480570836706538	0.0	(-0.8480570836706538+0j)
-0.9133333333333334	-0.834177777777778	-0.007766954559380976	-0.84195543238405	0.0	(-0.84195543238405+0j)
-0.91	-0.8281000000000001	-0.0077655542514527606	-0.8358760359985202	0.0	(-0.8358760359985202+0j)
-0.9066666666666667	-0.8220444444444446	-0.00776413847057835	-0.8298188895597821	0.0	(-0.8298188895597821+0j)
-0.9033333333333334	-0.8160111111111112	-0.007762706987953918	-0.8237839885107604	0.0	(-0.8237839885107604+0j)
-0.9	-0.81	-0.007761259570530699	-0.8177713286659575	0.0	(-0.8177713286659575+0j)
-0.8966666666666667	-0.8040111111111112	-0.007759795980920128	-0.8117809061879856	0.0	(-0.8117809061879856+0j)
-0.8933333333333334	-0.7980444444444446	-0.007758315977296502	-0.8058127175656311	0.0	(-0.8058127175656311+0j)
-0.89	-0.7921	-0.007756819313297083	-0.7998667595929655	0.0	(-0.7998667595929655+0j)
-0.8866666666666667	-0.7861777777777779	-0.007755305737919565	-0.7939430293491921	0.0	(-0.7939430293491921+0j)
-0.8833333333333334	-0.780277777777778	-0.00775377499541683	-0.788041524179104	0.0	(-0.788041524179104+0j)
-0.88	-0.7744	-0.00775222682518891	-0.7821622416739996	0.0	(-0.7821622416739996+0j)
-0.8766666666666667	-0.7685444444444445	-0.007750660961672062	-0.7763051796530456	0.0	(-0.7763051796530456+0j)
-0.8733333333333334	-0.7627111111111112	-0.007749077134224879	-0.7704703361452515	0.0	(-0.7704703361452515+0j)
-0.8700000000000001	-0.7569000000000002	-0.007747475067011341	-0.7646577093718361	0.0	(-0.7646577093718361+0j)
-0.8666666666666667	-0.7511111111111112	-0.007745854478880706	-0.7588672977294347	0.0	(-0.7588672977294347+0j)
-0.8633333333333334	-0.7453444444444446	-0.007744215083244152	-0.7530990997737773	0.0	(-0.7530990997737773+0j)
-0.8600000000000001	-0.7396000000000001	-0.007742556587948072	-0.7473531142043257	0.0	(-0.7473531142043257+0j)
-0.8566666666666667	-0.7338777777777779	-0.007740878695143895	-0.7416293398496085	0.0	(-0.7416293398496085+0j)
-0.8533333333333334	-0.7281777777777779	-0.007739181101154359	-0.7359277756534925	0.0	(-0.7359277756534925+0j)
-0.8500000000000001	-0.7225000000000001	-0.0077374634963360885	-0.7302484206623149	0.0	(-0.7302484206623149+0j)
-0.8466666666666667	-0.7168444444444445	-0.0077357255649383935	-0.7245912740130025	0.0	(-0.7245912740130025+0j)
-0.8433333333333334	-0.7112111111111112	-0.007733966984958145	-0.7189563349219943	0.0	(-0.7189563349219943+0j)
-0.8400000000000001	-0.7056000000000001	-0.007732187427990606	-0.713343602675226	0.0	(-0.713343602675226+0j)
-0.8366666666666667	-0.7000111111111111	-0.007730386559076115	-0.7077530766189034	0.0	(-0.7077530766189034+0j)
-0.8333333333333334	-0.6944444444444445	-0.007728564036542438	-0.7021847561511747	0.0	(-0.7021847561511747+0j)
-0.8300000000000001	-0.6889000000000001	-0.007726719511842705	-0.6966386407146412	0.0	(-0.6966386407146412+0j)
-0.8266666666666668	-0.683377777777778	-0.007724852629388755	-0.691114729789622	0.0	(-0.691114729789622+0j)
-0.8233333333333334	-0.6778777777777778	-0.00772296302637974	-0.6856130228881574	0.0	(-0.6856130228881574+0j)
-0.8200000000000001	-0.6724000000000001	-0.0077210503326258575	-0.6801335195487105	0.0	(-0.6801335195487105+0j)
-0.8166666666666668	-0.6669444444444446	-0.00771911417036702	-0.6746762193314397	0.0	(-0.6746762193314397+0j)
-0.8133333333333334	-0.6615111111111112	-0.007717154154086326	-0.669241121814101	0.0	(-0.669241121814101+0j)
-0.81	-0.6561000000000001	-0.0077151698903181395	-0.6638282265883994	0.0	(-0.6638282265883994+0j)
-0.8066666666666668	-0.6507111111111112	-0.007713160977450609	-0.6584375332568622	0.0	(-0.6584375332568622+0j)
-0.8033333333333333	-0.6453444444444445	-0.007711127005522429	-0.6530690414300507	0.0	(-0.6530690414300507+0j)
-0.8	-0.6400000000000001	-0.007709067556013684	-0.6477227507242455	0.0	(-0.6477227507242455+0j)
-0.7966666666666667	-0.6346777777777779	-0.007706982201630528	-0.6423986607593121	0.0	(-0.6423986607593121+0j)
-0.7933333333333333	-0.6293777777777778	-0.0077048705060835335	-0.6370967711569501	0.0	(-0.6370967711569501+0j)
-0.79	-0.6241000000000001	-0.007702732023859483	-0.6318170815391814	0.0	(-0.6318170815391814+0j)
-0.7866666666666667	-0.6188444444444445	-0.007700566299986356	-0.6265595915269475	0.0	(-0.6265595915269475+0j)
-0.7833333333333334	-0.6136111111111112	-0.007698372869791328	-0.6213243007390304	0.0	(-0.6213243007390304+0j)
-0.78	-0.6084	-0.007696151258651496	-0.6161112087910259	0.0	(-0.6161112087910259+0j)
-0.7766666666666667	-0.6032111111111113	-0.007693900981737107	-0.6109203152944745	0.0	(-0.6109203152944745+0j)
-0.7733333333333334	-0.5980444444444446	-0.0076916215437470205	-0.6057516198561114	0.0	(-0.6057516198561114+0j)
-0.77	-0.5929	-0.007689312438636133	-0.600605122077208	0.0	(-0.600605122077208+0j)
-0.7666666666666667	-0.5877777777777778	-0.0076869731493345	-0.595480821552997	0.0	(-0.595480821552997+0j)
-0.7633333333333334	-0.582677777777778	-0.007684603147457844	-0.5903787178721016	0.0	(-0.5903787178721016+0j)
-0.76	-0.5776	-0.007682201893009154	-0.585298810616119	0.0	(-0.585298810616119+0j)
-0.7566666666666667	-0.5725444444444445	-0.007679768834071075	-0.5802410993591623	0.0	(-0.5802410993591623+0j)
-0.7533333333333334	-0.5675111111111112	-0.007677303406488733	-0.5752055836674664	0.0	(-0.5752055836674664+0j)
-0.75	-0.5625	-0.007674805033542681	-0.570192263099033	0.0	(-0.570192263099033+0j)
-0.7466666666666667	-0.5575111111111112	-0.0076722731256115995	-0.5652011372032608	0.0	(-0.5652011372032608+0j)
-0.7433333333333334	-0.5525444444444445	-0.007669707079824388	-0.56023220552063	0.0	(-0.56023220552063+0j)
-0.7400000000000001	-0.5476000000000002	-0.007667106279701249	-0.5552854675823736	0.0	(-0.5552854675823736+0j)
-0.7366666666666667	-0.5426777777777778	-0.007664470094783399	-0.5503609229101654	0.0	(-0.5503609229101654+0j)
-0.7333333333333334	-0.5377777777777779	-0.007661797880250954	-0.5454585710158106	0.0	(-0.5454585710158106+0j)
-0.7300000000000001	-0.5329000000000002	-0.007659088976528583	-0.540578411400933	0.0	(-0.540578411400933+0j)
-0.7266666666666667	-0.5280444444444444	-0.007656342708878463	-0.5357204435566901	0.0	(-0.5357204435566901+0j)
-0.7233333333333334	-0.5232111111111112	-0.007653558386980074	-0.5308846669634337	0.0	(-0.5308846669634337+0j)
-0.7200000000000001	-0.5184000000000001	-0.007650735304496359	-0.5260710810904041	0.0	(-0.5260710810904041+0j)
-0.7166666666666667	-0.5136111111111111	-0.007647872738625706	-0.5212796853954392	0.0	(-0.5212796853954392+0j)
-0.7133333333333334	-0.5088444444444445	-0.007644969949639253	-0.5165104793246129	0.0	(-0.5165104793246129+0j)
-0.7100000000000001	-0.5041000000000001	-0.007642026180402951	-0.5117634623119433	0.0	(-0.5117634623119433+0j)
-0.7066666666666667	-0.49937777777777775	-0.007639040655883807	-0.5070386337790128	0.0	(-0.5070386337790128+0j)
-0.7033333333333334	-0.4946777777777778	-0.007636012582639712	-0.5023359931346552	0.0	(-0.5023359931346552+0j)
-0.7000000000000001	-0.4900000000000001	-0.007632941148292214	-0.49765553977458066	0.0	(-0.49765553977458066+0j)
-0.6966666666666667	-0.4853444444444444	-0.007629825520981603	-0.49299727308101304	0.0	(-0.49299727308101304+0j)
-0.6933333333333334	-0.48071111111111114	-0.007626664848803606	-0.4883611924223111	0.0	(-0.4883611924223111+0j)
-0.6900000000000001	-0.4761000000000001	-0.0076234582592270015	-0.483747297152552	0.0	(-0.483747297152552+0j)
-0.6866666666666668	-0.4715111111111112	-0.007620204858491366	-0.479155586611191	0.0	(-0.479155586611191+0j)
-0.6833333333333333	-0.46694444444444444	-0.007616903730984252	-0.47458606012258125	0.0	(-0.47458606012258125+0j)
-0.68	-0.4624000000000001	-0.007613553938596909	-0.4700387169955631	0.0	(-0.4700387169955631+0j)
-0.6766666666666667	-0.4578777777777779	-0.007610154520057744	-0.46551355652303245	0.0	(-0.46551355652303245+0j)
-0.6733333333333333	-0.45337777777777777	-0.007606704490242653	-0.46101057798146516	0.0	(-0.46101057798146516+0j)
-0.67	-0.4489000000000001	-0.007603202839461229	-0.4565297806304349	0.0	(-0.4565297806304349+0j)
-0.6666666666666667	-0.44444444444444453	-0.007599648532717988	-0.4520711637121516	0.0	(-0.4520711637121516+0j)
-0.6633333333333333	-0.44001111111111113	-0.007596040508947506	-0.4476347264509056	0.0	(-0.4476347264509056+0j)
-0.66	-0.43560000000000004	-0.007592377680222464	-0.4432204680525686	0.0	(-0.4432204680525686+0j)
-0.6566666666666667	-0.4312111111111112	-0.007588658930933502	-0.43882838770403865	0.0	(-0.43882838770403865+0j)
-0.6533333333333333	-0.4268444444444444	-0.0075848831169397	-0.43445848457267555	0.0	(-0.43445848457267555+0j)
-0.65	-0.42250000000000004	-0.007581049064688505	-0.430110757805701	0.0	(-0.430110757805701+0j)
-0.6466666666666667	-0.41817777777777787	-0.00757715557030384	-0.4257852065295824	0.0	(-0.4257852065295824+0j)
-0.6433333333333334	-0.4138777777777779	-0.007573201398641061	-0.4214818298494339	0.0	(-0.4214818298494339+0j)
-0.64	-0.4096	-0.007569185282307394	-0.4172006268483069	0.0	(-0.4172006268483069+0j)
-0.6366666666666667	-0.4053444444444445	-0.00756510592064641	-0.41294159658656265	0.0	(-0.41294159658656265+0j)
-0.6333333333333334	-0.4011111111111112	-0.00756096197868501	-0.4087047381011175	0.0	(-0.4087047381011175+0j)
-0.63	-0.39690000000000003	-0.007556752086041344	-0.4044900504047387	0.0	(-0.4044900504047387+0j)
-0.6266666666666667	-0.3927111111111112	-0.0075524748357920085	-0.40029753248525307	0.0	(-0.40029753248525307+0j)
-0.6233333333333334	-0.3885444444444445	-0.007548128783296779	-0.3961271833047854	0.0	(-0.3961271833047854+0j)
-0.62	-0.3844	-0.007543712444979056	-0.3919790017989065	0.0	(-0.3919790017989065+0j)
-0.6166666666666667	-0.3802777777777778	-0.007539224297060118	-0.3878529868757859	0.0	(-0.3878529868757859+0j)
-0.6133333333333334	-0.37617777777777783	-0.007534662774245186	-0.3837491374153055	0.0	(-0.3837491374153055+0j)
-0.61	-0.3721	-0.0075300262683592085	-0.37966745226811305	0.0	(-0.37966745226811305+0j)
-0.6066666666666667	-0.36804444444444445	-0.007525313126930154	-0.37560793025469075	0.0	(-0.37560793025469075+0j)
-0.6033333333333334	-0.3640111111111112	-0.007520521651717538	-0.3715705701643102	0.0	(-0.3715705701643102+0j)
-0.6000000000000001	-0.3600000000000001	-0.007515650097183742	-0.367555370754023	0.0	(-0.367555370754023+0j)
-0.5966666666666667	-0.3560111111111111	-0.0075106966689056365	-0.36356233074754535	0.0	(-0.36356233074754535+0j)
-0.5933333333333334	-0.3520444444444445	-0.007505659521923817	-0.359591448834142	0.0	(-0.359591448834142+0j)
-0.5900000000000001	-0.3481000000000001	-0.007500536759026707	-0.3556427236674456	0.0	(-0.3556427236674456+0j)
-0.5866666666666667	-0.3441777777777778	-0.00749532642896661	-0.3517161538642039	0.0	(-0.3517161538642039+0j)
-0.5833333333333334	-0.34027777777777785	-0.007490026524604648	-0.347811738003032	0.0	(-0.347811738003032+0j)
-0.5800000000000001	-0.3364000000000001	-0.007484634980981415	-0.34392947462303536	0.0	(-0.34392947462303536+0j)
-0.5766666666666667	-0.3325444444444444	-0.007479149673309979	-0.3400693622224524	0.0	(-0.3400693622224524+0j)
-0.5733333333333334	-0.3287111111111111	-0.007473568414887718	-0.3362313992571723	0.0	(-0.3362313992571723+0j)
-0.5700000000000001	-0.3249000000000001	-0.007467888954923352	-0.3324155841392278	0.0	(-0.3324155841392278+0j)
-0.5666666666666667	-0.32111111111111107	-0.007462108976275271	-0.32862191523520684	0.0	(-0.32862191523520684+0j)
-0.5633333333333334	-0.3173444444444445	-0.007456226093097183	-0.3248503908646087	0.0	(-0.3248503908646087+0j)
-0.56	-0.31360000000000005	-0.007450237848386832	-0.32110100929809704	0.0	(-0.32110100929809704+0j)
-0.5566666666666668	-0.30987777777777786	-0.007444141711433403	-0.3173737687557055	0.0	(-0.3173737687557055+0j)
-0.5533333333333333	-0.30617777777777777	-0.007437935075158974	-0.31366866740495936	0.0	(-0.31366866740495936+0j)
-0.55	-0.30250000000000005	-0.0074316152533492495	-0.3099857033588884	0.0	(-0.3099857033588884+0j)
-0.5466666666666667	-0.2988444444444445	-0.007425179477768492	-0.30632487467398595	0.0	(-0.30632487467398595+0j)
-0.5433333333333333	-0.2952111111111111	-0.007418624895153451	-0.3026861793480435	0.0	(-0.3026861793480435+0j)
-0.54	-0.2916	-0.00741194856408078	-0.2990696153179063	0.0	(-0.2990696153179063+0j)
-0.5366666666666667	-0.28801111111111116	-0.007405147451702287	-0.2954751804571166	0.0	(-0.2954751804571166+0j)
-0.5333333333333333	-0.28444444444444444	-0.0073982184303420205	-0.2919028725734532	0.0	(-0.2919028725734532+0j)
-0.53	-0.28090000000000004	-0.007391158273949105	-0.2883526894063626	0.0	(-0.2883526894063626+0j)
-0.5266666666666667	-0.27737777777777783	-0.0073839636543998445	-0.28482462862426217	0.0	(-0.28482462862426217+0j)
-0.5233333333333333	-0.2738777777777778	-0.007376631137642506	-0.28131868782172204	0.0	(-0.28131868782172204+0j)
-0.52	-0.27040000000000003	-0.007369157179677871	-0.2778348645165059	0.0	(-0.2778348645165059+0j)
-0.5166666666666667	-0.2669444444444445	-0.007361538122368472	-0.2743731561465167	0.0	(-0.2743731561465167+0j)
-0.5133333333333334	-0.2635111111111112	-0.007353770189069158	-0.27093356006654556	0.0	(-0.27093356006654556+0j)
-0.51	-0.2601	-0.007345849480071427	-0.2675160735448957	0.0	(-0.2675160735448957+0j)
-0.5066666666666667	-0.25671111111111117	-0.007337771967853789	-0.264120693759868	0.0	(-0.264120693759868+0j)
-0.5033333333333334	-0.25334444444444454	-0.007329533492130178	-0.2607474177960445	0.0	(-0.2607474177960445+0j)
-0.5	-0.25	-0.00732112975468828	-0.25739624264043287	0.0	(-0.25739624264043287+0j)
-0.4966666666666667	-0.2466777777777778	-0.007312556314009497	-0.25406716517843164	0.0	(-0.25406716517843164+0j)
-0.49333333333333335	-0.2433777777777778	-0.007303808579662128	-0.25076018218958207	0.0	(-0.25076018218958207+0j)
-0.49000000000000005	-0.24010000000000004	-0.007294881806459266	-0.2474752903431644	0.0	(-0.2474752903431644+0j)
-0.4866666666666667	-0.23684444444444447	-0.007285771088372815	-0.2442124861935718	0.0	(-0.2442124861935718+0j)
-0.48333333333333334	-0.2336111111111111	-0.007276471352195081	-0.2409717661754873	0.0	(-0.2409717661754873+0j)
-0.48000000000000004	-0.23040000000000005	-0.007266977350939373	-0.2377531265988366	0.0	(-0.2377531265988366+0j)
-0.4766666666666667	-0.2272111111111111	-0.007257283656971173	-0.23455656364352562	0.0	(-0.23455656364352562+0j)
-0.4733333333333334	-0.2240444444444445	-0.007247384654861589	-0.2313820733539507	0.0	(-0.2313820733539507+0j)
-0.47000000000000003	-0.22090000000000004	-0.007237274533955054	-0.22822965163326767	0.0	(-0.22822965163326767+0j)
-0.4666666666666667	-0.2177777777777778	-0.007226947280643552	-0.22509929423741556	0.0	(-0.22509929423741556+0j)
-0.4633333333333334	-0.21467777777777783	-0.007216396670340091	-0.22199099676890086	0.0	(-0.22199099676890086+0j)
-0.46	-0.2116	-0.0072056162591446395	-0.21890475467032347	0.0	(-0.21890475467032347+0j)
-0.4566666666666667	-0.2085444444444445	-0.007194599375196462	-0.2158405632176404	0.0	(-0.2158405632176404+0j)
-0.45333333333333337	-0.20551111111111114	-0.0071833391097075	-0.2127984175131647	0.0	(-0.2127984175131647+0j)
-0.45	-0.2025	-0.007171828307672452	-0.20977831247830167	0.0	(-0.20977831247830167+0j)
-0.4466666666666667	-0.19951111111111114	-0.007160059558252249	-0.20678024284601773	0.0	(-0.20678024284601773+0j)
-0.44333333333333336	-0.19654444444444447	-0.007148025184828953	-0.20380420315303832	0.0	(-0.20380420315303832+0j)
-0.44	-0.1936	-0.007135717234731543	-0.20085018773176505	0.0	(-0.20085018773176505+0j)
-0.4366666666666667	-0.1906777777777778	-0.007123127468633739	-0.19791819070195363	0.0	(-0.19791819070195363+0j)
-0.43333333333333335	-0.1877777777777778	-0.007110247349626973	-0.1950082059620953	0.0	(-0.1950082059620953+0j)
-0.43000000000000005	-0.18490000000000004	-0.00709706803197372	-0.19212022718057553	0.0	(-0.19212022718057553+0j)
-0.4266666666666667	-0.18204444444444448	-0.007083580349548892	-0.18925424778655955	0.0	(-0.18925424778655955+0j)
-0.42333333333333334	-0.17921111111111113	-0.007069774803979651	-0.18641026096066415	0.0	(-0.18641026096066415+0j)
-0.42000000000000004	-0.17640000000000003	-0.007055641552497087	-0.1835882596253945	0.0	(-0.1835882596253945+0j)
-0.4166666666666667	-0.17361111111111113	-0.007041170395516475	-0.18078823643538366	0.0	(-0.18078823643538366+0j)
-0.4133333333333334	-0.1708444444444445	-0.00702635076396656	-0.178010183767459	0.0	(-0.178010183767459+0j)
-0.41000000000000003	-0.16810000000000003	-0.007011171706392335	-0.175254093710552	0.0	(-0.175254093710552+0j)
-0.4066666666666667	-0.1653777777777778	-0.006995621875860196	-0.17251995805547038	0.0	(-0.17251995805547038+0j)
-0.4033333333333334	-0.1626777777777778	-0.006979689516699151	-0.16980776828461278	0.0	(-0.16980776828461278+0j)
-0.4	-0.16000000000000003	-0.006963362451117005	-0.1671175155616076	0.0	(-0.1671175155616076+0j)
-0.39666666666666667	-0.15734444444444445	-0.006946628065736005	-0.1644491907209696	0.0	(-0.1644491907209696+0j)
-0.39333333333333337	-0.15471111111111113	-0.006929473298098572	-0.16180278425779945	0.0	(-0.16180278425779945+0j)
-0.39	-0.1521	-0.006911884623200134	-0.15917828631760556	0.0	(-0.15917828631760556+0j)
-0.3866666666666667	-0.14951111111111115	-0.006893848040113084	-0.15657568668629132	0.0	(-0.15657568668629132+0j)
-0.38333333333333336	-0.14694444444444446	-0.0068753490587732105	-0.1539949747804016	0.0	(-0.1539949747804016+0j)
-0.38	-0.1444	-0.006856372687007759	-0.15143613963771793	0.0	(-0.15143613963771793+0j)
-0.3766666666666667	-0.1418777777777778	-0.0068369034178925175	-0.14889916990823013	0.0	(-0.14889916990823013+0j)
-0.37333333333333335	-0.1393777777777778	-0.006816925217533959	-0.1463840538456941	0.0	(-0.1463840538456941+0j)
-0.37000000000000005	-0.13690000000000005	-0.006796421513381529	-0.14389077929977112	0.0	(-0.14389077929977112+0j)
-0.3666666666666667	-0.13444444444444448	-0.00677537518318456	-0.14141933370894114	0.0	(-0.14141933370894114+0j)
-0.36333333333333334	-0.1320111111111111	-0.0067537685447180765	-0.13896970409427592	0.0	(-0.13896970409427592+0j)
-0.36000000000000004	-0.12960000000000002	-0.00673158334641179	-0.13654187705424808	0.0	(-0.13654187705424808+0j)
-0.3566666666666667	-0.12721111111111114	-0.006708800759026891	-0.13413583876067023	0.0	(-0.13413583876067023+0j)
-0.35333333333333333	-0.12484444444444444	-0.006685401368535783	-0.13175157495598128	0.0	(-0.13175157495598128+0j)
-0.35000000000000003	-0.12250000000000003	-0.0066613651703705465	-0.1293890709520019	0.0	(-0.1293890709520019+0j)
-0.3466666666666667	-0.12017777777777779	-0.006636671565216577	-0.12704831163037125	0.0	(-0.12704831163037125+0j)
-0.3433333333333334	-0.1178777777777778	-0.0066112993565386365	-0.1247292814448305	0.0	(-0.1247292814448305+0j)
-0.34	-0.11560000000000002	-0.006585226750037065	-0.12243196442556958	0.0	(-0.12243196442556958+0j)
-0.33666666666666667	-0.11334444444444444	-0.006558431355242292	-0.12015634418584074	0.0	(-0.12015634418584074+0j)
-0.33333333333333337	-0.11111111111111113	-0.0065308901894658685	-0.117902403931061	0.0	(-0.117902403931061+0j)
-0.33	-0.10890000000000001	-0.006502579684335808	-0.11567012647062097	0.0	(-0.11567012647062097+0j)
-0.32666666666666666	-0.1067111111111111	-0.006473475695153095	-0.11345949423266519	0.0	(-0.11345949423266519+0j)
-0.32333333333333336	-0.10454444444444447	-0.006443553513314527	-0.1112704892820479	0.0	(-0.1112704892820479+0j)
-0.32	-0.1024	-0.006412787882054485	-0.10910309334174587	0.0	(-0.10910309334174587+0j)
-0.3166666666666667	-0.1002777777777778	-0.006381153015764728	-0.10695728781797662	0.0	(-0.10695728781797662+0j)
-0.31333333333333335	-0.0981777777777778	-0.006348622623156444	-0.10483305382926585	0.0	(-0.10483305382926585+0j)
-0.31	-0.0961	-0.006315169934532789	-0.10273037223974446	0.0	(-0.10273037223974446+0j)
-0.3066666666666667	-0.09404444444444446	-0.00628076773344239	-0.100649223696923	0.0	(-0.100649223696923+0j)
-0.30333333333333334	-0.09201111111111111	-0.006245388392984937	-0.09858958867420729	0.0	(-0.09858958867420729+0j)
-0.30000000000000004	-0.09000000000000002	-0.006209003917038731	-0.09655144751840189	0.0	(-0.09655144751840189+0j)
-0.2966666666666667	-0.08801111111111112	-0.006171585986676567	-0.09453478050246199	0.0	(-0.09453478050246199+0j)
-0.29333333333333333	-0.08604444444444445	-0.006133106012030793	-0.09253956788371842	0.0	(-0.09253956788371842+0j)
-0.29000000000000004	-0.08410000000000002	-0.006093535189860088	-0.09056578996780208	0.0	(-0.09056578996780208+0j)
-0.2866666666666667	-0.08217777777777778	-0.006052844567059823	-0.08861342717848675	0.0	(-0.08861342717848675+0j)
-0.2833333333333333	-0.08027777777777777	-0.006011005110344225	-0.08668246013360259	0.0	(-0.08668246013360259+0j)
-0.28	-0.07840000000000001	-0.005967987782311933	-0.08477286972718562	0.0	(-0.08477286972718562+0j)
-0.27666666666666667	-0.07654444444444444	-0.005923763624086875	-0.08288463721783665	0.0	(-0.08288463721783665+0j)
-0.2733333333333334	-0.07471111111111113	-0.005878303844703342	-0.0810177443225165	0.0	(-0.0810177443225165+0j)
-0.27	-0.0729	-0.005831579917377828	-0.07917217330272405	0.0	(-0.07917217330272405+0j)
-0.26666666666666666	-0.07111111111111111	-0.005783563682780316	-0.07810290433496975	0.0	(-0.07810290433496975+0j)
-0.26333333333333336	-0.06934444444444446	-0.005734227459384341	-0.07734790728288479	0.0	(-0.07734790728288479+0j)
-0.26	-0.06760000000000001	-0.005683544160938166	-0.07554492968533272	0.0	(-0.07554492968533272+0j)
-0.2566666666666667	-0.0658777777777778	-0.005631487421058869	-0.073763225361403	0.0	(-0.073763225361403+0j)
-0.25333333333333335	-0.06417777777777779	-0.005578031724907017	-0.07200277995568115	0.0	(-0.07200277995568115+0j)
-0.25	-0.0625	-0.005523152547851894	-0.07026358031470482	0.0	(-0.07026358031470482+0j)
-0.24666666666666667	-0.06084444444444445	-0.0054668265009863055	-0.0685456145979759	0.0	(-0.0685456145979759+0j)
-0.24333333333333335	-0.05921111111111112	-0.005409031483295513	-0.06684887242246938	0.0	(-0.06684887242246938+0j)
-0.24000000000000002	-0.05760000000000001	-0.005349746840227549	-0.06517334501413434	0.0	(-0.06517334501413434+0j)
-0.2366666666666667	-0.05601111111111112	-0.00528895352835181	-0.06351902536462524	0.0	(-0.06351902536462524+0j)
-0.23333333333333334	-0.05444444444444445	-0.005226634285729957	-0.061885908392528804	0.0	(-0.061885908392528804+0j)
-0.23	-0.0529	-0.005162773807558027	-0.060273991108377285	0.0	(-0.060273991108377285+0j)
-0.22666666666666668	-0.051377777777777786	-0.005097358926571638	-0.058683272782654915	0.0	(-0.058683272782654915+0j)
-0.22333333333333336	-0.049877777777777785	-0.005030378797637621	-0.05711375511588231	0.0	(-0.05711375511588231+0j)
-0.22	-0.0484	-0.004961825085885935	-0.05556544240970927	0.0	(-0.05556544240970927+0j)
-0.21666666666666667	-0.04694444444444445	-0.004891692157665705	-0.05403834173775129	0.0	(-0.05403834173775129+0j)
-0.21333333333333335	-0.04551111111111112	-0.004819977273539218	-0.05253246311469733	0.0	(-0.05253246311469733+0j)
-0.21000000000000002	-0.04410000000000001	-0.004746680782458521	-0.051047819661926196	0.0	(-0.051047819661926196+0j)
-0.2066666666666667	-0.04271111111111112	-0.0046718063162011535	-0.049584427767545174	0.0	(-0.049584427767545174+0j)
-0.20333333333333334	-0.04134444444444445	-0.004595360983075589	-0.04814230723831201	0.0	(-0.04814230723831201+0j)
-0.2	-0.04000000000000001	-0.004517355559843599	-0.04672148144036408	0.0	(-0.04672148144036408+0j)
-0.19666666666666668	-0.03867777777777778	-0.004437804680746715	-0.045321977424948846	0.0	(-0.045321977424948846+0j)
-0.19333333333333336	-0.03737777777777779	-0.004356727022468233	-0.043943826034414775	0.0	(-0.043943826034414775+0j)
-0.19	-0.0361	-0.00427414548381117	-0.04258706198251905	0.0	(-0.04258706198251905+0j)
-0.18666666666666668	-0.03484444444444445	-0.0041900873588273675	-0.041251723901499074	0.0	(-0.041251723901499074+0j)
-0.18333333333333335	-0.03361111111111112	-0.004104584502094003	-0.03993785434632728	0.0	(-0.03993785434632728+0j)
-0.18000000000000002	-0.032400000000000005	-0.004017673484802097	-0.038645499743886855	0.0	(-0.038645499743886855+0j)
-0.17666666666666667	-0.03121111111111111	-0.003929395740297698	-0.03737471027146119	0.0	(-0.03737471027146119+0j)
-0.17333333333333334	-0.030044444444444447	-0.0038397976977012083	-0.03612553964460173	0.0	(-0.03612553964460173+0j)
-0.17	-0.028900000000000006	-0.0037489309022242043	-0.03489804478911005	0.0	(-0.03489804478911005+0j)
-0.16666666666666669	-0.027777777777777783	-0.0036568521208069377	-0.033692285365231237	0.0	(-0.033692285365231237+0j)
-0.16333333333333333	-0.026677777777777776	-0.003563623431713835	-0.03250832310407379	0.0	(-0.03250832310407379+0j)
-0.16	-0.0256	-0.003469312296749336	-0.03134622090651762	0.0	(-0.03134622090651762+0j)
-0.15666666666666668	-0.02454444444444445	-0.0033739916147927434	-0.030206041643215064	0.0	(-0.030206041643215064+0j)
-0.15333333333333335	-0.023511111111111115	-0.003277739755398597	-0.029087846580411133	0.0	(-0.029087846580411133+0j)
-0.15000000000000002	-0.022500000000000006	-0.0031806405712688224	-0.027991693339591287	0.0	(-0.027991693339591287+0j)
-0.14666666666666667	-0.021511111111111113	-0.003082783388474521	-0.026917633278334976	0.0	(-0.026917633278334976+0j)
-0.14333333333333334	-0.020544444444444445	-0.002984262973388927	-0.025865708152745116	0.0	(-0.025865708152745116+0j)
-0.14	-0.019600000000000003	-0.002885179475388433	-0.024835945883291074	0.0	(-0.024835945883291074+0j)
-0.1366666666666667	-0.018677777777777783	-0.0027856383444858656	-0.023828355184814833	0.0	(-0.023828355184814833+0j)
-0.13333333333333333	-0.017777777777777778	-0.0026857502231784746	-0.022842918713771445	0.0	(-0.022842918713771445+0j)
-0.13	-0.016900000000000002	-0.0025856308119225633	-0.02187958417837213	0.0	(-0.02187958417837213+0j)
-0.12666666666666668	-0.016044444444444448	-0.002485400707786132	-0.02093825242760564	0.0	(-0.02093825242760564+0j)
-0.12333333333333334	-0.015211111111111113	-0.002385185215980181	-0.020018760584773827	0.0	(-0.020018760584773827+0j)
-0.12000000000000001	-0.014400000000000003	-0.002285114134127102	-0.01912085603687698	0.0	(-0.01912085603687698+0j)
-0.11666666666666667	-0.013611111111111112	-0.0021853215092902407	-0.01824415126590901	0.0	(-0.01824415126590901+0j)
-0.11333333333333334	-0.012844444444444447	-0.0020859453679611534	-0.01738803266153872	0.0	(-0.01738803266153872+0j)
-0.11	-0.0121	-0.0019871274193788147	-0.01655143957314548	0.0	(-0.01655143957314548+0j)
-0.10666666666666667	-0.01137777777777778	-0.0018890127327372646	-0.01573218919543612	0.0	(-0.01573218919543612+0j)
-0.10333333333333335	-0.01067777777777778	-0.0017917493890230978	-0.01492405166648037	0.0	(-0.01492405166648037+0j)
-0.1	-0.010000000000000002	-0.0016954881084106231	-0.014089134090927108	0.0	(-0.014089134090927108+0j)
-0.09666666666666668	-0.009344444444444447	-0.0016003818543288242	-0.013502785949199417	-0.00032917353272338666	(-0.013502785949199417-0.00032917353272338666j)
-0.09333333333333334	-0.008711111111111112	-0.0015065854154987972	-0.013502785949199417	0.00032917353272338666	(-0.013502785949199417+0.00032917353272338666j)
-0.09000000000000001	-0.008100000000000001	-0.0014142549674218052	-0.01281062864081952	0.0	(-0.01281062864081952+0j)
-0.08666666666666667	-0.007511111111111112	-0.0013235476149742404	-0.012048577039444551	0.0	(-0.012048577039444551+0j)
-0.08333333333333334	-0.006944444444444446	-0.001234620917935855	-0.0113345998545516	0.0	(-0.0113345998545516+0j)
-0.08	-0.0064	-0.0011476324014389147	-0.010643977971124083	0.0	(-0.010643977971124083+0j)
-0.07666666666666667	-0.005877777777777779	-0.0010627390534778767	-0.009971330102955592	0.0	(-0.009971330102955592+0j)
-0.07333333333333333	-0.005377777777777778	-0.000980096811759464	-0.009314321527269574	0.0	(-0.009314321527269574+0j)
-0.07	-0.004900000000000001	-0.0008998600423003626	-0.00867155353607214	0.0	(-0.00867155353607214+0j)
-0.06666666666666667	-0.0044444444444444444	-0.0008221810122930641	-0.008042081272115177	0.0	(-0.008042081272115177+0j)
-0.06333333333333334	-0.004011111111111112	-0.0007472093598577013	-0.007425291238800416	0.0	(-0.007425291238800416+0j)
-0.060000000000000005	-0.0036000000000000008	-0.0006750915633783926	-0.006820887528045083	0.0	(-0.006820887528045083+0j)
-0.05666666666666667	-0.0032111111111111116	-0.0006059704131853444	-0.006228916586791098	0.0	(-0.006228916586791098+0j)
-0.05333333333333334	-0.002844444444444445	-0.0005399844883877559	-0.005649804916361972	0.0	(-0.005649804916361972+0j)
-0.05	-0.0025000000000000005	-0.00047726764168669854	-0.005084397549030919	0.0	(-0.005084397549030919+0j)
-0.04666666666666667	-0.002177777777777778	-0.00041794849500129475	-0.004533989837590204	0.0	(-0.004533989837590204+0j)
-0.043333333333333335	-0.001877777777777778	-0.000362149948724454	-0.004000347017909251	0.0	(-0.004000347017909251+0j)
-0.04	-0.0016	-0.0003099887073872848	-0.0034857070733750506	0.0	(-0.0034857070733750506+0j)
-0.03666666666666667	-0.0013444444444444445	-0.00026157482445209393	-0.002992763346138085	0.0	(-0.002992763346138085+0j)
-0.03333333333333333	-0.0011111111111111111	-0.00021701126887516825	-0.0025246243826240102	0.0	(-0.0025246243826240102+0j)
-0.030000000000000002	-0.0009000000000000002	-0.0001763935159802138	-0.002084749768584212	0.0	(-0.002084749768584212+0j)
-0.02666666666666667	-0.0007111111111111113	-0.00013980916506381447	-0.001676862204741553	0.0	(-0.001676862204741553+0j)
-0.023333333333333334	-0.0005444444444444445	-0.0001073375860152076	-0.0013048377406230723	0.0	(-0.0013048377406230723+0j)
-0.02	-0.0004	-7.904959707628889e-05	-0.000972577824484318	0.0	(-0.000972577824484318+0j)
-0.016666666666666666	-0.0002777777777777778	-5.5007175692178834e-05	-0.0006838685173209169	0.0	(-0.0006838685173209169+0j)
-0.013333333333333334	-0.0001777777777777778	-3.5263204214291965e-05	-0.0004422337157209743	0.0	(-0.0004422337157209743+0j)
-0.01	-0.0001	-1.9861252011921238e-05	-0.0002507903754735441	0.0	(-0.0002507903754735441+0j)
-0.006666666666666667	-4.444444444444445e-05	-8.83539533369504e-06	-0.00011211436533334401	0.0	(-0.00011211436533334401+0j)
-0.0033333333333333335	-1.1111111111111113e-05	-2.21007602885237e-06	-2.8125577830476453e-05	0.0	(-2.8125577830476453e-05+0j)
0.0033333333333333335	1.1111111111111113e-05	2.21007602885237e-06	2.8125577830465363e-05	0.0	(2.8125577830465363e-05+0j)
0.006666666666666667	4.444444444444445e-05	8.83539533369504e-06	0.00011211436533335338	0.0	(0.00011211436533335338+0j)
0.01	0.0001	1.9861252011921238e-05	0.0002507903754735674	0.0	(0.0002507903754735674+0j)
0.013333333333333334	0.0001777777777777778	3.5263204214291965e-05	0.0004422337157210175	0.0	(0.0004422337157210175+0j)
0.016666666666666666	0.0002777777777777778	5.5007175692178834e-05	0.0006838685173209492	0.0	(0.0006838685173209492+0j)
0.02	0.0004	7.904959707628889e-05	0.0009725778244843431	0.0	(0.0009725778244843431+0j)
0.023333333333333334	0.0005444444444444445	0.0001073375860152076	0.0013048377406230905	0.0	(0.0013048377406230905+0j)
0.02666666666666667	0.0007111111111111113	0.00013980916506381447	0.0016768622047415567	0.0	(0.0016768622047415567+0j)
0.030000000000000002	0.0009000000000000002	0.0001763935159802138	0.0020847497685842144	0.0	(0.0020847497685842144+0j)
0.03333333333333333	0.0011111111111111111	0.00021701126887516825	0.0025246243826240328	0.0	(0.0025246243826240328+0j)
0.03666666666666667	0.0013444444444444445	0.00026157482445209393	0.002992763346138111	0.0	(0.002992763346138111+0j)
0.04	0.0016	0.0003099887073872848	0.0034857070733750493	0.0	(0.0034857070733750493+0j)
0.043333333333333335	0.001877777777777778	0.000362149948724454	0.004000347017909305	0.0	(0.004000347017909305+0j)
0.04666666666666667	0.002177777777777778	0.00041794849500129475	0.004533989837590227	0.0	(0.004533989837590227+0j)
0.05	0.0025000000000000005	0.00047726764168669854	0.0050843975490309995	0.0	(0.0050843975490309995+0j)
0.05333333333333334	0.002844444444444445	0.0005399844883877559	0.005649804916361972	0.0	(0.005649804916361972+0j)
0.05666666666666667	0.0032111111111111116	0.0006059704131853444	0.006228916586791114	0.0	(0.006228916586791114+0j)
0.060000000000000005	0.0036000000000000008	0.0006750915633783926	0.006820887528045071	0.0	(0.006820887528045071+0j)
0.06333333333333334	0.004011111111111112	0.0007472093598577013	0.00742529123880046	0.0	(0.00742529123880046+0j)
0.06666666666666667	0.0044444444444444444	0.0008221810122930641	0.008042081272115227	0.0	(0.008042081272115227+0j)
0.07	0.004900000000000001	0.0008998600423003626	0.008671553536072109	0.0	(0.008671553536072109+0j)
0.07333333333333333	0.005377777777777778	0.000980096811759464	0.00931432152726969	0.0	(0.00931432152726969+0j)
0.07666666666666667	0.005877777777777779	0.0010627390534778767	0.009971330102955651	0.0	(0.009971330102955651+0j)
0.08	0.0064	0.0011476324014389147	0.01064397797112401	0.0	(0.01064397797112401+0j)
0.08333333333333334	0.006944444444444446	0.001234620917935855	0.01133459985455164	0.0	(0.01133459985455164+0j)
0.08666666666666667	0.007511111111111112	0.0013235476149742404	0.012048577039444579	0.0	(0.012048577039444579+0j)
0.09000000000000001	0.008100000000000001	0.0014142549674218052	0.012810628640819513	0.0	(0.012810628640819513+0j)
0.09333333333333334	0.008711111111111112	0.0015065854154987972	0.013502785949199396	-0.0003291735327233633	(0.013502785949199396-0.0003291735327233633j)
0.09666666666666668	0.009344444444444447	0.0016003818543288242	0.013502785949199396	0.0003291735327233633	(0.013502785949199396+0.0003291735327233633j)
0.1	0.010000000000000002	0.0016954881084106231	0.01408913409092715	0.0	(0.01408913409092715+0j)
0.10333333333333335	0.01067777777777778	0.0017917493890230978	0.01492405166648037	0.0	(0.01492405166648037+0j)
0.10666666666666667	0.01137777777777778	0.0018890127327372646	0.015732189195436154	0.0	(0.015732189195436154+0j)
0.11	0.0121	0.0019871274193788147	0.01655143957314552	0.0	(0.01655143957314552+0j)
0.11333333333333334	0.012844444444444447	0.0020859453679611534	0.017388032661538527	0.0	(0.017388032661538527+0j)
0.11666666666666667	0.013611111111111112	0.0021853215092902407	0.018244151265909222	0.0	(0.018244151265909222+0j)
0.12000000000000001	0.014400000000000003	0.002285114134127102	0.01912085603687696	0.0	(0.01912085603687696+0j)
0.12333333333333334	0.015211111111111113	0.002385185215980181	0.020018760584773802	0.0	(0.020018760584773802+0j)
0.12666666666666668	0.016044444444444448	0.002485400707786132	0.02093825242760554	0.0	(0.02093825242760554+0j)
0.13	0.016900000000000002	0.0025856308119225633	0.021879584178372	0.0	(0.021879584178372+0j)
0.13333333333333333	0.017777777777777778	0.0026857502231784746	0.022842918713771337	0.0	(0.022842918713771337+0j)
0.1366666666666667	0.018677777777777783	0.0027856383444858656	0.0238283551848148	0.0	(0.0238283551848148+0j)
0.14	0.019600000000000003	0.002885179475388433	0.024835945883291063	0.0	(0.024835945883291063+0j)
0.14333333333333334	0.020544444444444445	0.002984262973388927	0.025865708152744995	0.0	(0.025865708152744995+0j)
0.14666666666666667	0.021511111111111113	0.003082783388474521	0.02691763327833519	0.0	(0.02691763327833519+0j)
0.15000000000000002	0.022500000000000006	0.0031806405712688224	0.027991693339591516	0.0	(0.027991693339591516+0j)
0.15333333333333335	0.023511111111111115	0.003277739755398597	0.029087846580411556	0.0	(0.029087846580411556+0j)
0.15666666666666668	0.02454444444444445	0.0033739916147927434	0.03020604164321506	0.0	(0.03020604164321506+0j)
0.16	0.0256	0.003469312296749336	0.03134622090651755	0.0	(0.03134622090651755+0j)
0.16333333333333333	0.026677777777777776	0.003563623431713835	0.03250832310407421	0.0	(0.03250832310407421+0j)
0.16666666666666669	0.027777777777777783	0.0036568521208069377	0.033692285365231084	0.0	(0.033692285365231084+0j)
0.17	0.028900000000000006	0.0037489309022242043	0.03489804478910986	0.0	(0.03489804478910986+0j)
0.17333333333333334	0.030044444444444447	0.0038397976977012083	0.03612553964460155	0.0	(0.03612553964460155+0j)
0.17666666666666667	0.03121111111111111	0.003929395740297698	0.03737471027146128	0.0	(0.03737471027146128+0j)
0.18000000000000002	0.032400000000000005	0.004017673484802097	0.03864549974388674	0.0	(0.03864549974388674+0j)
0.18333333333333335	0.03361111111111112	0.004104584502094003	0.039937854346327184	0.0	(0.039937854346327184+0j)
0.18666666666666668	0.03484444444444445	0.0041900873588273675	0.04125172390149926	0.0	(0.04125172390149926+0j)
0.19	0.0361	0.00427414548381117	0.04258706198251882	0.0	(0.04258706198251882+0j)
0.19333333333333336	0.03737777777777779	0.004356727022468233	0.04394382603441489	0.0	(0.04394382603441489+0j)
0.19666666666666668	0.03867777777777778	0.004437804680746715	0.04532197742494878	0.0	(0.04532197742494878+0j)
0.2	0.04000000000000001	0.004517355559843599	0.04672148144036437	0.0	(0.04672148144036437+0j)
0.20333333333333334	0.04134444444444445	0.004595360983075589	0.04814230723831206	0.0	(0.04814230723831206+0j)
0.2066666666666667	0.04271111111111112	0.0046718063162011535	0.049584427767545305	0.0	(0.049584427767545305+0j)
0.21000000000000002	0.04410000000000001	0.004746680782458521	0.05104781966192644	0.0	(0.05104781966192644+0j)
0.21333333333333335	0.04551111111111112	0.004819977273539218	0.05253246311469727	0.0	(0.05253246311469727+0j)
0.21666666666666667	0.04694444444444445	0.004891692157665705	0.0540383417377515	0.0	(0.0540383417377515+0j)
0.22	0.0484	0.004961825085885935	0.055565442409709606	0.0	(0.055565442409709606+0j)
0.22333333333333336	0.049877777777777785	0.005030378797637621	0.05711375511588222	0.0	(0.05711375511588222+0j)
0.22666666666666668	0.051377777777777786	0.005097358926571638	0.058683272782654713	0.0	(0.058683272782654713+0j)
0.23	0.0529	0.005162773807558027	0.06027399110837813	0.0	(0.06027399110837813+0j)
0.23333333333333334	0.05444444444444445	0.005226634285729957	0.06188590839252931	0.0	(0.06188590839252931+0j)
0.2366666666666667	0.05601111111111112	0.00528895352835181	0.06351902536462506	0.0	(0.06351902536462506+0j)
0.24000000000000002	0.05760000000000001	0.005349746840227549	0.06517334501413483	0.0	(0.06517334501413483+0j)
0.24333333333333335	0.05921111111111112	0.005409031483295513	0.06684887242246972	0.0	(0.06684887242246972+0j)
0.24666666666666667	0.06084444444444445	0.0054668265009863055	0.0685456145979756	0.0	(0.0685456145979756+0j)
0.25	0.0625	0.005523152547851894	0.07026358031470491	0.0	(0.07026358031470491+0j)
0.25333333333333335	0.06417777777777779	0.005578031724907017	0.07200277995568113	0.0	(0.07200277995568113+0j)
0.2566666666666667	0.0658777777777778	0.005631487421058869	0.07376322536140272	0.0	(0.07376322536140272+0j)
0.26	0.06760000000000001	0.005683544160938166	0.07554492968533291	0.0	(0.07554492968533291+0j)
0.26333333333333336	0.06934444444444446	0.005734227459384341	0.07734790728288443	0.0	(0.07734790728288443+0j)
0.26666666666666666	0.07111111111111111	0.005783563682780316	0.07810290433496955	0.0	(0.07810290433496955+0j)
0.27	0.0729	0.005831579917377828	0.07917217330272458	0.0	(0.07917217330272458+0j)
0.2733333333333334	0.07471111111111113	0.005878303844703342	0.08101774432251681	0.0	(0.08101774432251681+0j)
0.27666666666666667	0.07654444444444444	0.005923763624086875	0.0828846372178374	0.0	(0.0828846372178374+0j)
0.28	0.07840000000000001	0.005967987782311933	0.0847728697271857	0.0	(0.0847728697271857+0j)
0.2833333333333333	0.08027777777777777	0.006011005110344225	0.08668246013360272	0.0	(0.08668246013360272+0j)
0.2866666666666667	0.08217777777777778	0.006052844567059823	0.08861342717848678	0.0	(0.08861342717848678+0j)
0.29000000000000004	0.08410000000000002	0.006093535189860088	0.09056578996780286	0.0	(0.09056578996780286+0j)
0.29333333333333333	0.08604444444444445	0.006133106012030793	0.09253956788371764	0.0	(0.09253956788371764+0j)
0.2966666666666667	0.08801111111111112	0.006171585986676567	0.09453478050246122	0.0	(0.09453478050246122+0j)
0.30000000000000004	0.09000000000000002	0.006209003917038731	0.09655144751840138	0.0	(0.09655144751840138+0j)
0.30333333333333334	0.09201111111111111	0.006245388392984937	0.09858958867420733	0.0	(0.09858958867420733+0j)
0.3066666666666667	0.09404444444444446	0.00628076773344239	0.1006492236969233	0.0	(0.1006492236969233+0j)
0.31	0.0961	0.006315169934532789	0.10273037223974418	0.0	(0.10273037223974418+0j)
0.31333333333333335	0.0981777777777778	0.006348622623156444	0.10483305382926546	0.0	(0.10483305382926546+0j)
0.3166666666666667	0.1002777777777778	0.006381153015764728	0.10695728781797702	0.0	(0.10695728781797702+0j)
0.32	0.1024	0.006412787882054485	0.10910309334174603	0.0	(0.10910309334174603+0j)
0.32333333333333336	0.10454444444444447	0.006443553513314527	0.11127048928204794	0.0	(0.11127048928204794+0j)
0.32666666666666666	0.1067111111111111	0.006473475695153095	0.11345949423266602	0.0	(0.11345949423266602+0j)
0.33	0.10890000000000001	0.006502579684335808	0.11567012647062187	0.0	(0.11567012647062187+0j)
0.33333333333333337	0.11111111111111113	0.0065308901894658685	0.117902403931061	0.0	(0.117902403931061+0j)
0.33666666666666667	0.11334444444444444	0.006558431355242292	0.12015634418584106	0.0	(0.12015634418584106+0j)
0.34	0.11560000000000002	0.006585226750037065	0.12243196442556992	0.0	(0.12243196442556992+0j)
0.3433333333333334	0.1178777777777778	0.0066112993565386365	0.12472928144483003	0.0	(0.12472928144483003+0j)
0.3466666666666667	0.12017777777777779	0.006636671565216577	0.12704831163037097	0.0	(0.12704831163037097+0j)
0.35000000000000003	0.12250000000000003	0.0066613651703705465	0.12938907095200078	0.0	(0.12938907095200078+0j)
0.35333333333333333	0.12484444444444444	0.006685401368535783	0.13175157495598078	0.0	(0.13175157495598078+0j)
0.3566666666666667	0.12721111111111114	0.006708800759026891	0.13413583876067026	0.0	(0.13413583876067026+0j)
0.36000000000000004	0.12960000000000002	0.00673158334641179	0.13654187705424756	0.0	(0.13654187705424756+0j)
0.36333333333333334	0.1320111111111111	0.0067537685447180765	0.13896970409427664	0.0	(0.13896970409427664+0j)
0.3666666666666667	0.13444444444444448	0.00677537518318456	0.141419333708939	0.0	(0.141419333708939+0j)
0.37000000000000005	0.13690000000000005	0.006796421513381529	0.14389077929977206	0.0	(0.14389077929977206+0j)
0.37333333333333335	0.1393777777777778	0.006816925217533959	0.14638405384569364	0.0	(0.14638405384569364+0j)
0.3766666666666667	0.1418777777777778	0.0068369034178925175	0.14889916990823074	0.0	(0.14889916990823074+0j)
0.38	0.1444	0.006856372687007759	0.15143613963771677	0.0	(0.15143613963771677+0j)
0.38333333333333336	0.14694444444444446	0.0068753490587732105	0.15399497478040178	0.0	(0.15399497478040178+0j)
0.3866666666666667	0.14951111111111115	0.006893848040113084	0.15657568668629177	0.0	(0.15657568668629177+0j)
0.39	0.1521	0.006911884623200134	0.15917828631760422	0.0	(0.15917828631760422+0j)
0.39333333333333337	0.15471111111111113	0.006929473298098572	0.16180278425779862	0.0	(0.16180278425779862+0j)
0.39666666666666667	0.15734444444444445	0.006946628065736005	0.16444919072096964	0.0	(0.16444919072096964+0j)
0.4	0.16000000000000003	0.006963362451117005	0.16711751556160845	0.0	(0.16711751556160845+0j)
0.4033333333333334	0.1626777777777778	0.006979689516699151	0.16980776828461333	0.0	(0.16980776828461333+0j)
0.4066666666666667	0.1653777777777778	0.006995621875860196	0.17251995805547038	0.0	(0.17251995805547038+0j)
0.41000000000000003	0.16810000000000003	0.007011171706392335	0.17525409371055167	0.0	(0.17525409371055167+0j)
0.4133333333333334	0.1708444444444445	0.00702635076396656	0.17801018376745933	0.0	(0.17801018376745933+0j)
0.4166666666666667	0.17361111111111113	0.007041170395516475	0.18078823643538366	0.0	(0.18078823643538366+0j)
0.42000000000000004	0.17640000000000003	0.007055641552497087	0.18358825962539319	0.0	(0.18358825962539319+0j)
0.42333333333333334	0.17921111111111113	0.007069774803979651	0.1864102609606655	0.0	(0.1864102609606655+0j)
0.4266666666666667	0.18204444444444448	0.007083580349548892	0.18925424778655908	0.0	(0.18925424778655908+0j)
0.43000000000000005	0.18490000000000004	0.00709706803197372	0.19212022718057437	0.0	(0.19212022718057437+0j)
0.43333333333333335	0.1877777777777778	0.007110247349626973	0.19500820596209542	0.0	(0.19500820596209542+0j)
0.4366666666666667	0.1906777777777778	0.007123127468633739	0.19791819070195274	0.0	(0.19791819070195274+0j)
0.44	0.1936	0.007135717234731543	0.2008501877317659	0.0	(0.2008501877317659+0j)
0.44333333333333336	0.19654444444444447	0.007148025184828953	0.2038042031530381	0.0	(0.2038042031530381+0j)
0.4466666666666667	0.19951111111111114	0.007160059558252249	0.20678024284601823	0.0	(0.20678024284601823+0j)
0.45	0.2025	0.007171828307672452	0.20977831247830062	0.0	(0.20977831247830062+0j)
0.45333333333333337	0.20551111111111114	0.0071833391097075	0.21279841751316408	0.0	(0.21279841751316408+0j)
0.4566666666666667	0.2085444444444445	0.007194599375196462	0.215840563217641	0.0	(0.215840563217641+0j)
0.46	0.2116	0.0072056162591446395	0.21890475467032364	0.0	(0.21890475467032364+0j)
0.4633333333333334	0.21467777777777783	0.007216396670340091	0.22199099676889958	0.0	(0.22199099676889958+0j)
0.4666666666666667	0.2177777777777778	0.007226947280643552	0.22509929423741618	0.0	(0.22509929423741618+0j)
0.47000000000000003	0.22090000000000004	0.007237274533955054	0.22822965163326778	0.0	(0.22822965163326778+0j)
0.4733333333333334	0.2240444444444445	0.007247384654861589	0.23138207335395206	0.0	(0.23138207335395206+0j)
0.4766666666666667	0.2272111111111111	0.007257283656971173	0.23455656364352723	0.0	(0.23455656364352723+0j)
0.48000000000000004	0.23040000000000005	0.007266977350939373	0.237753126598837	0.0	(0.237753126598837+0j)
0.48333333333333334	0.2336111111111111	0.007276471352195081	0.2409717661754866	0.0	(0.2409717661754866+0j)
0.4866666666666667	0.23684444444444447	0.007285771088372815	0.24421248619357	0.0	(0.24421248619357+0j)
0.49000000000000005	0.24010000000000004	0.007294881806459266	0.24747529034316115	0.0	(0.24747529034316115+0j)
0.49333333333333335	0.2433777777777778	0.007303808579662128	0.25076018218957963	0.0	(0.25076018218957963+0j)
0.4966666666666667	0.2466777777777778	0.007312556314009497	0.25406716517843103	0.0	(0.25406716517843103+0j)
0.5	0.25	0.00732112975468828	0.2573962426404346	0.0	(0.2573962426404346+0j)
0.5033333333333334	0.25334444444444454	0.007329533492130178	0.2607474177960436	0.0	(0.2607474177960436+0j)
0.5066666666666667	0.25671111111111117	0.007337771967853789	0.2641206937598677	0.0	(0.2641206937598677+0j)
0.51	0.2601	0.007345849480071427	0.2675160735448968	0.0	(0.2675160735448968+0j)
0.5133333333333334	0.2635111111111112	0.007353770189069158	0.27093356006654473	0.0	(0.27093356006654473+0j)
0.5166666666666667	0.2669444444444445	0.007361538122368472	0.27437315614651725	0.0	(0.27437315614651725+0j)
0.52	0.27040000000000003	0.007369157179677871	0.2778348645165049	0.0	(0.2778348645165049+0j)
0.5233333333333333	0.2738777777777778	0.007376631137642506	0.28131868782171715	0.0	(0.28131868782171715+0j)
0.5266666666666667	0.27737777777777783	0.0073839636543998445	0.2848246286242636	0.0	(0.2848246286242636+0j)
0.53	0.28090000000000004	0.007391158273949105	0.2883526894063653	0.0	(0.2883526894063653+0j)
0.5333333333333333	0.28444444444444444	0.0073982184303420205	0.2919028725734518	0.0	(0.2919028725734518+0j)
0.5366666666666667	0.28801111111111116	0.007405147451702287	0.2954751804571155	0.0	(0.2954751804571155+0j)
0.54	0.2916	0.00741194856408078	0.2990696153179056	0.0	(0.2990696153179056+0j)
0.5433333333333333	0.2952111111111111	0.007418624895153451	0.3026861793480416	0.0	(0.3026861793480416+0j)
0.5466666666666667	0.2988444444444445	0.007425179477768492	0.30632487467398456	0.0	(0.30632487467398456+0j)
0.55	0.30250000000000005	0.0074316152533492495	0.3099857033588874	0.0	(0.3099857033588874+0j)
0.5533333333333333	0.30617777777777777	0.007437935075158974	0.31366866740495775	0.0	(0.31366866740495775+0j)
0.5566666666666668	0.30987777777777786	0.007444141711433403	0.31737376875570916	0.0	(0.31737376875570916+0j)
0.56	0.31360000000000005	0.007450237848386832	0.3211010092980979	0.0	(0.3211010092980979+0j)
0.5633333333333334	0.3173444444444445	0.007456226093097183	0.3248503908646074	0.0	(0.3248503908646074+0j)
0.5666666666666667	0.32111111111111107	0.007462108976275271	0.32862191523520906	0.0	(0.32862191523520906+0j)
0.5700000000000001	0.3249000000000001	0.007467888954923352	0.3324155841392276	0.0	(0.3324155841392276+0j)
0.5733333333333334	0.3287111111111111	0.007473568414887718	0.33623139925717166	0.0	(0.33623139925717166+0j)
0.5766666666666667	0.3325444444444444	0.007479149673309979	0.3400693622224532	0.0	(0.3400693622224532+0j)
0.5800000000000001	0.3364000000000001	0.007484634980981415	0.34392947462303647	0.0	(0.34392947462303647+0j)
0.5833333333333334	0.34027777777777785	0.007490026524604648	0.34781173800303034	0.0	(0.34781173800303034+0j)
0.5866666666666667	0.3441777777777778	0.00749532642896661	0.35171615386420635	0.0	(0.35171615386420635+0j)
0.5900000000000001	0.3481000000000001	0.007500536759026707	0.35564272366744554	0.0	(0.35564272366744554+0j)
0.5933333333333334	0.3520444444444445	0.007505659521923817	0.3595914488341424	0.0	(0.3595914488341424+0j)
0.5966666666666667	0.3560111111111111	0.0075106966689056365	0.36356233074754535	0.0	(0.36356233074754535+0j)
0.6000000000000001	0.3600000000000001	0.007515650097183742	0.36755537075402245	0.0	(0.36755537075402245+0j)
0.6033333333333334	0.3640111111111112	0.007520521651717538	0.3715705701643121	0.0	(0.3715705701643121+0j)
0.6066666666666667	0.36804444444444445	0.007525313126930154	0.3756079302546905	0.0	(0.3756079302546905+0j)
0.61	0.3721	0.0075300262683592085	0.37966745226811566	0.0	(0.37966745226811566+0j)
0.6133333333333334	0.37617777777777783	0.007534662774245186	0.3837491374153031	0.0	(0.3837491374153031+0j)
0.6166666666666667	0.3802777777777778	0.007539224297060118	0.3878529868757844	0.0	(0.3878529868757844+0j)
0.62	0.3844	0.007543712444979056	0.39197900179890355	0.0	(0.39197900179890355+0j)
0.6233333333333334	0.3885444444444445	0.007548128783296779	0.39612718330478447	0.0	(0.39612718330478447+0j)
0.6266666666666667	0.3927111111111112	0.0075524748357920085	0.4002975324852518	0.0	(0.4002975324852518+0j)
0.63	0.39690000000000003	0.007556752086041344	0.40449005040473374	0.0	(0.40449005040473374+0j)
0.6333333333333334	0.4011111111111112	0.00756096197868501	0.4087047381011177	0.0	(0.4087047381011177+0j)
0.6366666666666667	0.4053444444444445	0.00756510592064641	0.4129415965865617	0.0	(0.4129415965865617+0j)
0.64	0.4096	0.007569185282307394	0.41720062684830983	0.0	(0.41720062684830983+0j)
0.6433333333333334	0.4138777777777779	0.007573201398641061	0.4214818298494291	0.0	(0.4214818298494291+0j)
0.6466666666666667	0.41817777777777787	0.00757715557030384	0.42578520652958424	0.0	(0.42578520652958424+0j)
0.65	0.42250000000000004	0.007581049064688505	0.4301107578056984	0.0	(0.4301107578056984+0j)
0.6533333333333333	0.4268444444444444	0.0075848831169397	0.43445848457267705	0.0	(0.43445848457267705+0j)
0.6566666666666667	0.4312111111111112	0.007588658930933502	0.43882838770404237	0.0	(0.43882838770404237+0j)
0.66	0.43560000000000004	0.007592377680222464	0.44322046805256626	0.0	(0.44322046805256626+0j)
0.6633333333333333	0.44001111111111113	0.007596040508947506	0.44763472645090396	0.0	(0.44763472645090396+0j)
0.6666666666666667	0.44444444444444453	0.007599648532717988	0.45207116371215056	0.0	(0.45207116371215056+0j)
0.67	0.4489000000000001	0.007603202839461229	0.45652978063043664	0.0	(0.45652978063043664+0j)
0.6733333333333333	0.45337777777777777	0.007606704490242653	0.46101057798146117	0.0	(0.46101057798146117+0j)
0.6766666666666667	0.4578777777777779	0.007610154520057744	0.46551355652303156	0.0	(0.46551355652303156+0j)
0.68	0.4624000000000001	0.007613553938596909	0.4700387169955646	0.0	(0.4700387169955646+0j)
0.6833333333333333	0.46694444444444444	0.007616903730984252	0.4745860601225801	0.0	(0.4745860601225801+0j)
0.6866666666666668	0.4715111111111112	0.007620204858491366	0.4791555866111918	0.0	(0.4791555866111918+0j)
0.6900000000000001	0.4761000000000001	0.0076234582592270015	0.4837472971525534	0.0	(0.4837472971525534+0j)
0.6933333333333334	0.48071111111111114	0.007626664848803606	0.4883611924223038	0.0	(0.4883611924223038+0j)
0.6966666666666667	0.4853444444444444	0.007629825520981603	0.49299727308101293	0.0	(0.49299727308101293+0j)
0.7000000000000001	0.4900000000000001	0.007632941148292214	0.4976555397745815	0.0	(0.4976555397745815+0j)
0.7033333333333334	0.4946777777777778	0.007636012582639712	0.502335993134657	0.0	(0.502335993134657+0j)
0.7066666666666667	0.49937777777777775	0.007639040655883807	0.5070386337790139	0.0	(0.5070386337790139+0j)
0.7100000000000001	0.5041000000000001	0.007642026180402951	0.5117634623119428	0.0	(0.5117634623119428+0j)
0.7133333333333334	0.5088444444444445	0.007644969949639253	0.5165104793246164	0.0	(0.5165104793246164+0j)
0.7166666666666667	0.5136111111111111	0.007647872738625706	0.5212796853954386	0.0	(0.5212796853954386+0j)
0.7200000000000001	0.5184000000000001	0.007650735304496359	0.526071081090408	0.0	(0.526071081090408+0j)
0.7233333333333334	0.5232111111111112	0.007653558386980074	0.5308846669634351	0.0	(0.5308846669634351+0j)
0.7266666666666667	0.5280444444444444	0.007656342708878463	0.5357204435566928	0.0	(0.5357204435566928+0j)
0.7300000000000001	0.5329000000000002	0.007659088976528583	0.5405784114009383	0.0	(0.5405784114009383+0j)
0.7333333333333334	0.5377777777777779	0.007661797880250954	0.5454585710158099	0.0	(0.5454585710158099+0j)
0.7366666666666667	0.5426777777777778	0.007664470094783399	0.5503609229101646	0.0	(0.5503609229101646+0j)
0.7400000000000001	0.5476000000000002	0.007667106279701249	0.5552854675823704	0.0	(0.5552854675823704+0j)
0.7433333333333334	0.5525444444444445	0.007669707079824388	0.5602322055206277	0.0	(0.5602322055206277+0j)
0.7466666666666667	0.5575111111111112	0.0076722731256115995	0.5652011372032612	0.0	(0.5652011372032612+0j)
0.75	0.5625	0.007674805033542681	0.5701922630990327	0.0	(0.5701922630990327+0j)
0.7533333333333334	0.5675111111111112	0.007677303406488733	0.5752055836674667	0.0	(0.5752055836674667+0j)
0.7566666666666667	0.5725444444444445	0.007679768834071075	0.580241099359162	0.0	(0.580241099359162+0j)
0.76	0.5776	0.007682201893009154	0.5852988106161172	0.0	(0.5852988106161172+0j)
0.7633333333333334	0.582677777777778	0.007684603147457844	0.5903787178721023	0.0	(0.5903787178721023+0j)
0.7666666666666667	0.5877777777777778	0.0076869731493345	0.5954808215529948	0.0	(0.5954808215529948+0j)
0.77	0.5929	0.007689312438636133	0.6006051220772123	0.0	(0.6006051220772123+0j)
0.7733333333333334	0.5980444444444446	0.0076916215437470205	0.6057516198561107	0.0	(0.6057516198561107+0j)
0.7766666666666667	0.6032111111111113	0.007693900981737107	0.6109203152944712	0.0	(0.6109203152944712+0j)
0.78	0.6084	0.007696151258651496	0.6161112087910203	0.0	(0.6161112087910203+0j)
0.7833333333333334	0.6136111111111112	0.007698372869791328	0.6213243007390311	0.0	(0.6213243007390311+0j)
0.7866666666666667	0.6188444444444445	0.007700566299986356	0.6265595915269455	0.0	(0.6265595915269455+0j)
0.79	0.6241000000000001	0.007702732023859483	0.6318170815391775	0.0	(0.6318170815391775+0j)
0.7933333333333333	0.6293777777777778	0.0077048705060835335	0.6370967711569567	0.0	(0.6370967711569567+0j)
0.7966666666666667	0.6346777777777779	0.007706982201630528	0.6423986607593126	0.0	(0.6423986607593126+0j)
0.8	0.6400000000000001	0.007709067556013684	0.6477227507242452	0.0	(0.6477227507242452+0j)
0.8033333333333333	0.6453444444444445	0.007711127005522429	0.6530690414300473	0.0	(0.6530690414300473+0j)
0.8066666666666668	0.6507111111111112	0.007713160977450609	0.6584375332568558	0.0	(0.6584375332568558+0j)
0.81	0.6561000000000001	0.0077151698903181395	0.6638282265884002	0.0	(0.6638282265884002+0j)
0.8133333333333334	0.6615111111111112	0.007717154154086326	0.6692411218141	0.0	(0.6692411218141+0j)
0.8166666666666668	0.6669444444444446	0.00771911417036702	0.6746762193314415	0.0	(0.6746762193314415+0j)
0.8200000000000001	0.6724000000000001	0.0077210503326258575	0.6801335195487103	0.0	(0.6801335195487103+0j)
0.8233333333333334	0.6778777777777778	0.00772296302637974	0.6856130228881573	0.0	(0.6856130228881573+0j)
0.8266666666666668	0.683377777777778	0.007724852629388755	0.6911147297896166	0.0	(0.6911147297896166+0j)
0.8300000000000001	0.6889000000000001	0.007726719511842705	0.6966386407146458	0.0	(0.6966386407146458+0j)
0.8333333333333334	0.6944444444444445	0.007728564036542438	0.7021847561511777	0.0	(0.7021847561511777+0j)
0.8366666666666667	0.7000111111111111	0.007730386559076115	0.7077530766189021	0.0	(0.7077530766189021+0j)
0.8400000000000001	0.7056000000000001	0.007732187427990606	0.7133436026752313	0.0	(0.7133436026752313+0j)
0.8433333333333334	0.7112111111111112	0.007733966984958145	0.718956334921991	0.0	(0.718956334921991+0j)
0.8466666666666667	0.7168444444444445	0.0077357255649383935	0.724591274012997	0.0	(0.724591274012997+0j)
0.8500000000000001	0.7225000000000001	0.0077374634963360885	0.7302484206623197	0.0	(0.7302484206623197+0j)
0.8533333333333334	0.7281777777777779	0.007739181101154359	0.735927775653487	0.0	(0.735927775653487+0j)
0.8566666666666667	0.7338777777777779	0.007740878695143895	0.7416293398496088	0.0	(0.7416293398496088+0j)
0.8600000000000001	0.7396000000000001	0.007742556587948072	0.7473531142043133	0.0	(0.7473531142043133+0j)
0.8633333333333334	0.7453444444444446	0.007744215083244152	0.7530990997737708	0.0	(0.7530990997737708+0j)
0.8666666666666667	0.7511111111111112	0.007745854478880706	0.7588672977294252	0.0	(0.7588672977294252+0j)
0.8700000000000001	0.7569000000000002	0.007747475067011341	0.7646577093718406	0.0	(0.7646577093718406+0j)
0.8733333333333334	0.7627111111111112	0.007749077134224879	0.770470336145243	0.0	(0.770470336145243+0j)
0.8766666666666667	0.7685444444444445	0.007750660961672062	0.7763051796530468	0.0	(0.7763051796530468+0j)
0.88	0.7744	0.00775222682518891	0.7821622416739968	0.0	(0.7821622416739968+0j)
0.8833333333333334	0.780277777777778	0.00775377499541683	0.7880415241791064	0.0	(0.7880415241791064+0j)
0.8866666666666667	0.7861777777777779	0.007755305737919565	0.7939430293491962	0.0	(0.7939430293491962+0j)
0.89	0.7921	0.007756819313297083	0.7998667595929662	0.0	(0.7998667595929662+0j)
0.8933333333333334	0.7980444444444446	0.007758315977296502	0.805812717565637	0.0	(0.805812717565637+0j)
0.8966666666666667	0.8040111111111112	0.007759795980920128	0.8117809061879842	0.0	(0.8117809061879842+0j)
0.9	0.81	0.007761259570530699	0.8177713286659605	0.0	(0.8177713286659605+0j)
0.9033333333333334	0.8160111111111112	0.007762706987953918	0.8237839885107576	0.0	(0.8237839885107576+0j)
0.9066666666666667	0.8220444444444446	0.00776413847057835	0.8298188895597853	0.0	(0.8298188895597853+0j)
0.91	0.8281000000000001	0.0077655542514527606	0.8358760359985279	0.0	(0.8358760359985279+0j)
0.9133333333333334	0.834177777777778	0.007766954559380976	0.841955432384052	0.0	(0.841955432384052+0j)
0.9166666666666667	0.8402777777777779	0.007768339619014329	0.8480570836706517	0.0	(0.8480570836706517+0j)
0.92	0.8464	0.007769709650941771	0.8541809952388202	0.0	(0.8541809952388202+0j)
0.9233333333333333	0.8525444444444444	0.0077710648717777015	0.8603271729287604	0.0	(0.8603271729287604+0j)
0.9266666666666667	0.8587111111111113	0.007772405494247598	0.8664956230806456	0.0	(0.8664956230806456+0j)
0.93	0.8649000000000001	0.007773731727271498	0.8726863525840535	0.0	(0.8726863525840535+0j)
0.9333333333333333	0.8711111111111112	0.007775043776045397	0.8788993689403044	0.0	(0.8788993689403044+0j)
0.9366666666666668	0.8773444444444446	0.007776341842120626	0.8851346803427412	0.0	(0.8851346803427412+0j)
0.9400000000000001	0.8836000000000002	0.007777626123481259	0.8913922957815531	0.0	(0.8913922957815531+0j)
0.9433333333333334	0.8898777777777778	0.007778896814619607	0.8976722251826926	0.0	(0.8976722251826926+0j)
0.9466666666666668	0.896177777777778	0.007780154106609861	0.9039744795939437	0.0	(0.9039744795939437+0j)
0.9500000000000001	0.9025000000000001	0.0077813981871799245	0.9102990714368699	0.0	(0.9102990714368699+0j)
0.9533333333333334	0.9088444444444445	0.007782629240781492	0.9166460148517684	0.0	(0.9166460148517684+0j)
0.9566666666666668	0.9152111111111113	0.007783847448658425	0.9230153261758922	0.0	(0.9230153261758922+0j)
0.9600000000000001	0.9216000000000002	0.007785052988913457	0.9294070246160485	0.0	(0.9294070246160485+0j)
0.9633333333333334	0.9280111111111112	0.0077862460365733036	0.9358211332114023	0.0	(0.9358211332114023+0j)
0.9666666666666667	0.9344444444444444	0.007787426763652192	0.9422576802414953	0.0	(0.9422576802414953+0j)
0.9700000000000001	0.9409000000000002	0.00778859533921386	0.9487167013399095	0.0	(0.9487167013399095+0j)
0.9733333333333334	0.9473777777777779	0.007789751929432088	0.955198242771469	0.0	(0.955198242771469+0j)
0.9766666666666667	0.9538777777777778	0.007790896697649775	0.9617023667203046	0.0	(0.9617023667203046+0j)
0.9800000000000001	0.9604000000000001	0.007792029804436608	0.9682291602597254	0.0	(0.9682291602597254+0j)
0.9833333333333334	0.9669444444444446	0.007793151407645377	0.9747787515649021	0.0	(0.9747787515649021+0j)
0.9866666666666667	0.9735111111111112	0.007794261662466953	0.981351341747022	0.0	(0.981351341747022+0j)
0.9900000000000001	0.9801000000000002	0.007795360721483967	0.9879472747848408	0.0	(0.9879472747848408+0j)
0.9933333333333334	0.9867111111111112	0.007796448734723245	0.9945672180287579	0.0	(0.9945672180287579+0j)
0.9966666666666667	0.9933444444444445	0.0077975258497070075	1.0012127636847676	0.0	(1.0012127636847676+0j)
1.0	1.0	0.007798592211502872	1.0078897080695146	0.0	(1.0078897080695146+0j)
