-1.0	-1.0	-3.1805523827484364e-05	-1.0000318329313518	0.0	(-1.0000318329313518+0j)
-0.99	-0.9801	-3.180500678908134e-05	-0.9801318087950666	0.0	(-0.9801318087950666+0j)
-0.98	-0.9603999999999999	-3.1804473842353764e-05	-0.9604318056030141	0.0	(-0.9604318056030141+0j)
-0.97	-0.9409	-3.180392432791812e-05	-0.9409318049431572	0.0	(-0.9409318049431572+0j)
-0.96	-0.9216	-3.1803357551870056e-05	-0.9216318044158006	0.0	(-0.9216318044158006+0j)
-0.9500000000000001	-0.9025000000000001	-3.180277278359269e-05	-0.9025318038762528	0.0	(-0.9025318038762528+0j)
-0.9400000000000001	-0.8836000000000002	-3.1802169253400904e-05	-0.8836318033204179	0.0	(-0.8836318033204179+0j)
-0.93	-0.8649000000000001	-3.180154615000734e-05	-0.8649318027476219	0.0	(-0.8649318027476219+0j)
-0.92	-0.8464	-3.180090261779459e-05	-0.8464318021571716	0.0	(-0.8464318021571716+0j)
-0.91	-0.8281000000000001	-3.180023775387635e-05	-0.8281318015483569	0.0	(-0.8281318015483569+0j)
-0.9	-0.81	-3.1799550604928816e-05	-0.8100318009204157	0.0	(-0.8100318009204157+0j)
-0.89	-0.7921	-3.1798840163771436e-05	-0.7921318002725672	0.0	(-0.7921318002725672+0j)
-0.88	-0.7744	-3.179810536567413e-05	-0.7744317996039767	0.0	(-0.7744317996039767+0j)
-0.87	-0.7569	-3.179734508436572e-05	-0.7569317989137726	0.0	(-0.7569317989137726+0j)
-0.86	-0.7395999999999999	-3.17965581277156e-05	-0.7396317982010389	0.0	(-0.7396317982010389+0j)
-0.85	-0.7224999999999999	-3.179574323305768e-05	-0.7225317974648073	0.0	(-0.7225317974648073+0j)
-0.84	-0.7055999999999999	-3.17948990621224e-05	-0.7056317967040646	0.0	(-0.7056317967040646+0j)
-0.8300000000000001	-0.6889000000000001	-3.1794024195538735e-05	-0.6889317959177405	0.0	(-0.6889317959177405+0j)
-0.8200000000000001	-0.6724000000000001	-3.179311712686404e-05	-0.6724317951047145	0.0	(-0.6724317951047145+0j)
-0.81	-0.6561000000000001	-3.1792176256094806e-05	-0.6561317942637924	0.0	(-0.6561317942637924+0j)
-0.8	-0.6400000000000001	-3.1791199882606094e-05	-0.6400317933937274	0.0	(-0.6400317933937274+0j)
-0.79	-0.6241000000000001	-3.179018619746142e-05	-0.6241317924932106	0.0	(-0.6241317924932106+0j)
-0.78	-0.6084	-3.178913327502814e-05	-0.6084317915608427	0.0	(-0.6084317915608427+0j)
-0.77	-0.5929	-3.178803906382568e-05	-0.5929317905951619	0.0	(-0.5929317905951619+0j)
-0.76	-0.5776	-3.178690137652536e-05	-0.5776317895946331	0.0	(-0.5776317895946331+0j)
-0.75	-0.5625	-3.178571787901071e-05	-0.5625317885576119	0.0	(-0.5625317885576119+0j)
-0.74	-0.5476	-3.1784486078396046e-05	-0.5476317874823871	0.0	(-0.5476317874823871+0j)
-0.73	-0.5328999999999999	-3.178320330988835e-05	-0.5329317863671283	0.0	(-0.5329317863671283+0j)
-0.72	-0.5184	-3.178186672236305e-05	-0.5184317852099203	0.0	(-0.5184317852099203+0j)
-0.71	-0.5041	-3.178047326250781e-05	-0.5041317840087385	0.0	(-0.5041317840087385+0j)
-0.7000000000000001	-0.4900000000000001	-3.177901965736947e-05	-0.4900317827614283	0.0	(-0.4900317827614283+0j)
-0.6900000000000001	-0.4761000000000001	-3.1777502395117774e-05	-0.47613178146573226	0.0	(-0.47613178146573226+0j)
-0.68	-0.4624000000000001	-3.1775917703814396e-05	-0.46243178011925024	0.0	(-0.46243178011925024+0j)
-0.67	-0.4489000000000001	-3.1774261527947564e-05	-0.4489317787194488	0.0	(-0.4489317787194488+0j)
-0.66	-0.43560000000000004	-3.177252950245918e-05	-0.4356317772636479	0.0	(-0.4356317772636479+0j)
-0.65	-0.42250000000000004	-3.177071692395373e-05	-0.4225317757490246	0.0	(-0.4225317757490246+0j)
-0.64	-0.4096	-3.17688187187338e-05	-0.4096317741725804	0.0	(-0.4096317741725804+0j)
-0.63	-0.39690000000000003	-3.1766829407256106e-05	-0.39693177253116757	0.0	(-0.39693177253116757+0j)
-0.62	-0.3844	-3.176474306454269e-05	-0.38443177082143787	0.0	(-0.38443177082143787+0j)
-0.61	-0.3721	-3.176255327601222e-05	-0.37213176903987044	0.0	(-0.37213176903987044+0j)
-0.6	-0.36	-3.1760253088116004e-05	-0.3600317671827499	0.0	(-0.3600317671827499+0j)
-0.59	-0.34809999999999997	-3.175783495306823e-05	-0.3481317652461591	0.0	(-0.3481317652461591+0j)
-0.58	-0.3364	-3.175529066684903e-05	-0.33643176322597473	0.0	(-0.33643176322597473+0j)
-0.5700000000000001	-0.3249000000000001	-3.175261129952803e-05	-0.3249317611178593	0.0	(-0.3249317611178593+0j)
-0.56	-0.31360000000000005	-3.174978711680157e-05	-0.31363175891726397	0.0	(-0.31363175891726397+0j)
-0.55	-0.30250000000000005	-3.174680749145443e-05	-0.3025317566194094	0.0	(-0.3025317566194094+0j)
-0.54	-0.2916	-3.174366080323948e-05	-0.2916317542193231	0.0	(-0.2916317542193231+0j)
-0.53	-0.28090000000000004	-3.1740334325411096e-05	-0.2809317517118129	0.0	(-0.2809317517118129+0j)
-0.52	-0.27040000000000003	-3.173681409583948e-05	-0.27043174909149553	0.0	(-0.27043174909149553+0j)
-0.51	-0.2601	-3.17330847702641e-05	-0.2601317463528199	0.0	(-0.2601317463528199+0j)
-0.5	-0.25	-3.172912945480025e-05	-0.25003174349009144	0.0	(-0.25003174349009144+0j)
-0.49	-0.24009999999999998	-3.172492951427785e-05	-0.24013174049751868	0.0	(-0.24013174049751868+0j)
-0.48	-0.2304	-3.172046435234303e-05	-0.2304317373692866	0.0	(-0.2304317373692866+0j)
-0.47000000000000003	-0.22090000000000004	-3.171571115846642e-05	-0.22093173409961894	0.0	(-0.22093173409961894+0j)
-0.46	-0.2116	-3.171064461604115e-05	-0.2116317306829151	0.0	(-0.2116317306829151+0j)
-0.45	-0.2025	-3.170523656457806e-05	-0.20253172711388567	0.0	(-0.20253172711388567+0j)
-0.44	-0.1936	-3.169945560755932e-05	-0.19363172338776843	0.0	(-0.19363172338776843+0j)
-0.43	-0.18489999999999998	-3.169326665572518e-05	-0.18493171950057644	0.0	(-0.18493171950057644+0j)
-0.42	-0.17639999999999997	-3.16866303933524e-05	-0.1764317154494587	0.0	(-0.1764317154494587+0j)
-0.41000000000000003	-0.16810000000000003	-3.1679502652318964e-05	-0.168131711233138	0.0	(-0.168131711233138+0j)
-0.4	-0.16000000000000003	-3.167183367528717e-05	-0.1600317068525218	0.0	(-0.1600317068525218+0j)
-0.39	-0.1521	-3.166356724497536e-05	-0.1521317023114684	0.0	(-0.1521317023114684+0j)
-0.38	-0.1444	-3.165463965096423e-05	-0.14443169761781166	0.0	(-0.14443169761781166+0j)
-0.37	-0.1369	-3.164497845844697e-05	-0.13693169278469217	0.0	(-0.13693169278469217+0j)
-0.36	-0.1296	-3.1634501034315e-05	-0.12963168783232512	0.0	(-0.12963168783232512+0j)
-0.35000000000000003	-0.12250000000000003	-3.162311277434067e-05	-0.12253168279032185	0.0	(-0.12253168279032185+0j)
-0.34	-0.11560000000000002	-3.161070496012039e-05	-0.11563167770076765	0.0	(-0.11563167770076765+0j)
-0.33	-0.10890000000000001	-3.1597152154699514e-05	-0.10893167262231762	0.0	(-0.10893167262231762+0j)
-0.32	-0.1024	-3.158230901979798e-05	-0.10243166763568094	0.0	(-0.10243166763568094+0j)
-0.31	-0.0961	-3.156600640303356e-05	-0.09613166285098118	0.0	(-0.09613166285098118+0j)
-0.3	-0.09	-3.154804649732681e-05	-0.09003165841771604	0.0	(-0.09003165841771604+0j)
-0.29	-0.0841	-3.1528196812258934e-05	-0.08413165453832427	0.0	(-0.08413165453832427+0j)
-0.28	-0.07840000000000001	-3.1506182612069075e-05	-0.07843165148677514	0.0	(-0.07843165148677514+0j)
-0.27	-0.0729	-3.1481677357820725e-05	-0.07293164963428603	0.0	(-0.07293164963428603+0j)
-0.26	-0.06760000000000001	-3.145429052822074e-05	-0.06763164948516932	0.0	(-0.06763164948516932+0j)
-0.25	-0.0625	-3.142355196406382e-05	-0.06253165172730603	0.0	(-0.06253165172730603+0j)
-0.24	-0.0576	-3.138889155423492e-05	-0.057631657303942194	0.0	(-0.057631657303942194+0j)
-0.23	-0.0529	-3.13496126090274e-05	-0.05293166751696577	0.0	(-0.05293166751696577+0j)
-0.22	-0.0484	-3.130485657510007e-05	-0.04843168417731297	0.0	(-0.04843168417731297+0j)
-0.21	-0.04409999999999999	-3.125355571827242e-05	-0.04413170982696153	0.0	(-0.04413170982696153+0j)
-0.2	-0.04000000000000001	-3.1194368846011486e-05	-0.040031748071399975	0.0	(-0.040031748071399975+0j)
-0.19	-0.0361	-3.11255927487197e-05	-0.036131804085573684	0.0	(-0.036131804085573684+0j)
-0.18	-0.0324	-3.104503828212279e-05	-0.03243188539742498	0.0	(-0.03243188539742498+0j)
-0.17	-0.028900000000000006	-3.094985398534435e-05	-0.028932003124833294	0.0	(-0.028932003124833294+0j)
-0.16	-0.0256	-3.0836270224054736e-05	-0.02563217396997371	0.0	(-0.02563217396997371+0j)
-0.15	-0.0225	-3.0699220134170724e-05	-0.02253242351047617	0.0	(-0.02253242351047617+0j)
-0.14	-0.019600000000000003	-3.053176459316885e-05	-0.019632791771635415	0.0	(-0.019632791771635415+0j)
-0.13	-0.016900000000000002	-3.0324196258754023e-05	-0.01693334293164334	0.0	(-0.01693334293164334+0j)
-0.12	-0.0144	-3.006260038873497e-05	-0.01443418276297503	0.0	(-0.01443418276297503+0j)
-0.11	-0.0121	-2.9726461013397e-05	-0.01213549108036198	0.0	(-0.01213549108036198+0j)
-0.1	-0.010000000000000002	-2.928451901875312e-05	-0.01003758446180207	0.0	(-0.01003758446180207+0j)
-0.09	-0.0081	-2.8687313230689807e-05	-0.008141042751709305	0.0	(-0.008141042751709305+0j)
-0.08	-0.0064	-2.7853449804468018e-05	-0.006446976782417573	0.0	(-0.006446976782417573+0j)
-0.07	-0.004900000000000001	-2.664546068148219e-05	-0.00495762754770566	0.0	(-0.00495762754770566+0j)
-0.06	-0.0036	-2.4836015668154922e-05	-0.0036777938496611665	0.0	(-0.0036777938496611665+0j)
-0.05	-0.0025000000000000005	-2.209261019140758e-05	-0.0026183770479886936	0.0	(-0.0026183770479886936+0j)
-0.04	-0.0016	-1.8069422239374398e-05	-0.0018029888173836243	0.0	(-0.0018029888173836243+0j)
-0.03	-0.0009	-1.2722562285075286e-05	-0.0012169680055433983	0.0	(-0.0012169680055433983+0j)
-0.02	-0.0004	-6.781952433642494e-06	-0.000620181352461573	-2.199149089579213e-05	(-0.000620181352461573-2.199149089579213e-05j)
-0.01	-0.0001	-1.9090705667468343e-06	-0.000620181352461573	2.199149089579213e-05	(-0.000620181352461573+2.199149089579213e-05j)
0.01	0.0001	1.9090705667468343e-06	0.0006201813524616578	-2.199149089585493e-05	(0.0006201813524616578-2.199149089585493e-05j)
0.02	0.0004	6.781952433642494e-06	0.0006201813524616578	2.199149089585493e-05	(0.0006201813524616578+2.199149089585493e-05j)
0.03	0.0009	1.2722562285075286e-05	0.0012169680055433563	0.0	(0.0012169680055433563+0j)
0.04	0.0016	1.8069422239374398e-05	0.001802988817383653	0.0	(0.001802988817383653+0j)
0.05	0.0025000000000000005	2.209261019140758e-05	0.0026183770479885826	0.0	(0.0026183770479885826+0j)
0.06	0.0036	2.4836015668154922e-05	0.003677793849661209	0.0	(0.003677793849661209+0j)
0.07	0.004900000000000001	2.664546068148219e-05	0.00495762754770562	0.0	(0.00495762754770562+0j)
0.08	0.0064	2.7853449804468018e-05	0.0064469767824175345	0.0	(0.0064469767824175345+0j)
0.09	0.0081	2.8687313230689807e-05	0.008141042751709324	0.0	(0.008141042751709324+0j)
0.1	0.010000000000000002	2.928451901875312e-05	0.010037584461802097	0.0	(0.010037584461802097+0j)
0.11	0.0121	2.9726461013397e-05	0.012135491080361927	0.0	(0.012135491080361927+0j)
0.12	0.0144	3.006260038873497e-05	0.01443418276297495	0.0	(0.01443418276297495+0j)
0.13	0.016900000000000002	3.0324196258754023e-05	0.016933342931643353	0.0	(0.016933342931643353+0j)
0.14	0.019600000000000003	3.053176459316885e-05	0.019632791771635263	0.0	(0.019632791771635263+0j)
0.15	0.0225	3.0699220134170724e-05	0.022532423510476067	0.0	(0.022532423510476067+0j)
0.16	0.0256	3.0836270224054736e-05	0.025632173969973852	0.0	(0.025632173969973852+0j)
0.17	0.028900000000000006	3.094985398534435e-05	0.028932003124833214	0.0	(0.028932003124833214+0j)
0.18	0.0324	3.104503828212279e-05	0.03243188539742516	0.0	(0.03243188539742516+0j)
0.19	0.0361	3.11255927487197e-05	0.03613180408557375	0.0	(0.03613180408557375+0j)
0.2	0.04000000000000001	3.1194368846011486e-05	0.04003174807140024	0.0	(0.04003174807140024+0j)
0.21	0.04409999999999999	3.125355571827242e-05	0.04413170982696204	0.0	(0.04413170982696204+0j)
0.22	0.0484	3.130485657510007e-05	0.04843168417731309	0.0	(0.04843168417731309+0j)
0.23	0.0529	3.13496126090274e-05	0.052931667516965694	0.0	(0.052931667516965694+0j)
0.24	0.0576	3.138889155423492e-05	0.057631657303942194	0.0	(0.057631657303942194+0j)
0.25	0.0625	3.142355196406382e-05	0.06253165172730545	0.0	(0.06253165172730545+0j)
0.26	0.06760000000000001	3.145429052822074e-05	0.06763164948516877	0.0	(0.06763164948516877+0j)
0.27	0.0729	3.1481677357820725e-05	0.07293164963428603	0.0	(0.07293164963428603+0j)
0.28	0.07840000000000001	3.1506182612069075e-05	0.07843165148677513	0.0	(0.07843165148677513+0j)
0.29	0.0841	3.1528196812258934e-05	0.08413165453832407	0.0	(0.08413165453832407+0j)
0.3	0.09	3.154804649732681e-05	0.09003165841771606	0.0	(0.09003165841771606+0j)
0.31	0.0961	3.156600640303356e-05	0.09613166285098089	0.0	(0.09613166285098089+0j)
0.32	0.1024	3.158230901979798e-05	0.10243166763568108	0.0	(0.10243166763568108+0j)
0.33	0.10890000000000001	3.1597152154699514e-05	0.10893167262231791	0.0	(0.10893167262231791+0j)
0.34	0.11560000000000002	3.161070496012039e-05	0.11563167770076763	0.0	(0.11563167770076763+0j)
0.35000000000000003	0.12250000000000003	3.162311277434067e-05	0.12253168279032212	0.0	(0.12253168279032212+0j)
0.36	0.1296	3.1634501034315e-05	0.12963168783232557	0.0	(0.12963168783232557+0j)
0.37	0.1369	3.164497845844697e-05	0.13693169278469075	0.0	(0.13693169278469075+0j)
0.38	0.1444	3.165463965096423e-05	0.14443169761781066	0.0	(0.14443169761781066+0j)
0.39	0.1521	3.166356724497536e-05	0.15213170231146794	0.0	(0.15213170231146794+0j)
0.4	0.16000000000000003	3.167183367528717e-05	0.16003170685252185	0.0	(0.16003170685252185+0j)
0.41000000000000003	0.16810000000000003	3.1679502652318964e-05	0.1681317112331379	0.0	(0.1681317112331379+0j)
0.42	0.17639999999999997	3.16866303933524e-05	0.1764317154494587	0.0	(0.1764317154494587+0j)
0.43	0.18489999999999998	3.169326665572518e-05	0.1849317195005765	0.0	(0.1849317195005765+0j)
0.44	0.1936	3.169945560755932e-05	0.19363172338776874	0.0	(0.19363172338776874+0j)
0.45	0.2025	3.170523656457806e-05	0.20253172711388692	0.0	(0.20253172711388692+0j)
0.46	0.2116	3.171064461604115e-05	0.21163173068291402	0.0	(0.21163173068291402+0j)
0.47000000000000003	0.22090000000000004	3.171571115846642e-05	0.22093173409961855	0.0	(0.22093173409961855+0j)
0.48	0.2304	3.172046435234303e-05	0.2304317373692864	0.0	(0.2304317373692864+0j)
0.49	0.24009999999999998	3.172492951427785e-05	0.24013174049752148	0.0	(0.24013174049752148+0j)
0.5	0.25	3.172912945480025e-05	0.25003174349009183	0.0	(0.25003174349009183+0j)
0.51	0.2601	3.17330847702641e-05	0.26013174635282055	0.0	(0.26013174635282055+0j)
0.52	0.27040000000000003	3.173681409583948e-05	0.2704317490914971	0.0	(0.2704317490914971+0j)
0.53	0.28090000000000004	3.1740334325411096e-05	0.28093175171181234	0.0	(0.28093175171181234+0j)
0.54	0.2916	3.174366080323948e-05	0.2916317542193227	0.0	(0.2916317542193227+0j)
0.55	0.30250000000000005	3.174680749145443e-05	0.30253175661940934	0.0	(0.30253175661940934+0j)
0.56	0.31360000000000005	3.174978711680157e-05	0.31363175891726125	0.0	(0.31363175891726125+0j)
0.5700000000000001	0.3249000000000001	3.175261129952803e-05	0.32493176111785826	0.0	(0.32493176111785826+0j)
0.58	0.3364	3.175529066684903e-05	0.3364317632259756	0.0	(0.3364317632259756+0j)
0.59	0.34809999999999997	3.175783495306823e-05	0.3481317652461569	0.0	(0.3481317652461569+0j)
0.6	0.36	3.1760253088116004e-05	0.3600317671827493	0.0	(0.3600317671827493+0j)
0.61	0.3721	3.176255327601222e-05	0.37213176903986744	0.0	(0.37213176903986744+0j)
0.62	0.3844	3.176474306454269e-05	0.38443177082143665	0.0	(0.38443177082143665+0j)
0.63	0.39690000000000003	3.1766829407256106e-05	0.3969317725311662	0.0	(0.3969317725311662+0j)
0.64	0.4096	3.17688187187338e-05	0.409631774172582	0.0	(0.409631774172582+0j)
0.65	0.42250000000000004	3.177071692395373e-05	0.42253177574902434	0.0	(0.42253177574902434+0j)
0.66	0.43560000000000004	3.177252950245918e-05	0.43563177726365093	0.0	(0.43563177726365093+0j)
0.67	0.4489000000000001	3.1774261527947564e-05	0.4489317787194483	0.0	(0.4489317787194483+0j)
0.68	0.4624000000000001	3.1775917703814396e-05	0.4624317801192502	0.0	(0.4624317801192502+0j)
0.6900000000000001	0.4761000000000001	3.1777502395117774e-05	0.47613178146573715	0.0	(0.47613178146573715+0j)
0.7000000000000001	0.4900000000000001	3.177901965736947e-05	0.49003178276142806	0.0	(0.49003178276142806+0j)
0.71	0.5041	3.178047326250781e-05	0.5041317840087367	0.0	(0.5041317840087367+0j)
0.72	0.5184	3.178186672236305e-05	0.5184317852099205	0.0	(0.5184317852099205+0j)
0.73	0.5328999999999999	3.178320330988835e-05	0.5329317863671262	0.0	(0.5329317863671262+0j)
0.74	0.5476	3.1784486078396046e-05	0.547631787482384	0.0	(0.547631787482384+0j)
0.75	0.5625	3.178571787901071e-05	0.5625317885576151	0.0	(0.5625317885576151+0j)
0.76	0.5776	3.178690137652536e-05	0.5776317895946347	0.0	(0.5776317895946347+0j)
0.77	0.5929	3.178803906382568e-05	0.592931790595167	0.0	(0.592931790595167+0j)
0.78	0.6084	3.178913327502814e-05	0.6084317915608423	0.0	(0.6084317915608423+0j)
0.79	0.6241000000000001	3.179018619746142e-05	0.6241317924932102	0.0	(0.6241317924932102+0j)
0.8	0.6400000000000001	3.1791199882606094e-05	0.6400317933937284	0.0	(0.6400317933937284+0j)
0.81	0.6561000000000001	3.1792176256094806e-05	0.6561317942637891	0.0	(0.6561317942637891+0j)
0.8200000000000001	0.6724000000000001	3.179311712686404e-05	0.6724317951047089	0.0	(0.6724317951047089+0j)
0.8300000000000001	0.6889000000000001	3.1794024195538735e-05	0.6889317959177399	0.0	(0.6889317959177399+0j)
0.84	0.7055999999999999	3.17948990621224e-05	0.7056317967040623	0.0	(0.7056317967040623+0j)
0.85	0.7224999999999999	3.179574323305768e-05	0.7225317974648086	0.0	(0.7225317974648086+0j)
0.86	0.7395999999999999	3.17965581277156e-05	0.7396317982010402	0.0	(0.7396317982010402+0j)
0.87	0.7569	3.179734508436572e-05	0.7569317989137704	0.0	(0.7569317989137704+0j)
0.88	0.7744	3.179810536567413e-05	0.7744317996039741	0.0	(0.7744317996039741+0j)
0.89	0.7921	3.1798840163771436e-05	0.7921318002725666	0.0	(0.7921318002725666+0j)
0.9	0.81	3.1799550604928816e-05	0.8100318009204142	0.0	(0.8100318009204142+0j)
0.91	0.8281000000000001	3.180023775387635e-05	0.8281318015483516	0.0	(0.8281318015483516+0j)
0.92	0.8464	3.180090261779459e-05	0.8464318021571734	0.0	(0.8464318021571734+0j)
0.93	0.8649000000000001	3.180154615000734e-05	0.8649318027476208	0.0	(0.8649318027476208+0j)
0.9400000000000001	0.8836000000000002	3.1802169253400904e-05	0.883631803320418	0.0	(0.883631803320418+0j)
0.9500000000000001	0.9025000000000001	3.180277278359269e-05	0.9025318038762533	0.0	(0.9025318038762533+0j)
0.96	0.9216	3.1803357551870056e-05	0.9216318044157993	0.0	(0.9216318044157993+0j)
0.97	0.9409	3.180392432791812e-05	0.9409318049431539	0.0	(0.9409318049431539+0j)
0.98	0.9603999999999999	3.1804473842353764e-05	0.960431805603011	0.0	(0.960431805603011+0j)
0.99	0.9801	3.180500678908134e-05	0.9801318087950669	0.0	(0.9801318087950669+0j)
1.0	1.0	3.1805523827484364e-05	1.0000318329313538	0.0	(1.0000318329313538+0j)
