-1.0	-1.0	-3.958979209410897e-05	-1.0000395971457157	0.0	(-1.0000395971457157+0j)
-0.9975	-0.9950062500000001	-3.958879363304771e-05	-0.9950458437468983	0.0	(-0.9950458437468983+0j)
-0.995	-0.990025	-3.958778763644711e-05	-0.9900645915625279	0.0	(-0.9900645915625279+0j)
-0.9925	-0.9850562500000001	-3.95867740282868e-05	-0.9850958397835157	0.0	(-0.9850958397835157+0j)
-0.99	-0.9801	-3.9585752731585336e-05	-0.9801395882076854	0.0	(-0.9801395882076854+0j)
-0.9875	-0.9751562500000001	-3.9584723668385605e-05	-0.9751958367539754	0.0	(-0.9751958367539754+0j)
-0.985	-0.970225	-3.958368675973993e-05	-0.9702645853815344	0.0	(-0.9702645853815344+0j)
-0.9825	-0.96530625	-3.9582641925694934e-05	-0.9653458340666586	0.0	(-0.9653458340666586+0j)
-0.98	-0.9603999999999999	-3.958158908527614e-05	-0.9604395827941653	0.0	(-0.9604395827941653+0j)
-0.9775	-0.9555062500000001	-3.958052815647225e-05	-0.9555458315535813	0.0	(-0.9555458315535813+0j)
-0.975	-0.9506249999999999	-3.957945905621921e-05	-0.9506645803372396	0.0	(-0.9506645803372396+0j)
-0.9725	-0.9457562500000001	-3.957838170038392e-05	-0.9457958291392794	0.0	(-0.9457958291392794+0j)
-0.97	-0.9409	-3.95772960037477e-05	-0.9409395779550566	0.0	(-0.9409395779550566+0j)
-0.9675	-0.93605625	-3.9576201879989446e-05	-0.9360958267807731	0.0	(-0.9360958267807731+0j)
-0.965	-0.931225	-3.957509924166844e-05	-0.9312645756132965	0.0	(-0.9312645756132965+0j)
-0.9625	-0.9264062500000001	-3.95739880002069e-05	-0.9264458244499806	0.0	(-0.9264458244499806+0j)
-0.96	-0.9216	-3.95728680658722e-05	-0.921639573288582	0.0	(-0.921639573288582+0j)
-0.9575	-0.91680625	-3.957173934775873e-05	-0.9168458221271697	0.0	(-0.9168458221271697+0j)
-0.9550000000000001	-0.9120250000000001	-3.957060175376946e-05	-0.9120645709641206	0.0	(-0.9120645709641206+0j)
-0.9525	-0.90725625	-3.956945519059717e-05	-0.9072958197980223	0.0	(-0.9072958197980223+0j)
-0.9500000000000001	-0.9025000000000001	-3.956829956370528e-05	-0.9025395686276896	0.0	(-0.9025395686276896+0j)
-0.9475	-0.89775625	-3.95671347773084e-05	-0.8977958174521021	0.0	(-0.8977958174521021+0j)
-0.9450000000000001	-0.8930250000000001	-3.956596073435244e-05	-0.8930645662703786	0.0	(-0.8930645662703786+0j)
-0.9425	-0.88830625	-3.956477733649445e-05	-0.8883458150818015	0.0	(-0.8883458150818015+0j)
-0.9400000000000001	-0.8836000000000002	-3.9563584484081957e-05	-0.8836395638857446	0.0	(-0.8836395638857446+0j)
-0.9375	-0.87890625	-3.956238207613203e-05	-0.8789458126816921	0.0	(-0.8789458126816921+0j)
-0.935	-0.8742250000000001	-3.956117001030992e-05	-0.8742645614691872	0.0	(-0.8742645614691872+0j)
-0.9325	-0.86955625	-3.955994818290721e-05	-0.869595810247867	0.0	(-0.869595810247867+0j)
-0.93	-0.8649000000000001	-3.955871648881975e-05	-0.8649395590174067	0.0	(-0.8649395590174067+0j)
-0.9275	-0.86025625	-3.955747482152493e-05	-0.8602958077775237	0.0	(-0.8602958077775237+0j)
-0.925	-0.8556250000000001	-3.955622307305872e-05	-0.8556645565280017	0.0	(-0.8556645565280017+0j)
-0.9225	-0.85100625	-3.955496113399219e-05	-0.851045805268602	0.0	(-0.851045805268602+0j)
-0.92	-0.8464	-3.9553688893407596e-05	-0.8464395539991644	0.0	(-0.8464395539991644+0j)
-0.9175	-0.84180625	-3.955240623887396e-05	-0.841845802719514	0.0	(-0.841845802719514+0j)
-0.915	-0.8372250000000001	-3.955111305642229e-05	-0.8372645514294761	0.0	(-0.8372645514294761+0j)
-0.9125	-0.83265625	-3.954980923052025e-05	-0.832695800128931	0.0	(-0.832695800128931+0j)
-0.91	-0.8281000000000001	-3.9548494644046326e-05	-0.8281395488177237	0.0	(-0.8281395488177237+0j)
-0.9075	-0.82355625	-3.9547169178263554e-05	-0.823595797495726	0.0	(-0.823595797495726+0j)
-0.905	-0.819025	-3.954583271279268e-05	-0.8190645461627993	0.0	(-0.8190645461627993+0j)
-0.9025	-0.81450625	-3.954448512558486e-05	-0.8145457948188233	0.0	(-0.8145457948188233+0j)
-0.9	-0.81	-3.954312629289375e-05	-0.8100395434636691	0.0	(-0.8100395434636691+0j)
-0.8975	-0.80550625	-3.954175608924715e-05	-0.805545792097196	0.0	(-0.805545792097196+0j)
-0.895	-0.801025	-3.9540374387418e-05	-0.8010645407192776	0.0	(-0.8010645407192776+0j)
-0.8925000000000001	-0.7965562500000001	-3.9538981058394834e-05	-0.7965957893297986	0.0	(-0.7965957893297986+0j)
-0.89	-0.7921	-3.953757597135173e-05	-0.7921395379286095	0.0	(-0.7921395379286095+0j)
-0.8875000000000001	-0.7876562500000002	-3.953615899361752e-05	-0.7876957865155926	0.0	(-0.7876957865155926+0j)
-0.885	-0.7832250000000001	-3.9534729990644536e-05	-0.7832645350905983	0.0	(-0.7832645350905983+0j)
-0.8825000000000001	-0.7788062500000001	-3.95332888259766e-05	-0.7788457836535118	0.0	(-0.7788457836535118+0j)
-0.88	-0.7744	-3.953183536121652e-05	-0.7744395322041757	0.0	(-0.7744395322041757+0j)
-0.8775000000000001	-0.7700062500000001	-3.953036945599281e-05	-0.7700457807424632	0.0	(-0.7700457807424632+0j)
-0.875	-0.765625	-3.952889096792584e-05	-0.7656645292682249	0.0	(-0.7656645292682249+0j)
-0.8725	-0.7612562500000001	-3.952739975259323e-05	-0.7612957777813167	0.0	(-0.7612957777813167+0j)
-0.87	-0.7569	-3.9525895663494555e-05	-0.7569395262815972	0.0	(-0.7569395262815972+0j)
-0.8675	-0.75255625	-3.952437855201544e-05	-0.7525957747689227	0.0	(-0.7525957747689227+0j)
-0.865	-0.748225	-3.95228482673908e-05	-0.7482645232431333	0.0	(-0.7482645232431333+0j)
-0.8625	-0.7439062500000001	-3.9521304656667356e-05	-0.7439457717040858	0.0	(-0.7439457717040858+0j)
-0.86	-0.7395999999999999	-3.951974756466547e-05	-0.7396395201516269	0.0	(-0.7396395201516269+0j)
-0.8575	-0.73530625	-3.9518176833940106e-05	-0.7353457685855903	0.0	(-0.7353457685855903+0j)
-0.855	-0.7310249999999999	-3.9516592304741053e-05	-0.7310645170058253	0.0	(-0.7310645170058253+0j)
-0.8525	-0.7267562500000001	-3.951499381497228e-05	-0.7267957654121692	0.0	(-0.7267957654121692+0j)
-0.85	-0.7224999999999999	-3.951338120015049e-05	-0.7225395138044571	0.0	(-0.7225395138044571+0j)
-0.8475	-0.71825625	-3.9511754293362805e-05	-0.7182957621825276	0.0	(-0.7182957621825276+0j)
-0.845	-0.7140249999999999	-3.9510112925223595e-05	-0.7140645105462096	0.0	(-0.7140645105462096+0j)
-0.8425	-0.7098062500000001	-3.950845692383033e-05	-0.7098457588953345	0.0	(-0.7098457588953345+0j)
-0.84	-0.7055999999999999	-3.950678611471864e-05	-0.7056395072297256	0.0	(-0.7056395072297256+0j)
-0.8375	-0.70140625	-3.9505100320816306e-05	-0.701445755549207	0.0	(-0.701445755549207+0j)
-0.835	-0.697225	-3.9503399362396374e-05	-0.6972645038536054	0.0	(-0.6972645038536054+0j)
-0.8325	-0.69305625	-3.950168305702925e-05	-0.6930957521427366	0.0	(-0.6930957521427366+0j)
-0.8300000000000001	-0.6889000000000001	-3.949995121953376e-05	-0.6889395004164135	0.0	(-0.6889395004164135+0j)
-0.8275	-0.6847562500000001	-3.9498203661927214e-05	-0.6847957486744604	0.0	(-0.6847957486744604+0j)
-0.8250000000000001	-0.6806250000000001	-3.9496440193374396e-05	-0.6806644969166747	0.0	(-0.6806644969166747+0j)
-0.8225	-0.67650625	-3.949466062013546e-05	-0.6765457451428714	0.0	(-0.6765457451428714+0j)
-0.8200000000000001	-0.6724000000000001	-3.94928647455127e-05	-0.6724394933528557	0.0	(-0.6724394933528557+0j)
-0.8175	-0.66830625	-3.949105236979622e-05	-0.6683457415464215	0.0	(-0.6683457415464215+0j)
-0.8150000000000001	-0.6642250000000001	-3.94892232902084e-05	-0.6642644897233841	0.0	(-0.6642644897233841+0j)
-0.8125	-0.66015625	-3.948737730084717e-05	-0.6601957378835231	0.0	(-0.6601957378835231+0j)
-0.81	-0.6561000000000001	-3.948551419262806e-05	-0.6561394860266411	0.0	(-0.6561394860266411+0j)
-0.8075	-0.65205625	-3.9483633753224976e-05	-0.6520957341525195	0.0	(-0.6520957341525195+0j)
-0.805	-0.6480250000000001	-3.948173576700976e-05	-0.6480644822609547	0.0	(-0.6480644822609547+0j)
-0.8025	-0.64400625	-3.9479820014990324e-05	-0.6440457303517145	0.0	(-0.6440457303517145+0j)
-0.8	-0.6400000000000001	-3.9477886274747475e-05	-0.6400394784245929	0.0	(-0.6400394784245929+0j)
-0.7975	-0.63600625	-3.947593432037039e-05	-0.6360457264793579	0.0	(-0.6360457264793579+0j)
-0.795	-0.6320250000000001	-3.94739639223906e-05	-0.6320644745157881	0.0	(-0.6320644745157881+0j)
-0.7925	-0.62805625	-3.9471974847714565e-05	-0.628095722533645	0.0	(-0.628095722533645+0j)
-0.79	-0.6241000000000001	-3.9469966859554724e-05	-0.6241394705326995	0.0	(-0.6241394705326995+0j)
-0.7875	-0.62015625	-3.946793971735903e-05	-0.6201957185127105	0.0	(-0.6201957185127105+0j)
-0.785	-0.616225	-3.9465893176738905e-05	-0.6162644664734352	0.0	(-0.6162644664734352+0j)
-0.7825	-0.6123062499999999	-3.9463826989395575e-05	-0.6123457144146303	0.0	(-0.6123457144146303+0j)
-0.78	-0.6084	-3.946174090304473e-05	-0.6084394623360438	0.0	(-0.6084394623360438+0j)
-0.7775	-0.6045062499999999	-3.945963466133956e-05	-0.6045457102374209	0.0	(-0.6045457102374209+0j)
-0.775	-0.6006250000000001	-3.945750800379195e-05	-0.6006644581185007	0.0	(-0.6006644581185007+0j)
-0.7725	-0.59675625	-3.945536066569198e-05	-0.5967957059790276	0.0	(-0.5967957059790276+0j)
-0.77	-0.5929	-3.94531923780255e-05	-0.5929394538187361	0.0	(-0.5929394538187361+0j)
-0.7675000000000001	-0.5890562500000001	-3.945100286738992e-05	-0.5890957016373455	0.0	(-0.5890957016373455+0j)
-0.765	-0.585225	-3.944879185590797e-05	-0.5852644494345857	0.0	(-0.5852644494345857+0j)
-0.7625000000000001	-0.5814062500000001	-3.944655906113961e-05	-0.5814456972101794	0.0	(-0.5814456972101794+0j)
-0.76	-0.5776	-3.944430419599172e-05	-0.5776394449638381	0.0	(-0.5776394449638381+0j)
-0.7575000000000001	-0.5738062500000001	-3.9442026968625906e-05	-0.5738456926952755	0.0	(-0.5738456926952755+0j)
-0.755	-0.570025	-3.943972708236401e-05	-0.5700644404041958	0.0	(-0.5700644404041958+0j)
-0.7525000000000001	-0.5662562500000001	-3.9437404235591474e-05	-0.566295688090302	0.0	(-0.566295688090302+0j)
-0.75	-0.5625	-3.943505812165852e-05	-0.56253943575329	0.0	(-0.56253943575329+0j)
-0.7475	-0.5587562500000001	-3.943268842877882e-05	-0.5587956833928482	0.0	(-0.5587956833928482+0j)
-0.745	-0.555025	-3.943029483992601e-05	-0.5550644310086621	0.0	(-0.5550644310086621+0j)
-0.7425	-0.5513062500000001	-3.942787703272761e-05	-0.5513456786004151	0.0	(-0.5513456786004151+0j)
-0.74	-0.5476	-3.942543467935647e-05	-0.5476394261677815	0.0	(-0.5476394261677815+0j)
-0.7375	-0.54390625	-3.9422967446419636e-05	-0.5439456737104358	0.0	(-0.5439456737104358+0j)
-0.735	-0.540225	-3.9420474994844596e-05	-0.5402644212280395	0.0	(-0.5402644212280395+0j)
-0.7325	-0.5365562500000001	-3.9417956979762746e-05	-0.5365956687202466	0.0	(-0.5365956687202466+0j)
-0.73	-0.5328999999999999	-3.941541305039011e-05	-0.5329394161867114	0.0	(-0.5329394161867114+0j)
-0.7275	-0.5292562500000001	-3.941284284990515e-05	-0.5292956636270849	0.0	(-0.5292956636270849+0j)
-0.725	-0.525625	-3.941024601532367e-05	-0.525664411041006	0.0	(-0.525664411041006+0j)
-0.7225	-0.52200625	-3.940762217737059e-05	-0.5220456584281099	0.0	(-0.5220456584281099+0j)
-0.72	-0.5184	-3.940497096034871e-05	-0.5184394057880137	0.0	(-0.5184394057880137+0j)
-0.7175	-0.51480625	-3.940229198200419e-05	-0.5148456531203613	0.0	(-0.5148456531203613+0j)
-0.715	-0.5112249999999999	-3.939958485338878e-05	-0.511264400424748	0.0	(-0.511264400424748+0j)
-0.7125	-0.50765625	-3.9396849178718635e-05	-0.5076956477007863	0.0	(-0.5076956477007863+0j)
-0.71	-0.5041	-3.93940845552296e-05	-0.504139394948087	0.0	(-0.504139394948087+0j)
-0.7075	-0.50055625	-3.939129057302904e-05	-0.5005956421662349	0.0	(-0.5005956421662349+0j)
-0.705	-0.49702499999999994	-3.938846681494382e-05	-0.4970643893548189	0.0	(-0.4970643893548189+0j)
-0.7025	-0.49350625000000004	-3.938561285636463e-05	-0.49354563651342115	0.0	(-0.49354563651342115+0j)
-0.7000000000000001	-0.4900000000000001	-3.938272826508635e-05	-0.4900393836416124	0.0	(-0.4900393836416124+0j)
-0.6975	-0.48650625000000003	-3.937981260114435e-05	-0.48654563073895685	0.0	(-0.48654563073895685+0j)
-0.6950000000000001	-0.4830250000000001	-3.9376865416646796e-05	-0.48306437780501477	0.0	(-0.48306437780501477+0j)
-0.6925	-0.47955625	-3.937388625560258e-05	-0.47959562483933305	0.0	(-0.47959562483933305+0j)
-0.6900000000000001	-0.4761000000000001	-3.937087465374496e-05	-0.4761393718414535	0.0	(-0.4761393718414535+0j)
-0.6875	-0.47265625	-3.936783013835064e-05	-0.4726956188109022	0.0	(-0.4726956188109022+0j)
-0.685	-0.46922500000000006	-3.93647522280543e-05	-0.469264365747217	0.0	(-0.469264365747217+0j)
-0.6825	-0.46580625	-3.9361640432658265e-05	-0.4658456126498986	0.0	(-0.4658456126498986+0j)
-0.68	-0.4624000000000001	-3.935849425293735e-05	-0.4624393595184591	0.0	(-0.4624393595184591+0j)
-0.6775	-0.45900625	-3.935531318043862e-05	-0.45904560635239994	0.0	(-0.45904560635239994+0j)
-0.675	-0.45562500000000006	-3.9352096697275904e-05	-0.4556643531512003	0.0	(-0.4556643531512003+0j)
-0.6725	-0.45225624999999997	-3.9348844275919084e-05	-0.452295599914347	0.0	(-0.452295599914347+0j)
-0.67	-0.4489000000000001	-3.9345555378977694e-05	-0.44893934664131	0.0	(-0.44893934664131+0j)
-0.6675	-0.44555625	-3.934222945897898e-05	-0.445595593331538	0.0	(-0.445595593331538+0j)
-0.665	-0.44222500000000003	-3.9338865958140056e-05	-0.4422643399844867	0.0	(-0.4422643399844867+0j)
-0.6625	-0.43890625	-3.9335464308133975e-05	-0.4389455865995936	0.0	(-0.4389455865995936+0j)
-0.66	-0.43560000000000004	-3.9332023929849715e-05	-0.43563933317628795	0.0	(-0.43563933317628795+0j)
-0.6575	-0.43230624999999995	-3.9328544233145604e-05	-0.43234557971398013	0.0	(-0.43234557971398013+0j)
-0.655	-0.42902500000000005	-3.9325024616596305e-05	-0.4290643262120855	0.0	(-0.4290643262120855+0j)
-0.6525	-0.42575624999999995	-3.932146446723289e-05	-0.42579557266999474	0.0	(-0.42579557266999474+0j)
-0.65	-0.42250000000000004	-3.9317863160275924e-05	-0.4225393190870882	0.0	(-0.4225393190870882+0j)
-0.6475	-0.41925624999999994	-3.931422005886136e-05	-0.41929556546273883	0.0	(-0.41929556546273883+0j)
-0.645	-0.41602500000000003	-3.931053451375896e-05	-0.41606431179630204	0.0	(-0.41606431179630204+0j)
-0.6425	-0.41280624999999993	-3.930680586308302e-05	-0.41284555808713214	0.0	(-0.41284555808713214+0j)
-0.64	-0.4096	-3.9303033431995155e-05	-0.4096393043345549	0.0	(-0.4096393043345549+0j)
-0.6375000000000001	-0.4064062500000001	-3.929921653239899e-05	-0.40644555053789777	0.0	(-0.40644555053789777+0j)
-0.635	-0.403225	-3.929535446262634e-05	-0.4032642966964602	0.0	(-0.4032642966964602+0j)
-0.6325000000000001	-0.40005625000000006	-3.9291446507114675e-05	-0.400095542809538	0.0	(-0.400095542809538+0j)
-0.63	-0.39690000000000003	-3.92874919360757e-05	-0.39693928887641927	0.0	(-0.39693928887641927+0j)
-0.6275000000000001	-0.3937562500000001	-3.928349000515461e-05	-0.39379553489636077	0.0	(-0.39379553489636077+0j)
-0.625	-0.390625	-3.9279439955079774e-05	-0.3906642808686127	0.0	(-0.3906642808686127+0j)
-0.6225	-0.38750625000000005	-3.927534101130259e-05	-0.3875455267924161	0.0	(-0.3875455267924161+0j)
-0.62	-0.3844	-3.927119238362714e-05	-0.3844392726669871	0.0	(-0.3844392726669871+0j)
-0.6175	-0.38130625000000007	-3.926699326582933e-05	-0.3813455184915338	0.0	(-0.3813455184915338+0j)
-0.615	-0.378225	-3.9262742835265147e-05	-0.37826426426524323	0.0	(-0.37826426426524323+0j)
-0.6125	-0.3751562500000001	-3.925844025246773e-05	-0.37519550998728324	0.0	(-0.37519550998728324+0j)
-0.61	-0.3721	-3.925408466073286e-05	-0.37213925565681494	0.0	(-0.37213925565681494+0j)
-0.6075	-0.36905625000000003	-3.924967518569244e-05	-0.3690955012729736	0.0	(-0.3690955012729736+0j)
-0.605	-0.366025	-3.92452109348757e-05	-0.36606424683487887	0.0	(-0.36606424683487887+0j)
-0.6025	-0.36300625000000003	-3.9240690997257525e-05	-0.36304549234162997	0.0	(-0.36304549234162997+0j)
-0.6	-0.36	-3.923611444279365e-05	-0.3600392377923201	0.0	(-0.3600392377923201+0j)
-0.5975	-0.35700625	-3.9231480321942184e-05	-0.3570454831859993	0.0	(-0.3570454831859993+0j)
-0.595	-0.354025	-3.9226787665171084e-05	-0.3540642285217221	0.0	(-0.3540642285217221+0j)
-0.5925	-0.35105625	-3.922203548245097e-05	-0.35109547379850875	0.0	(-0.35109547379850875+0j)
-0.59	-0.34809999999999997	-3.92172227627329e-05	-0.34813921901536565	0.0	(-0.34813921901536565+0j)
-0.5875	-0.34515625000000005	-3.921234847341061e-05	-0.34519546417126895	0.0	(-0.34519546417126895+0j)
-0.585	-0.34222499999999995	-3.920741155976653e-05	-0.3422642092651891	0.0	(-0.3422642092651891+0j)
-0.5825	-0.33930625000000003	-3.920241094440121e-05	-0.33934545429605567	0.0	(-0.33934545429605567+0j)
-0.58	-0.3364	-3.919734552664545e-05	-0.3364391992627937	0.0	(-0.3364391992627937+0j)
-0.5775	-0.33350625	-3.9192214181954575e-05	-0.33354544416428794	0.0	(-0.33354544416428794+0j)
-0.5750000000000001	-0.33062500000000006	-3.918701576128425e-05	-0.33066418899940747	0.0	(-0.33066418899940747+0j)
-0.5725	-0.32775625	-3.91817490904472e-05	-0.3277954337669989	0.0	(-0.3277954337669989+0j)
-0.5700000000000001	-0.3249000000000001	-3.917641296945008e-05	-0.3249391784658814	0.0	(-0.3249391784658814+0j)
-0.5675	-0.32205625	-3.917100617180985e-05	-0.32209542309484634	0.0	(-0.32209542309484634+0j)
-0.5650000000000001	-0.3192250000000001	-3.916552744384902e-05	-0.31926416765266147	0.0	(-0.31926416765266147+0j)
-0.5625	-0.31640625	-3.915997550396882e-05	-0.3164454121380619	0.0	(-0.3164454121380619+0j)
-0.56	-0.31360000000000005	-3.9154349041899636e-05	-0.313639156549762	0.0	(-0.313639156549762+0j)
-0.5575	-0.31080625	-3.914864671792791e-05	-0.31084540088644275	0.0	(-0.31084540088644275+0j)
-0.555	-0.30802500000000005	-3.9142867162098515e-05	-0.3080641451467535	0.0	(-0.3080641451467535+0j)
-0.5525	-0.30525625	-3.913700897339195e-05	-0.305295389329321	0.0	(-0.305295389329321+0j)
-0.55	-0.30250000000000005	-3.9131070718875094e-05	-0.3025391334327345	0.0	(-0.3025391334327345+0j)
-0.5475	-0.29975625	-3.912505093282498e-05	-0.2997953774555503	0.0	(-0.2997953774555503+0j)
-0.545	-0.29702500000000004	-3.91189481158242e-05	-0.2970641213962965	0.0	(-0.2970641213962965+0j)
-0.5425	-0.29430625	-3.9112760733827136e-05	-0.29434536525346405	0.0	(-0.29434536525346405+0j)
-0.54	-0.2916	-3.910648721719582e-05	-0.2916391090255104	0.0	(-0.2916391090255104+0j)
-0.5375	-0.28890625	-3.910012595970441e-05	-0.28894535271085653	0.0	(-0.28894535271085653+0j)
-0.535	-0.286225	-3.909367531751093e-05	-0.2862640963078908	0.0	(-0.2862640963078908+0j)
-0.5325	-0.28355624999999995	-3.9087133608095196e-05	-0.28359533981495205	0.0	(-0.28359533981495205+0j)
-0.53	-0.28090000000000004	-3.908049910916156e-05	-0.28093908323035444	0.0	(-0.28093908323035444+0j)
-0.5275	-0.27825625	-3.9073770057505205e-05	-0.27829532655236916	0.0	(-0.27829532655236916+0j)
-0.525	-0.275625	-3.906694464784052e-05	-0.2756640697792139	0.0	(-0.2756640697792139+0j)
-0.5225	-0.27300624999999995	-3.906002103159019e-05	-0.2730453129090841	0.0	(-0.2730453129090841+0j)
-0.52	-0.27040000000000003	-3.905299731563335e-05	-0.2704390559401148	0.0	(-0.2704390559401148+0j)
-0.5175	-0.26780624999999997	-3.904587156101138e-05	-0.267845298870403	0.0	(-0.267845298870403+0j)
-0.515	-0.265225	-3.903864178158965e-05	-0.26526404169800133	0.0	(-0.26526404169800133+0j)
-0.5125	-0.26265625	-3.903130594267332e-05	-0.262695284420913	0.0	(-0.262695284420913+0j)
-0.51	-0.2601	-3.9023861959575644e-05	-0.26013902703708885	0.0	(-0.26013902703708885+0j)
-0.5075000000000001	-0.25755625000000004	-3.901630769613676e-05	-0.25759526954443945	0.0	(-0.25759526954443945+0j)
-0.505	-0.255025	-3.9008640963190994e-05	-0.25506401194081296	0.0	(-0.25506401194081296+0j)
-0.5025000000000001	-0.25250625000000004	-3.9000859516980694e-05	-0.2525452542240099	0.0	(-0.2525452542240099+0j)
-0.5	-0.25	-3.899296105751436e-05	-0.25003899639178	0.0	(-0.25003899639178+0j)
-0.4975	-0.24750625	-3.8984943226866944e-05	-0.24754523844180593	0.0	(-0.24754523844180593+0j)
-0.495	-0.245025	-3.897680360741984e-05	-0.24506398037171945	0.0	(-0.24506398037171945+0j)
-0.4925	-0.24255625	-3.8968539720038203e-05	-0.2425952221790931	0.0	(-0.2425952221790931+0j)
-0.49	-0.24009999999999998	-3.896014902218304e-05	-0.24013896386143466	0.0	(-0.24013896386143466+0j)
-0.4875	-0.23765624999999999	-3.895162890595532e-05	-0.2376952054161885	0.0	(-0.2376952054161885+0j)
-0.485	-0.235225	-3.89429766960693e-05	-0.23526394684073537	0.0	(-0.23526394684073537+0j)
-0.4825	-0.23280625	-3.8934189647752245e-05	-0.23284518813238897	0.0	(-0.23284518813238897+0j)
-0.48	-0.2304	-3.8925264944567286e-05	-0.23043892928838947	0.0	(-0.23043892928838947+0j)
-0.47750000000000004	-0.22800625000000002	-3.8916199696156344e-05	-0.22804517030590826	0.0	(-0.22804517030590826+0j)
-0.47500000000000003	-0.22562500000000002	-3.8906990935899624e-05	-0.22566391118204218	0.0	(-0.22566391118204218+0j)
-0.47250000000000003	-0.22325625000000002	-3.8897635618488267e-05	-0.22329515191381163	0.0	(-0.22329515191381163+0j)
-0.47000000000000003	-0.22090000000000004	-3.88881306174063e-05	-0.22093889249815657	0.0	(-0.22093889249815657+0j)
-0.4675	-0.21855625000000004	-3.8878472722318134e-05	-0.2185951329319404	0.0	(-0.2185951329319404+0j)
-0.465	-0.21622500000000003	-3.886865863635749e-05	-0.21626387321193605	0.0	(-0.21626387321193605+0j)
-0.4625	-0.21390625000000002	-3.885868497331338e-05	-0.21394511333483252	0.0	(-0.21394511333483252+0j)
-0.46	-0.2116	-3.8848548254708856e-05	-0.21163885329723225	0.0	(-0.21163885329723225+0j)
-0.4575	-0.20930625000000003	-3.8838244906767646e-05	-0.20934509309564145	0.0	(-0.20934509309564145+0j)
-0.455	-0.20702500000000001	-3.88277712572638e-05	-0.20706383272647083	0.0	(-0.20706383272647083+0j)
-0.4525	-0.20475625	-3.881712353224923e-05	-0.2047950721860362	0.0	(-0.2047950721860362+0j)
-0.45	-0.2025	-3.880629785265349e-05	-0.20253881147054617	0.0	(-0.20253881147054617+0j)
-0.4475	-0.20025625	-3.879529023075046e-05	-0.2002950505761103	0.0	(-0.2002950505761103+0j)
-0.445	-0.198025	-3.878409656648542e-05	-0.19806378949872258	0.0	(-0.19806378949872258+0j)
-0.4425	-0.19580625000000002	-3.877271264365662e-05	-0.19584502823426986	0.0	(-0.19584502823426986+0j)
-0.44	-0.1936	-3.876113412594455e-05	-0.19363876677852165	0.0	(-0.19363876677852165+0j)
-0.4375	-0.19140625	-3.8749356552781865e-05	-0.19144500512712445	0.0	(-0.19144500512712445+0j)
-0.435	-0.189225	-3.873737533505671e-05	-0.1892637432756042	0.0	(-0.1892637432756042+0j)
-0.4325	-0.18705625	-3.872518575064168e-05	-0.1870949812193553	0.0	(-0.1870949812193553+0j)
-0.43	-0.18489999999999998	-3.871278293974036e-05	-0.1849387189536413	0.0	(-0.1849387189536413+0j)
-0.4275	-0.18275624999999998	-3.870016190004271e-05	-0.18279495647358587	0.0	(-0.18279495647358587+0j)
-0.425	-0.18062499999999998	-3.868731748168044e-05	-0.18066369377417038	0.0	(-0.18066369377417038+0j)
-0.4225	-0.17850624999999998	-3.867424438197285e-05	-0.1785449308502324	0.0	(-0.1785449308502324+0j)
-0.42	-0.17639999999999997	-3.8660937139953034e-05	-0.17643866769645047	0.0	(-0.17643866769645047+0j)
-0.4175	-0.17430625	-3.8647390130664e-05	-0.1743449043073507	0.0	(-0.1743449043073507+0j)
-0.41500000000000004	-0.17222500000000002	-3.863359755921353e-05	-0.1722636406772906	0.0	(-0.1722636406772906+0j)
-0.41250000000000003	-0.17015625000000004	-3.861955345457608e-05	-0.17019487680046072	0.0	(-0.17019487680046072+0j)
-0.41000000000000003	-0.16810000000000003	-3.860525166312929e-05	-0.16813861267087202	0.0	(-0.16813861267087202+0j)
-0.40750000000000003	-0.16605625000000002	-3.859068584191211e-05	-0.16609484828236018	0.0	(-0.16609484828236018+0j)
-0.405	-0.16402500000000003	-3.85758494515907e-05	-0.1640635836285632	0.0	(-0.1640635836285632+0j)
-0.4025	-0.16200625000000002	-3.856073574911755e-05	-0.16204481870292597	0.0	(-0.16204481870292597+0j)
-0.4	-0.16000000000000003	-3.854533778006842e-05	-0.1600385534986946	0.0	(-0.1600385534986946+0j)
-0.3975	-0.15800625000000001	-3.852964837064092e-05	-0.15804478800889366	0.0	(-0.15804478800889366+0j)
-0.395	-0.15602500000000002	-3.8513660119297415e-05	-0.1560635222263411	0.0	(-0.1560635222263411+0j)
-0.3925	-0.15405625	-3.8497365388034175e-05	-0.1540947561436179	0.0	(-0.1540947561436179+0j)
-0.39	-0.1521	-3.848075629325748e-05	-0.1521384897530703	0.0	(-0.1521384897530703+0j)
-0.3875	-0.15015625000000002	-3.846382469624642e-05	-0.15019472304680243	0.0	(-0.15019472304680243+0j)
-0.385	-0.148225	-3.8446562193180665e-05	-0.14826345601666344	0.0	(-0.14826345601666344+0j)
-0.3825	-0.14630625	-3.842896010471065e-05	-0.14634468865423475	0.0	(-0.14634468865423475+0j)
-0.38	-0.1444	-3.8411009465045774e-05	-0.14443842095082526	0.0	(-0.14443842095082526+0j)
-0.3775	-0.14250625	-3.8392701010535096e-05	-0.14254465289745633	0.0	(-0.14254465289745633+0j)
-0.375	-0.140625	-3.837402516771341e-05	-0.14066338448485347	0.0	(-0.14066338448485347+0j)
-0.3725	-0.13875625	-3.835497204078381e-05	-0.13879461570343293	0.0	(-0.13879461570343293+0j)
-0.37	-0.1369	-3.8335531398506244e-05	-0.13693834654328813	0.0	(-0.13693834654328813+0j)
-0.3675	-0.13505625	-3.831569266045961e-05	-0.13509457699417654	0.0	(-0.13509457699417654+0j)
-0.365	-0.13322499999999998	-3.829544488264292e-05	-0.13326330704551112	0.0	(-0.13326330704551112+0j)
-0.3625	-0.13140625	-3.827477674237901e-05	-0.1314445366863421	0.0	(-0.1314445366863421+0j)
-0.36	-0.1296	-3.82536765224818e-05	-0.12963826590533525	0.0	(-0.12963826590533525+0j)
-0.3575	-0.12780624999999998	-3.8232132094645954e-05	-0.12784449469077236	0.0	(-0.12784449469077236+0j)
-0.355	-0.126025	-3.821013090201476e-05	-0.1260632230305181	0.0	(-0.1260632230305181+0j)
-0.3525	-0.12425624999999998	-3.818765994087957e-05	-0.12429445091201291	0.0	(-0.12429445091201291+0j)
-0.35000000000000003	-0.12250000000000003	-3.8164705741461076e-05	-0.12253817832225287	0.0	(-0.12253817832225287+0j)
-0.34750000000000003	-0.12075625000000002	-3.814125434771913e-05	-0.12079440524776583	0.0	(-0.12079440524776583+0j)
-0.34500000000000003	-0.11902500000000002	-3.811729129613501e-05	-0.1190631316745977	0.0	(-0.1190631316745977+0j)
-0.3425	-0.11730625000000001	-3.8092801593405416e-05	-0.11734435758828812	0.0	(-0.11734435758828812+0j)
-0.34	-0.11560000000000002	-3.8067769692984546e-05	-0.11563808297385039	0.0	(-0.11563808297385039+0j)
-0.3375	-0.11390625000000001	-3.804217947040517e-05	-0.11394430781574165	0.0	(-0.11394430781574165+0j)
-0.335	-0.11222500000000002	-3.801601419730615e-05	-0.11226303209784982	0.0	(-0.11226303209784982+0j)
-0.3325	-0.11055625000000001	-3.798925651408782e-05	-0.11059425580345533	0.0	(-0.11059425580345533+0j)
-0.33	-0.10890000000000001	-3.7961888401112324e-05	-0.10893797891521453	0.0	(-0.10893797891521453+0j)
-0.3275	-0.10725625000000001	-3.7933891148359394e-05	-0.1072942014151238	0.0	(-0.1072942014151238+0j)
-0.325	-0.10562500000000001	-3.790524532344253e-05	-0.10566292328449108	0.0	(-0.10566292328449108+0j)
-0.3225	-0.10400625000000001	-3.7875930737883634e-05	-0.10404414450390743	0.0	(-0.10404414450390743+0j)
-0.32	-0.1024	-3.7845926411536976e-05	-0.1024378650532109	0.0	(-0.1024378650532109+0j)
-0.3175	-0.10080625	-3.781521053504582e-05	-0.10084408491145083	0.0	(-0.10084408491145083+0j)
-0.315	-0.09922500000000001	-3.7783760430206726e-05	-0.09926280405684809	0.0	(-0.09926280405684809+0j)
-0.3125	-0.09765625	-3.7751552508107474e-05	-0.09769402246676412	0.0	(-0.09769402246676412+0j)
-0.31	-0.0961	-3.771856222489528e-05	-0.09613774011764989	0.0	(-0.09613774011764989+0j)
-0.3075	-0.09455625	-3.7684764035021225e-05	-0.09459395698500665	0.0	(-0.09459395698500665+0j)
-0.305	-0.093025	-3.765013134179605e-05	-0.09306267304333969	0.0	(-0.09306267304333969+0j)
-0.3025	-0.09150625	-3.7614636445080254e-05	-0.09154388826610799	0.0	(-0.09154388826610799+0j)
-0.3	-0.09	-3.7578250485918714e-05	-0.09003760262567016	0.0	(-0.09003760262567016+0j)
-0.2975	-0.08850625	-3.7540943387915946e-05	-0.08854381609323556	0.0	(-0.08854381609323556+0j)
-0.295	-0.08702499999999999	-3.750268379513354e-05	-0.08706252863879706	0.0	(-0.08706252863879706+0j)
-0.2925	-0.08555624999999999	-3.746343900627512e-05	-0.08559374023108045	0.0	(-0.08559374023108045+0j)
-0.29	-0.0841	-3.7423174904907076e-05	-0.08413745083746636	0.0	(-0.08413745083746636+0j)
-0.28750000000000003	-0.08265625000000001	-3.738185588544509e-05	-0.08269366042393114	0.0	(-0.08269366042393114+0j)
-0.28500000000000003	-0.08122500000000002	-3.7339444774616764e-05	-0.08126236895496942	0.0	(-0.08126236895496942+0j)
-0.28250000000000003	-0.07980625000000002	-3.729590274808997e-05	-0.0798435763935141	0.0	(-0.0798435763935141+0j)
-0.28	-0.07840000000000001	-3.725118924193416e-05	-0.07843728270085586	0.0	(-0.07843728270085586+0j)
-0.2775	-0.07700625000000001	-3.7205261858558587e-05	-0.07704348783655597	0.0	(-0.07704348783655597+0j)
-0.275	-0.07562500000000001	-3.7158076266746254e-05	-0.07566219175834818	0.0	(-0.07566219175834818+0j)
-0.2725	-0.07425625000000001	-3.710958609537683e-05	-0.07429339442204297	0.0	(-0.07429339442204297+0j)
-0.27	-0.0729	-3.705974282040391e-05	-0.07293709578142121	0.0	(-0.07293709578142121+0j)
-0.2675	-0.07155625	-3.700849564462405e-05	-0.07159329578812273	0.0	(-0.07159329578812273+0j)
-0.265	-0.07022500000000001	-3.6955791369745526e-05	-0.07026199439152396	0.0	(-0.07026199439152396+0j)
-0.2625	-0.06890625	-3.690157426023493e-05	-0.06894319153860919	0.0	(-0.06894319153860919+0j)
-0.26	-0.06760000000000001	-3.684578589838936e-05	-0.06763688717384156	0.0	(-0.06763688717384156+0j)
-0.2575	-0.06630625	-3.678836503005173e-05	-0.06634308123901263	0.0	(-0.06634308123901263+0j)
-0.255	-0.065025	-3.672924740035714e-05	-0.06506177367309318	0.0	(-0.06506177367309318+0j)
-0.2525	-0.06375625	-3.666836557886946e-05	-0.06379296441206386	0.0	(-0.06379296441206386+0j)
-0.25	-0.0625	-3.6605648773441395e-05	-0.06253665338874882	0.0	(-0.06253665338874882+0j)
-0.2475	-0.06125625	-3.654102263210692e-05	-0.06129284053262583	0.0	(-0.06129284053262583+0j)
-0.245	-0.060024999999999995	-3.647440903229633e-05	-0.060061525769630454	0.0	(-0.060061525769630454+0j)
-0.2425	-0.05880625	-3.640572585664962e-05	-0.058842709021947014	0.0	(-0.058842709021947014+0j)
-0.24	-0.0576	-3.633488675469687e-05	-0.05763639020778761	0.0	(-0.05763639020778761+0j)
-0.23750000000000002	-0.056406250000000005	-3.626180088967659e-05	-0.05644256924115332	0.0	(-0.05644256924115332+0j)
-0.23500000000000001	-0.05522500000000001	-3.618637266977527e-05	-0.055261246031586844	0.0	(-0.055261246031586844+0j)
-0.2325	-0.05405625000000001	-3.610850146309812e-05	-0.05409242048390445	0.0	(-0.05409242048390445+0j)
-0.23	-0.0529	-3.60280812957232e-05	-0.05293609249791668	0.0	(-0.05293609249791668+0j)
-0.2275	-0.051756250000000004	-3.594500053225301e-05	-0.05179226196813095	0.0	(-0.05179226196813095+0j)
-0.225	-0.050625	-3.585914153836226e-05	-0.0506609287834377	0.0	(-0.0506609287834377+0j)
-0.2225	-0.04950625	-3.577038032495142e-05	-0.04954209282678085	0.0	(-0.04954209282678085+0j)
-0.22	-0.0484	-3.5678586173657715e-05	-0.04843575397480988	0.0	(-0.04843575397480988+0j)
-0.2175	-0.04730625	-3.558362124365221e-05	-0.04734191209751601	0.0	(-0.04734191209751601+0j)
-0.215	-0.046224999999999995	-3.5485340159868605e-05	-0.04626056705785243	0.0	(-0.04626056705785243+0j)
-0.2125	-0.045156249999999995	-3.5383589583071664e-05	-0.045191718711338105	0.0	(-0.045191718711338105+0j)
-0.21	-0.04409999999999999	-3.5278207762485435e-05	-0.04413536690564314	0.0	(-0.04413536690564314+0j)
-0.20750000000000002	-0.043056250000000004	-3.516902407206966e-05	-0.04309151148016692	0.0	(-0.04309151148016692+0j)
-0.20500000000000002	-0.04202500000000001	-3.505585853196168e-05	-0.04206015226559793	0.0	(-0.04206015226559793+0j)
-0.2025	-0.04100625000000001	-3.4938521317096625e-05	-0.04104128908346515	0.0	(-0.04104128908346515+0j)
-0.2	-0.04000000000000001	-3.4816812255585024e-05	-0.04003492174568358	0.0	(-0.04003492174568358+0j)
-0.1975	-0.039006250000000006	-3.46905203200691e-05	-0.0390410500540932	0.0	(-0.0390410500540932+0j)
-0.195	-0.038025	-3.455942311600067e-05	-0.03805967379999968	0.0	(-0.03805967379999968+0j)
-0.1925	-0.03705625	-3.442328637158694e-05	-0.03709079276371986	0.0	(-0.03709079276371986+0j)
-0.19	-0.0361	-3.42818634350388e-05	-0.036134406714134926	0.0	(-0.036134406714134926+0j)
-0.1875	-0.03515625	-3.413489478572719e-05	-0.03519051540826585	0.0	(-0.03519051540826585+0j)
-0.185	-0.034225	-3.3982107566907646e-05	-0.03425911859086921	0.0	(-0.03425911859086921+0j)
-0.1825	-0.033306249999999996	-3.3823215148805494e-05	-0.033340215994069486	0.0	(-0.033340215994069486+0j)
-0.18	-0.0324	-3.365791673205895e-05	-0.03243380733703357	0.0	(-0.03243380733703357+0j)
-0.1775	-0.03150625	-3.3485897002785176e-05	-0.03153989232570194	0.0	(-0.03153989232570194+0j)
-0.17500000000000002	-0.030625000000000006	-3.3306825851852734e-05	-0.030658470652585975	0.0	(-0.030658470652585975+0j)
-0.17250000000000001	-0.029756250000000005	-3.3120358172297256e-05	-0.0297895419966477	0.0	(-0.0297895419966477+0j)
-0.17	-0.028900000000000006	-3.292613375018533e-05	-0.02893310602327636	0.0	(-0.02893310602327636+0j)
-0.1675	-0.028056250000000005	-3.27237772655918e-05	-0.02808916238437587	0.0	(-0.02808916238437587+0j)
-0.165	-0.027225000000000003	-3.251289842167904e-05	-0.027257710718585366	0.0	(-0.027257710718585366+0j)
-0.1625	-0.026406250000000003	-3.2293092221121904e-05	-0.026438750651648198	0.0	(-0.026438750651648198+0j)
-0.16	-0.0256	-3.2063939410272425e-05	-0.025632281796950106	0.0	(-0.025632281796950106+0j)
-0.1575	-0.024806250000000002	-3.1825007112463255e-05	-0.024838303756247182	0.0	(-0.024838303756247182+0j)
-0.155	-0.024025	-3.157584967266395e-05	-0.024056816120606013	0.0	(-0.024056816120606013+0j)
-0.1525	-0.02325625	-3.131600973628242e-05	-0.023287818471577692	0.0	(-0.023287818471577692+0j)
-0.15	-0.0225	-3.104501958519365e-05	-0.022531310382626197	0.0	(-0.022531310382626197+0j)
-0.1475	-0.021756249999999998	-3.0762402754027186e-05	-0.021787291420835256	0.0	(-0.021787291420835256+0j)
-0.145	-0.021025	-3.046767594930044e-05	-0.021055761148914737	0.0	(-0.021055761148914737+0j)
-0.14250000000000002	-0.020306250000000005	-3.0160351293092346e-05	-0.02033671912752619	0.0	(-0.02033671912752619+0j)
-0.14	-0.019600000000000003	-2.9839938911559666e-05	-0.019630164917947356	0.0	(-0.019630164917947356+0j)
-0.1375	-0.018906250000000003	-2.9505949886657296e-05	-0.018936098085093972	0.0	(-0.018936098085093972+0j)
-0.135	-0.018225	-2.915789958688914e-05	-0.018254518200913193	0.0	(-0.018254518200913193+0j)
-0.1325	-0.017556250000000002	-2.8795311389749917e-05	-0.017585424848160218	0.0	(-0.017585424848160218+0j)
-0.13	-0.016900000000000002	-2.8417720804690833e-05	-0.01692881762456853	0.0	(-0.01692881762456853+0j)
-0.1275	-0.01625625	-2.8024680000933357e-05	-0.016284696147416778	0.0	(-0.016284696147416778+0j)
-0.125	-0.015625	-2.7615762739259474e-05	-0.015653060058494917	0.0	(-0.015653060058494917+0j)
-0.1225	-0.015006249999999999	-2.7190569701028718e-05	-0.015033909029460642	0.0	(-0.015033909029460642+0j)
-0.12	-0.0144	-2.6748734201137748e-05	-0.014427242767577394	0.0	(-0.014427242767577394+0j)
-0.11750000000000001	-0.013806250000000003	-2.628992826448467e-05	-0.013833061021813519	0.0	(-0.013833061021813519+0j)
-0.115	-0.013225	-2.581386903779014e-05	-0.013251363589275613	0.0	(-0.013251363589275613+0j)
-0.1125	-0.01265625	-2.532032550043787e-05	-0.012682150321939102	0.0	(-0.012682150321939102+0j)
-0.11	-0.0121	-2.4809125429429676e-05	-0.012125421133628264	0.0	(-0.012125421133628264+0j)
-0.1075	-0.011556249999999999	-2.4280162564725e-05	-0.011581176007187473	0.0	(-0.011581176007187473+0j)
-0.105	-0.011024999999999998	-2.3733403912292608e-05	-0.011049415001771121	0.0	(-0.011049415001771121+0j)
-0.10250000000000001	-0.010506250000000002	-2.3168897113303748e-05	-0.010530138260173093	0.0	(-0.010530138260173093+0j)
-0.1	-0.010000000000000002	-2.2586777799217997e-05	-0.010023346016107191	0.0	(-0.010023346016107191+0j)
-0.0975	-0.00950625	-2.1987276844249478e-05	-0.009529038601355316	0.0	(-0.009529038601355316+0j)
-0.095	-0.009025	-2.137072741905585e-05	-0.009047216452723696	0.0	(-0.009047216452723696+0j)
-0.0925	-0.00855625	-2.073757174267992e-05	-0.008577880118791709	0.0	(-0.008577880118791709+0j)
-0.09	-0.0081	-2.008836742401048e-05	-0.008121030266540475	0.0	(-0.008121030266540475+0j)
-0.08750000000000001	-0.007656250000000002	-1.942379327953296e-05	-0.007676667688102437	0.0	(-0.007676667688102437+0j)
-0.085	-0.007225000000000001	-1.8744654511121023e-05	-0.007244793308122942	0.0	(-0.007244793308122942+0j)
-0.0825	-0.006806250000000001	-1.8051887126277515e-05	-0.00682540819256946	0.0	(-0.00682540819256946+0j)
-0.08	-0.0064	-1.734656148374668e-05	-0.006418513560287297	0.0	(-0.006418513560287297+0j)
-0.0775	-0.00600625	-1.662988484994724e-05	-0.006024110799142404	0.0	(-0.006024110799142404+0j)
-0.075	-0.005625	-1.5903202856344105e-05	-0.0056422014891651	0.0	(-0.0056422014891651+0j)
-0.0725	-0.00525625	-1.5167999754776485e-05	-0.005272787435567271	0.0	(-0.005272787435567271+0j)
-0.07	-0.004900000000000001	-1.4425897376942166e-05	-0.00491587071464563	0.0	(-0.00491587071464563+0j)
-0.0675	-0.00455625	-1.3678652715706213e-05	-0.00457145373509862	0.0	(-0.00457145373509862+0j)
-0.065	-0.0042250000000000005	-1.2928154059612817e-05	-0.0042395393158265755	0.0	(-0.0042395393158265755+0j)
-0.0625	-0.00390625	-1.2176415627833694e-05	-0.003920130778520376	0.0	(-0.003920130778520376+0j)
-0.06	-0.0036	-1.1425570670635508e-05	-0.003613232049118887	0.0	(-0.003613232049118887+0j)
-0.0575	-0.00330625	-1.0677863020086728e-05	-0.003318847756736931	0.0	(-0.003318847756736931+0j)
-0.055	-0.003025	-9.935637096894072e-06	-0.003036983312724955	0.0	(-0.003036983312724955+0j)
-0.0525	-0.0027562499999999996	-9.201326401652084e-06	-0.0027676449476079384	0.0	(-0.0027676449476079384+0j)
-0.05	-0.0025000000000000005	-8.477440542053116e-06	-0.0025108396818360403	0.0	(-0.0025108396818360403+0j)
-0.0475	-0.00225625	-7.76655087134463e-06	-0.0022665752098033182	0.0	(-0.0022665752098033182+0j)
-0.045	-0.002025	-7.071274837109015e-06	-0.00203485968722552	0.0	(-0.00203485968722552+0j)
-0.0425	-0.0018062500000000003	-6.394259162826417e-06	-0.0018157014308428667	0.0	(-0.0018157014308428667+0j)
-0.04	-0.0016	-5.738162007194574e-06	-0.0016091085684377397	0.0	(-0.0016091085684377397+0j)
-0.0375	-0.00140625	-5.105634267350769e-06	-0.0014150887234694793	0.0	(-0.0014150887234694793+0j)
-0.035	-0.0012250000000000002	-4.499300211501813e-06	-0.0012336489019542838	0.0	(-0.0012336489019542838+0j)
-0.0325	-0.0010562500000000001	-3.921737643570403e-06	-0.00106479590669143	0.0	(-0.00106479590669143+0j)
-0.03	-0.0009	-3.3754578168919634e-06	-0.0009085378735435185	0.0	(-0.0009085378735435185+0j)
-0.0275	-0.00075625	-2.8628853253638915e-06	-0.0007648878574633367	0.0	(-0.0007648878574633367+0j)
-0.025	-0.0006250000000000001	-2.386338208433493e-06	-0.0006338703895676888	0.0	(-0.0006338703895676888+0j)
-0.0225	-0.00050625	-1.948008510643459e-06	-0.0005155302403832518	0.0	(-0.0005155302403832518+0j)
-0.02	-0.0004	-1.549943536936424e-06	-0.00040993640149807487	0.0	(-0.00040993640149807487+0j)
-0.0175	-0.00030625000000000004	-1.1940280414333462e-06	-0.0003171610679992675	0.0	(-0.0003171610679992675+0j)
-0.015	-0.000225	-8.819675799012425e-07	-0.00023720028269954088	0.0	(-0.00023720028269954088+0j)
-0.0125	-0.00015625000000000003	-6.152732446607427e-07	-0.00016981423872814344	0.0	(-0.00016981423872814344+0j)
-0.01	-0.0001	-3.952479853814445e-07	-0.00011430777777157151	0.0	(-0.00011430777777157151+0j)
-0.0075	-5.625e-05	-2.229747002903404e-07	-6.928485361848598e-05	0.0	(-6.928485361848598e-05+0j)
-0.005	-2.5e-05	-9.930626005960619e-08	-3.237295017861313e-05	0.0	(-3.237295017861313e-05+0j)
-0.0025	-6.25e-06	-2.485760144388394e-08	-6.515377430280078e-18	-0.0004141815402063464	(-6.515377430280078e-18-0.0004141815402063464j)
0.0025	6.25e-06	2.485760144388394e-08	-6.515377430280078e-18	0.0004141815402063464	(-6.515377430280078e-18+0.0004141815402063464j)
0.005	2.5e-05	9.930626005960619e-08	3.237295017862554e-05	0.0	(3.237295017862554e-05+0j)
0.0075	5.625e-05	2.229747002903404e-07	6.92848536184853e-05	0.0	(6.92848536184853e-05+0j)
0.01	0.0001	3.952479853814445e-07	0.00011430777777158125	0.0	(0.00011430777777158125+0j)
0.0125	0.00015625000000000003	6.152732446607427e-07	0.00016981423872814718	0.0	(0.00016981423872814718+0j)
0.015	0.000225	8.819675799012425e-07	0.00023720028269952722	0.0	(0.00023720028269952722+0j)
0.0175	0.00030625000000000004	1.1940280414333462e-06	0.00031716106799926474	0.0	(0.00031716106799926474+0j)
0.02	0.0004	1.549943536936424e-06	0.000409936401498083	0.0	(0.000409936401498083+0j)
0.0225	0.00050625	1.948008510643459e-06	0.0005155302403832322	0.0	(0.0005155302403832322+0j)
0.025	0.0006250000000000001	2.386338208433493e-06	0.0006338703895676283	0.0	(0.0006338703895676283+0j)
0.0275	0.00075625	2.8628853253638915e-06	0.0007648878574633536	0.0	(0.0007648878574633536+0j)
0.03	0.0009	3.3754578168919634e-06	0.0009085378735435406	0.0	(0.0009085378735435406+0j)
0.0325	0.0010562500000000001	3.921737643570403e-06	0.0010647959066914271	0.0	(0.0010647959066914271+0j)
0.035	0.0012250000000000002	4.499300211501813e-06	0.001233648901954279	0.0	(0.001233648901954279+0j)
0.0375	0.00140625	5.105634267350769e-06	0.0014150887234694628	0.0	(0.0014150887234694628+0j)
0.04	0.0016	5.738162007194574e-06	0.0016091085684377382	0.0	(0.0016091085684377382+0j)
0.0425	0.0018062500000000003	6.394259162826417e-06	0.001815701430842864	0.0	(0.001815701430842864+0j)
0.045	0.002025	7.071274837109015e-06	0.0020348596872254983	0.0	(0.0020348596872254983+0j)
0.0475	0.00225625	7.76655087134463e-06	0.0022665752098032814	0.0	(0.0022665752098032814+0j)
0.05	0.0025000000000000005	8.477440542053116e-06	0.002510839681836025	0.0	(0.002510839681836025+0j)
0.0525	0.0027562499999999996	9.201326401652084e-06	0.002767644947607961	0.0	(0.002767644947607961+0j)
0.055	0.003025	9.935637096894072e-06	0.0030369833127249614	0.0	(0.0030369833127249614+0j)
0.0575	0.00330625	1.0677863020086728e-05	0.0033188477567369272	0.0	(0.0033188477567369272+0j)
0.06	0.0036	1.1425570670635508e-05	0.0036132320491188805	0.0	(0.0036132320491188805+0j)
0.0625	0.00390625	1.2176415627833694e-05	0.003920130778520363	0.0	(0.003920130778520363+0j)
0.065	0.0042250000000000005	1.2928154059612817e-05	0.004239539315826572	0.0	(0.004239539315826572+0j)
0.0675	0.00455625	1.3678652715706213e-05	0.0045714537350986404	0.0	(0.0045714537350986404+0j)
0.07	0.004900000000000001	1.4425897376942166e-05	0.004915870714645594	0.0	(0.004915870714645594+0j)
0.0725	0.00525625	1.5167999754776485e-05	0.005272787435567219	0.0	(0.005272787435567219+0j)
0.075	0.005625	1.5903202856344105e-05	0.005642201489165089	0.0	(0.005642201489165089+0j)
0.0775	0.00600625	1.662988484994724e-05	0.0060241107991424155	0.0	(0.0060241107991424155+0j)
0.08	0.0064	1.734656148374668e-05	0.006418513560287266	0.0	(0.006418513560287266+0j)
0.0825	0.006806250000000001	1.8051887126277515e-05	0.0068254081925694515	0.0	(0.0068254081925694515+0j)
0.085	0.007225000000000001	1.8744654511121023e-05	0.00724479330812294	0.0	(0.00724479330812294+0j)
0.08750000000000001	0.007656250000000002	1.942379327953296e-05	0.0076766676881024586	0.0	(0.0076766676881024586+0j)
0.09	0.0081	2.008836742401048e-05	0.00812103026654043	0.0	(0.00812103026654043+0j)
0.0925	0.00855625	2.073757174267992e-05	0.008577880118791702	0.0	(0.008577880118791702+0j)
0.095	0.009025	2.137072741905585e-05	0.0090472164527237	0.0	(0.0090472164527237+0j)
0.0975	0.00950625	2.1987276844249478e-05	0.009529038601355346	0.0	(0.009529038601355346+0j)
0.1	0.010000000000000002	2.2586777799217997e-05	0.010023346016107182	0.0	(0.010023346016107182+0j)
0.10250000000000001	0.010506250000000002	2.3168897113303748e-05	0.010530138260173105	0.0	(0.010530138260173105+0j)
0.105	0.011024999999999998	2.3733403912292608e-05	0.011049415001771107	0.0	(0.011049415001771107+0j)
0.1075	0.011556249999999999	2.4280162564725e-05	0.01158117600718749	0.0	(0.01158117600718749+0j)
0.11	0.0121	2.4809125429429676e-05	0.012125421133628229	0.0	(0.012125421133628229+0j)
0.1125	0.01265625	2.532032550043787e-05	0.012682150321939112	0.0	(0.012682150321939112+0j)
0.115	0.013225	2.581386903779014e-05	0.013251363589275622	0.0	(0.013251363589275622+0j)
0.11750000000000001	0.013806250000000003	2.628992826448467e-05	0.013833061021813487	0.0	(0.013833061021813487+0j)
0.12	0.0144	2.6748734201137748e-05	0.014427242767577403	0.0	(0.014427242767577403+0j)
0.1225	0.015006249999999999	2.7190569701028718e-05	0.015033909029460656	0.0	(0.015033909029460656+0j)
0.125	0.015625	2.7615762739259474e-05	0.01565306005849496	0.0	(0.01565306005849496+0j)
0.1275	0.01625625	2.8024680000933357e-05	0.0162846961474167	0.0	(0.0162846961474167+0j)
0.13	0.016900000000000002	2.8417720804690833e-05	0.016928817624568552	0.0	(0.016928817624568552+0j)
0.1325	0.017556250000000002	2.8795311389749917e-05	0.017585424848160277	0.0	(0.017585424848160277+0j)
0.135	0.018225	2.915789958688914e-05	0.018254518200913204	0.0	(0.018254518200913204+0j)
0.1375	0.018906250000000003	2.9505949886657296e-05	0.018936098085094	0.0	(0.018936098085094+0j)
0.14	0.019600000000000003	2.9839938911559666e-05	0.019630164917947345	0.0	(0.019630164917947345+0j)
0.14250000000000002	0.020306250000000005	3.0160351293092346e-05	0.020336719127526173	0.0	(0.020336719127526173+0j)
0.145	0.021025	3.046767594930044e-05	0.021055761148914793	0.0	(0.021055761148914793+0j)
0.1475	0.021756249999999998	3.0762402754027186e-05	0.021787291420835308	0.0	(0.021787291420835308+0j)
0.15	0.0225	3.104501958519365e-05	0.02253131038262607	0.0	(0.02253131038262607+0j)
0.1525	0.02325625	3.131600973628242e-05	0.023287818471577702	0.0	(0.023287818471577702+0j)
0.155	0.024025	3.157584967266395e-05	0.024056816120606297	0.0	(0.024056816120606297+0j)
0.1575	0.024806250000000002	3.1825007112463255e-05	0.024838303756247057	0.0	(0.024838303756247057+0j)
0.16	0.0256	3.2063939410272425e-05	0.025632281796950117	0.0	(0.025632281796950117+0j)
0.1625	0.026406250000000003	3.2293092221121904e-05	0.02643875065164831	0.0	(0.02643875065164831+0j)
0.165	0.027225000000000003	3.251289842167904e-05	0.02725771071858536	0.0	(0.02725771071858536+0j)
0.1675	0.028056250000000005	3.27237772655918e-05	0.02808916238437583	0.0	(0.02808916238437583+0j)
0.17	0.028900000000000006	3.292613375018533e-05	0.028933106023276436	0.0	(0.028933106023276436+0j)
0.17250000000000001	0.029756250000000005	3.3120358172297256e-05	0.029789541996647784	0.0	(0.029789541996647784+0j)
0.17500000000000002	0.030625000000000006	3.3306825851852734e-05	0.030658470652585968	0.0	(0.030658470652585968+0j)
0.1775	0.03150625	3.3485897002785176e-05	0.03153989232570183	0.0	(0.03153989232570183+0j)
0.18	0.0324	3.365791673205895e-05	0.03243380733703365	0.0	(0.03243380733703365+0j)
0.1825	0.033306249999999996	3.3823215148805494e-05	0.033340215994069444	0.0	(0.033340215994069444+0j)
0.185	0.034225	3.3982107566907646e-05	0.03425911859086916	0.0	(0.03425911859086916+0j)
0.1875	0.03515625	3.413489478572719e-05	0.03519051540826584	0.0	(0.03519051540826584+0j)
0.19	0.0361	3.42818634350388e-05	0.036134406714134704	0.0	(0.036134406714134704+0j)
0.1925	0.03705625	3.442328637158694e-05	0.037090792763719654	0.0	(0.037090792763719654+0j)
0.195	0.038025	3.455942311600067e-05	0.038059673799999715	0.0	(0.038059673799999715+0j)
0.1975	0.039006250000000006	3.46905203200691e-05	0.03904105005409314	0.0	(0.03904105005409314+0j)
0.2	0.04000000000000001	3.4816812255585024e-05	0.04003492174568359	0.0	(0.04003492174568359+0j)
0.2025	0.04100625000000001	3.4938521317096625e-05	0.04104128908346536	0.0	(0.04104128908346536+0j)
0.20500000000000002	0.04202500000000001	3.505585853196168e-05	0.04206015226559799	0.0	(0.04206015226559799+0j)
0.20750000000000002	0.043056250000000004	3.516902407206966e-05	0.04309151148016707	0.0	(0.04309151148016707+0j)
0.21	0.04409999999999999	3.5278207762485435e-05	0.04413536690564343	0.0	(0.04413536690564343+0j)
0.2125	0.045156249999999995	3.5383589583071664e-05	0.04519171871133806	0.0	(0.04519171871133806+0j)
0.215	0.046224999999999995	3.5485340159868605e-05	0.046260567057852565	0.0	(0.046260567057852565+0j)
0.2175	0.04730625	3.558362124365221e-05	0.047341912097515884	0.0	(0.047341912097515884+0j)
0.22	0.0484	3.5678586173657715e-05	0.04843575397480974	0.0	(0.04843575397480974+0j)
0.2225	0.04950625	3.577038032495142e-05	0.049542092826780994	0.0	(0.049542092826780994+0j)
0.225	0.050625	3.585914153836226e-05	0.050660928783438	0.0	(0.050660928783438+0j)
0.2275	0.051756250000000004	3.594500053225301e-05	0.05179226196813078	0.0	(0.05179226196813078+0j)
0.23	0.0529	3.60280812957232e-05	0.05293609249791674	0.0	(0.05293609249791674+0j)
0.2325	0.05405625000000001	3.610850146309812e-05	0.054092420483904655	0.0	(0.054092420483904655+0j)
0.23500000000000001	0.05522500000000001	3.618637266977527e-05	0.05526124603158676	0.0	(0.05526124603158676+0j)
0.23750000000000002	0.056406250000000005	3.626180088967659e-05	0.0564425692411534	0.0	(0.0564425692411534+0j)
0.24	0.0576	3.633488675469687e-05	0.05763639020778747	0.0	(0.05763639020778747+0j)
0.2425	0.05880625	3.640572585664962e-05	0.05884270902194728	0.0	(0.05884270902194728+0j)
0.245	0.060024999999999995	3.647440903229633e-05	0.060061525769630225	0.0	(0.060061525769630225+0j)
0.2475	0.06125625	3.654102263210692e-05	0.06129284053262567	0.0	(0.06129284053262567+0j)
0.25	0.0625	3.6605648773441395e-05	0.06253665338874884	0.0	(0.06253665338874884+0j)
0.2525	0.06375625	3.666836557886946e-05	0.06379296441206332	0.0	(0.06379296441206332+0j)
0.255	0.065025	3.672924740035714e-05	0.0650617736730928	0.0	(0.0650617736730928+0j)
0.2575	0.06630625	3.678836503005173e-05	0.06634308123901322	0.0	(0.06634308123901322+0j)
0.26	0.06760000000000001	3.684578589838936e-05	0.06763688717384149	0.0	(0.06763688717384149+0j)
0.2625	0.06890625	3.690157426023493e-05	0.06894319153860876	0.0	(0.06894319153860876+0j)
0.265	0.07022500000000001	3.6955791369745526e-05	0.07026199439152449	0.0	(0.07026199439152449+0j)
0.2675	0.07155625	3.700849564462405e-05	0.0715932957881236	0.0	(0.0715932957881236+0j)
0.27	0.0729	3.705974282040391e-05	0.07293709578142184	0.0	(0.07293709578142184+0j)
0.2725	0.07425625000000001	3.710958609537683e-05	0.07429339442204302	0.0	(0.07429339442204302+0j)
0.275	0.07562500000000001	3.7158076266746254e-05	0.07566219175834824	0.0	(0.07566219175834824+0j)
0.2775	0.07700625000000001	3.7205261858558587e-05	0.0770434878365559	0.0	(0.0770434878365559+0j)
0.28	0.07840000000000001	3.725118924193416e-05	0.07843728270085665	0.0	(0.07843728270085665+0j)
0.28250000000000003	0.07980625000000002	3.729590274808997e-05	0.07984357639351472	0.0	(0.07984357639351472+0j)
0.28500000000000003	0.08122500000000002	3.7339444774616764e-05	0.08126236895496955	0.0	(0.08126236895496955+0j)
0.28750000000000003	0.08265625000000001	3.738185588544509e-05	0.08269366042393086	0.0	(0.08269366042393086+0j)
0.29	0.0841	3.7423174904907076e-05	0.08413745083746525	0.0	(0.08413745083746525+0j)
0.2925	0.08555624999999999	3.746343900627512e-05	0.08559374023107999	0.0	(0.08559374023107999+0j)
0.295	0.08702499999999999	3.750268379513354e-05	0.0870625286387974	0.0	(0.0870625286387974+0j)
0.2975	0.08850625	3.7540943387915946e-05	0.08854381609323547	0.0	(0.08854381609323547+0j)
0.3	0.09	3.7578250485918714e-05	0.09003760262567044	0.0	(0.09003760262567044+0j)
0.3025	0.09150625	3.7614636445080254e-05	0.09154388826610733	0.0	(0.09154388826610733+0j)
0.305	0.093025	3.765013134179605e-05	0.09306267304334029	0.0	(0.09306267304334029+0j)
0.3075	0.09455625	3.7684764035021225e-05	0.09459395698500736	0.0	(0.09459395698500736+0j)
0.31	0.0961	3.771856222489528e-05	0.09613774011764951	0.0	(0.09613774011764951+0j)
0.3125	0.09765625	3.7751552508107474e-05	0.09769402246676397	0.0	(0.09769402246676397+0j)
0.315	0.09922500000000001	3.7783760430206726e-05	0.09926280405684797	0.0	(0.09926280405684797+0j)
0.3175	0.10080625	3.781521053504582e-05	0.1008440849114501	0.0	(0.1008440849114501+0j)
0.32	0.1024	3.7845926411536976e-05	0.10243786505321133	0.0	(0.10243786505321133+0j)
0.3225	0.10400625000000001	3.7875930737883634e-05	0.10404414450390743	0.0	(0.10404414450390743+0j)
0.325	0.10562500000000001	3.790524532344253e-05	0.10566292328449044	0.0	(0.10566292328449044+0j)
0.3275	0.10725625000000001	3.7933891148359394e-05	0.10729420141512253	0.0	(0.10729420141512253+0j)
0.33	0.10890000000000001	3.7961888401112324e-05	0.10893797891521406	0.0	(0.10893797891521406+0j)
0.3325	0.11055625000000001	3.798925651408782e-05	0.11059425580345585	0.0	(0.11059425580345585+0j)
0.335	0.11222500000000002	3.801601419730615e-05	0.11226303209784981	0.0	(0.11226303209784981+0j)
0.3375	0.11390625000000001	3.804217947040517e-05	0.11394430781574214	0.0	(0.11394430781574214+0j)
0.34	0.11560000000000002	3.8067769692984546e-05	0.11563808297385031	0.0	(0.11563808297385031+0j)
0.3425	0.11730625000000001	3.8092801593405416e-05	0.11734435758828884	0.0	(0.11734435758828884+0j)
0.34500000000000003	0.11902500000000002	3.811729129613501e-05	0.11906313167459823	0.0	(0.11906313167459823+0j)
0.34750000000000003	0.12075625000000002	3.814125434771913e-05	0.12079440524776544	0.0	(0.12079440524776544+0j)
0.35000000000000003	0.12250000000000003	3.8164705741461076e-05	0.12253817832225276	0.0	(0.12253817832225276+0j)
0.3525	0.12425624999999998	3.818765994087957e-05	0.12429445091201387	0.0	(0.12429445091201387+0j)
0.355	0.126025	3.821013090201476e-05	0.1260632230305182	0.0	(0.1260632230305182+0j)
0.3575	0.12780624999999998	3.8232132094645954e-05	0.1278444946907722	0.0	(0.1278444946907722+0j)
0.36	0.1296	3.82536765224818e-05	0.12963826590533542	0.0	(0.12963826590533542+0j)
0.3625	0.13140625	3.827477674237901e-05	0.13144453668634093	0.0	(0.13144453668634093+0j)
0.365	0.13322499999999998	3.829544488264292e-05	0.13326330704551237	0.0	(0.13326330704551237+0j)
0.3675	0.13505625	3.831569266045961e-05	0.13509457699417676	0.0	(0.13509457699417676+0j)
0.37	0.1369	3.8335531398506244e-05	0.13693834654328768	0.0	(0.13693834654328768+0j)
0.3725	0.13875625	3.835497204078381e-05	0.13879461570343346	0.0	(0.13879461570343346+0j)
0.375	0.140625	3.837402516771341e-05	0.1406633844848544	0.0	(0.1406633844848544+0j)
0.3775	0.14250625	3.8392701010535096e-05	0.14254465289745705	0.0	(0.14254465289745705+0j)
0.38	0.1444	3.8411009465045774e-05	0.14443842095082526	0.0	(0.14443842095082526+0j)
0.3825	0.14630625	3.842896010471065e-05	0.14634468865423497	0.0	(0.14634468865423497+0j)
0.385	0.148225	3.8446562193180665e-05	0.14826345601666452	0.0	(0.14826345601666452+0j)
0.3875	0.15015625000000002	3.846382469624642e-05	0.1501947230468031	0.0	(0.1501947230468031+0j)
0.39	0.1521	3.848075629325748e-05	0.15213848975307048	0.0	(0.15213848975307048+0j)
0.3925	0.15405625	3.8497365388034175e-05	0.15409475614361778	0.0	(0.15409475614361778+0j)
0.395	0.15602500000000002	3.8513660119297415e-05	0.1560635222263414	0.0	(0.1560635222263414+0j)
0.3975	0.15800625000000001	3.852964837064092e-05	0.15804478800889504	0.0	(0.15804478800889504+0j)
0.4	0.16000000000000003	3.854533778006842e-05	0.16003855349869384	0.0	(0.16003855349869384+0j)
0.4025	0.16200625000000002	3.856073574911755e-05	0.16204481870292606	0.0	(0.16204481870292606+0j)
0.405	0.16402500000000003	3.85758494515907e-05	0.16406358362856255	0.0	(0.16406358362856255+0j)
0.40750000000000003	0.16605625000000002	3.859068584191211e-05	0.16609484828235985	0.0	(0.16609484828235985+0j)
0.41000000000000003	0.16810000000000003	3.860525166312929e-05	0.16813861267087254	0.0	(0.16813861267087254+0j)
0.41250000000000003	0.17015625000000004	3.861955345457608e-05	0.1701948768004595	0.0	(0.1701948768004595+0j)
0.41500000000000004	0.17222500000000002	3.863359755921353e-05	0.17226364067728941	0.0	(0.17226364067728941+0j)
0.4175	0.17430625	3.8647390130664e-05	0.17434490430735033	0.0	(0.17434490430735033+0j)
0.42	0.17639999999999997	3.8660937139953034e-05	0.17643866769645095	0.0	(0.17643866769645095+0j)
0.4225	0.17850624999999998	3.867424438197285e-05	0.17854493085023282	0.0	(0.17854493085023282+0j)
0.425	0.18062499999999998	3.868731748168044e-05	0.1806636937741719	0.0	(0.1806636937741719+0j)
0.4275	0.18275624999999998	3.870016190004271e-05	0.18279495647358487	0.0	(0.18279495647358487+0j)
0.43	0.18489999999999998	3.871278293974036e-05	0.18493871895364114	0.0	(0.18493871895364114+0j)
0.4325	0.18705625	3.872518575064168e-05	0.18709498121935497	0.0	(0.18709498121935497+0j)
0.435	0.189225	3.873737533505671e-05	0.1892637432756037	0.0	(0.1892637432756037+0j)
0.4375	0.19140625	3.8749356552781865e-05	0.19144500512712495	0.0	(0.19144500512712495+0j)
0.44	0.1936	3.876113412594455e-05	0.19363876677852107	0.0	(0.19363876677852107+0j)
0.4425	0.19580625000000002	3.877271264365662e-05	0.19584502823426847	0.0	(0.19584502823426847+0j)
0.445	0.198025	3.878409656648542e-05	0.19806378949872172	0.0	(0.19806378949872172+0j)
0.4475	0.20025625	3.879529023075046e-05	0.200295050576109	0.0	(0.200295050576109+0j)
0.45	0.2025	3.880629785265349e-05	0.20253881147054711	0.0	(0.20253881147054711+0j)
0.4525	0.20475625	3.881712353224923e-05	0.2047950721860356	0.0	(0.2047950721860356+0j)
0.455	0.20702500000000001	3.88277712572638e-05	0.2070638327264716	0.0	(0.2070638327264716+0j)
0.4575	0.20930625000000003	3.8838244906767646e-05	0.20934509309564098	0.0	(0.20934509309564098+0j)
0.46	0.2116	3.8848548254708856e-05	0.21163885329723292	0.0	(0.21163885329723292+0j)
0.4625	0.21390625000000002	3.885868497331338e-05	0.21394511333483343	0.0	(0.21394511333483343+0j)
0.465	0.21622500000000003	3.886865863635749e-05	0.2162638732119343	0.0	(0.2162638732119343+0j)
0.4675	0.21855625000000004	3.8878472722318134e-05	0.21859513293193944	0.0	(0.21859513293193944+0j)
0.47000000000000003	0.22090000000000004	3.88881306174063e-05	0.2209388924981557	0.0	(0.2209388924981557+0j)
0.47250000000000003	0.22325625000000002	3.8897635618488267e-05	0.22329515191381116	0.0	(0.22329515191381116+0j)
0.47500000000000003	0.22562500000000002	3.8906990935899624e-05	0.22566391118204174	0.0	(0.22566391118204174+0j)
0.47750000000000004	0.22800625000000002	3.8916199696156344e-05	0.2280451703059085	0.0	(0.2280451703059085+0j)
0.48	0.2304	3.8925264944567286e-05	0.23043892928838966	0.0	(0.23043892928838966+0j)
0.4825	0.23280625	3.8934189647752245e-05	0.2328451881323881	0.0	(0.2328451881323881+0j)
0.485	0.235225	3.89429766960693e-05	0.23526394684073632	0.0	(0.23526394684073632+0j)
0.4875	0.23765624999999999	3.895162890595532e-05	0.2376952054161883	0.0	(0.2376952054161883+0j)
0.49	0.24009999999999998	3.896014902218304e-05	0.24013896386143616	0.0	(0.24013896386143616+0j)
0.4925	0.24255625	3.8968539720038203e-05	0.2425952221790932	0.0	(0.2425952221790932+0j)
0.495	0.245025	3.897680360741984e-05	0.24506398037172145	0.0	(0.24506398037172145+0j)
0.4975	0.24750625	3.8984943226866944e-05	0.24754523844180568	0.0	(0.24754523844180568+0j)
0.5	0.25	3.899296105751436e-05	0.2500389963917801	0.0	(0.2500389963917801+0j)
0.5025000000000001	0.25250625000000004	3.9000859516980694e-05	0.25254525422401164	0.0	(0.25254525422401164+0j)
0.505	0.255025	3.9008640963190994e-05	0.25506401194081485	0.0	(0.25506401194081485+0j)
0.5075000000000001	0.25755625000000004	3.901630769613676e-05	0.25759526954443973	0.0	(0.25759526954443973+0j)
0.51	0.2601	3.9023861959575644e-05	0.260139027037091	0.0	(0.260139027037091+0j)
0.5125	0.26265625	3.903130594267332e-05	0.262695284420911	0.0	(0.262695284420911+0j)
0.515	0.265225	3.903864178158965e-05	0.2652640416980017	0.0	(0.2652640416980017+0j)
0.5175	0.26780624999999997	3.904587156101138e-05	0.2678452988704035	0.0	(0.2678452988704035+0j)
0.52	0.27040000000000003	3.905299731563335e-05	0.27043905594011464	0.0	(0.27043905594011464+0j)
0.5225	0.27300624999999995	3.906002103159019e-05	0.2730453129090833	0.0	(0.2730453129090833+0j)
0.525	0.275625	3.906694464784052e-05	0.2756640697792174	0.0	(0.2756640697792174+0j)
0.5275	0.27825625	3.9073770057505205e-05	0.27829532655236927	0.0	(0.27829532655236927+0j)
0.53	0.28090000000000004	3.908049910916156e-05	0.2809390832303566	0.0	(0.2809390832303566+0j)
0.5325	0.28355624999999995	3.9087133608095196e-05	0.28359533981495105	0.0	(0.28359533981495105+0j)
0.535	0.286225	3.909367531751093e-05	0.2862640963078889	0.0	(0.2862640963078889+0j)
0.5375	0.28890625	3.910012595970441e-05	0.2889453527108556	0.0	(0.2889453527108556+0j)
0.54	0.2916	3.910648721719582e-05	0.2916391090255095	0.0	(0.2916391090255095+0j)
0.5425	0.29430625	3.9112760733827136e-05	0.2943453652534634	0.0	(0.2943453652534634+0j)
0.545	0.29702500000000004	3.91189481158242e-05	0.29706412139629496	0.0	(0.29706412139629496+0j)
0.5475	0.29975625	3.912505093282498e-05	0.29979537745554924	0.0	(0.29979537745554924+0j)
0.55	0.30250000000000005	3.9131070718875094e-05	0.30253913343273386	0.0	(0.30253913343273386+0j)
0.5525	0.30525625	3.913700897339195e-05	0.30529538932932204	0.0	(0.30529538932932204+0j)
0.555	0.30802500000000005	3.9142867162098515e-05	0.30806414514675584	0.0	(0.30806414514675584+0j)
0.5575	0.31080625	3.914864671792791e-05	0.31084540088644175	0.0	(0.31084540088644175+0j)
0.56	0.31360000000000005	3.9154349041899636e-05	0.31363915654976376	0.0	(0.31363915654976376+0j)
0.5625	0.31640625	3.915997550396882e-05	0.3164454121380648	0.0	(0.3164454121380648+0j)
0.5650000000000001	0.3192250000000001	3.916552744384902e-05	0.3192641676526621	0.0	(0.3192641676526621+0j)
0.5675	0.32205625	3.917100617180985e-05	0.3220954230948469	0.0	(0.3220954230948469+0j)
0.5700000000000001	0.3249000000000001	3.917641296945008e-05	0.3249391784658831	0.0	(0.3249391784658831+0j)
0.5725	0.32775625	3.91817490904472e-05	0.3277954337669988	0.0	(0.3277954337669988+0j)
0.5750000000000001	0.33062500000000006	3.918701576128425e-05	0.33066418899940686	0.0	(0.33066418899940686+0j)
0.5775	0.33350625	3.9192214181954575e-05	0.3335454441642865	0.0	(0.3335454441642865+0j)
0.58	0.3364	3.919734552664545e-05	0.33643919926279126	0.0	(0.33643919926279126+0j)
0.5825	0.33930625000000003	3.920241094440121e-05	0.33934545429605706	0.0	(0.33934545429605706+0j)
0.585	0.34222499999999995	3.920741155976653e-05	0.342264209265187	0.0	(0.342264209265187+0j)
0.5875	0.34515625000000005	3.921234847341061e-05	0.34519546417127117	0.0	(0.34519546417127117+0j)
0.59	0.34809999999999997	3.92172227627329e-05	0.348139219015365	0.0	(0.348139219015365+0j)
0.5925	0.35105625	3.922203548245097e-05	0.35109547379850764	0.0	(0.35109547379850764+0j)
0.595	0.354025	3.9226787665171084e-05	0.35406422852172104	0.0	(0.35406422852172104+0j)
0.5975	0.35700625	3.9231480321942184e-05	0.3570454831860017	0.0	(0.3570454831860017+0j)
0.6	0.36	3.923611444279365e-05	0.36003923779231956	0.0	(0.36003923779231956+0j)
0.6025	0.36300625000000003	3.9240690997257525e-05	0.36304549234163197	0.0	(0.36304549234163197+0j)
0.605	0.366025	3.92452109348757e-05	0.3660642468348784	0.0	(0.3660642468348784+0j)
0.6075	0.36905625000000003	3.924967518569244e-05	0.36909550127297386	0.0	(0.36909550127297386+0j)
0.61	0.3721	3.925408466073286e-05	0.37213925565681416	0.0	(0.37213925565681416+0j)
0.6125	0.3751562500000001	3.925844025246773e-05	0.37519550998728507	0.0	(0.37519550998728507+0j)
0.615	0.378225	3.9262742835265147e-05	0.3782642642652409	0.0	(0.3782642642652409+0j)
0.6175	0.38130625000000007	3.926699326582933e-05	0.38134551849153425	0.0	(0.38134551849153425+0j)
0.62	0.3844	3.927119238362714e-05	0.3844392726669889	0.0	(0.3844392726669889+0j)
0.6225	0.38750625000000005	3.927534101130259e-05	0.3875455267924151	0.0	(0.3875455267924151+0j)
0.625	0.390625	3.9279439955079774e-05	0.3906642808686143	0.0	(0.3906642808686143+0j)
0.6275000000000001	0.3937562500000001	3.928349000515461e-05	0.3937955348963605	0.0	(0.3937955348963605+0j)
0.63	0.39690000000000003	3.92874919360757e-05	0.39693928887641955	0.0	(0.39693928887641955+0j)
0.6325000000000001	0.40005625000000006	3.9291446507114675e-05	0.40009554280954296	0.0	(0.40009554280954296+0j)
0.635	0.403225	3.929535446262634e-05	0.40326429669646013	0.0	(0.40326429669646013+0j)
0.6375000000000001	0.4064062500000001	3.929921653239899e-05	0.40644555053789605	0.0	(0.40644555053789605+0j)
0.64	0.4096	3.9303033431995155e-05	0.40963930433455514	0.0	(0.40963930433455514+0j)
0.6425	0.41280624999999993	3.930680586308302e-05	0.41284555808713264	0.0	(0.41284555808713264+0j)
0.645	0.41602500000000003	3.931053451375896e-05	0.41606431179630415	0.0	(0.41606431179630415+0j)
0.6475	0.41925624999999994	3.931422005886136e-05	0.4192955654627381	0.0	(0.4192955654627381+0j)
0.65	0.42250000000000004	3.9317863160275924e-05	0.42253931908708847	0.0	(0.42253931908708847+0j)
0.6525	0.42575624999999995	3.932146446723289e-05	0.4257955726699901	0.0	(0.4257955726699901+0j)
0.655	0.42902500000000005	3.9325024616596305e-05	0.429064326212088	0.0	(0.429064326212088+0j)
0.6575	0.43230624999999995	3.9328544233145604e-05	0.43234557971398346	0.0	(0.43234557971398346+0j)
0.66	0.43560000000000004	3.9332023929849715e-05	0.4356393331762862	0.0	(0.4356393331762862+0j)
0.6625	0.43890625	3.9335464308133975e-05	0.4389455865995927	0.0	(0.4389455865995927+0j)
0.665	0.44222500000000003	3.9338865958140056e-05	0.44226433998448594	0.0	(0.44226433998448594+0j)
0.6675	0.44555625	3.934222945897898e-05	0.4455955933315391	0.0	(0.4455955933315391+0j)
0.67	0.4489000000000001	3.9345555378977694e-05	0.44893934664131063	0.0	(0.44893934664131063+0j)
0.6725	0.45225624999999997	3.9348844275919084e-05	0.4522955999143498	0.0	(0.4522955999143498+0j)
0.675	0.45562500000000006	3.9352096697275904e-05	0.4556643531512029	0.0	(0.4556643531512029+0j)
0.6775	0.45900625	3.935531318043862e-05	0.45904560635239605	0.0	(0.45904560635239605+0j)
0.68	0.4624000000000001	3.935849425293735e-05	0.46243935951845727	0.0	(0.46243935951845727+0j)
0.6825	0.46580625	3.9361640432658265e-05	0.4658456126498993	0.0	(0.4658456126498993+0j)
0.685	0.46922500000000006	3.93647522280543e-05	0.46926436574721186	0.0	(0.46926436574721186+0j)
0.6875	0.47265625	3.936783013835064e-05	0.472695618810906	0.0	(0.472695618810906+0j)
0.6900000000000001	0.4761000000000001	3.937087465374496e-05	0.47613937184145066	0.0	(0.47613937184145066+0j)
0.6925	0.47955625	3.937388625560258e-05	0.4795956248393338	0.0	(0.4795956248393338+0j)
0.6950000000000001	0.4830250000000001	3.9376865416646796e-05	0.48306437780501704	0.0	(0.48306437780501704+0j)
0.6975	0.48650625000000003	3.937981260114435e-05	0.48654563073895823	0.0	(0.48654563073895823+0j)
0.7000000000000001	0.4900000000000001	3.938272826508635e-05	0.49003938364161476	0.0	(0.49003938364161476+0j)
0.7025	0.49350625000000004	3.938561285636463e-05	0.4935456365134228	0.0	(0.4935456365134228+0j)
0.705	0.49702499999999994	3.938846681494382e-05	0.4970643893548187	0.0	(0.4970643893548187+0j)
0.7075	0.50055625	3.939129057302904e-05	0.5005956421662342	0.0	(0.5005956421662342+0j)
0.71	0.5041	3.93940845552296e-05	0.5041393949480877	0.0	(0.5041393949480877+0j)
0.7125	0.50765625	3.9396849178718635e-05	0.5076956477007886	0.0	(0.5076956477007886+0j)
0.715	0.5112249999999999	3.939958485338878e-05	0.511264400424746	0.0	(0.511264400424746+0j)
0.7175	0.51480625	3.940229198200419e-05	0.5148456531203601	0.0	(0.5148456531203601+0j)
0.72	0.5184	3.940497096034871e-05	0.5184394057880208	0.0	(0.5184394057880208+0j)
0.7225	0.52200625	3.940762217737059e-05	0.522045658428109	0.0	(0.522045658428109+0j)
0.725	0.525625	3.941024601532367e-05	0.5256644110410059	0.0	(0.5256644110410059+0j)
0.7275	0.5292562500000001	3.941284284990515e-05	0.529295663627082	0.0	(0.529295663627082+0j)
0.73	0.5328999999999999	3.941541305039011e-05	0.5329394161867137	0.0	(0.5329394161867137+0j)
0.7325	0.5365562500000001	3.9417956979762746e-05	0.5365956687202499	0.0	(0.5365956687202499+0j)
0.735	0.540225	3.9420474994844596e-05	0.5402644212280362	0.0	(0.5402644212280362+0j)
0.7375	0.54390625	3.9422967446419636e-05	0.5439456737104352	0.0	(0.5439456737104352+0j)
0.74	0.5476	3.942543467935647e-05	0.5476394261677833	0.0	(0.5476394261677833+0j)
0.7425	0.5513062500000001	3.942787703272761e-05	0.5513456786004127	0.0	(0.5513456786004127+0j)
0.745	0.555025	3.943029483992601e-05	0.5550644310086624	0.0	(0.5550644310086624+0j)
0.7475	0.5587562500000001	3.943268842877882e-05	0.5587956833928435	0.0	(0.5587956833928435+0j)
0.75	0.5625	3.943505812165852e-05	0.562539435753287	0.0	(0.562539435753287+0j)
0.7525000000000001	0.5662562500000001	3.9437404235591474e-05	0.5662956880903025	0.0	(0.5662956880903025+0j)
0.755	0.570025	3.943972708236401e-05	0.5700644404041952	0.0	(0.5700644404041952+0j)
0.7575000000000001	0.5738062500000001	3.9442026968625906e-05	0.5738456926952737	0.0	(0.5738456926952737+0j)
0.76	0.5776	3.944430419599172e-05	0.5776394449638385	0.0	(0.5776394449638385+0j)
0.7625000000000001	0.5814062500000001	3.944655906113961e-05	0.5814456972101807	0.0	(0.5814456972101807+0j)
0.765	0.585225	3.944879185590797e-05	0.5852644494345877	0.0	(0.5852644494345877+0j)
0.7675000000000001	0.5890562500000001	3.945100286738992e-05	0.5890957016373464	0.0	(0.5890957016373464+0j)
0.77	0.5929	3.94531923780255e-05	0.5929394538187374	0.0	(0.5929394538187374+0j)
0.7725	0.59675625	3.945536066569198e-05	0.596795705979029	0.0	(0.596795705979029+0j)
0.775	0.6006250000000001	3.945750800379195e-05	0.6006644581185023	0.0	(0.6006644581185023+0j)
0.7775	0.6045062499999999	3.945963466133956e-05	0.6045457102374191	0.0	(0.6045457102374191+0j)
0.78	0.6084	3.946174090304473e-05	0.6084394623360414	0.0	(0.6084394623360414+0j)
0.7825	0.6123062499999999	3.9463826989395575e-05	0.6123457144146293	0.0	(0.6123457144146293+0j)
0.785	0.616225	3.9465893176738905e-05	0.616264466473435	0.0	(0.616264466473435+0j)
0.7875	0.62015625	3.946793971735903e-05	0.6201957185127103	0.0	(0.6201957185127103+0j)
0.79	0.6241000000000001	3.9469966859554724e-05	0.6241394705326992	0.0	(0.6241394705326992+0j)
0.7925	0.62805625	3.9471974847714565e-05	0.6280957225336475	0.0	(0.6280957225336475+0j)
0.795	0.6320250000000001	3.94739639223906e-05	0.6320644745157866	0.0	(0.6320644745157866+0j)
0.7975	0.63600625	3.947593432037039e-05	0.636045726479358	0.0	(0.636045726479358+0j)
0.8	0.6400000000000001	3.9477886274747475e-05	0.6400394784245945	0.0	(0.6400394784245945+0j)
0.8025	0.64400625	3.9479820014990324e-05	0.644045730351716	0.0	(0.644045730351716+0j)
0.805	0.6480250000000001	3.948173576700976e-05	0.6480644822609528	0.0	(0.6480644822609528+0j)
0.8075	0.65205625	3.9483633753224976e-05	0.6520957341525205	0.0	(0.6520957341525205+0j)
0.81	0.6561000000000001	3.948551419262806e-05	0.6561394860266418	0.0	(0.6561394860266418+0j)
0.8125	0.66015625	3.948737730084717e-05	0.660195737883522	0.0	(0.660195737883522+0j)
0.8150000000000001	0.6642250000000001	3.94892232902084e-05	0.6642644897233824	0.0	(0.6642644897233824+0j)
0.8175	0.66830625	3.949105236979622e-05	0.6683457415464205	0.0	(0.6683457415464205+0j)
0.8200000000000001	0.6724000000000001	3.94928647455127e-05	0.6724394933528537	0.0	(0.6724394933528537+0j)
0.8225	0.67650625	3.949466062013546e-05	0.676545745142872	0.0	(0.676545745142872+0j)
0.8250000000000001	0.6806250000000001	3.9496440193374396e-05	0.6806644969166736	0.0	(0.6806644969166736+0j)
0.8275	0.6847562500000001	3.9498203661927214e-05	0.6847957486744567	0.0	(0.6847957486744567+0j)
0.8300000000000001	0.6889000000000001	3.949995121953376e-05	0.6889395004164125	0.0	(0.6889395004164125+0j)
0.8325	0.69305625	3.950168305702925e-05	0.6930957521427346	0.0	(0.6930957521427346+0j)
0.835	0.697225	3.9503399362396374e-05	0.6972645038536046	0.0	(0.6972645038536046+0j)
0.8375	0.70140625	3.9505100320816306e-05	0.7014457555492082	0.0	(0.7014457555492082+0j)
0.84	0.7055999999999999	3.950678611471864e-05	0.7056395072297242	0.0	(0.7056395072297242+0j)
0.8425	0.7098062500000001	3.950845692383033e-05	0.7098457588953295	0.0	(0.7098457588953295+0j)
0.845	0.7140249999999999	3.9510112925223595e-05	0.714064510546209	0.0	(0.714064510546209+0j)
0.8475	0.71825625	3.9511754293362805e-05	0.7182957621825306	0.0	(0.7182957621825306+0j)
0.85	0.7224999999999999	3.951338120015049e-05	0.7225395138044565	0.0	(0.7225395138044565+0j)
0.8525	0.7267562500000001	3.951499381497228e-05	0.7267957654121727	0.0	(0.7267957654121727+0j)
0.855	0.7310249999999999	3.9516592304741053e-05	0.7310645170058278	0.0	(0.7310645170058278+0j)
0.8575	0.73530625	3.9518176833940106e-05	0.7353457685855896	0.0	(0.7353457685855896+0j)
0.86	0.7395999999999999	3.951974756466547e-05	0.7396395201516273	0.0	(0.7396395201516273+0j)
0.8625	0.7439062500000001	3.9521304656667356e-05	0.7439457717040905	0.0	(0.7439457717040905+0j)
0.865	0.748225	3.95228482673908e-05	0.7482645232431374	0.0	(0.7482645232431374+0j)
0.8675	0.75255625	3.952437855201544e-05	0.7525957747689241	0.0	(0.7525957747689241+0j)
0.87	0.7569	3.9525895663494555e-05	0.7569395262816012	0.0	(0.7569395262816012+0j)
0.8725	0.7612562500000001	3.952739975259323e-05	0.7612957777813162	0.0	(0.7612957777813162+0j)
0.875	0.765625	3.952889096792584e-05	0.7656645292682231	0.0	(0.7656645292682231+0j)
0.8775000000000001	0.7700062500000001	3.953036945599281e-05	0.7700457807424628	0.0	(0.7700457807424628+0j)
0.88	0.7744	3.953183536121652e-05	0.7744395322041772	0.0	(0.7744395322041772+0j)
0.8825000000000001	0.7788062500000001	3.95332888259766e-05	0.7788457836535108	0.0	(0.7788457836535108+0j)
0.885	0.7832250000000001	3.9534729990644536e-05	0.7832645350906092	0.0	(0.7832645350906092+0j)
0.8875000000000001	0.7876562500000002	3.953615899361752e-05	0.7876957865155916	0.0	(0.7876957865155916+0j)
0.89	0.7921	3.953757597135173e-05	0.7921395379286096	0.0	(0.7921395379286096+0j)
0.8925000000000001	0.7965562500000001	3.9538981058394834e-05	0.7965957893297956	0.0	(0.7965957893297956+0j)
0.895	0.801025	3.9540374387418e-05	0.8010645407192806	0.0	(0.8010645407192806+0j)
0.8975	0.80550625	3.954175608924715e-05	0.8055457920971927	0.0	(0.8055457920971927+0j)
0.9	0.81	3.954312629289375e-05	0.8100395434636667	0.0	(0.8100395434636667+0j)
0.9025	0.81450625	3.954448512558486e-05	0.8145457948188243	0.0	(0.8145457948188243+0j)
0.905	0.819025	3.954583271279268e-05	0.819064546162801	0.0	(0.819064546162801+0j)
0.9075	0.82355625	3.9547169178263554e-05	0.8235957974957251	0.0	(0.8235957974957251+0j)
0.91	0.8281000000000001	3.9548494644046326e-05	0.8281395488177256	0.0	(0.8281395488177256+0j)
0.9125	0.83265625	3.954980923052025e-05	0.8326958001289329	0.0	(0.8326958001289329+0j)
0.915	0.8372250000000001	3.955111305642229e-05	0.8372645514294774	0.0	(0.8372645514294774+0j)
0.9175	0.84180625	3.955240623887396e-05	0.8418458027195097	0.0	(0.8418458027195097+0j)
0.92	0.8464	3.9553688893407596e-05	0.8464395539991663	0.0	(0.8464395539991663+0j)
0.9225	0.85100625	3.955496113399219e-05	0.8510458052686047	0.0	(0.8510458052686047+0j)
0.925	0.8556250000000001	3.955622307305872e-05	0.8556645565279934	0.0	(0.8556645565279934+0j)
0.9275	0.86025625	3.955747482152493e-05	0.8602958077775263	0.0	(0.8602958077775263+0j)
0.93	0.8649000000000001	3.955871648881975e-05	0.8649395590174063	0.0	(0.8649395590174063+0j)
0.9325	0.86955625	3.955994818290721e-05	0.8695958102478618	0.0	(0.8695958102478618+0j)
0.935	0.8742250000000001	3.956117001030992e-05	0.874264561469187	0.0	(0.874264561469187+0j)
0.9375	0.87890625	3.956238207613203e-05	0.8789458126816887	0.0	(0.8789458126816887+0j)
0.9400000000000001	0.8836000000000002	3.9563584484081957e-05	0.8836395638857455	0.0	(0.8836395638857455+0j)
0.9425	0.88830625	3.956477733649445e-05	0.8883458150818008	0.0	(0.8883458150818008+0j)
0.9450000000000001	0.8930250000000001	3.956596073435244e-05	0.8930645662703773	0.0	(0.8930645662703773+0j)
0.9475	0.89775625	3.95671347773084e-05	0.8977958174520954	0.0	(0.8977958174520954+0j)
0.9500000000000001	0.9025000000000001	3.956829956370528e-05	0.9025395686276899	0.0	(0.9025395686276899+0j)
0.9525	0.90725625	3.956945519059717e-05	0.9072958197980248	0.0	(0.9072958197980248+0j)
0.9550000000000001	0.9120250000000001	3.957060175376946e-05	0.9120645709641204	0.0	(0.9120645709641204+0j)
0.9575	0.91680625	3.957173934775873e-05	0.9168458221271714	0.0	(0.9168458221271714+0j)
0.96	0.9216	3.95728680658722e-05	0.9216395732885772	0.0	(0.9216395732885772+0j)
0.9625	0.9264062500000001	3.95739880002069e-05	0.9264458244499797	0.0	(0.9264458244499797+0j)
0.965	0.931225	3.957509924166844e-05	0.9312645756132962	0.0	(0.9312645756132962+0j)
0.9675	0.93605625	3.9576201879989446e-05	0.9360958267807733	0.0	(0.9360958267807733+0j)
0.97	0.9409	3.95772960037477e-05	0.940939577955056	0.0	(0.940939577955056+0j)
0.9725	0.9457562500000001	3.957838170038392e-05	0.9457958291392796	0.0	(0.9457958291392796+0j)
0.975	0.9506249999999999	3.957945905621921e-05	0.9506645803372398	0.0	(0.9506645803372398+0j)
0.9775	0.9555062500000001	3.958052815647225e-05	0.9555458315535785	0.0	(0.9555458315535785+0j)
0.98	0.9603999999999999	3.958158908527614e-05	0.960439582794165	0.0	(0.960439582794165+0j)
0.9825	0.96530625	3.9582641925694934e-05	0.9653458340666538	0.0	(0.9653458340666538+0j)
0.985	0.970225	3.958368675973993e-05	0.9702645853815285	0.0	(0.9702645853815285+0j)
0.9875	0.9751562500000001	3.9584723668385605e-05	0.9751958367539771	0.0	(0.9751958367539771+0j)
0.99	0.9801	3.9585752731585336e-05	0.9801395882076889	0.0	(0.9801395882076889+0j)
0.9925	0.9850562500000001	3.95867740282868e-05	0.9850958397835182	0.0	(0.9850958397835182+0j)
0.995	0.990025	3.958778763644711e-05	0.9900645915625267	0.0	(0.9900645915625267+0j)
0.9975	0.9950062500000001	3.958879363304771e-05	0.9950458437468955	0.0	(0.9950458437468955+0j)
1.0	1.0	3.958979209410897e-05	1.0000395971457197	0.0	(1.0000395971457197+0j)
