-1.0	-1.0	-0.0022586777799217996	-1.0022592811360589	0.0	(-1.0022592811360589+0j)
-0.998	-0.996004	-0.002253945362217724	-0.9982584501556677	0.0	(-0.9982584501556677+0j)
-0.996	-0.992016	-0.002249201829401517	-0.9942656575393212	0.0	(-0.9942656575393212+0j)
-0.994	-0.988036	-0.002244447196455708	-0.9902808704220941	0.0	(-0.9902808704220941+0j)
-0.992	-0.9840639999999999	-0.002239681478786567	-0.9863040805331023	0.0	(-0.9863040805331023+0j)
-0.99	-0.9801	-0.0022349046922263585	-0.9823352845633817	0.0	(-0.9823352845633817+0j)
-0.988	-0.976144	-0.0022301168530355856	-0.9783744808643411	0.0	(-0.9783744808643411+0j)
-0.986	-0.972196	-0.002225317977905225	-0.9744216685007454	0.0	(-0.9744216685007454+0j)
-0.984	-0.968256	-0.0022205080839589565	-0.9704768468946758	0.0	(-0.9704768468946758+0j)
-0.982	-0.964324	-0.0022156871887553773	-0.966540015667075	0.0	(-0.966540015667075+0j)
-0.98	-0.9603999999999999	-0.0022108553102902113	-0.9626111745584262	0.0	(-0.9626111745584262+0j)
-0.978	-0.956484	-0.00220601246699851	-0.9586903233854547	0.0	(-0.9586903233854547+0j)
-0.976	-0.952576	-0.002201158677756836	-0.9547774620158748	0.0	(-0.9547774620158748+0j)
-0.974	-0.948676	-0.0021962939618854443	-0.950872590352819	0.0	(-0.950872590352819+0j)
-0.972	-0.944784	-0.002191418339150452	-0.9469757083248452	0.0	(-0.9469757083248452+0j)
-0.97	-0.9409	-0.002186531829765992	-0.943086815879286	0.0	(-0.943086815879286+0j)
-0.968	-0.937024	-0.002181634454396361	-0.9392059129776441	0.0	(-0.9392059129776441+0j)
-0.966	-0.933156	-0.002176726234158155	-0.9353329995923773	0.0	(-0.9353329995923773+0j)
-0.964	-0.9292959999999999	-0.002171807190622395	-0.9314680757045481	0.0	(-0.9314680757045481+0j)
-0.962	-0.9254439999999999	-0.0021668773458166364	-0.9276111413021171	0.0	(-0.9276111413021171+0j)
-0.96	-0.9216	-0.002161936722227071	-0.9237621963786451	0.0	(-0.9237621963786451+0j)
-0.9580000000000001	-0.9177640000000001	-0.002156985342800617	-0.9199212409323249	0.0	(-0.9199212409323249+0j)
-0.9560000000000001	-0.9139360000000002	-0.002152023230946994	-0.9160882749652182	0.0	(-0.9160882749652182+0j)
-0.9540000000000001	-0.9101160000000001	-0.0021470504105407864	-0.9122632984826433	0.0	(-0.9122632984826433+0j)
-0.9520000000000001	-0.9063040000000001	-0.0021420669059234983	-0.9084463114927466	0.0	(-0.9084463114927466+0j)
-0.9500000000000001	-0.9025000000000001	-0.0021370727419055854	-0.9046373140061017	0.0	(-0.9046373140061017+0j)
-0.9480000000000001	-0.8987040000000002	-0.002132067943768486	-0.9008363060354077	0.0	(-0.9008363060354077+0j)
-0.9460000000000001	-0.8949160000000002	-0.002127052537266631	-0.8970432875952576	0.0	(-0.8970432875952576+0j)
-0.9440000000000001	-0.8911360000000002	-0.0021220265486294365	-0.8932582587019199	0.0	(-0.8932582587019199+0j)
-0.9420000000000001	-0.8873640000000002	-0.0021169900045632964	-0.8894812193732037	0.0	(-0.8894812193732037+0j)
-0.9400000000000001	-0.8836000000000002	-0.0021119429322535455	-0.8857121696282725	0.0	(-0.8857121696282725+0j)
-0.9380000000000001	-0.8798440000000001	-0.002106885359366417	-0.8819511094875832	0.0	(-0.8819511094875832+0j)
-0.936	-0.8760960000000001	-0.0021018173140509833	-0.8781980389727314	0.0	(-0.8781980389727314+0j)
-0.934	-0.8723560000000001	-0.002096738824941081	-0.8744529581064384	0.0	(-0.8744529581064384+0j)
-0.932	-0.8686240000000001	-0.0020916499211572214	-0.8707158669124154	0.0	(-0.8707158669124154+0j)
-0.93	-0.8649000000000001	-0.0020865506323084863	-0.8669867654153385	0.0	(-0.8669867654153385+0j)
-0.928	-0.8611840000000001	-0.002081440988494406	-0.8632656536407988	0.0	(-0.8632656536407988+0j)
-0.926	-0.8574760000000001	-0.0020763210203068243	-0.8595525316152445	0.0	(-0.8595525316152445+0j)
-0.924	-0.8537760000000001	-0.002071190758831743	-0.855847399365961	0.0	(-0.855847399365961+0j)
-0.922	-0.8500840000000001	-0.002066050235651159	-0.8521502569210218	0.0	(-0.8521502569210218+0j)
-0.92	-0.8464	-0.002060899482844871	-0.8484611043092558	0.0	(-0.8484611043092558+0j)
-0.918	-0.842724	-0.0020557385329922806	-0.8447799415602574	0.0	(-0.8447799415602574+0j)
-0.916	-0.839056	-0.0020505674191741746	-0.8411067687043154	0.0	(-0.8411067687043154+0j)
-0.914	-0.835396	-0.0020453861749744834	-0.8374415857724442	0.0	(-0.8374415857724442+0j)
-0.912	-0.831744	-0.0020401948344820286	-0.8337843927963156	0.0	(-0.8337843927963156+0j)
-0.91	-0.8281000000000001	-0.0020349934322922525	-0.8301351898082969	0.0	(-0.8301351898082969+0j)
-0.908	-0.8244640000000001	-0.002029782003508921	-0.8264939768414024	0.0	(-0.8264939768414024+0j)
-0.906	-0.820836	-0.0020245605837458224	-0.8228607539292838	0.0	(-0.8228607539292838+0j)
-0.904	-0.817216	-0.002019329209128433	-0.8192355211062506	0.0	(-0.8192355211062506+0j)
-0.902	-0.813604	-0.0020140879162955753	-0.8156182784072196	0.0	(-0.8156182784072196+0j)
-0.9	-0.81	-0.0020088367424010486	-0.81200902586774	0.0	(-0.81200902586774+0j)
-0.898	-0.806404	-0.0020035757251152457	-0.8084077635239683	0.0	(-0.8084077635239683+0j)
-0.896	-0.8028160000000001	-0.001998304902626748	-0.8048144914126734	0.0	(-0.8048144914126734+0j)
-0.894	-0.7992360000000001	-0.0019930243136439	-0.801229209571223	0.0	(-0.801229209571223+0j)
-0.892	-0.795664	-0.0019877339973963667	-0.797651918037588	0.0	(-0.797651918037588+0j)
-0.89	-0.7921	-0.0019824339936366673	-0.7940826168503272	0.0	(-0.7940826168503272+0j)
-0.888	-0.788544	-0.0019771243426416874	-0.7905213060485798	0.0	(-0.7905213060485798+0j)
-0.886	-0.784996	-0.001971805085214177	-0.7869679856720909	0.0	(-0.7869679856720909+0j)
-0.884	-0.781456	-0.001966476262684218	-0.7834226557611861	0.0	(-0.7834226557611861+0j)
-0.882	-0.7779240000000001	-0.0019611379169106797	-0.779885316356758	0.0	(-0.779885316356758+0j)
-0.88	-0.7744	-0.001955790090282644	-0.7763559675002885	0.0	(-0.7763559675002885+0j)
-0.878	-0.770884	-0.0019504328257208166	-0.772834609233844	0.0	(-0.772834609233844+0j)
-0.876	-0.767376	-0.0019450661666789118	-0.7693212416000494	0.0	(-0.7693212416000494+0j)
-0.874	-0.763876	-0.0019396901571450136	-0.7658158646421231	0.0	(-0.7658158646421231+0j)
-0.872	-0.760384	-0.0019343048416429164	-0.7623184784038394	0.0	(-0.7623184784038394+0j)
-0.87	-0.7569	-0.0019289102652334479	-0.7588290829295538	0.0	(-0.7588290829295538+0j)
-0.868	-0.753424	-0.0019235064735157556	-0.755347678264194	0.0	(-0.755347678264194+0j)
-0.866	-0.749956	-0.0019180935126285861	-0.7518742644532559	0.0	(-0.7518742644532559+0j)
-0.864	-0.7464959999999999	-0.0019126714292515279	-0.7484088415428019	0.0	(-0.7484088415428019+0j)
-0.862	-0.7430439999999999	-0.0019072402706062357	-0.7449514095794642	0.0	(-0.7449514095794642+0j)
-0.86	-0.7395999999999999	-0.001901800084457634	-0.741501968610449	0.0	(-0.741501968610449+0j)
-0.858	-0.7361639999999999	-0.0018963509191150894	-0.7380605186835365	0.0	(-0.7380605186835365+0j)
-0.856	-0.7327359999999999	-0.0018908928234335634	-0.734627059847062	0.0	(-0.734627059847062+0j)
-0.854	-0.729316	-0.001885425846814737	-0.7312015921499339	0.0	(-0.7312015921499339+0j)
-0.852	-0.725904	-0.001879950039208116	-0.7277841156416273	0.0	(-0.7277841156416273+0j)
-0.85	-0.7224999999999999	-0.0018744654511121017	-0.7243746303721936	0.0	(-0.7243746303721936+0j)
-0.848	-0.719104	-0.0018689721335750477	-0.7209731363922375	0.0	(-0.7209731363922375+0j)
-0.846	-0.7157159999999999	-0.001863470138196279	-0.717579633752952	0.0	(-0.717579633752952+0j)
-0.844	-0.712336	-0.001857959517127096	-0.7141941225060833	0.0	(-0.7141941225060833+0j)
-0.842	-0.7089639999999999	-0.0018524403230717437	-0.7108166027039466	0.0	(-0.7108166027039466+0j)
-0.84	-0.7055999999999999	-0.0018469126092883607	-0.7074470743994284	0.0	(-0.7074470743994284+0j)
-0.838	-0.702244	-0.0018413764295898962	-0.7040855376459871	0.0	(-0.7040855376459871+0j)
-0.836	-0.698896	-0.0018358318383450052	-0.7007319924976482	0.0	(-0.7007319924976482+0j)
-0.834	-0.695556	-0.001830278890478914	-0.6973864390090057	0.0	(-0.6973864390090057+0j)
-0.8320000000000001	-0.6922240000000002	-0.0018247176414742583	-0.6940488772352196	0.0	(-0.6940488772352196+0j)
-0.8300000000000001	-0.6889000000000001	-0.0018191481473718903	-0.69071930723202	0.0	(-0.69071930723202+0j)
-0.8280000000000001	-0.6855840000000001	-0.0018135704647716682	-0.6873977290557174	0.0	(-0.6873977290557174+0j)
-0.8260000000000001	-0.6822760000000001	-0.0018079846508332054	-0.684084142763184	0.0	(-0.684084142763184+0j)
-0.8240000000000001	-0.6789760000000001	-0.0018023907632766013	-0.6807785484118494	0.0	(-0.6807785484118494+0j)
-0.8220000000000001	-0.6756840000000001	-0.0017967888603831344	-0.6774809460597366	0.0	(-0.6774809460597366+0j)
-0.8200000000000001	-0.6724000000000001	-0.0017911790009959372	-0.67419133576543	0.0	(-0.67419133576543+0j)
-0.8180000000000001	-0.669124	-0.0017855612445206314	-0.6709097175880775	0.0	(-0.6709097175880775+0j)
-0.8160000000000001	-0.6658560000000001	-0.0017799356509259436	-0.6676360915874179	0.0	(-0.6676360915874179+0j)
-0.8140000000000001	-0.6625960000000001	-0.0017743022807442813	-0.6643704578237332	0.0	(-0.6643704578237332+0j)
-0.812	-0.659344	-0.0017686611950722916	-0.6611128163579062	0.0	(-0.6611128163579062+0j)
-0.81	-0.6561000000000001	-0.0017630124555713788	-0.6578631672513617	0.0	(-0.6578631672513617+0j)
-0.808	-0.6528640000000001	-0.0017573561244681978	-0.6546215105661262	0.0	(-0.6546215105661262+0j)
-0.806	-0.6496360000000001	-0.0017516922645551159	-0.651387846364784	0.0	(-0.651387846364784+0j)
-0.804	-0.6464160000000001	-0.001746020939190645	-0.6481621747104839	0.0	(-0.6481621747104839+0j)
-0.802	-0.6432040000000001	-0.0017403422122998385	-0.6449444956669589	0.0	(-0.6449444956669589+0j)
-0.8	-0.6400000000000001	-0.0017346561483746687	-0.641734809298514	0.0	(-0.641734809298514+0j)
-0.798	-0.636804	-0.0017289628124743557	-0.6385331156700222	0.0	(-0.6385331156700222+0j)
-0.796	-0.6336160000000001	-0.0017232622702256827	-0.6353394148469331	0.0	(-0.6353394148469331+0j)
-0.794	-0.6304360000000001	-0.0017175545878232654	-0.6321537068952658	0.0	(-0.6321537068952658+0j)
-0.792	-0.627264	-0.0017118398320298011	-0.6289759918816135	0.0	(-0.6289759918816135+0j)
-0.79	-0.6241000000000001	-0.0017061180701762762	-0.6258062698731446	0.0	(-0.6258062698731446+0j)
-0.788	-0.620944	-0.0017003893701621469	-0.6226445409375936	0.0	(-0.6226445409375936+0j)
-0.786	-0.617796	-0.0016946538004554896	-0.6194908051432767	0.0	(-0.6194908051432767+0j)
-0.784	-0.6146560000000001	-0.001688911430093111	-0.6163450625590806	0.0	(-0.6163450625590806+0j)
-0.782	-0.6115240000000001	-0.001683162328680632	-0.6132073132544619	0.0	(-0.6132073132544619+0j)
-0.78	-0.6084	-0.0016774065663925381	-0.6100775572994518	0.0	(-0.6100775572994518+0j)
-0.778	-0.605284	-0.0016716442139721914	-0.6069557947646531	0.0	(-0.6069557947646531+0j)
-0.776	-0.602176	-0.0016658753427318167	-0.6038420257212395	0.0	(-0.6038420257212395+0j)
-0.774	-0.599076	-0.0016601000245524467	-0.6007362502409545	0.0	(-0.6007362502409545+0j)
-0.772	-0.5959840000000001	-0.001654318331883841	-0.5976384683961266	0.0	(-0.5976384683961266+0j)
-0.77	-0.5929	-0.0016485303377443618	-0.5945486802596446	0.0	(-0.5945486802596446+0j)
-0.768	-0.589824	-0.0016427361157208273	-0.5914668859049715	0.0	(-0.5914668859049715+0j)
-0.766	-0.586756	-0.0016369357399683183	-0.5883930854061431	0.0	(-0.5883930854061431+0j)
-0.764	-0.583696	-0.0016311292852099592	-0.585327278837764	0.0	(-0.585327278837764+0j)
-0.762	-0.580644	-0.0016253168267366608	-0.5822694662750065	0.0	(-0.5822694662750065+0j)
-0.76	-0.5776	-0.0016194984404068289	-0.579219647793622	0.0	(-0.579219647793622+0j)
-0.758	-0.574564	-0.0016136742026460387	-0.5761778234699251	0.0	(-0.5761778234699251+0j)
-0.756	-0.571536	-0.00160784419044667	-0.5731439933807948	0.0	(-0.5731439933807948+0j)
-0.754	-0.568516	-0.0016020084813675125	-0.5701181576036942	0.0	(-0.5701181576036942+0j)
-0.752	-0.565504	-0.0015961671535333348	-0.5671003162166407	0.0	(-0.5671003162166407+0j)
-0.75	-0.5625	-0.0015903202856344105	-0.5640904692982334	0.0	(-0.5640904692982334+0j)
-0.748	-0.559504	-0.0015844679569260202	-0.5610886169276139	0.0	(-0.5610886169276139+0j)
-0.746	-0.556516	-0.0015786102472279053	-0.5580947591845172	0.0	(-0.5580947591845172+0j)
-0.744	-0.553536	-0.0015727472369236968	-0.555108896149239	0.0	(-0.555108896149239+0j)
-0.742	-0.5505639999999999	-0.0015668790069602965	-0.5521310279026259	0.0	(-0.5521310279026259+0j)
-0.74	-0.5476	-0.0015610056388472334	-0.5491611545260956	0.0	(-0.5491611545260956+0j)
-0.738	-0.544644	-0.0015551272146559737	-0.5461992761016427	0.0	(-0.5461992761016427+0j)
-0.736	-0.541696	-0.0015492438170191985	-0.543245392711809	0.0	(-0.543245392711809+0j)
-0.734	-0.538756	-0.0015433555291300446	-0.5402995044397086	0.0	(-0.5402995044397086+0j)
-0.732	-0.535824	-0.0015374624347413057	-0.5373616113690091	0.0	(-0.5373616113690091+0j)
-0.73	-0.5328999999999999	-0.0015315646181646005	-0.5344317135839404	0.0	(-0.5344317135839404+0j)
-0.728	-0.529984	-0.001525662164269499	-0.5315098111692987	0.0	(-0.5315098111692987+0j)
-0.726	-0.527076	-0.0015197551584826118	-0.5285959042104322	0.0	(-0.5285959042104322+0j)
-0.724	-0.524176	-0.0015138436867866466	-0.5256899927932631	0.0	(-0.5256899927932631+0j)
-0.722	-0.521284	-0.0015079278357194204	-0.5227920770042344	0.0	(-0.5227920770042344+0j)
-0.72	-0.5184	-0.001502007692372837	-0.5199021569303799	0.0	(-0.5199021569303799+0j)
-0.718	-0.515524	-0.0014960833443918272	-0.5170202326592759	0.0	(-0.5170202326592759+0j)
-0.716	-0.512656	-0.0014901548799732475	-0.5141463042790465	0.0	(-0.5141463042790465+0j)
-0.714	-0.5097959999999999	-0.0014842223878647441	-0.5112803718783816	0.0	(-0.5112803718783816+0j)
-0.712	-0.506944	-0.0014782859573635775	-0.5084224355465078	0.0	(-0.5084224355465078+0j)
-0.71	-0.5041	-0.0014723456783154055	-0.5055724953732141	0.0	(-0.5055724953732141+0j)
-0.708	-0.5012639999999999	-0.0014664016411130318	-0.5027305514488251	0.0	(-0.5027305514488251+0j)
-0.706	-0.49843599999999993	-0.0014604539366951125	-0.49989660386422274	0.0	(-0.49989660386422274+0j)
-0.704	-0.49561599999999995	-0.001454502656544826	-0.49707065271083617	0.0	(-0.49707065271083617+0j)
-0.7020000000000001	-0.4928040000000001	-0.0014485478926885035	-0.494252698080629	0.0	(-0.494252698080629+0j)
-0.7000000000000001	-0.4900000000000001	-0.0014425897376942173	-0.49144274006611977	0.0	(-0.49144274006611977+0j)
-0.6980000000000001	-0.4872040000000001	-0.0014366282846703343	-0.4886407787603621	0.0	(-0.4886407787603621+0j)
-0.6960000000000001	-0.48441600000000007	-0.001430663627264029	-0.4858468142569532	0.0	(-0.4858468142569532+0j)
-0.6940000000000001	-0.48163600000000006	-0.0014246958596597532	-0.4830608466500205	0.0	(-0.4830608466500205+0j)
-0.6920000000000001	-0.47886400000000007	-0.0014187250765776733	-0.48028287603424286	0.0	(-0.48028287603424286+0j)
-0.6900000000000001	-0.4761000000000001	-0.0014127513732720598	-0.4775129025048258	0.0	(-0.4775129025048258+0j)
-0.6880000000000001	-0.4733440000000001	-0.0014067748455296424	-0.47475092615750325	0.0	(-0.47475092615750325+0j)
-0.686	-0.47059600000000007	-0.0014007955896679282	-0.47199694708856	0.0	(-0.47199694708856+0j)
-0.684	-0.46785600000000005	-0.0013948137025334706	-0.4692509653947895	0.0	(-0.4692509653947895+0j)
-0.682	-0.4651240000000001	-0.0013888292815001065	-0.46651298117353046	0.0	(-0.46651298117353046+0j)
-0.68	-0.4624000000000001	-0.0013828424244671485	-0.46378299452263894	0.0	(-0.46378299452263894+0j)
-0.678	-0.45968400000000004	-0.0013768532298575418	-0.4610610055405003	0.0	(-0.4610610055405003+0j)
-0.676	-0.45697600000000005	-0.001370861796615979	-0.45834701432602376	0.0	(-0.45834701432602376+0j)
-0.674	-0.45427600000000007	-0.00136486822420697	-0.4556410209786302	0.0	(-0.4556410209786302+0j)
-0.672	-0.45158400000000004	-0.0013588726126128785	-0.45294302559827987	0.0	(-0.45294302559827987+0j)
-0.67	-0.4489000000000001	-0.001352875062331915	-0.45025302828543085	0.0	(-0.45025302828543085+0j)
-0.668	-0.44622400000000007	-0.0013468756743760897	-0.4475710291410673	0.0	(-0.4475710291410673+0j)
-0.666	-0.44355600000000006	-0.0013408745502691251	-0.44489702826667826	0.0	(-0.44489702826667826+0j)
-0.664	-0.44089600000000007	-0.0013348717920443278	-0.44223102576426954	0.0	(-0.44223102576426954+0j)
-0.662	-0.438244	-0.0013288675022424202	-0.43957302173636303	0.0	(-0.43957302173636303+0j)
-0.66	-0.43560000000000004	-0.0013228617839093312	-0.4369230162859685	0.0	(-0.4369230162859685+0j)
-0.658	-0.432964	-0.0013168547405939459	-0.4342810095166191	0.0	(-0.4342810095166191+0j)
-0.656	-0.43033600000000005	-0.0013108464763458194	-0.4316470015323394	0.0	(-0.4316470015323394+0j)
-0.654	-0.42771600000000004	-0.0013048370957128388	-0.42902099243765035	0.0	(-0.42902099243765035+0j)
-0.652	-0.42510400000000004	-0.0012988267037388574	-0.42640298233758395	0.0	(-0.42640298233758395+0j)
-0.65	-0.42250000000000004	-0.0012928154059612812	-0.42379297133765653	0.0	(-0.42379297133765653+0j)
-0.648	-0.419904	-0.0012868033084086142	-0.42119095954388497	0.0	(-0.42119095954388497+0j)
-0.646	-0.417316	-0.0012807905175979649	-0.41859694706276307	0.0	(-0.41859694706276307+0j)
-0.644	-0.41473600000000005	-0.0012747771405325137	-0.4160109340012833	0.0	(-0.4160109340012833+0j)
-0.642	-0.41216400000000003	-0.0012687632846989337	-0.4134329204669217	0.0	(-0.4134329204669217+0j)
-0.64	-0.4096	-0.0012627490580647807	-0.4108629065676355	0.0	(-0.4108629065676355+0j)
-0.638	-0.407044	-0.0012567345690758292	-0.40830089241185613	0.0	(-0.40830089241185613+0j)
-0.636	-0.404496	-0.0012507199266533799	-0.40574687810850646	0.0	(-0.40574687810850646+0j)
-0.634	-0.40195600000000004	-0.0012447052401915186	-0.40320086376696573	0.0	(-0.40320086376696573+0j)
-0.632	-0.399424	-0.0012386906195543377	-0.4006628494970999	0.0	(-0.4006628494970999+0j)
-0.63	-0.39690000000000003	-0.0012326761750731182	-0.3981328354092305	0.0	(-0.3981328354092305+0j)
-0.628	-0.394384	-0.0012266620175434646	-0.39561082161415717	0.0	(-0.39561082161415717+0j)
-0.626	-0.391876	-0.0012206482582224059	-0.3930968082231326	0.0	(-0.3930968082231326+0j)
-0.624	-0.389376	-0.0012146350088254557	-0.3905907953478767	0.0	(-0.3905907953478767+0j)
-0.622	-0.386884	-0.0012086223815236258	-0.3880927831005604	0.0	(-0.3880927831005604+0j)
-0.62	-0.3844	-0.0012026104889404034	-0.38560277159381384	0.0	(-0.38560277159381384+0j)
-0.618	-0.381924	-0.001196599444148689	-0.3831207609407099	0.0	(-0.3831207609407099+0j)
-0.616	-0.379456	-0.0011905893606676907	-0.3806467512547816	0.0	(-0.3806467512547816+0j)
-0.614	-0.376996	-0.0011845803524597777	-0.3781807426499975	0.0	(-0.3781807426499975+0j)
-0.612	-0.374544	-0.0011785725339272968	-0.37572273524076577	0.0	(-0.37572273524076577+0j)
-0.61	-0.3721	-0.0011725660199093458	-0.3732727291419421	0.0	(-0.3732727291419421+0j)
-0.608	-0.369664	-0.0011665609256785055	-0.3708307244688067	0.0	(-0.3708307244688067+0j)
-0.606	-0.367236	-0.0011605573669375372	-0.3683967213370789	0.0	(-0.3683967213370789+0j)
-0.604	-0.364816	-0.0011545554598160295	-0.36597071986289975	0.0	(-0.36597071986289975+0j)
-0.602	-0.36240399999999995	-0.0011485553208670182	-0.36355272016284335	0.0	(-0.36355272016284335+0j)
-0.6	-0.36	-0.0011425570670635513	-0.36114272235389655	0.0	(-0.36114272235389655+0j)
-0.598	-0.357604	-0.001136560815795229	-0.358740726553469	0.0	(-0.358740726553469+0j)
-0.596	-0.355216	-0.0011305666848646927	-0.3563467328793863	0.0	(-0.3563467328793863+0j)
-0.594	-0.352836	-0.001124574792484078	-0.35396074144987666	0.0	(-0.35396074144987666+0j)
-0.592	-0.35046399999999994	-0.0011185852572714293	-0.35158275238358194	0.0	(-0.35158275238358194+0j)
-0.59	-0.34809999999999997	-0.0011125981982470696	-0.3492127657995473	0.0	(-0.3492127657995473+0j)
-0.588	-0.34574399999999994	-0.0011066137348299404	-0.34685078181721346	0.0	(-0.34685078181721346+0j)
-0.586	-0.343396	-0.0011006319868338906	-0.34449680055642046	0.0	(-0.34449680055642046+0j)
-0.584	-0.34105599999999997	-0.0010946530744639323	-0.3421508221374026	0.0	(-0.3421508221374026+0j)
-0.582	-0.33872399999999997	-0.0010886771183124572	-0.33981284668077494	0.0	(-0.33981284668077494+0j)
-0.58	-0.3364	-0.0010827042393554147	-0.3374828743075463	0.0	(-0.3374828743075463+0j)
-0.578	-0.33408399999999994	-0.0010767345589484457	-0.3351609051390937	0.0	(-0.3351609051390937+0j)
-0.5760000000000001	-0.33177600000000007	-0.0010707681988229815	-0.33284693929718706	0.0	(-0.33284693929718706+0j)
-0.5740000000000001	-0.3294760000000001	-0.0010648052810823068	-0.3305409769039538	0.0	(-0.3305409769039538+0j)
-0.5720000000000001	-0.3271840000000001	-0.0010588459281975736	-0.3282430180818947	0.0	(-0.3282430180818947+0j)
-0.5700000000000001	-0.3249000000000001	-0.0010528902630037903	-0.32595306295387616	0.0	(-0.32595306295387616+0j)
-0.5680000000000001	-0.3226240000000001	-0.001046938408695762	-0.3236711116431305	0.0	(-0.3236711116431305+0j)
-0.5660000000000001	-0.3203560000000001	-0.0010409904888239944	-0.3213971642732333	0.0	(-0.3213971642732333+0j)
-0.5640000000000001	-0.31809600000000005	-0.0010350466272905626	-0.31913122096812085	0.0	(-0.31913122096812085+0j)
-0.562	-0.31584400000000007	-0.0010291069483449413	-0.3168732818520743	0.0	(-0.3168732818520743+0j)
-0.56	-0.31360000000000005	-0.0010231715765797935	-0.31462334704972	0.0	(-0.31462334704972+0j)
-0.558	-0.3113640000000001	-0.0010172406369267264	-0.312381416686019	0.0	(-0.312381416686019+0j)
-0.556	-0.3091360000000001	-0.0010113142546520036	-0.3101474908862711	0.0	(-0.3101474908862711+0j)
-0.554	-0.3069160000000001	-0.0010053925553522261	-0.30792156977610724	0.0	(-0.30792156977610724+0j)
-0.552	-0.30470400000000003	-0.0009994756649499739	-0.3057036534814754	0.0	(-0.3057036534814754+0j)
-0.55	-0.30250000000000005	-0.0009935637096894088	-0.30349374212865454	0.0	(-0.30349374212865454+0j)
-0.548	-0.30030400000000007	-0.0009876568161318398	-0.3012918358442314	0.0	(-0.3012918358442314+0j)
-0.546	-0.29811600000000005	-0.0009817551111512592	-0.2990979347551148	0.0	(-0.2990979347551148+0j)
-0.544	-0.29593600000000003	-0.0009758587219298294	-0.2969120389885082	0.0	(-0.2969120389885082+0j)
-0.542	-0.293764	-0.0009699677759533447	-0.2947341486719322	0.0	(-0.2947341486719322+0j)
-0.54	-0.2916	-0.000964082401006651	-0.2925642639331907	0.0	(-0.2925642639331907+0j)
-0.538	-0.28944400000000003	-0.0009582027251690321	-0.29040238490038783	0.0	(-0.29040238490038783+0j)
-0.536	-0.28729600000000005	-0.0009523288768095565	-0.2882485117019197	0.0	(-0.2882485117019197+0j)
-0.534	-0.285156	-0.0009464609845823959	-0.2861026444664556	0.0	(-0.2861026444664556+0j)
-0.532	-0.28302400000000005	-0.0009405991774220989	-0.28396478332294894	0.0	(-0.28396478332294894+0j)
-0.53	-0.28090000000000004	-0.0009347435845388372	-0.28183492840062946	0.0	(-0.28183492840062946+0j)
-0.528	-0.27878400000000003	-0.0009288943354136118	-0.2797130798289893	0.0	(-0.2797130798289893+0j)
-0.526	-0.27667600000000003	-0.0009230515597934294	-0.2775992377377903	0.0	(-0.2775992377377903+0j)
-0.524	-0.27457600000000004	-0.0009172153876864397	-0.2754934022570459	0.0	(-0.2754934022570459+0j)
-0.522	-0.272484	-0.0009113859493570381	-0.273395573517024	0.0	(-0.273395573517024+0j)
-0.52	-0.27040000000000003	-0.0009055633753209413	-0.2713057516482465	0.0	(-0.2713057516482465+0j)
-0.518	-0.268324	-0.0008997477963402188	-0.26922393678147005	0.0	(-0.26922393678147005+0j)
-0.516	-0.266256	-0.0008939393434182985	-0.2671501290476912	0.0	(-0.2671501290476912+0j)
-0.514	-0.264196	-0.000888138147794941	-0.2650843285781436	0.0	(-0.2650843285781436+0j)
-0.512	-0.262144	-0.0008823443409411651	-0.26302653550428196	0.0	(-0.26302653550428196+0j)
-0.51	-0.2601	-0.0008765580545541635	-0.26097674995778486	0.0	(-0.26097674995778486+0j)
-0.508	-0.258064	-0.0008707794205521654	-0.25893497207054494	0.0	(-0.25893497207054494+0j)
-0.506	-0.256036	-0.0008650085710692813	-0.2569012019746667	0.0	(-0.2569012019746667+0j)
-0.504	-0.254016	-0.0008592456384503074	-0.2548754398024615	0.0	(-0.2548754398024615+0j)
-0.502	-0.252004	-0.0008534907552454973	-0.25285768568643474	0.0	(-0.25285768568643474+0j)
-0.5	-0.25	-0.0008477440542053121	-0.25084793975929187	0.0	(-0.25084793975929187+0j)
-0.498	-0.248004	-0.000842005668275126	-0.2488462021539252	0.0	(-0.2488462021539252+0j)
-0.496	-0.24601599999999998	-0.0008362757305899117	-0.2468524730034015	0.0	(-0.2468524730034015+0j)
-0.494	-0.244036	-0.0008305543744688872	-0.24486675244097497	0.0	(-0.24486675244097497+0j)
-0.492	-0.242064	-0.0008248417334101394	-0.2428890406000658	0.0	(-0.2428890406000658+0j)
-0.49	-0.24009999999999998	-0.0008191379410852095	-0.24091933761425838	0.0	(-0.24091933761425838+0j)
-0.488	-0.238144	-0.0008134431313336577	-0.2389576436172951	0.0	(-0.2389576436172951+0j)
-0.486	-0.236196	-0.0008077574381575872	-0.23700395874307817	0.0	(-0.23700395874307817+0j)
-0.484	-0.234256	-0.0008020809957161507	-0.23505828312564833	0.0	(-0.23505828312564833+0j)
-0.482	-0.23232399999999997	-0.000796413938320019	-0.2331206168991957	0.0	(-0.2331206168991957+0j)
-0.48	-0.2304	-0.0007907564004258274	-0.2311909601980384	0.0	(-0.2311909601980384+0j)
-0.47800000000000004	-0.22848400000000005	-0.0007851085166305831	-0.22926931315662805	0.0	(-0.22926931315662805+0j)
-0.47600000000000003	-0.22657600000000003	-0.0007794704216660613	-0.22735567590953748	0.0	(-0.22735567590953748+0j)
-0.47400000000000003	-0.22467600000000004	-0.0007738422503931593	-0.22545004859145384	0.0	(-0.22545004859145384+0j)
-0.47200000000000003	-0.22278400000000004	-0.0007682241377962294	-0.22355243133717945	0.0	(-0.22355243133717945+0j)
-0.47000000000000003	-0.22090000000000004	-0.0007626162189773807	-0.22166282428161882	0.0	(-0.22166282428161882+0j)
-0.468	-0.21902400000000002	-0.0007570186291507582	-0.21978122755977372	0.0	(-0.21978122755977372+0j)
-0.466	-0.21715600000000002	-0.0007514315036368	-0.21790764130673076	0.0	(-0.21790764130673076+0j)
-0.464	-0.21529600000000002	-0.0007458549778564514	-0.21604206565767628	0.0	(-0.21604206565767628+0j)
-0.462	-0.21344400000000002	-0.0007402891873253729	-0.21418450074786208	0.0	(-0.21418450074786208+0j)
-0.46	-0.2116	-0.0007347342676481107	-0.21233494671261563	0.0	(-0.21233494671261563+0j)
-0.458	-0.209764	-0.0007291903545122457	-0.21049340368732958	0.0	(-0.21049340368732958+0j)
-0.456	-0.207936	-0.0007236575836825195	-0.20865987180745926	0.0	(-0.20865987180745926+0j)
-0.454	-0.20611600000000002	-0.0007181360909949329	-0.20683435120849994	0.0	(-0.20683435120849994+0j)
-0.452	-0.204304	-0.0007126260123508192	-0.20501684202600642	0.0	(-0.20501684202600642+0j)
-0.45	-0.2025	-0.0007071274837109017	-0.20320734439556282	0.0	(-0.20320734439556282+0j)
-0.448	-0.20070400000000002	-0.0007016406410893191	-0.20140585845278558	0.0	(-0.20140585845278558+0j)
-0.446	-0.198916	-0.0006961656205476279	-0.19961238433332162	0.0	(-0.19961238433332162+0j)
-0.444	-0.197136	-0.0006907025581887931	-0.19782692217282383	0.0	(-0.19782692217282383+0j)
-0.442	-0.195364	-0.0006852515901511502	-0.19604947210696655	0.0	(-0.19604947210696655+0j)
-0.44	-0.1936	-0.0006798128526023282	-0.19428003427142293	0.0	(-0.19428003427142293+0j)
-0.438	-0.191844	-0.0006743864817331885	-0.1925186088018625	0.0	(-0.1925186088018625+0j)
-0.436	-0.190096	-0.0006689726137517103	-0.1907651958339419	0.0	(-0.1907651958339419+0j)
-0.434	-0.188356	-0.0006635713848768682	-0.18901979550330278	0.0	(-0.18901979550330278+0j)
-0.432	-0.18662399999999998	-0.000658182931332485	-0.18728240794555903	0.0	(-0.18728240794555903+0j)
-0.43	-0.18489999999999998	-0.0006528073893410785	-0.18555303329629524	0.0	(-0.18555303329629524+0j)
-0.428	-0.18318399999999999	-0.0006474448951176673	-0.18383167169104994	0.0	(-0.18383167169104994+0j)
-0.426	-0.181476	-0.000642095584863564	-0.18211832326531913	0.0	(-0.18211832326531913+0j)
-0.424	-0.179776	-0.0006367595947601751	-0.18041298815454065	0.0	(-0.18041298815454065+0j)
-0.422	-0.178084	-0.0006314370609627349	-0.1787156664940887	0.0	(-0.1787156664940887+0j)
-0.42	-0.17639999999999997	-0.0006261281195940661	-0.17702635841926845	0.0	(-0.17702635841926845+0j)
-0.418	-0.174724	-0.000620832906738296	-0.17534506406530692	0.0	(-0.17534506406530692+0j)
-0.41600000000000004	-0.17305600000000004	-0.000615551558434574	-0.1736717835673422	0.0	(-0.1736717835673422+0j)
-0.41400000000000003	-0.17139600000000002	-0.0006102842106707446	-0.17200651706042025	0.0	(-0.17200651706042025+0j)
-0.41200000000000003	-0.16974400000000003	-0.0006050309993770417	-0.1703492646794852	0.0	(-0.1703492646794852+0j)
-0.41000000000000003	-0.16810000000000003	-0.0005997920604197418	-0.1687000265593701	0.0	(-0.1687000265593701+0j)
-0.40800000000000003	-0.16646400000000003	-0.0005945675295947945	-0.1670588028347895	0.0	(-0.1670588028347895+0j)
-0.406	-0.164836	-0.0005893575426214742	-0.16542559364033146	0.0	(-0.16542559364033146+0j)
-0.404	-0.16321600000000003	-0.0005841622351359766	-0.16380039911045197	0.0	(-0.16380039911045197+0j)
-0.402	-0.16160400000000003	-0.0005789817426850267	-0.16218321937945712	0.0	(-0.16218321937945712+0j)
-0.4	-0.16000000000000003	-0.000573816200719457	-0.16057405458150895	0.0	(-0.16057405458150895+0j)
-0.398	-0.15840400000000002	-0.0005686657445877957	-0.15897290485060825	0.0	(-0.15897290485060825+0j)
-0.396	-0.156816	-0.0005635305095298124	-0.15737977032058165	0.0	(-0.15737977032058165+0j)
-0.394	-0.155236	-0.0005584106306700712	-0.1557946511250845	0.0	(-0.1557946511250845+0j)
-0.392	-0.15366400000000002	-0.0005533062430114713	-0.1542175473975848	0.0	(-0.1542175473975848+0j)
-0.39	-0.1521	-0.0005482174814287671	-0.15264845927135215	0.0	(-0.15264845927135215+0j)
-0.388	-0.150544	-0.0005431444806620778	-0.15108738687945716	0.0	(-0.15108738687945716+0j)
-0.386	-0.14899600000000002	-0.000538087375310399	-0.14953433035475608	0.0	(-0.14953433035475608+0j)
-0.384	-0.147456	-0.0005330462998250865	-0.14798928982988013	0.0	(-0.14798928982988013+0j)
-0.382	-0.145924	-0.0005280213885033566	-0.1464522654372341	0.0	(-0.1464522654372341+0j)
-0.38	-0.1444	-0.0005230127754817307	-0.14492325730897754	0.0	(-0.14492325730897754+0j)
-0.378	-0.142884	-0.0005180205947295333	-0.1434022655770247	0.0	(-0.1434022655770247+0j)
-0.376	-0.141376	-0.0005130449800423223	-0.14188929037302894	0.0	(-0.14188929037302894+0j)
-0.374	-0.139876	-0.0005080860650353555	-0.1403843318283697	0.0	(-0.1403843318283697+0j)
-0.372	-0.138384	-0.0005031439831370277	-0.13888739007415365	0.0	(-0.13888739007415365+0j)
-0.37	-0.1369	-0.0004982188675822979	-0.1373984652411957	0.0	(-0.1373984652411957+0j)
-0.368	-0.135424	-0.0004933108514061272	-0.13591755746001474	0.0	(-0.13591755746001474+0j)
-0.366	-0.133956	-0.000488420067436901	-0.13444466686081533	0.0	(-0.13444466686081533+0j)
-0.364	-0.132496	-0.00048354664828983984	-0.13297979357348777	0.0	(-0.13297979357348777+0j)
-0.362	-0.131044	-0.00047869072636041456	-0.13152293772759174	0.0	(-0.13152293772759174+0j)
-0.36	-0.1296	-0.0004738524338177563	-0.13007409945234372	0.0	(-0.13007409945234372+0j)
-0.358	-0.128164	-0.0004690319025980577	-0.12863327887661327	0.0	(-0.12863327887661327+0j)
-0.356	-0.126736	-0.0004642292643979737	-0.12720047612890809	0.0	(-0.12720047612890809+0j)
-0.354	-0.12531599999999998	-0.00045944465066801446	-0.1257756913373608	0.0	(-0.1257756913373608+0j)
-0.352	-0.12390399999999999	-0.0004546781926059451	-0.124358924629723	0.0	(-0.124358924629723+0j)
-0.35000000000000003	-0.12250000000000003	-0.0004499300211501828	-0.12295017613334977	0.0	(-0.12295017613334977+0j)
-0.34800000000000003	-0.12110400000000002	-0.0004452002669731642	-0.12154944597519185	0.0	(-0.12154944597519185+0j)
-0.34600000000000003	-0.11971600000000002	-0.00044048906047476356	-0.12015673428178025	0.0	(-0.12015673428178025+0j)
-0.34400000000000003	-0.11833600000000002	-0.00043579653177566735	-0.11877204117921818	0.0	(-0.11877204117921818+0j)
-0.342	-0.11696400000000001	-0.0004311228107107629	-0.11739536679316608	0.0	(-0.11739536679316608+0j)
-0.34	-0.11560000000000002	-0.0004264680268225296	-0.11602671124883292	0.0	(-0.11602671124883292+0j)
-0.338	-0.11424400000000001	-0.0004218323093544252	-0.11466607467095982	0.0	(-0.11466607467095982+0j)
-0.336	-0.11289600000000001	-0.00041721578724428503	-0.11331345718381222	0.0	(-0.11331345718381222+0j)
-0.334	-0.11155600000000002	-0.00041261858911770255	-0.1119688589111611	0.0	(-0.1119688589111611+0j)
-0.332	-0.11022400000000002	-0.0004080408432814403	-0.11063227997627847	0.0	(-0.11063227997627847+0j)
-0.33	-0.10890000000000001	-0.0004034826777168099	-0.10930372050191602	0.0	(-0.10930372050191602+0j)
-0.328	-0.10758400000000001	-0.0003989442200730914	-0.10798318061029696	0.0	(-0.10798318061029696+0j)
-0.326	-0.10627600000000001	-0.00039442559766093014	-0.10667066042310196	0.0	(-0.10667066042310196+0j)
-0.324	-0.104976	-0.0003899269374457393	-0.10536616006145372	0.0	(-0.10536616006145372+0j)
-0.322	-0.10368400000000001	-0.00038544836604112453	-0.10406967964590183	0.0	(-0.10406967964590183+0j)
-0.32	-0.1024	-0.0003809900097023061	-0.10278121929641457	0.0	(-0.10278121929641457+0j)
-0.318	-0.101124	-0.0003765519943195267	-0.10150077913235722	0.0	(-0.10150077913235722+0j)
-0.316	-0.099856	-0.0003721344454115094	-0.1002283592724831	0.0	(-0.1002283592724831+0j)
-0.314	-0.098596	-0.00036773748811887445	-0.09896395983491506	0.0	(-0.09896395983491506+0j)
-0.312	-0.097344	-0.00036336124719759115	-0.09770758093712996	0.0	(-0.09770758093712996+0j)
-0.31	-0.0961	-0.00035900584701243634	-0.09645922269594537	0.0	(-0.09645922269594537+0j)
-0.308	-0.094864	-0.0003546714115304578	-0.0952188852275059	0.0	(-0.0952188852275059+0j)
-0.306	-0.093636	-0.0003503580643144377	-0.09398656864725874	0.0	(-0.09398656864725874+0j)
-0.304	-0.092416	-0.00034606592851637864	-0.09276227306994451	0.0	(-0.09276227306994451+0j)
-0.302	-0.091204	-0.0003417951268709918	-0.0915459986095793	0.0	(-0.0915459986095793+0j)
-0.3	-0.09	-0.00033754578168919695	-0.09033774537943626	0.0	(-0.09033774537943626+0j)
-0.298	-0.088804	-0.0003333180148516385	-0.08913751349202609	0.0	(-0.08913751349202609+0j)
-0.296	-0.08761599999999999	-0.000329111947802202	-0.0879453030590836	0.0	(-0.0879453030590836+0j)
-0.294	-0.08643599999999999	-0.0003249277015415553	-0.086761114191545	0.0	(-0.086761114191545+0j)
-0.292	-0.08526399999999999	-0.00032076539662069525	-0.08558494699953374	0.0	(-0.08558494699953374+0j)
-0.29	-0.0841	-0.0003166251531345005	-0.08441680159233582	0.0	(-0.08441680159233582+0j)
-0.28800000000000003	-0.08294400000000002	-0.0003125070907153166	-0.08325667807838665	0.0	(-0.08325667807838665+0j)
-0.28600000000000003	-0.08179600000000002	-0.0003084113285265311	-0.08210457656524381	0.0	(-0.08210457656524381+0j)
-0.28400000000000003	-0.08065600000000002	-0.0003043379852561923	-0.08096049715957325	0.0	(-0.08096049715957325+0j)
-0.28200000000000003	-0.07952400000000001	-0.000300287179110606	-0.07982443996712332	0.0	(-0.07982443996712332+0j)
-0.28	-0.07840000000000001	-0.000296259027807988	-0.0786964050927053	0.0	(-0.0786964050927053+0j)
-0.278	-0.07728400000000002	-0.0002922536485720939	-0.07757639264017238	0.0	(-0.07757639264017238+0j)
-0.276	-0.07617600000000001	-0.00028827115812590787	-0.0764644027123933	0.0	(-0.0764644027123933+0j)
-0.274	-0.07507600000000002	-0.000284311672685289	-0.07536043541123309	0.0	(-0.07536043541123309+0j)
-0.272	-0.07398400000000001	-0.0002803753079527155	-0.07426449083752776	0.0	(-0.07426449083752776+0j)
-0.27	-0.0729	-0.0002764621791109645	-0.07317656909105578	0.0	(-0.07317656909105578+0j)
-0.268	-0.07182400000000001	-0.0002725724008168701	-0.0720966702705209	0.0	(-0.0720966702705209+0j)
-0.266	-0.07075600000000001	-0.00026870608719506417	-0.0710247944735179	0.0	(-0.0710247944735179+0j)
-0.264	-0.06969600000000001	-0.00026486335183176224	-0.06996094179651172	0.0	(-0.06996094179651172+0j)
-0.262	-0.06864400000000001	-0.0002610443077685543	-0.06890511233480576	0.0	(-0.06890511233480576+0j)
-0.26	-0.06760000000000001	-0.000257249067496218	-0.06785730618251586	0.0	(-0.06785730618251586+0j)
-0.258	-0.066564	-0.00025347774294856573	-0.06681752343254009	0.0	(-0.06681752343254009+0j)
-0.256	-0.065536	-0.0002497304454962768	-0.06578576417652891	0.0	(-0.06578576417652891+0j)
-0.254	-0.064516	-0.00024600728594080247	-0.06476202850485263	0.0	(-0.06476202850485263+0j)
-0.252	-0.063504	-0.00024230837450825438	-0.063746316506572	0.0	(-0.063746316506572+0j)
-0.25	-0.0625	-0.0002386338208433536	-0.06273862826940088	0.0	(-0.06273862826940088+0j)
-0.248	-0.061503999999999996	-0.00023498373400333006	-0.06173896387967471	0.0	(-0.06173896387967471+0j)
-0.246	-0.060516	-0.0002313582224519495	-0.06074732342231452	0.0	(-0.06074732342231452+0j)
-0.244	-0.059536	-0.00022775739405348495	-0.05976370698078705	0.0	(-0.05976370698078705+0j)
-0.242	-0.058564	-0.00022418135606673274	-0.05878811463707012	0.0	(-0.05878811463707012+0j)
-0.24	-0.0576	-0.00022063021513906713	-0.05782054647161143	0.0	(-0.05782054647161143+0j)
-0.23800000000000002	-0.05664400000000001	-0.0002171040773005395	-0.05686100256328531	0.0	(-0.05686100256328531+0j)
-0.23600000000000002	-0.05569600000000001	-0.00021360304795793318	-0.05590948298935331	0.0	(-0.05590948298935331+0j)
-0.234	-0.054756000000000006	-0.00021012723188891804	-0.05496598782541588	0.0	(-0.05496598782541588+0j)
-0.232	-0.053824000000000004	-0.0002066767332362052	-0.054030517145369175	0.0	(-0.054030517145369175+0j)
-0.23	-0.0529	-0.00020325165550172942	-0.0531030710213542	0.0	(-0.0531030710213542+0j)
-0.228	-0.051984	-0.00019985210154083722	-0.05218364952370695	0.0	(-0.05218364952370695+0j)
-0.226	-0.051076	-0.00019647817355658017	-0.05127225272090846	0.0	(-0.05127225272090846+0j)
-0.224	-0.050176000000000005	-0.00019312997309391401	-0.050368880679526336	0.0	(-0.050368880679526336+0j)
-0.222	-0.049284	-0.00018980760103405882	-0.049473533464159544	0.0	(-0.049473533464159544+0j)
-0.22	-0.0484	-0.00018651115758879235	-0.048586211137377884	0.0	(-0.048586211137377884+0j)
-0.218	-0.047524	-0.0001832407422948379	-0.047706913759661074	0.0	(-0.047706913759661074+0j)
-0.216	-0.046655999999999996	-0.0001799964540082133	-0.046835641389330995	0.0	(-0.046835641389330995+0j)
-0.214	-0.045795999999999996	-0.00017677839089871308	-0.0459723940824846	0.0	(-0.0459723940824846+0j)
-0.212	-0.044944	-0.00017358665044431843	-0.04511717189292227	0.0	(-0.04511717189292227+0j)
-0.21	-0.04409999999999999	-0.00017042132942569622	-0.044269974872072126	0.0	(-0.044269974872072126+0j)
-0.20800000000000002	-0.04326400000000001	-0.00016728252392073095	-0.04343080306891141	0.0	(-0.04343080306891141+0j)
-0.20600000000000002	-0.04243600000000001	-0.00016417032929907927	-0.0425996565298831	0.0	(-0.0425996565298831+0j)
-0.20400000000000001	-0.04161600000000001	-0.00016108484021674642	-0.04177653529880889	0.0	(-0.04177653529880889+0j)
-0.202	-0.04080400000000001	-0.00015802615061072945	-0.040961439416798626	0.0	(-0.040961439416798626+0j)
-0.2	-0.04000000000000001	-0.00015499435369363825	-0.04015436892215183	0.0	(-0.04015436892215183+0j)
-0.198	-0.039204	-0.00015198954194845516	-0.03935532385025872	0.0	(-0.03935532385025872+0j)
-0.196	-0.038416000000000006	-0.00014901180712319497	-0.03856430423349037	0.0	(-0.03856430423349037+0j)
-0.194	-0.037636	-0.00014606124022571444	-0.03778131010108868	0.0	(-0.03778131010108868+0j)
-0.192	-0.036864	-0.00014313793151849997	-0.037006341479046086	0.0	(-0.037006341479046086+0j)
-0.19	-0.0361	-0.0001402419705135438	-0.0362393983899793	0.0	(-0.0362393983899793+0j)
-0.188	-0.035344	-0.0001373734459671261	-0.035480480852999104	0.0	(-0.035480480852999104+0j)
-0.186	-0.034596	-0.00013453244587485758	-0.03472958888356694	0.0	(-0.03472958888356694+0j)
-0.184	-0.033856	-0.00013171905746653945	-0.03398672249334916	0.0	(-0.03398672249334916+0j)
-0.182	-0.033124	-0.00012893336720121162	-0.033251881690059194	0.0	(-0.033251881690059194+0j)
-0.18	-0.0324	-0.0001261754607621568	-0.03252506647729171	0.0	(-0.03252506647729171+0j)
-0.178	-0.031684	-0.00012344542305194883	-0.031806276854347115	0.0	(-0.031806276854347115+0j)
-0.176	-0.030975999999999997	-0.0001207433381876788	-0.031095512816045147	0.0	(-0.031095512816045147+0j)
-0.17400000000000002	-0.030276000000000004	-0.00011806928949593677	-0.030392774352526897	0.0	(-0.030392774352526897+0j)
-0.17200000000000001	-0.029584000000000006	-0.00011542335950815997	-0.029698061449046683	0.0	(-0.029698061449046683+0j)
-0.17	-0.028900000000000006	-0.00011280562995580334	-0.029011374085749834	0.0	(-0.029011374085749834+0j)
-0.168	-0.028224000000000003	-0.00011021618176561	-0.02833271223743607	0.0	(-0.02833271223743607+0j)
-0.166	-0.027556000000000004	-0.00010765509505493709	-0.027662075873311362	0.0	(-0.027662075873311362+0j)
-0.164	-0.026896000000000003	-0.00010512244912713742	-0.026999464956721224	0.0	(-0.026999464956721224+0j)
-0.162	-0.026244	-0.00010261832246697412	-0.026344879444870274	0.0	(-0.026344879444870274+0j)
-0.16	-0.0256	-0.00010014279273602434	-0.02569831928852282	0.0	(-0.02569831928852282+0j)
-0.158	-0.024964	-9.76959367682162e-05	-0.02505978443168617	0.0	(-0.02505978443168617+0j)
-0.156	-0.024336	-9.527783056534345e-05	-0.024429274811273185	0.0	(-0.024429274811273185+0j)
-0.154	-0.023716	-9.28885492926912e-05	-0.02380679035674629	0.0	(-0.02380679035674629+0j)
-0.152	-0.023104	-9.052816727457281e-05	-0.02319233098973698	0.0	(-0.02319233098973698+0j)
-0.15	-0.0225	-8.819675799012217e-05	-0.022585896623645622	0.0	(-0.022585896623645622+0j)
-0.148	-0.021903999999999996	-8.589439406889721e-05	-0.02198748716321427	0.0	(-0.02198748716321427+0j)
-0.146	-0.021315999999999998	-8.362114728673876e-05	-0.021397102504077663	0.0	(-0.021397102504077663+0j)
-0.14400000000000002	-0.020736000000000004	-8.137708856152948e-05	-0.02081474253228463	0.0	(-0.02081474253228463+0j)
-0.14200000000000002	-0.020164000000000005	-7.916228794906388e-05	-0.02024040712379658	0.0	(-0.02024040712379658+0j)
-0.14	-0.019600000000000003	-7.697681463896267e-05	-0.019674096143954923	0.0	(-0.019674096143954923+0j)
-0.138	-0.019044000000000002	-7.482073695062042e-05	-0.019115809446923714	0.0	(-0.019115809446923714+0j)
-0.136	-0.018496000000000002	-7.26941223292199e-05	-0.018565546875101573	0.0	(-0.018565546875101573+0j)
-0.134	-0.017956000000000003	-7.059703734175748e-05	-0.018023308258508848	0.0	(-0.018023308258508848+0j)
-0.132	-0.017424000000000002	-6.852954767315733e-05	-0.017489093414144723	0.0	(-0.017489093414144723+0j)
-0.13	-0.016900000000000002	-6.649171812240784e-05	-0.016962902145324154	0.0	(-0.016962902145324154+0j)
-0.128	-0.016384	-6.448361259878688e-05	-0.01644473424098909	0.0	(-0.01644473424098909+0j)
-0.126	-0.015876	-6.250529411810923e-05	-0.015934589475002855	0.0	(-0.015934589475002855+0j)
-0.124	-0.015375999999999999	-6.055682479895186e-05	-0.015432467605435027	0.0	(-0.015432467605435027+0j)
-0.122	-0.014884	-5.863826585907894e-05	-0.014938368373838183	0.0	(-0.014938368373838183+0j)
-0.12	-0.0144	-5.67496776118448e-05	-0.014452291504535711	0.0	(-0.014452291504535711+0j)
-0.11800000000000001	-0.013924000000000002	-5.4891119462574524e-05	-0.013974236703927428	0.0	(-0.013974236703927428+0j)
-0.116	-0.013456000000000001	-5.306264990510013e-05	-0.013504203659836247	0.0	(-0.013504203659836247+0j)
-0.114	-0.012996	-5.126432651836321e-05	-0.013042192040918025	0.0	(-0.013042192040918025+0j)
-0.112	-0.012544000000000001	-4.949620596295112e-05	-0.012588201496165366	0.0	(-0.012588201496165366+0j)
-0.11	-0.0121	-4.775834397769963e-05	-0.012142231654545404	0.0	(-0.012142231654545404+0j)
-0.108	-0.011663999999999999	-4.60507953765843e-05	-0.011704282124822567	0.0	(-0.011704282124822567+0j)
-0.106	-0.011236	-4.437361404532325e-05	-0.011274352495629737	0.0	(-0.011274352495629737+0j)
-0.10400000000000001	-0.010816000000000003	-4.2726852938224095e-05	-0.010852442335870292	0.0	(-0.010852442335870292+0j)
-0.10200000000000001	-0.010404000000000002	-4.11105640750975e-05	-0.01043855119555309	0.0	(-0.01043855119555309+0j)
-0.1	-0.010000000000000002	-3.952479853812641e-05	-0.010032678607192681	0.0	(-0.010032678607192681+0j)
-0.098	-0.009604000000000001	-3.796960646891279e-05	-0.009634824087937853	0.0	(-0.009634824087937853+0j)
-0.096	-0.009216	-3.6445037065391264e-05	-0.009244987142636071	0.0	(-0.009244987142636071+0j)
-0.094	-0.008836	-3.495113857900911e-05	-0.008863167268095119	0.0	(-0.008863167268095119+0j)
-0.092	-0.008464	-3.3487958311839706e-05	-0.008489363958868016	0.0	(-0.008489363958868016+0j)
-0.09	-0.0081	-3.205554261378474e-05	-0.008123576714972673	0.0	(-0.008123576714972673+0j)
-0.088	-0.007743999999999999	-3.0653936879820874e-05	-0.007765805052056212	0.0	(-0.007765805052056212+0j)
-0.08600000000000001	-0.0073960000000000015	-2.9283185547201997e-05	-0.007416048514645911	0.0	(-0.007416048514645911+0j)
-0.084	-0.007056000000000001	-2.7943332093016694e-05	-0.007074306693279854	0.0	(-0.007074306693279854+0j)
-0.082	-0.006724000000000001	-2.663441903147934e-05	-0.0067405792465022	0.0	(-0.0067405792465022+0j)
-0.08	-0.0064	-2.5356487911309956e-05	-0.006414865928935001	0.0	(-0.006414865928935001+0j)
-0.078	-0.006084	-2.410957931360258e-05	-0.006097166626911006	0.0	(-0.006097166626911006+0j)
-0.076	-0.005776	-2.2893732848983107e-05	-0.005787481403467777	0.0	(-0.005787481403467777+0j)
-0.074	-0.005475999999999999	-2.1708987155433235e-05	-0.005485810554863587	0.0	(-0.005485810554863587+0j)
-0.07200000000000001	-0.005184000000000001	-2.0555379896203263e-05	-0.005192154681167946	0.0	(-0.005192154681167946+0j)
-0.07	-0.004900000000000001	-1.9432947757191954e-05	-0.004906514773880227	0.0	(-0.004906514773880227+0j)
-0.068	-0.0046240000000000005	-1.8341726444948137e-05	-0.004628892323900257	0.0	(-0.004628892323900257+0j)
-0.066	-0.0043560000000000005	-1.7281750684716712e-05	-0.004359289453428825	0.0	(-0.004359289453428825+0j)
-0.064	-0.004096	-1.6253054217862938e-05	-0.004097709075400795	0.0	(-0.004097709075400795+0j)
-0.062	-0.0038439999999999998	-1.5255669800495753e-05	-0.0038441550836626165	0.0	(-0.0038441550836626165+0j)
-0.06	-0.0036	-1.4289629201069688e-05	-0.003598632576022348	0.0	(-0.003598632576022348+0j)
-0.058	-0.0033640000000000002	-1.335496319843088e-05	-0.003361148110180161	0.0	(-0.003361148110180161+0j)
-0.056	-0.0031360000000000003	-1.2451701580395992e-05	-0.003131709988925193	0.0	(-0.003131709988925193+0j)
-0.054	-0.0029159999999999998	-1.1579873141798203e-05	-0.0029103285653733044	0.0	(-0.0029103285653733044+0j)
-0.052000000000000005	-0.0027040000000000007	-1.0739505682444418e-05	-0.0026970165509827364	0.0	(-0.0026970165509827364+0j)
-0.05	-0.0025000000000000005	-9.930626005960619e-06	-0.002491789298456854	0.0	(-0.002491789298456854+0j)
-0.048	-0.002304	-9.153259917837887e-06	-0.0022946650188578432	0.0	(-0.0022946650188578432+0j)
-0.046	-0.002116	-8.407432223833667e-06	-0.0021056648787839863	0.0	(-0.0021056648787839863+0j)
-0.044	-0.0019359999999999998	-7.69316672872833e-06	-0.0019248129121848838	0.0	(-0.0019248129121848838+0j)
-0.042	-0.0017640000000000002	-7.010486235259351e-06	-0.001752135676722422	0.0	(-0.001752135676722422+0j)
-0.04	-0.0016	-6.359412541812049e-06	-0.0015876615918486085	0.0	(-0.0015876615918486085+0j)
-0.038	-0.001444	-5.7399664417090435e-06	-0.001431419919482449	0.0	(-0.001431419919482449+0j)
-0.036000000000000004	-0.0012960000000000003	-5.152167721966806e-06	-0.0012834393892476406	0.0	(-0.0012834393892476406+0j)
-0.034	-0.0011560000000000001	-4.5960351616969324e-06	-0.0011437465229673744	0.0	(-0.0011437465229673744+0j)
-0.032	-0.001024	-4.0715865324614246e-06	-0.00101236376360324	0.0	(-0.00101236376360324+0j)
-0.03	-0.0009	-3.578838594364697e-06	-0.0008893075418368984	0.0	(-0.0008893075418368984+0j)
-0.028	-0.0007840000000000001	-3.1178070976523033e-06	-0.0007745863979975648	0.0	(-0.0007745863979975648+0j)
-0.026000000000000002	-0.0006760000000000002	-2.68850678111221e-06	-0.0006681992028997419	0.0	(-0.0006681992028997419+0j)
-0.024	-0.000576	-2.290951371008987e-06	-0.0005701333818675059	0.0	(-0.0005701333818675059+0j)
-0.022	-0.00048399999999999995	-1.925153578241634e-06	-0.000480362837772219	0.0	(-0.000480362837772219+0j)
-0.02	-0.0004	-1.5911251026068387e-06	-0.0003988449729153494	0.0	(-0.0003988449729153494+0j)
-0.018000000000000002	-0.00032400000000000007	-1.2888766264040897e-06	-0.0003255157663398948	0.0	(-0.0003255157663398948+0j)
-0.016	-0.000256	-1.018417817988393e-06	-0.0002602811341717177	0.0	(-0.0002602811341717177+0j)
-0.014	-0.00019600000000000002	-7.797573303491845e-07	-0.0002030015199437856	0.0	(-0.0002030015199437856+0j)
-0.012	-0.000144	-5.729027975576174e-07	-0.00015346439521494502	0.0	(-0.00015346439521494502+0j)
-0.01	-0.0001	-3.978608361876468e-07	-0.00011133560458311297	0.0	(-0.00011133560458311297+0j)
-0.008	-6.4e-05	-2.546370410527743e-07	-7.607558736472632e-05	0.0	(-7.607558736472632e-05+0j)
-0.006	-3.6e-05	-1.4323601362775663e-07	-4.680523235852564e-05	0.0	(-4.680523235852564e-05+0j)
-0.004	-1.6e-05	-6.366130946844351e-08	-2.2127852168051456e-05	0.0	(-2.2127852168051456e-05+0j)
-0.002	-4e-06	-1.5915520634735002e-08	4.002061269187118e-17	-0.001993377990317905	(4.002061269187118e-17-0.001993377990317905j)
0.002	4e-06	1.5915520634735002e-08	4.002061269187118e-17	0.001993377990317905	(4.002061269187118e-17+0.001993377990317905j)
0.004	1.6e-05	6.366130946844351e-08	2.212785216796927e-05	0.0	(2.212785216796927e-05+0j)
0.006	3.6e-05	1.4323601362775663e-07	4.68052323585277e-05	0.0	(4.68052323585277e-05+0j)
0.008	6.4e-05	2.546370410527743e-07	7.607558736474084e-05	0.0	(7.607558736474084e-05+0j)
0.01	0.0001	3.978608361876468e-07	0.00011133560458311077	0.0	(0.00011133560458311077+0j)
0.012	0.000144	5.729027975576174e-07	0.00015346439521492957	0.0	(0.00015346439521492957+0j)
0.014	0.00019600000000000002	7.797573303491845e-07	0.00020300151994378525	0.0	(0.00020300151994378525+0j)
0.016	0.000256	1.018417817988393e-06	0.00026028113417173233	0.0	(0.00026028113417173233+0j)
0.018000000000000002	0.00032400000000000007	1.2888766264040897e-06	0.0003255157663398991	0.0	(0.0003255157663398991+0j)
0.02	0.0004	1.5911251026068387e-06	0.0003988449729153312	0.0	(0.0003988449729153312+0j)
0.022	0.00048399999999999995	1.925153578241634e-06	0.00048036283777220536	0.0	(0.00048036283777220536+0j)
0.024	0.000576	2.290951371008987e-06	0.0005701333818674575	0.0	(0.0005701333818674575+0j)
0.026000000000000002	0.0006760000000000002	2.68850678111221e-06	0.0006681992028997382	0.0	(0.0006681992028997382+0j)
0.028	0.0007840000000000001	3.1178070976523033e-06	0.0007745863979975569	0.0	(0.0007745863979975569+0j)
0.03	0.0009	3.578838594364697e-06	0.0008893075418368951	0.0	(0.0008893075418368951+0j)
0.032	0.001024	4.0715865324614246e-06	0.0010123637636032415	0.0	(0.0010123637636032415+0j)
0.034	0.0011560000000000001	4.5960351616969324e-06	0.0011437465229673738	0.0	(0.0011437465229673738+0j)
0.036000000000000004	0.0012960000000000003	5.152167721966806e-06	0.0012834393892476401	0.0	(0.0012834393892476401+0j)
0.038	0.001444	5.7399664417090435e-06	0.0014314199194824435	0.0	(0.0014314199194824435+0j)
0.04	0.0016	6.359412541812049e-06	0.0015876615918485881	0.0	(0.0015876615918485881+0j)
0.042	0.0017640000000000002	7.010486235259351e-06	0.0017521356767224152	0.0	(0.0017521356767224152+0j)
0.044	0.0019359999999999998	7.69316672872833e-06	0.0019248129121848707	0.0	(0.0019248129121848707+0j)
0.046	0.002116	8.407432223833667e-06	0.002105664878783999	0.0	(0.002105664878783999+0j)
0.048	0.002304	9.153259917837887e-06	0.0022946650188578463	0.0	(0.0022946650188578463+0j)
0.05	0.0025000000000000005	9.930626005960619e-06	0.002491789298456856	0.0	(0.002491789298456856+0j)
0.052000000000000005	0.0027040000000000007	1.0739505682444418e-05	0.002697016550982743	0.0	(0.002697016550982743+0j)
0.054	0.0029159999999999998	1.1579873141798203e-05	0.0029103285653733113	0.0	(0.0029103285653733113+0j)
0.056	0.0031360000000000003	1.2451701580395992e-05	0.0031317099889251973	0.0	(0.0031317099889251973+0j)
0.058	0.0033640000000000002	1.335496319843088e-05	0.003361148110180177	0.0	(0.003361148110180177+0j)
0.06	0.0036	1.4289629201069688e-05	0.0035986325760223306	0.0	(0.0035986325760223306+0j)
0.062	0.0038439999999999998	1.5255669800495753e-05	0.0038441550836626074	0.0	(0.0038441550836626074+0j)
0.064	0.004096	1.6253054217862938e-05	0.004097709075400764	0.0	(0.004097709075400764+0j)
0.066	0.0043560000000000005	1.7281750684716712e-05	0.004359289453428822	0.0	(0.004359289453428822+0j)
0.068	0.0046240000000000005	1.8341726444948137e-05	0.004628892323900255	0.0	(0.004628892323900255+0j)
0.07	0.004900000000000001	1.9432947757191954e-05	0.004906514773880191	0.0	(0.004906514773880191+0j)
0.07200000000000001	0.005184000000000001	2.0555379896203263e-05	0.005192154681167923	0.0	(0.005192154681167923+0j)
0.074	0.005475999999999999	2.1708987155433235e-05	0.005485810554863602	0.0	(0.005485810554863602+0j)
0.076	0.005776	2.2893732848983107e-05	0.0057874814034677684	0.0	(0.0057874814034677684+0j)
0.078	0.006084	2.410957931360258e-05	0.006097166626911	0.0	(0.006097166626911+0j)
0.08	0.0064	2.5356487911309956e-05	0.0064148659289349624	0.0	(0.0064148659289349624+0j)
0.082	0.006724000000000001	2.663441903147934e-05	0.006740579246502213	0.0	(0.006740579246502213+0j)
0.084	0.007056000000000001	2.7943332093016694e-05	0.007074306693279875	0.0	(0.007074306693279875+0j)
0.08600000000000001	0.0073960000000000015	2.9283185547201997e-05	0.007416048514645863	0.0	(0.007416048514645863+0j)
0.088	0.007743999999999999	3.0653936879820874e-05	0.0077658050520562245	0.0	(0.0077658050520562245+0j)
0.09	0.0081	3.205554261378474e-05	0.008123576714972653	0.0	(0.008123576714972653+0j)
0.092	0.008464	3.3487958311839706e-05	0.008489363958868004	0.0	(0.008489363958868004+0j)
0.094	0.008836	3.495113857900911e-05	0.008863167268095077	0.0	(0.008863167268095077+0j)
0.096	0.009216	3.6445037065391264e-05	0.009244987142636071	0.0	(0.009244987142636071+0j)
0.098	0.009604000000000001	3.796960646891279e-05	0.009634824087937841	0.0	(0.009634824087937841+0j)
0.1	0.010000000000000002	3.952479853812641e-05	0.010032678607192699	0.0	(0.010032678607192699+0j)
0.10200000000000001	0.010404000000000002	4.11105640750975e-05	0.010438551195553035	0.0	(0.010438551195553035+0j)
0.10400000000000001	0.010816000000000003	4.2726852938224095e-05	0.010852442335870273	0.0	(0.010852442335870273+0j)
0.106	0.011236	4.437361404532325e-05	0.01127435249562969	0.0	(0.01127435249562969+0j)
0.108	0.011663999999999999	4.60507953765843e-05	0.011704282124822609	0.0	(0.011704282124822609+0j)
0.11	0.0121	4.775834397769963e-05	0.012142231654545338	0.0	(0.012142231654545338+0j)
0.112	0.012544000000000001	4.949620596295112e-05	0.012588201496165428	0.0	(0.012588201496165428+0j)
0.114	0.012996	5.126432651836321e-05	0.013042192040918145	0.0	(0.013042192040918145+0j)
0.116	0.013456000000000001	5.306264990510013e-05	0.013504203659836246	0.0	(0.013504203659836246+0j)
0.11800000000000001	0.013924000000000002	5.4891119462574524e-05	0.01397423670392745	0.0	(0.01397423670392745+0j)
0.12	0.0144	5.67496776118448e-05	0.014452291504535704	0.0	(0.014452291504535704+0j)
0.122	0.014884	5.863826585907894e-05	0.014938368373838265	0.0	(0.014938368373838265+0j)
0.124	0.015375999999999999	6.055682479895186e-05	0.015432467605435027	0.0	(0.015432467605435027+0j)
0.126	0.015876	6.250529411810923e-05	0.015934589475003032	0.0	(0.015934589475003032+0j)
0.128	0.016384	6.448361259878688e-05	0.016444734240988867	0.0	(0.016444734240988867+0j)
0.13	0.016900000000000002	6.649171812240784e-05	0.01696290214532422	0.0	(0.01696290214532422+0j)
0.132	0.017424000000000002	6.852954767315733e-05	0.01748909341414476	0.0	(0.01748909341414476+0j)
0.134	0.017956000000000003	7.059703734175748e-05	0.018023308258508737	0.0	(0.018023308258508737+0j)
0.136	0.018496000000000002	7.26941223292199e-05	0.018565546875101722	0.0	(0.018565546875101722+0j)
0.138	0.019044000000000002	7.482073695062042e-05	0.019115809446923794	0.0	(0.019115809446923794+0j)
0.14	0.019600000000000003	7.697681463896267e-05	0.019674096143955076	0.0	(0.019674096143955076+0j)
0.14200000000000002	0.020164000000000005	7.916228794906388e-05	0.020240407123796596	0.0	(0.020240407123796596+0j)
0.14400000000000002	0.020736000000000004	8.137708856152948e-05	0.02081474253228462	0.0	(0.02081474253228462+0j)
0.146	0.021315999999999998	8.362114728673876e-05	0.021397102504077583	0.0	(0.021397102504077583+0j)
0.148	0.021903999999999996	8.589439406889721e-05	0.021987487163214327	0.0	(0.021987487163214327+0j)
0.15	0.0225	8.819675799012217e-05	0.022585896623645567	0.0	(0.022585896623645567+0j)
0.152	0.023104	9.052816727457281e-05	0.02319233098973703	0.0	(0.02319233098973703+0j)
0.154	0.023716	9.28885492926912e-05	0.023806790356746415	0.0	(0.023806790356746415+0j)
0.156	0.024336	9.527783056534345e-05	0.02442927481127316	0.0	(0.02442927481127316+0j)
0.158	0.024964	9.76959367682162e-05	0.02505978443168608	0.0	(0.02505978443168608+0j)
0.16	0.0256	0.00010014279273602434	0.02569831928852285	0.0	(0.02569831928852285+0j)
0.162	0.026244	0.00010261832246697412	0.02634487944487023	0.0	(0.02634487944487023+0j)
0.164	0.026896000000000003	0.00010512244912713742	0.026999464956721328	0.0	(0.026999464956721328+0j)
0.166	0.027556000000000004	0.00010765509505493709	0.02766207587331136	0.0	(0.02766207587331136+0j)
0.168	0.028224000000000003	0.00011021618176561	0.028332712237436334	0.0	(0.028332712237436334+0j)
0.17	0.028900000000000006	0.00011280562995580334	0.02901137408575001	0.0	(0.02901137408575001+0j)
0.17200000000000001	0.029584000000000006	0.00011542335950815997	0.02969806144904688	0.0	(0.02969806144904688+0j)
0.17400000000000002	0.030276000000000004	0.00011806928949593677	0.030392774352526814	0.0	(0.030392774352526814+0j)
0.176	0.030975999999999997	0.0001207433381876788	0.031095512816044984	0.0	(0.031095512816044984+0j)
0.178	0.031684	0.00012344542305194883	0.031806276854347226	0.0	(0.031806276854347226+0j)
0.18	0.0324	0.0001261754607621568	0.03252506647729183	0.0	(0.03252506647729183+0j)
0.182	0.033124	0.00012893336720121162	0.03325188169005918	0.0	(0.03325188169005918+0j)
0.184	0.033856	0.00013171905746653945	0.03398672249334922	0.0	(0.03398672249334922+0j)
0.186	0.034596	0.00013453244587485758	0.03472958888356696	0.0	(0.03472958888356696+0j)
0.188	0.035344	0.0001373734459671261	0.03548048085299931	0.0	(0.03548048085299931+0j)
0.19	0.0361	0.0001402419705135438	0.036239398389979714	0.0	(0.036239398389979714+0j)
0.192	0.036864	0.00014313793151849997	0.03700634147904603	0.0	(0.03700634147904603+0j)
0.194	0.037636	0.00014606124022571444	0.037781310101089205	0.0	(0.037781310101089205+0j)
0.196	0.038416000000000006	0.00014901180712319497	0.03856430423349048	0.0	(0.03856430423349048+0j)
0.198	0.039204	0.00015198954194845516	0.039355323850258694	0.0	(0.039355323850258694+0j)
0.2	0.04000000000000001	0.00015499435369363825	0.04015436892215211	0.0	(0.04015436892215211+0j)
0.202	0.04080400000000001	0.00015802615061072945	0.040961439416798716	0.0	(0.040961439416798716+0j)
0.20400000000000001	0.04161600000000001	0.00016108484021674642	0.04177653529880906	0.0	(0.04177653529880906+0j)
0.20600000000000002	0.04243600000000001	0.00016417032929907927	0.042599656529883095	0.0	(0.042599656529883095+0j)
0.20800000000000002	0.04326400000000001	0.00016728252392073095	0.043430803068911346	0.0	(0.043430803068911346+0j)
0.21	0.04409999999999999	0.00017042132942569622	0.04426997487207228	0.0	(0.04426997487207228+0j)
0.212	0.044944	0.00017358665044431843	0.04511717189292224	0.0	(0.04511717189292224+0j)
0.214	0.045795999999999996	0.00017677839089871308	0.04597239408248437	0.0	(0.04597239408248437+0j)
0.216	0.046655999999999996	0.0001799964540082133	0.04683564138933077	0.0	(0.04683564138933077+0j)
0.218	0.047524	0.0001832407422948379	0.047706913759661164	0.0	(0.047706913759661164+0j)
0.22	0.0484	0.00018651115758879235	0.048586211137378044	0.0	(0.048586211137378044+0j)
0.222	0.049284	0.00018980760103405882	0.04947353346415934	0.0	(0.04947353346415934+0j)
0.224	0.050176000000000005	0.00019312997309391401	0.05036888067952636	0.0	(0.05036888067952636+0j)
0.226	0.051076	0.00019647817355658017	0.0512722527209084	0.0	(0.0512722527209084+0j)
0.228	0.051984	0.00019985210154083722	0.05218364952370702	0.0	(0.05218364952370702+0j)
0.23	0.0529	0.00020325165550172942	0.05310307102135386	0.0	(0.05310307102135386+0j)
0.232	0.053824000000000004	0.0002066767332362052	0.05403051714536878	0.0	(0.05403051714536878+0j)
0.234	0.054756000000000006	0.00021012723188891804	0.054965987825415785	0.0	(0.054965987825415785+0j)
0.23600000000000002	0.05569600000000001	0.00021360304795793318	0.05590948298935301	0.0	(0.05590948298935301+0j)
0.23800000000000002	0.05664400000000001	0.0002171040773005395	0.0568610025632855	0.0	(0.0568610025632855+0j)
0.24	0.0576	0.00022063021513906713	0.05782054647161118	0.0	(0.05782054647161118+0j)
0.242	0.058564	0.00022418135606673274	0.05878811463707058	0.0	(0.05878811463707058+0j)
0.244	0.059536	0.00022775739405348495	0.05976370698078701	0.0	(0.05976370698078701+0j)
0.246	0.060516	0.0002313582224519495	0.06074732342231461	0.0	(0.06074732342231461+0j)
0.248	0.061503999999999996	0.00023498373400333006	0.06173896387967516	0.0	(0.06173896387967516+0j)
0.25	0.0625	0.0002386338208433536	0.06273862826940127	0.0	(0.06273862826940127+0j)
0.252	0.063504	0.00024230837450825438	0.06374631650657209	0.0	(0.06374631650657209+0j)
0.254	0.064516	0.00024600728594080247	0.06476202850485305	0.0	(0.06476202850485305+0j)
0.256	0.065536	0.0002497304454962768	0.06578576417652898	0.0	(0.06578576417652898+0j)
0.258	0.066564	0.00025347774294856573	0.06681752343254022	0.0	(0.06681752343254022+0j)
0.26	0.06760000000000001	0.000257249067496218	0.06785730618251588	0.0	(0.06785730618251588+0j)
0.262	0.06864400000000001	0.0002610443077685543	0.06890511233480597	0.0	(0.06890511233480597+0j)
0.264	0.06969600000000001	0.00026486335183176224	0.06996094179651181	0.0	(0.06996094179651181+0j)
0.266	0.07075600000000001	0.00026870608719506417	0.07102479447351831	0.0	(0.07102479447351831+0j)
0.268	0.07182400000000001	0.0002725724008168701	0.07209667027052111	0.0	(0.07209667027052111+0j)
0.27	0.0729	0.0002764621791109645	0.07317656909105602	0.0	(0.07317656909105602+0j)
0.272	0.07398400000000001	0.0002803753079527155	0.07426449083752742	0.0	(0.07426449083752742+0j)
0.274	0.07507600000000002	0.000284311672685289	0.07536043541123374	0.0	(0.07536043541123374+0j)
0.276	0.07617600000000001	0.00028827115812590787	0.0764644027123933	0.0	(0.0764644027123933+0j)
0.278	0.07728400000000002	0.0002922536485720939	0.07757639264017266	0.0	(0.07757639264017266+0j)
0.28	0.07840000000000001	0.000296259027807988	0.07869640509270502	0.0	(0.07869640509270502+0j)
0.28200000000000003	0.07952400000000001	0.000300287179110606	0.07982443996712311	0.0	(0.07982443996712311+0j)
0.28400000000000003	0.08065600000000002	0.0003043379852561923	0.08096049715957268	0.0	(0.08096049715957268+0j)
0.28600000000000003	0.08179600000000002	0.0003084113285265311	0.08210457656524373	0.0	(0.08210457656524373+0j)
0.28800000000000003	0.08294400000000002	0.0003125070907153166	0.08325667807838671	0.0	(0.08325667807838671+0j)
0.29	0.0841	0.0003166251531345005	0.08441680159233617	0.0	(0.08441680159233617+0j)
0.292	0.08526399999999999	0.00032076539662069525	0.08558494699953346	0.0	(0.08558494699953346+0j)
0.294	0.08643599999999999	0.0003249277015415553	0.0867611141915448	0.0	(0.0867611141915448+0j)
0.296	0.08761599999999999	0.000329111947802202	0.08794530305908282	0.0	(0.08794530305908282+0j)
0.298	0.088804	0.0003333180148516385	0.08913751349202609	0.0	(0.08913751349202609+0j)
0.3	0.09	0.00033754578168919695	0.09033774537943585	0.0	(0.09033774537943585+0j)
0.302	0.091204	0.0003417951268709918	0.09154599860957958	0.0	(0.09154599860957958+0j)
0.304	0.092416	0.00034606592851637864	0.09276227306994438	0.0	(0.09276227306994438+0j)
0.306	0.093636	0.0003503580643144377	0.09398656864725832	0.0	(0.09398656864725832+0j)
0.308	0.094864	0.0003546714115304578	0.09521888522750574	0.0	(0.09521888522750574+0j)
0.31	0.0961	0.00035900584701243634	0.09645922269594583	0.0	(0.09645922269594583+0j)
0.312	0.097344	0.00036336124719759115	0.09770758093712961	0.0	(0.09770758093712961+0j)
0.314	0.098596	0.00036773748811887445	0.09896395983491453	0.0	(0.09896395983491453+0j)
0.316	0.099856	0.0003721344454115094	0.10022835927248311	0.0	(0.10022835927248311+0j)
0.318	0.101124	0.0003765519943195267	0.10150077913235758	0.0	(0.10150077913235758+0j)
0.32	0.1024	0.0003809900097023061	0.10278121929641416	0.0	(0.10278121929641416+0j)
0.322	0.10368400000000001	0.00038544836604112453	0.10406967964590182	0.0	(0.10406967964590182+0j)
0.324	0.104976	0.0003899269374457393	0.10536616006145322	0.0	(0.10536616006145322+0j)
0.326	0.10627600000000001	0.00039442559766093014	0.10667066042310236	0.0	(0.10667066042310236+0j)
0.328	0.10758400000000001	0.0003989442200730914	0.10798318061029775	0.0	(0.10798318061029775+0j)
0.33	0.10890000000000001	0.0004034826777168099	0.10930372050191572	0.0	(0.10930372050191572+0j)
0.332	0.11022400000000002	0.0004080408432814403	0.11063227997627897	0.0	(0.11063227997627897+0j)
0.334	0.11155600000000002	0.00041261858911770255	0.1119688589111615	0.0	(0.1119688589111615+0j)
0.336	0.11289600000000001	0.00041721578724428503	0.1133134571838123	0.0	(0.1133134571838123+0j)
0.338	0.11424400000000001	0.0004218323093544252	0.11466607467095974	0.0	(0.11466607467095974+0j)
0.34	0.11560000000000002	0.0004264680268225296	0.1160267112488329	0.0	(0.1160267112488329+0j)
0.342	0.11696400000000001	0.0004311228107107629	0.11739536679316612	0.0	(0.11739536679316612+0j)
0.34400000000000003	0.11833600000000002	0.00043579653177566735	0.11877204117921802	0.0	(0.11877204117921802+0j)
0.34600000000000003	0.11971600000000002	0.00044048906047476356	0.12015673428178016	0.0	(0.12015673428178016+0j)
0.34800000000000003	0.12110400000000002	0.0004452002669731642	0.12154944597519213	0.0	(0.12154944597519213+0j)
0.35000000000000003	0.12250000000000003	0.0004499300211501828	0.12295017613334976	0.0	(0.12295017613334976+0j)
0.352	0.12390399999999999	0.0004546781926059451	0.12435892462972307	0.0	(0.12435892462972307+0j)
0.354	0.12531599999999998	0.00045944465066801446	0.12577569133736105	0.0	(0.12577569133736105+0j)
0.356	0.126736	0.0004642292643979737	0.12720047612890775	0.0	(0.12720047612890775+0j)
0.358	0.128164	0.0004690319025980577	0.12863327887661455	0.0	(0.12863327887661455+0j)
0.36	0.1296	0.0004738524338177563	0.13007409945234405	0.0	(0.13007409945234405+0j)
0.362	0.131044	0.00047869072636041456	0.13152293772759213	0.0	(0.13152293772759213+0j)
0.364	0.132496	0.00048354664828983984	0.13297979357348835	0.0	(0.13297979357348835+0j)
0.366	0.133956	0.000488420067436901	0.1344446668608154	0.0	(0.1344446668608154+0j)
0.368	0.135424	0.0004933108514061272	0.13591755746001508	0.0	(0.13591755746001508+0j)
0.37	0.1369	0.0004982188675822979	0.13739846524119642	0.0	(0.13739846524119642+0j)
0.372	0.138384	0.0005031439831370277	0.13888739007415346	0.0	(0.13888739007415346+0j)
0.374	0.139876	0.0005080860650353555	0.1403843318283697	0.0	(0.1403843318283697+0j)
0.376	0.141376	0.0005130449800423223	0.1418892903730281	0.0	(0.1418892903730281+0j)
0.378	0.142884	0.0005180205947295333	0.14340226557702537	0.0	(0.14340226557702537+0j)
0.38	0.1444	0.0005230127754817307	0.14492325730897818	0.0	(0.14492325730897818+0j)
0.382	0.145924	0.0005280213885033566	0.146452265437235	0.0	(0.146452265437235+0j)
0.384	0.147456	0.0005330462998250865	0.1479892898298798	0.0	(0.1479892898298798+0j)
0.386	0.14899600000000002	0.000538087375310399	0.1495343303547564	0.0	(0.1495343303547564+0j)
0.388	0.150544	0.0005431444806620778	0.15108738687945755	0.0	(0.15108738687945755+0j)
0.39	0.1521	0.0005482174814287671	0.15264845927135398	0.0	(0.15264845927135398+0j)
0.392	0.15366400000000002	0.0005533062430114713	0.15421754739758398	0.0	(0.15421754739758398+0j)
0.394	0.155236	0.0005584106306700712	0.15579465112508387	0.0	(0.15579465112508387+0j)
0.396	0.156816	0.0005635305095298124	0.1573797703205818	0.0	(0.1573797703205818+0j)
0.398	0.15840400000000002	0.0005686657445877957	0.15897290485060706	0.0	(0.15897290485060706+0j)
0.4	0.16000000000000003	0.000573816200719457	0.16057405458150953	0.0	(0.16057405458150953+0j)
0.402	0.16160400000000003	0.0005789817426850267	0.16218321937945734	0.0	(0.16218321937945734+0j)
0.404	0.16321600000000003	0.0005841622351359766	0.1638003991104509	0.0	(0.1638003991104509+0j)
0.406	0.164836	0.0005893575426214742	0.1654255936403317	0.0	(0.1654255936403317+0j)
0.40800000000000003	0.16646400000000003	0.0005945675295947945	0.16705880283479063	0.0	(0.16705880283479063+0j)
0.41000000000000003	0.16810000000000003	0.0005997920604197418	0.16870002655937058	0.0	(0.16870002655937058+0j)
0.41200000000000003	0.16974400000000003	0.0006050309993770417	0.17034926467948586	0.0	(0.17034926467948586+0j)
0.41400000000000003	0.17139600000000002	0.0006102842106707446	0.17200651706042072	0.0	(0.17200651706042072+0j)
0.41600000000000004	0.17305600000000004	0.000615551558434574	0.17367178356734236	0.0	(0.17367178356734236+0j)
0.418	0.174724	0.000620832906738296	0.175345064065307	0.0	(0.175345064065307+0j)
0.42	0.17639999999999997	0.0006261281195940661	0.17702635841926903	0.0	(0.17702635841926903+0j)
0.422	0.178084	0.0006314370609627349	0.17871566649408893	0.0	(0.17871566649408893+0j)
0.424	0.179776	0.0006367595947601751	0.18041298815453988	0.0	(0.18041298815453988+0j)
0.426	0.181476	0.000642095584863564	0.18211832326531846	0.0	(0.18211832326531846+0j)
0.428	0.18318399999999999	0.0006474448951176673	0.18383167169105058	0.0	(0.18383167169105058+0j)
0.43	0.18489999999999998	0.0006528073893410785	0.18555303329629658	0.0	(0.18555303329629658+0j)
0.432	0.18662399999999998	0.000658182931332485	0.1872824079455595	0.0	(0.1872824079455595+0j)
0.434	0.188356	0.0006635713848768682	0.1890197955033023	0.0	(0.1890197955033023+0j)
0.436	0.190096	0.0006689726137517103	0.19076519583393975	0.0	(0.19076519583393975+0j)
0.438	0.191844	0.0006743864817331885	0.1925186088018612	0.0	(0.1925186088018612+0j)
0.44	0.1936	0.0006798128526023282	0.19428003427142412	0.0	(0.19428003427142412+0j)
0.442	0.195364	0.0006852515901511502	0.19604947210696738	0.0	(0.19604947210696738+0j)
0.444	0.197136	0.0006907025581887931	0.1978269221728242	0.0	(0.1978269221728242+0j)
0.446	0.198916	0.0006961656205476279	0.1996123843333205	0.0	(0.1996123843333205+0j)
0.448	0.20070400000000002	0.0007016406410893191	0.20140585845278558	0.0	(0.20140585845278558+0j)
0.45	0.2025	0.0007071274837109017	0.20320734439556293	0.0	(0.20320734439556293+0j)
0.452	0.204304	0.0007126260123508192	0.20501684202600573	0.0	(0.20501684202600573+0j)
0.454	0.20611600000000002	0.0007181360909949329	0.2068343512084997	0.0	(0.2068343512084997+0j)
0.456	0.207936	0.0007236575836825195	0.20865987180745812	0.0	(0.20865987180745812+0j)
0.458	0.209764	0.0007291903545122457	0.21049340368733058	0.0	(0.21049340368733058+0j)
0.46	0.2116	0.0007347342676481107	0.2123349467126151	0.0	(0.2123349467126151+0j)
0.462	0.21344400000000002	0.0007402891873253729	0.21418450074786177	0.0	(0.21418450074786177+0j)
0.464	0.21529600000000002	0.0007458549778564514	0.21604206565767725	0.0	(0.21604206565767725+0j)
0.466	0.21715600000000002	0.0007514315036368	0.21790764130673226	0.0	(0.21790764130673226+0j)
0.468	0.21902400000000002	0.0007570186291507582	0.21978122755977217	0.0	(0.21978122755977217+0j)
0.47000000000000003	0.22090000000000004	0.0007626162189773807	0.2216628242816198	0.0	(0.2216628242816198+0j)
0.47200000000000003	0.22278400000000004	0.0007682241377962294	0.2235524313371801	0.0	(0.2235524313371801+0j)
0.47400000000000003	0.22467600000000004	0.0007738422503931593	0.22545004859145454	0.0	(0.22545004859145454+0j)
0.47600000000000003	0.22657600000000003	0.0007794704216660613	0.22735567590953612	0.0	(0.22735567590953612+0j)
0.47800000000000004	0.22848400000000005	0.0007851085166305831	0.22926931315662785	0.0	(0.22926931315662785+0j)
0.48	0.2304	0.0007907564004258274	0.23119096019803737	0.0	(0.23119096019803737+0j)
0.482	0.23232399999999997	0.000796413938320019	0.23312061689919472	0.0	(0.23312061689919472+0j)
0.484	0.234256	0.0008020809957161507	0.23505828312564916	0.0	(0.23505828312564916+0j)
0.486	0.236196	0.0008077574381575872	0.23700395874307742	0.0	(0.23700395874307742+0j)
0.488	0.238144	0.0008134431313336577	0.23895764361729482	0.0	(0.23895764361729482+0j)
0.49	0.24009999999999998	0.0008191379410852095	0.2409193376142561	0.0	(0.2409193376142561+0j)
0.492	0.242064	0.0008248417334101394	0.24288904060006503	0.0	(0.24288904060006503+0j)
0.494	0.244036	0.0008305543744688872	0.24486675244097558	0.0	(0.24486675244097558+0j)
0.496	0.24601599999999998	0.0008362757305899117	0.24685247300340166	0.0	(0.24685247300340166+0j)
0.498	0.248004	0.000842005668275126	0.2488462021539234	0.0	(0.2488462021539234+0j)
0.5	0.25	0.0008477440542053121	0.2508479397592934	0.0	(0.2508479397592934+0j)
0.502	0.252004	0.0008534907552454973	0.2528576856864363	0.0	(0.2528576856864363+0j)
0.504	0.254016	0.0008592456384503074	0.25487543980246136	0.0	(0.25487543980246136+0j)
0.506	0.256036	0.0008650085710692813	0.25690120197466687	0.0	(0.25690120197466687+0j)
0.508	0.258064	0.0008707794205521654	0.25893497207054356	0.0	(0.25893497207054356+0j)
0.51	0.2601	0.0008765580545541635	0.26097674995778336	0.0	(0.26097674995778336+0j)
0.512	0.262144	0.0008823443409411651	0.2630265355042817	0.0	(0.2630265355042817+0j)
0.514	0.264196	0.000888138147794941	0.2650843285781437	0.0	(0.2650843285781437+0j)
0.516	0.266256	0.0008939393434182985	0.26715012904769	0.0	(0.26715012904769+0j)
0.518	0.268324	0.0008997477963402188	0.2692239367814693	0.0	(0.2692239367814693+0j)
0.52	0.27040000000000003	0.0009055633753209413	0.2713057516482455	0.0	(0.2713057516482455+0j)
0.522	0.272484	0.0009113859493570381	0.27339557351702587	0.0	(0.27339557351702587+0j)
0.524	0.27457600000000004	0.0009172153876864397	0.2754934022570476	0.0	(0.2754934022570476+0j)
0.526	0.27667600000000003	0.0009230515597934294	0.2775992377377915	0.0	(0.2775992377377915+0j)
0.528	0.27878400000000003	0.0009288943354136118	0.2797130798289913	0.0	(0.2797130798289913+0j)
0.53	0.28090000000000004	0.0009347435845388372	0.2818349284006301	0.0	(0.2818349284006301+0j)
0.532	0.28302400000000005	0.0009405991774220989	0.2839647833229503	0.0	(0.2839647833229503+0j)
0.534	0.285156	0.0009464609845823959	0.28610264446645484	0.0	(0.28610264446645484+0j)
0.536	0.28729600000000005	0.0009523288768095565	0.2882485117019187	0.0	(0.2882485117019187+0j)
0.538	0.28944400000000003	0.0009582027251690321	0.29040238490038867	0.0	(0.29040238490038867+0j)
0.54	0.2916	0.000964082401006651	0.2925642639331918	0.0	(0.2925642639331918+0j)
0.542	0.293764	0.0009699677759533447	0.29473414867192926	0.0	(0.29473414867192926+0j)
0.544	0.29593600000000003	0.0009758587219298294	0.2969120389885089	0.0	(0.2969120389885089+0j)
0.546	0.29811600000000005	0.0009817551111512592	0.29909793475511615	0.0	(0.29909793475511615+0j)
0.548	0.30030400000000007	0.0009876568161318398	0.30129183584423375	0.0	(0.30129183584423375+0j)
0.55	0.30250000000000005	0.0009935637096894088	0.3034937421286549	0.0	(0.3034937421286549+0j)
0.552	0.30470400000000003	0.0009994756649499739	0.3057036534814771	0.0	(0.3057036534814771+0j)
0.554	0.3069160000000001	0.0010053925553522261	0.30792156977610824	0.0	(0.30792156977610824+0j)
0.556	0.3091360000000001	0.0010113142546520036	0.3101474908862733	0.0	(0.3101474908862733+0j)
0.558	0.3113640000000001	0.0010172406369267264	0.3123814166860201	0.0	(0.3123814166860201+0j)
0.56	0.31360000000000005	0.0010231715765797935	0.31462334704972067	0.0	(0.31462334704972067+0j)
0.562	0.31584400000000007	0.0010291069483449413	0.3168732818520765	0.0	(0.3168732818520765+0j)
0.5640000000000001	0.31809600000000005	0.0010350466272905626	0.31913122096812196	0.0	(0.31913122096812196+0j)
0.5660000000000001	0.3203560000000001	0.0010409904888239944	0.32139716427323284	0.0	(0.32139716427323284+0j)
0.5680000000000001	0.3226240000000001	0.001046938408695762	0.3236711116431283	0.0	(0.3236711116431283+0j)
0.5700000000000001	0.3249000000000001	0.0010528902630037903	0.32595306295387855	0.0	(0.32595306295387855+0j)
0.5720000000000001	0.3271840000000001	0.0010588459281975736	0.3282430180818953	0.0	(0.3282430180818953+0j)
0.5740000000000001	0.3294760000000001	0.0010648052810823068	0.3305409769039534	0.0	(0.3305409769039534+0j)
0.5760000000000001	0.33177600000000007	0.0010707681988229815	0.3328469392971878	0.0	(0.3328469392971878+0j)
0.578	0.33408399999999994	0.0010767345589484457	0.3351609051390942	0.0	(0.3351609051390942+0j)
0.58	0.3364	0.0010827042393554147	0.3374828743075469	0.0	(0.3374828743075469+0j)
0.582	0.33872399999999997	0.0010886771183124572	0.33981284668077644	0.0	(0.33981284668077644+0j)
0.584	0.34105599999999997	0.0010946530744639323	0.34215082213740333	0.0	(0.34215082213740333+0j)
0.586	0.343396	0.0011006319868338906	0.3444968005564215	0.0	(0.3444968005564215+0j)
0.588	0.34574399999999994	0.0011066137348299404	0.346850781817213	0.0	(0.346850781817213+0j)
0.59	0.34809999999999997	0.0011125981982470696	0.3492127657995457	0.0	(0.3492127657995457+0j)
0.592	0.35046399999999994	0.0011185852572714293	0.3515827523835817	0.0	(0.3515827523835817+0j)
0.594	0.352836	0.001124574792484078	0.35396074144987794	0.0	(0.35396074144987794+0j)
0.596	0.355216	0.0011305666848646927	0.3563467328793863	0.0	(0.3563467328793863+0j)
0.598	0.357604	0.001136560815795229	0.3587407265534708	0.0	(0.3587407265534708+0j)
0.6	0.36	0.0011425570670635513	0.3611427223538978	0.0	(0.3611427223538978+0j)
0.602	0.36240399999999995	0.0011485553208670182	0.3635527201628434	0.0	(0.3635527201628434+0j)
0.604	0.364816	0.0011545554598160295	0.3659707198628998	0.0	(0.3659707198628998+0j)
0.606	0.367236	0.0011605573669375372	0.3683967213370756	0.0	(0.3683967213370756+0j)
0.608	0.369664	0.0011665609256785055	0.3708307244688063	0.0	(0.3708307244688063+0j)
0.61	0.3721	0.0011725660199093458	0.37327272914194237	0.0	(0.37327272914194237+0j)
0.612	0.374544	0.0011785725339272968	0.375722735240766	0.0	(0.375722735240766+0j)
0.614	0.376996	0.0011845803524597777	0.37818074264999535	0.0	(0.37818074264999535+0j)
0.616	0.379456	0.0011905893606676907	0.3806467512547836	0.0	(0.3806467512547836+0j)
0.618	0.381924	0.001196599444148689	0.38312076094071085	0.0	(0.38312076094071085+0j)
0.62	0.3844	0.0012026104889404034	0.38560277159381495	0.0	(0.38560277159381495+0j)
0.622	0.386884	0.0012086223815236258	0.38809278310056194	0.0	(0.38809278310056194+0j)
0.624	0.389376	0.0012146350088254557	0.39059079534787383	0.0	(0.39059079534787383+0j)
0.626	0.391876	0.0012206482582224059	0.3930968082231334	0.0	(0.3930968082231334+0j)
0.628	0.394384	0.0012266620175434646	0.3956108216141557	0.0	(0.3956108216141557+0j)
0.63	0.39690000000000003	0.0012326761750731182	0.39813283540923006	0.0	(0.39813283540923006+0j)
0.632	0.399424	0.0012386906195543377	0.40066284949709957	0.0	(0.40066284949709957+0j)
0.634	0.40195600000000004	0.0012447052401915186	0.40320086376696856	0.0	(0.40320086376696856+0j)
0.636	0.404496	0.0012507199266533799	0.4057468781085055	0.0	(0.4057468781085055+0j)
0.638	0.407044	0.0012567345690758292	0.40830089241185735	0.0	(0.40830089241185735+0j)
0.64	0.4096	0.0012627490580647807	0.41086290656763336	0.0	(0.41086290656763336+0j)
0.642	0.41216400000000003	0.0012687632846989337	0.4134329204669217	0.0	(0.4134329204669217+0j)
0.644	0.41473600000000005	0.0012747771405325137	0.4160109340012853	0.0	(0.4160109340012853+0j)
0.646	0.417316	0.0012807905175979649	0.4185969470627614	0.0	(0.4185969470627614+0j)
0.648	0.419904	0.0012868033084086142	0.42119095954388386	0.0	(0.42119095954388386+0j)
0.65	0.42250000000000004	0.0012928154059612812	0.42379297133766075	0.0	(0.42379297133766075+0j)
0.652	0.42510400000000004	0.0012988267037388574	0.42640298233758417	0.0	(0.42640298233758417+0j)
0.654	0.42771600000000004	0.0013048370957128388	0.4290209924376524	0.0	(0.4290209924376524+0j)
0.656	0.43033600000000005	0.0013108464763458194	0.43164700153233687	0.0	(0.43164700153233687+0j)
0.658	0.432964	0.0013168547405939459	0.4342810095166193	0.0	(0.4342810095166193+0j)
0.66	0.43560000000000004	0.0013228617839093312	0.43692301628597	0.0	(0.43692301628597+0j)
0.662	0.438244	0.0013288675022424202	0.43957302173636287	0.0	(0.43957302173636287+0j)
0.664	0.44089600000000007	0.0013348717920443278	0.4422310257642722	0.0	(0.4422310257642722+0j)
0.666	0.44355600000000006	0.0013408745502691251	0.44489702826667715	0.0	(0.44489702826667715+0j)
0.668	0.44622400000000007	0.0013468756743760897	0.4475710291410664	0.0	(0.4475710291410664+0j)
0.67	0.4489000000000001	0.001352875062331915	0.45025302828543023	0.0	(0.45025302828543023+0j)
0.672	0.45158400000000004	0.0013588726126128785	0.4529430255982779	0.0	(0.4529430255982779+0j)
0.674	0.45427600000000007	0.00136486822420697	0.4556410209786311	0.0	(0.4556410209786311+0j)
0.676	0.45697600000000005	0.001370861796615979	0.45834701432602265	0.0	(0.45834701432602265+0j)
0.678	0.45968400000000004	0.0013768532298575418	0.4610610055405034	0.0	(0.4610610055405034+0j)
0.68	0.4624000000000001	0.0013828424244671485	0.46378299452263944	0.0	(0.46378299452263944+0j)
0.682	0.4651240000000001	0.0013888292815001065	0.46651298117352935	0.0	(0.46651298117352935+0j)
0.684	0.46785600000000005	0.0013948137025334706	0.46925096539478817	0.0	(0.46925096539478817+0j)
0.686	0.47059600000000007	0.0014007955896679282	0.47199694708856	0.0	(0.47199694708856+0j)
0.6880000000000001	0.4733440000000001	0.0014067748455296424	0.4747509261575057	0.0	(0.4747509261575057+0j)
0.6900000000000001	0.4761000000000001	0.0014127513732720598	0.4775129025048237	0.0	(0.4775129025048237+0j)
0.6920000000000001	0.47886400000000007	0.0014187250765776733	0.48028287603424386	0.0	(0.48028287603424386+0j)
0.6940000000000001	0.48163600000000006	0.0014246958596597532	0.4830608466500218	0.0	(0.4830608466500218+0j)
0.6960000000000001	0.48441600000000007	0.001430663627264029	0.48584681425695186	0.0	(0.48584681425695186+0j)
0.6980000000000001	0.4872040000000001	0.0014366282846703343	0.4886407787603615	0.0	(0.4886407787603615+0j)
0.7000000000000001	0.4900000000000001	0.0014425897376942173	0.4914427400661205	0.0	(0.4914427400661205+0j)
0.7020000000000001	0.4928040000000001	0.0014485478926885035	0.49425269808062955	0.0	(0.49425269808062955+0j)
0.704	0.49561599999999995	0.001454502656544826	0.4970706527108326	0.0	(0.4970706527108326+0j)
0.706	0.49843599999999993	0.0014604539366951125	0.4998966038642241	0.0	(0.4998966038642241+0j)
0.708	0.5012639999999999	0.0014664016411130318	0.5027305514488225	0.0	(0.5027305514488225+0j)
0.71	0.5041	0.0014723456783154055	0.5055724953732097	0.0	(0.5055724953732097+0j)
0.712	0.506944	0.0014782859573635775	0.508422435546509	0.0	(0.508422435546509+0j)
0.714	0.5097959999999999	0.0014842223878647441	0.5112803718783769	0.0	(0.5112803718783769+0j)
0.716	0.512656	0.0014901548799732475	0.5141463042790494	0.0	(0.5141463042790494+0j)
0.718	0.515524	0.0014960833443918272	0.5170202326592706	0.0	(0.5170202326592706+0j)
0.72	0.5184	0.001502007692372837	0.5199021569303813	0.0	(0.5199021569303813+0j)
0.722	0.521284	0.0015079278357194204	0.5227920770042328	0.0	(0.5227920770042328+0j)
0.724	0.524176	0.0015138436867866466	0.5256899927932613	0.0	(0.5256899927932613+0j)
0.726	0.527076	0.0015197551584826118	0.5285959042104356	0.0	(0.5285959042104356+0j)
0.728	0.529984	0.001525662164269499	0.5315098111693023	0.0	(0.5315098111693023+0j)
0.73	0.5328999999999999	0.0015315646181646005	0.5344317135839393	0.0	(0.5344317135839393+0j)
0.732	0.535824	0.0015374624347413057	0.537361611369008	0.0	(0.537361611369008+0j)
0.734	0.538756	0.0015433555291300446	0.5402995044397098	0.0	(0.5402995044397098+0j)
0.736	0.541696	0.0015492438170191985	0.54324539271181	0.0	(0.54324539271181+0j)
0.738	0.544644	0.0015551272146559737	0.546199276101643	0.0	(0.546199276101643+0j)
0.74	0.5476	0.0015610056388472334	0.5491611545260959	0.0	(0.5491611545260959+0j)
0.742	0.5505639999999999	0.0015668790069602965	0.5521310279026246	0.0	(0.5521310279026246+0j)
0.744	0.553536	0.0015727472369236968	0.5551088961492379	0.0	(0.5551088961492379+0j)
0.746	0.556516	0.0015786102472279053	0.5580947591845229	0.0	(0.5580947591845229+0j)
0.748	0.559504	0.0015844679569260202	0.561088616927614	0.0	(0.561088616927614+0j)
0.75	0.5625	0.0015903202856344105	0.5640904692982328	0.0	(0.5640904692982328+0j)
0.752	0.565504	0.0015961671535333348	0.5671003162166455	0.0	(0.5671003162166455+0j)
0.754	0.568516	0.0016020084813675125	0.5701181576036957	0.0	(0.5701181576036957+0j)
0.756	0.571536	0.00160784419044667	0.573143993380794	0.0	(0.573143993380794+0j)
0.758	0.574564	0.0016136742026460387	0.5761778234699242	0.0	(0.5761778234699242+0j)
0.76	0.5776	0.0016194984404068289	0.579219647793622	0.0	(0.579219647793622+0j)
0.762	0.580644	0.0016253168267366608	0.5822694662750086	0.0	(0.5822694662750086+0j)
0.764	0.583696	0.0016311292852099592	0.5853272788377658	0.0	(0.5853272788377658+0j)
0.766	0.586756	0.0016369357399683183	0.5883930854061458	0.0	(0.5883930854061458+0j)
0.768	0.589824	0.0016427361157208273	0.5914668859049702	0.0	(0.5914668859049702+0j)
0.77	0.5929	0.0016485303377443618	0.5945486802596482	0.0	(0.5945486802596482+0j)
0.772	0.5959840000000001	0.001654318331883841	0.5976384683961296	0.0	(0.5976384683961296+0j)
0.774	0.599076	0.0016601000245524467	0.6007362502409518	0.0	(0.6007362502409518+0j)
0.776	0.602176	0.0016658753427318167	0.6038420257212332	0.0	(0.6038420257212332+0j)
0.778	0.605284	0.0016716442139721914	0.6069557947646492	0.0	(0.6069557947646492+0j)
0.78	0.6084	0.0016774065663925381	0.6100775572994516	0.0	(0.6100775572994516+0j)
0.782	0.6115240000000001	0.001683162328680632	0.6132073132544624	0.0	(0.6132073132544624+0j)
0.784	0.6146560000000001	0.001688911430093111	0.6163450625590812	0.0	(0.6163450625590812+0j)
0.786	0.617796	0.0016946538004554896	0.6194908051432757	0.0	(0.6194908051432757+0j)
0.788	0.620944	0.0017003893701621469	0.6226445409375909	0.0	(0.6226445409375909+0j)
0.79	0.6241000000000001	0.0017061180701762762	0.6258062698731408	0.0	(0.6258062698731408+0j)
0.792	0.627264	0.0017118398320298011	0.6289759918816094	0.0	(0.6289759918816094+0j)
0.794	0.6304360000000001	0.0017175545878232654	0.6321537068952651	0.0	(0.6321537068952651+0j)
0.796	0.6336160000000001	0.0017232622702256827	0.6353394148469301	0.0	(0.6353394148469301+0j)
0.798	0.636804	0.0017289628124743557	0.63853311567002	0.0	(0.63853311567002+0j)
0.8	0.6400000000000001	0.0017346561483746687	0.6417348092985116	0.0	(0.6417348092985116+0j)
0.802	0.6432040000000001	0.0017403422122998385	0.6449444956669588	0.0	(0.6449444956669588+0j)
0.804	0.6464160000000001	0.001746020939190645	0.6481621747104827	0.0	(0.6481621747104827+0j)
0.806	0.6496360000000001	0.0017516922645551159	0.6513878463647839	0.0	(0.6513878463647839+0j)
0.808	0.6528640000000001	0.0017573561244681978	0.6546215105661276	0.0	(0.6546215105661276+0j)
0.81	0.6561000000000001	0.0017630124555713788	0.6578631672513576	0.0	(0.6578631672513576+0j)
0.812	0.659344	0.0017686611950722916	0.6611128163579024	0.0	(0.6611128163579024+0j)
0.8140000000000001	0.6625960000000001	0.0017743022807442813	0.6643704578237325	0.0	(0.6643704578237325+0j)
0.8160000000000001	0.6658560000000001	0.0017799356509259436	0.667636091587419	0.0	(0.667636091587419+0j)
0.8180000000000001	0.669124	0.0017855612445206314	0.6709097175880843	0.0	(0.6709097175880843+0j)
0.8200000000000001	0.6724000000000001	0.0017911790009959372	0.6741913357654292	0.0	(0.6741913357654292+0j)
0.8220000000000001	0.6756840000000001	0.0017967888603831344	0.6774809460597353	0.0	(0.6774809460597353+0j)
0.8240000000000001	0.6789760000000001	0.0018023907632766013	0.6807785484118487	0.0	(0.6807785484118487+0j)
0.8260000000000001	0.6822760000000001	0.0018079846508332054	0.6840841427631813	0.0	(0.6840841427631813+0j)
0.8280000000000001	0.6855840000000001	0.0018135704647716682	0.6873977290557175	0.0	(0.6873977290557175+0j)
0.8300000000000001	0.6889000000000001	0.0018191481473718903	0.6907193072320229	0.0	(0.6907193072320229+0j)
0.8320000000000001	0.6922240000000002	0.0018247176414742583	0.6940488772352165	0.0	(0.6940488772352165+0j)
0.834	0.695556	0.001830278890478914	0.6973864390090032	0.0	(0.6973864390090032+0j)
0.836	0.698896	0.0018358318383450052	0.7007319924976494	0.0	(0.7007319924976494+0j)
0.838	0.702244	0.0018413764295898962	0.7040855376459876	0.0	(0.7040855376459876+0j)
0.84	0.7055999999999999	0.0018469126092883607	0.7074470743994276	0.0	(0.7074470743994276+0j)
0.842	0.7089639999999999	0.0018524403230717437	0.7108166027039436	0.0	(0.7108166027039436+0j)
0.844	0.712336	0.001857959517127096	0.7141941225060804	0.0	(0.7141941225060804+0j)
0.846	0.7157159999999999	0.001863470138196279	0.717579633752954	0.0	(0.717579633752954+0j)
0.848	0.719104	0.0018689721335750477	0.7209731363922369	0.0	(0.7209731363922369+0j)
0.85	0.7224999999999999	0.0018744654511121017	0.7243746303721899	0.0	(0.7243746303721899+0j)
0.852	0.725904	0.001879950039208116	0.7277841156416247	0.0	(0.7277841156416247+0j)
0.854	0.729316	0.001885425846814737	0.731201592149933	0.0	(0.731201592149933+0j)
0.856	0.7327359999999999	0.0018908928234335634	0.734627059847065	0.0	(0.734627059847065+0j)
0.858	0.7361639999999999	0.0018963509191150894	0.7380605186835383	0.0	(0.7380605186835383+0j)
0.86	0.7395999999999999	0.001901800084457634	0.7415019686104545	0.0	(0.7415019686104545+0j)
0.862	0.7430439999999999	0.0019072402706062357	0.7449514095794632	0.0	(0.7449514095794632+0j)
0.864	0.7464959999999999	0.0019126714292515279	0.7484088415427997	0.0	(0.7484088415427997+0j)
0.866	0.749956	0.0019180935126285861	0.7518742644532528	0.0	(0.7518742644532528+0j)
0.868	0.753424	0.0019235064735157556	0.7553476782641917	0.0	(0.7553476782641917+0j)
0.87	0.7569	0.0019289102652334479	0.7588290829295595	0.0	(0.7588290829295595+0j)
0.872	0.760384	0.0019343048416429164	0.7623184784038423	0.0	(0.7623184784038423+0j)
0.874	0.763876	0.0019396901571450136	0.7658158646421229	0.0	(0.7658158646421229+0j)
0.876	0.767376	0.0019450661666789118	0.7693212416000561	0.0	(0.7693212416000561+0j)
0.878	0.770884	0.0019504328257208166	0.7728346092338442	0.0	(0.7728346092338442+0j)
0.88	0.7744	0.001955790090282644	0.7763559675002952	0.0	(0.7763559675002952+0j)
0.882	0.7779240000000001	0.0019611379169106797	0.7798853163567574	0.0	(0.7798853163567574+0j)
0.884	0.781456	0.001966476262684218	0.7834226557611853	0.0	(0.7834226557611853+0j)
0.886	0.784996	0.001971805085214177	0.786967985672096	0.0	(0.786967985672096+0j)
0.888	0.788544	0.0019771243426416874	0.7905213060485783	0.0	(0.7905213060485783+0j)
0.89	0.7921	0.0019824339936366673	0.7940826168503216	0.0	(0.7940826168503216+0j)
0.892	0.795664	0.0019877339973963667	0.7976519180375888	0.0	(0.7976519180375888+0j)
0.894	0.7992360000000001	0.0019930243136439	0.8012292095712229	0.0	(0.8012292095712229+0j)
0.896	0.8028160000000001	0.001998304902626748	0.804814491412674	0.0	(0.804814491412674+0j)
0.898	0.806404	0.0020035757251152457	0.8084077635239643	0.0	(0.8084077635239643+0j)
0.9	0.81	0.0020088367424010486	0.8120090258677387	0.0	(0.8120090258677387+0j)
0.902	0.813604	0.0020140879162955753	0.8156182784072189	0.0	(0.8156182784072189+0j)
0.904	0.817216	0.002019329209128433	0.8192355211062495	0.0	(0.8192355211062495+0j)
0.906	0.820836	0.0020245605837458224	0.8228607539292848	0.0	(0.8228607539292848+0j)
0.908	0.8244640000000001	0.002029782003508921	0.8264939768414061	0.0	(0.8264939768414061+0j)
0.91	0.8281000000000001	0.0020349934322922525	0.8301351898082998	0.0	(0.8301351898082998+0j)
0.912	0.831744	0.0020401948344820286	0.8337843927963146	0.0	(0.8337843927963146+0j)
0.914	0.835396	0.0020453861749744834	0.8374415857724405	0.0	(0.8374415857724405+0j)
0.916	0.839056	0.0020505674191741746	0.841106768704316	0.0	(0.841106768704316+0j)
0.918	0.842724	0.0020557385329922806	0.8447799415602576	0.0	(0.8447799415602576+0j)
0.92	0.8464	0.002060899482844871	0.8484611043092586	0.0	(0.8484611043092586+0j)
0.922	0.8500840000000001	0.002066050235651159	0.8521502569210115	0.0	(0.8521502569210115+0j)
0.924	0.8537760000000001	0.002071190758831743	0.8558473993659571	0.0	(0.8558473993659571+0j)
0.926	0.8574760000000001	0.0020763210203068243	0.8595525316152431	0.0	(0.8595525316152431+0j)
0.928	0.8611840000000001	0.002081440988494406	0.8632656536407939	0.0	(0.8632656536407939+0j)
0.93	0.8649000000000001	0.0020865506323084863	0.866986765415335	0.0	(0.866986765415335+0j)
0.932	0.8686240000000001	0.0020916499211572214	0.8707158669124129	0.0	(0.8707158669124129+0j)
0.934	0.8723560000000001	0.002096738824941081	0.874452958106441	0.0	(0.874452958106441+0j)
0.936	0.8760960000000001	0.0021018173140509833	0.8781980389727359	0.0	(0.8781980389727359+0j)
0.9380000000000001	0.8798440000000001	0.002106885359366417	0.8819511094875808	0.0	(0.8819511094875808+0j)
0.9400000000000001	0.8836000000000002	0.0021119429322535455	0.8857121696282778	0.0	(0.8857121696282778+0j)
0.9420000000000001	0.8873640000000002	0.0021169900045632964	0.8894812193732073	0.0	(0.8894812193732073+0j)
0.9440000000000001	0.8911360000000002	0.0021220265486294365	0.8932582587019262	0.0	(0.8932582587019262+0j)
0.9460000000000001	0.8949160000000002	0.002127052537266631	0.8970432875952569	0.0	(0.8970432875952569+0j)
0.9480000000000001	0.8987040000000002	0.002132067943768486	0.9008363060354102	0.0	(0.9008363060354102+0j)
0.9500000000000001	0.9025000000000001	0.0021370727419055854	0.9046373140061044	0.0	(0.9046373140061044+0j)
0.9520000000000001	0.9063040000000001	0.0021420669059234983	0.90844631149275	0.0	(0.90844631149275+0j)
0.9540000000000001	0.9101160000000001	0.0021470504105407864	0.9122632984826436	0.0	(0.9122632984826436+0j)
0.9560000000000001	0.9139360000000002	0.002152023230946994	0.9160882749652147	0.0	(0.9160882749652147+0j)
0.9580000000000001	0.9177640000000001	0.002156985342800617	0.9199212409323261	0.0	(0.9199212409323261+0j)
0.96	0.9216	0.002161936722227071	0.9237621963786457	0.0	(0.9237621963786457+0j)
0.962	0.9254439999999999	0.0021668773458166364	0.9276111413021169	0.0	(0.9276111413021169+0j)
0.964	0.9292959999999999	0.002171807190622395	0.9314680757045485	0.0	(0.9314680757045485+0j)
0.966	0.933156	0.002176726234158155	0.9353329995923769	0.0	(0.9353329995923769+0j)
0.968	0.937024	0.002181634454396361	0.9392059129776427	0.0	(0.9392059129776427+0j)
0.97	0.9409	0.002186531829765992	0.9430868158792849	0.0	(0.9430868158792849+0j)
0.972	0.944784	0.002191418339150452	0.9469757083248465	0.0	(0.9469757083248465+0j)
0.974	0.948676	0.0021962939618854443	0.9508725903528163	0.0	(0.9508725903528163+0j)
0.976	0.952576	0.002201158677756836	0.9547774620158785	0.0	(0.9547774620158785+0j)
0.978	0.956484	0.00220601246699851	0.9586903233854573	0.0	(0.9586903233854573+0j)
0.98	0.9603999999999999	0.0022108553102902113	0.9626111745584245	0.0	(0.9626111745584245+0j)
0.982	0.964324	0.0022156871887553773	0.9665400156670714	0.0	(0.9665400156670714+0j)
0.984	0.968256	0.0022205080839589565	0.9704768468946735	0.0	(0.9704768468946735+0j)
0.986	0.972196	0.002225317977905225	0.9744216685007432	0.0	(0.9744216685007432+0j)
0.988	0.976144	0.0022301168530355856	0.9783744808643433	0.0	(0.9783744808643433+0j)
0.99	0.9801	0.0022349046922263585	0.9823352845633844	0.0	(0.9823352845633844+0j)
0.992	0.9840639999999999	0.002239681478786567	0.986304080533109	0.0	(0.986304080533109+0j)
0.994	0.988036	0.002244447196455708	0.9902808704220943	0.0	(0.9902808704220943+0j)
0.996	0.992016	0.002249201829401517	0.9942656575393165	0.0	(0.9942656575393165+0j)
0.998	0.996004	0.002253945362217724	0.9982584501556663	0.0	(0.9982584501556663+0j)
1.0	1.0	0.0022586777799217996	1.0022592811360638	0.0	(1.0022592811360638+0j)
