-1.0	-1.0	-0.0029284519018753117	-1.0029322047167926	0.0	-1.0029322047167926
-0.9966666666666667	-0.9933444444444445	-0.002926745812239215	-0.9962741170358488	0.0	-0.9962741170358488
-0.9933333333333334	-0.9867111111111112	-0.0029250225256037985	-0.989638644950612	0.0	-0.989638644950612
-0.9900000000000001	-0.9801000000000002	-0.0029232818105685535	-0.9830255168855353	0.0	-0.9830255168855353
-0.9866666666666667	-0.9735111111111112	-0.0029215234318648513	-0.9764346635189874	0.0	-0.9764346635189874
-0.9833333333333334	-0.9669444444444446	-0.00291974715028066	-0.9698660567732799	0.0	-0.9698660567732799
-0.9800000000000001	-0.9604000000000001	-0.0029179527225837065	-0.9633196824347606	0.0	-0.9633196824347606
-0.9766666666666667	-0.9538777777777778	-0.002916139901443063	-0.956795532258289	0.0	-0.956795532258289
-0.9733333333333334	-0.9473777777777779	-0.002914308435349126	-0.9502936009897768	0.0	-0.9502936009897768
-0.9700000000000001	-0.9409000000000002	-0.0029124580685319697	-0.9438138850379336	0.0	-0.9438138850379336
-0.9666666666666667	-0.9344444444444444	-0.0029105885408780324	-0.9373563818082669	0.0	-0.9373563818082669
-0.9633333333333334	-0.9280111111111112	-0.0029086995878451305	-0.9309210893392093	0.0	-0.9309210893392093
-0.9600000000000001	-0.9216000000000002	-0.0029067909403757493	-0.9245080060894314	0.0	-0.9245080060894314
-0.9566666666666668	-0.9152111111111113	-0.0029048623248086112	-0.9181171308068584	0.0	-0.9181171308068584
-0.9533333333333334	-0.9088444444444445	-0.0029029134627884695	-0.9117484624443801	0.0	-0.9117484624443801
-0.9500000000000001	-0.9025000000000001	-0.002900944071174127	-0.9054020001035983	0.0	-0.9054020001035983
-0.9466666666666668	-0.896177777777778	-0.0028989538619446356	-0.899077742996122	0.0	-0.899077742996122
-0.9433333333333334	-0.8898777777777778	-0.002896942542103667	-0.8927756904162364	0.0	-0.8927756904162364
-0.9400000000000001	-0.8836000000000002	-0.0028949098135820214	-0.8864958417211375	0.0	-0.8864958417211375
-0.9366666666666668	-0.8773444444444446	-0.002892855373138257	-0.880238196316354	0.0	-0.880238196316354
-0.9333333333333333	-0.8711111111111112	-0.0028907789122574207	-0.8740027536447894	0.0	-0.8740027536447894
-0.93	-0.8649000000000001	-0.0028886801170478495	-0.867789513178391	0.0	-0.867789513178391
-0.9266666666666667	-0.8587111111111113	-0.002886558668136036	-0.8615984744116354	0.0	-0.8615984744116354
-0.9233333333333333	-0.8525444444444444	-0.0028844142405595285	-0.8554296368564951	0.0	-0.8554296368564951
-0.92	-0.8464	-0.0028822465036578556	-0.8492830000383857	0.0	-0.8492830000383857
-0.9166666666666667	-0.8402777777777779	-0.002880055120961453	-0.8431585634929114	0.0	-0.8431585634929114
-0.9133333333333334	-0.834177777777778	-0.002877839750078585	-0.8370563267632686	0.0	-0.8370563267632686
-0.91	-0.8281000000000001	-0.0028756000425802404	-0.830976289398039	0.0	-0.830976289398039
-0.9066666666666667	-0.8220444444444446	-0.002873335643883	-0.8249184509494624	0.0	-0.8249184509494624
-0.9033333333333334	-0.8160111111111112	-0.0028710461931298554	-0.8188828109718788	0.0	-0.8188828109718788
-0.9	-0.81	-0.0028687313230689807	-0.8128693690205294	0.0	-0.8128693690205294
-0.8966666666666667	-0.8040111111111112	-0.0028663906599304513	-0.8068781246504363	0.0	-0.8068781246504363
-0.8933333333333334	-0.7980444444444446	-0.0028640238233008995	-0.8009090774155246	0.0	-0.8009090774155246
-0.89	-0.7921	-0.002861630425996114	-0.7949622268677888	0.0	-0.7949622268677888
-0.8866666666666667	-0.7861777777777779	-0.0028592100739315814	-0.7890375725566332	0.0	-0.7890375725566332
-0.8833333333333334	-0.780277777777778	-0.002856762365990979	-0.7831351140282504	0.0	-0.7831351140282504
-0.88	-0.7744	-0.002854286893892617	-0.7772548508250784	0.0	-0.7772548508250784
-0.8766666666666667	-0.7685444444444445	-0.002851783242053856	-0.7713967824853241	0.0	-0.7713967824853241
-0.8733333333333334	-0.7627111111111112	-0.002849250987453496	-0.7655609085424974	0.0	-0.7655609085424974
-0.8700000000000001	-0.7569000000000002	-0.0028466896994921768	-0.7597472285250639	0.0	-0.7597472285250639
-0.8666666666666667	-0.7511111111111112	-0.0028440989398507894	-0.753955741956051	0.0	-0.753955741956051
-0.8633333333333334	-0.7453444444444446	-0.00284147826234694	-0.7481864483526999	0.0	-0.7481864483526999
-0.8600000000000001	-0.7396000000000001	-0.0028388272127894882	-0.7424393472261942	0.0	-0.7424393472261942
-0.8566666666666667	-0.7338777777777779	-0.0028361453288312023	-0.7367144380813174	0.0	-0.7367144380813174
-0.8533333333333334	-0.7281777777777779	-0.002833432139819557	-0.7310117204162082	0.0	-0.7310117204162082
-0.8500000000000001	-0.7225000000000001	-0.002830687166645733	-0.7253311937220802	0.0	-0.7253311937220802
-0.8466666666666667	-0.7168444444444445	-0.0028279099215918605	-0.7196728574829928	0.0	-0.7196728574829928
-0.8433333333333334	-0.7112111111111112	-0.002825099908176558	-0.7140367111755643	0.0	-0.7140367111755643
-0.8400000000000001	-0.7056000000000001	-0.002822256620998835	-0.7084227542687748	0.0	-0.7084227542687748
-0.8366666666666667	-0.7000111111111111	-0.00281937954558042	-0.7028309862237371	0.0	-0.7028309862237371
-0.8333333333333334	-0.6944444444444445	-0.00281646815820659	-0.6972614064934366	0.0	-0.6972614064934366
-0.8300000000000001	-0.6889000000000001	-0.002813521925765573	-0.6917140145225473	0.0	-0.6917140145225473
-0.8266666666666668	-0.683377777777778	-0.002810540305586624	-0.6861888097472097	0.0	-0.6861888097472097
-0.8233333333333334	-0.6778777777777778	-0.002807522745276857	-0.6806857915947992	0.0	-0.6806857915947992
-0.8200000000000001	-0.6724000000000001	-0.002804468682556934	-0.6752049594837513	0.0	-0.6752049594837513
-0.8166666666666668	-0.6669444444444446	-0.0028013775450957306	-0.6697463128233163	0.0	-0.6697463128233163
-0.8133333333333334	-0.6615111111111112	-0.0027982487503440782	-0.6643098510133802	0.0	-0.6643098510133802
-0.81	-0.6561000000000001	-0.00279508170536773	-0.6588955734442442	0.0	-0.6588955734442442
-0.8066666666666668	-0.6507111111111112	-0.0027918758066796607	-0.6535034794964354	0.0	-0.6535034794964354
-0.8033333333333333	-0.6453444444444445	-0.0027886304400718664	-0.6481335685404875	0.0	-0.6481335685404875
-0.8	-0.6400000000000001	-0.002785344980446802	-0.6427858399367583	0.0	-0.6427858399367583
-0.7966666666666667	-0.6346777777777779	-0.0027820187916486206	-0.6374602930352246	0.0	-0.6374602930352246
-0.7933333333333333	-0.6293777777777778	-0.002778651226294402	-0.63215692717527	0.0	-0.63215692717527
-0.79	-0.6241000000000001	-0.0027752416256055282	-0.6268757416855157	0.0	-0.6268757416855157
-0.7866666666666667	-0.6188444444444445	-0.002771789319239429	-0.6216167358835817	0.0	-0.6216167358835817
-0.7833333333333334	-0.6136111111111112	-0.0027682936251218733	-0.6163799090759413	0.0	-0.6163799090759413
-0.78	-0.6084	-0.0027647538492800534	-0.6111652605576784	0.0	-0.6111652605576784
-0.7766666666666667	-0.6032111111111113	-0.002761169285676664	-0.6059727896123495	0.0	-0.6059727896123495
-0.7733333333333334	-0.5980444444444446	-0.0027575392160452336	-0.6008024955117427	0.0	-0.6008024955117427
-0.77	-0.5929	-0.002753862909726955	-0.5956543775157215	0.0	-0.5956543775157215
-0.7666666666666667	-0.5877777777777778	-0.002750139623509284	-0.5905284348720198	0.0	-0.5905284348720198
-0.7633333333333334	-0.582677777777778	-0.002746368601466583	-0.5854246668160888	0.0	-0.5854246668160888
-0.76	-0.5776	-0.0027425490748031038	-0.5803430725708674	0.0	-0.5803430725708674
-0.7566666666666667	-0.5725444444444445	-0.0027386802616986166	-0.5752836513466558	0.0	-0.5752836513466558
-0.7533333333333334	-0.5675111111111112	-0.002734761367157007	-0.5702464023409126	0.0	-0.5702464023409126
-0.75	-0.5625	-0.002730791582858175	-0.565231324738092	0.0	-0.565231324738092
-0.7466666666666667	-0.5575111111111112	-0.0027267700870135837	-0.5602384177094785	0.0	-0.5602384177094785
-0.7433333333333334	-0.5525444444444445	-0.0027226960442258306	-0.5552676804130214	0.0	-0.5552676804130214
-0.7400000000000001	-0.5476000000000002	-0.0027185686053526116	-0.5503191119932033	0.0	-0.5503191119932033
-0.7366666666666667	-0.5426777777777778	-0.0027143869073754825	-0.5453927115808437	0.0	-0.5453927115808437
-0.7333333333333334	-0.5377777777777779	-0.002710150073273824	-0.5404884782929836	0.0	-0.5404884782929836
-0.7300000000000001	-0.5329000000000002	-0.0027058572119044396	-0.5356064112327535	0.0	-0.5356064112327535
-0.7266666666666667	-0.5280444444444444	-0.0027015074178872306	-0.5307465094892158	0.0	-0.5307465094892158
-0.7233333333333334	-0.5232111111111112	-0.0026970997714974086	-0.5259087721372606	0.0	-0.5259087721372606
-0.7200000000000001	-0.5184000000000001	-0.002692633338564716	-0.5210931982374816	0.0	-0.5210931982374816
-0.7166666666666667	-0.5136111111111111	-0.0026881071703801604	-0.5162997868360538	0.0	-0.5162997868360538
-0.7133333333333334	-0.5088444444444445	-0.0026835203036107563	-0.5115285369646543	0.0	-0.5115285369646543
-0.7100000000000001	-0.5041000000000001	-0.0026788717602228146	-0.5067794476403467	0.0	-0.5067794476403467
-0.7066666666666667	-0.49937777777777775	-0.002674160547414313	-0.5020525178655159	0.0	-0.5020525178655159
-0.7033333333333334	-0.4946777777777778	-0.0026693856575569185	-0.497347746627791	0.0	-0.497347746627791
-0.7000000000000001	-0.4900000000000001	-0.0026645460681482187	-0.4926651328999788	0.0	-0.4926651328999788
-0.6966666666666667	-0.4853444444444444	-0.0026596407417747814	-0.4880046756400133	0.0	-0.4880046756400133
-0.6933333333333334	-0.48071111111111114	-0.0026546686260866307	-0.48336637379092773	0.0	-0.48336637379092773
-0.6900000000000001	-0.4761000000000001	-0.0026496286537837804	-0.478750226280816	0.0	-0.478750226280816
-0.6866666666666668	-0.4715111111111112	-0.0026445197426154545	-0.4741562320228161	0.0	-0.4741562320228161
-0.6833333333333333	-0.46694444444444444	-0.0026393407953926675	-0.4695843899151383	0.0	-0.4695843899151383
-0.68	-0.4624000000000001	-0.002634090700014826	-0.46503469884103504	0.0	-0.46503469884103504
-0.6766666666666667	-0.4578777777777779	-0.0026287683295110505	-0.4605071576688729	0.0	-0.4605071576688729
-0.6733333333333333	-0.45337777777777777	-0.002623372542096917	-0.456001765252172	0.0	-0.456001765252172
-0.67	-0.4489000000000001	-0.002617902181247344	-0.4515185204296336	0.0	-0.4515185204296336
-0.6666666666666667	-0.44444444444444453	-0.0026123560757863474	-0.4470574220252672	0.0	-0.4470574220252672
-0.6633333333333333	-0.44001111111111113	-0.0026067330399944266	-0.44261846884845324	0.0	-0.44261846884845324
-0.66	-0.43560000000000004	-0.0026010318737343233	-0.43820165969408087	0.0	-0.43820165969408087
-0.6566666666666667	-0.4312111111111112	-0.0025952513625959487	-0.43380699334267925	0.0	-0.43380699334267925
-0.6533333333333333	-0.4268444444444444	-0.002589390278061238	-0.4294344685605597	0.0	-0.4294344685605597
-0.65	-0.42250000000000004	-0.0025834473776897523	-0.4250840841000081	0.0	-0.4250840841000081
-0.6466666666666667	-0.41817777777777787	-0.0025774214053258106	-0.4207558386994887	0.0	-0.4207558386994887
-0.6433333333333334	-0.4138777777777779	-0.0025713110913279896	-0.4164497310838446	0.0	-0.4164497310838446
-0.64	-0.4096	-0.002565115152821794	-0.4121657599645684	0.0	-0.4121657599645684
-0.6366666666666667	-0.4053444444444445	-0.0025588322939763416	-0.4079039240400445	0.0	-0.4079039240400445
-0.6333333333333334	-0.4011111111111112	-0.002552461206305891	-0.40366422199587215	0.0	-0.40366422199587215
-0.63	-0.39690000000000003	-0.0025460005689970605	-0.3994466525051605	0.0	-0.3994466525051605
-0.6266666666666667	-0.3927111111111112	-0.0025394490492625776	-0.3952512142288959	0.0	-0.3952512142288959
-0.6233333333333334	-0.3885444444444445	-0.0025328053027224074	-0.39107790581630325	0.0	-0.39107790581630325
-0.62	-0.3844	-0.0025260679738131155	-0.3869267259052542	0.0	-0.3869267259052542
-0.6166666666666667	-0.3802777777777778	-0.002519235696226301	-0.38279767312269825	0.0	-0.38279767312269825
-0.6133333333333334	-0.37617777777777783	-0.002512307093376956	-0.37869074608513525	0.0	-0.37869074608513525
-0.61	-0.3721	-0.0025052807789025934	-0.3746059433990905	0.0	-0.3746059433990905
-0.6066666666666667	-0.36804444444444445	-0.002498155357193975	-0.3705432636616532	0.0	-0.3705432636616532
-0.6033333333333334	-0.3640111111111112	-0.0024909294239582737	-0.3665027054610337	0.0	-0.3665027054610337
-0.6000000000000001	-0.3600000000000001	-0.0024836015668154923	-0.3624842673771567	0.0	-0.3624842673771567
-0.5966666666666667	-0.3560111111111111	-0.0024761703659289484	-0.35848794798227235	0.0	-0.35848794798227235
-0.5933333333333334	-0.3520444444444445	-0.002468634394670627	-0.35451374584164386	0.0	-0.35451374584164386
-0.5900000000000001	-0.3481000000000001	-0.0024609922203221745	-0.3505616595142076	0.0	-0.3505616595142076
-0.5866666666666667	-0.3441777777777778	-0.0024532424048123174	-0.34663168755335366	0.0	-0.34663168755335366
-0.5833333333333334	-0.34027777777777785	-0.0024453835054914367	-0.3427238285076416	0.0	-0.3427238285076416
-0.5800000000000001	-0.3364000000000001	-0.0024374140759440355	-0.338838080921669	0.0	-0.338838080921669
-0.5766666666666667	-0.3325444444444444	-0.0024293326668397993	-0.33497444333686605	0.0	-0.33497444333686605
-0.5733333333333334	-0.3287111111111111	-0.002421137826823929	-0.33113291429241265	0.0	-0.33113291429241265
-0.5700000000000001	-0.3249000000000001	-0.0024128281034473875	-0.3273134923261613	0.0	-0.3273134923261613
-0.5666666666666667	-0.32111111111111107	-0.00240440204413769	-0.3235161759755972	0.0	-0.3235161759755972
-0.5633333333333334	-0.3173444444444445	-0.0023958581972108118	-0.3197409637788616	0.0	-0.3197409637788616
-0.56	-0.31360000000000005	-0.002387195112924773	-0.31598785427578513	0.0	-0.31598785427578513
-0.5566666666666668	-0.30987777777777786	-0.0023784113445754025	-0.3122568460090035	0.0	-0.3122568460090035
-0.5533333333333333	-0.30617777777777777	-0.00236950544963475	-0.30854793752507237	0.0	-0.30854793752507237
-0.55	-0.30250000000000005	-0.0023604759909325837	-0.3048611273756689	0.0	-0.3048611273756689
-0.5466666666666667	-0.2988444444444445	-0.0023513215378813367	-0.3011964141188012	0.0	-0.3011964141188012
-0.5433333333333333	-0.2952111111111111	-0.0023420406677448417	-0.2975537963200801	0.0	-0.2975537963200801
-0.54	-0.2916	-0.002332631966951131	-0.29393327255404184	0.0	-0.29393327255404184
-0.5366666666666667	-0.28801111111111116	-0.0023230940324495165	-0.29033484140549215	0.0	-0.29033484140549215
-0.5333333333333333	-0.28444444444444444	-0.0023134254731121263	-0.2867585014709167	0.0	-0.2867585014709167
-0.53	-0.28090000000000004	-0.002303624911179993	-0.28320425135992944	0.0	-0.28320425135992944
-0.5266666666666667	-0.27737777777777783	-0.0022936909837537366	-0.2796720896967636	0.0	-0.2796720896967636
-0.5233333333333333	-0.2738777777777778	-0.002283622344328817	-0.2761620151218138	0.0	-0.2761620151218138
-0.52	-0.27040000000000003	-0.0022734176643752664	-0.2726740262932045	0.0	-0.2726740262932045
-0.5166666666666667	-0.2669444444444445	-0.002263075634961724	-0.26920812188844423	0.0	-0.26920812188844423
-0.5133333333333334	-0.2635111111111112	-0.0022525949684235476	-0.2657643006060741	0.0	-0.2657643006060741
-0.51	-0.2601	-0.0022419744000746686	-0.2623425611673973	0.0	-0.2623425611673973
-0.5066666666666667	-0.25671111111111117	-0.0022312126899628067	-0.25894290231823985	0.0	-0.25894290231823985
-0.5033333333333334	-0.25334444444444454	-0.0022203086246675506	-0.25556532283075434	0.0	-0.25556532283075434
-0.5	-0.25	-0.0022092610191407577	-0.2522098215052629	0.0	-0.2522098215052629
-0.4966666666666667	-0.2466777777777778	-0.0021980687185885984	-0.24887639717216364	0.0	-0.24887639717216364
-0.49333333333333335	-0.2433777777777778	-0.0021867306003945223	-0.2455650486938428	0.0	-0.2455650486938428
-0.49000000000000005	-0.24010000000000004	-0.0021752455760822974	-0.24227577496666614	0.0	-0.24227577496666614
-0.4866666666666667	-0.23684444444444447	-0.002163612593318205	-0.2390085749229818	0.0	-0.2390085749229818
-0.48333333333333334	-0.2336111111111111	-0.002151830637951358	-0.2357634475331803	0.0	-0.2357634475331803
-0.48000000000000004	-0.23040000000000005	-0.0021398987360910196	-0.23254039180778102	0.0	-0.23254039180778102
-0.4766666666666667	-0.2272111111111111	-0.0021278159562197036	-0.22933940679956383	0.0	-0.22933940679956383
-0.4733333333333334	-0.2240444444444445	-0.002115581411340724	-0.22616049160573132	0.0	-0.22616049160573132
-0.47000000000000003	-0.22090000000000004	-0.0021031942611587735	-0.2230036453701116	0.0	-0.2230036453701116
-0.4666666666666667	-0.2177777777777778	-0.002090653714291983	-0.21986886728538024	0.0	-0.21986886728538024
-0.4633333333333334	-0.21467777777777783	-0.0020779590305138418	-0.21675615659533262	0.0	-0.21675615659533262
-0.46	-0.2116	-0.002065109523023211	-0.21366551259717317	0.0	-0.21366551259717317
-0.4566666666666667	-0.2085444444444445	-0.002052104560740589	-0.21059693464383517	0.0	-0.21059693464383517
-0.45333333333333337	-0.20551111111111114	-0.002038943570628655	-0.2075504221463231	0.0	-0.2075504221463231
-0.45	-0.2025	-0.0020256260400350295	-0.2045259745760915	0.0	-0.2045259745760915
-0.4466666666666667	-0.19951111111111114	-0.0020121515190550483	-0.20152359146742663	0.0	-0.20152359146742663
-0.44333333333333336	-0.19654444444444447	-0.001998519622912281	-0.19854327241987174	0.0	-0.19854327241987174
-0.44	-0.1936	-0.001984730034354374	-0.19558501710064138	0.0	-0.19558501710064138
-0.4366666666666667	-0.1906777777777778	-0.001970782506061713	-0.192648825247077	0.0	-0.192648825247077
-0.43333333333333335	-0.1877777777777778	-0.0019566768630662817	-0.18973469666909507	0.0	-0.18973469666909507
-0.43000000000000005	-0.18490000000000004	-0.0019424130051780002	-0.1868426312516588	0.0	-0.1868426312516588
-0.4266666666666667	-0.18204444444444448	-0.0019279909094156872	-0.18397262895724914	0.0	-0.18397262895724914
-0.42333333333333334	-0.17921111111111113	-0.0019134106324397314	-0.1811246898283407	0.0	-0.1811246898283407
-0.42000000000000004	-0.17640000000000003	-0.0018986723129834086	-0.17829881398988265	0.0	-0.17829881398988265
-0.4166666666666667	-0.17361111111111113	-0.0018837761742797146	-0.17549500165177073	0.0	-0.17549500165177073
-0.4133333333333334	-0.1708444444444445	-0.0018687225264804614	-0.17271325311132832	0.0	-0.17271325311132832
-0.41000000000000003	-0.16810000000000003	-0.0018535117690642996	-0.16995356875575354	0.0	-0.16995356875575354
-0.4066666666666667	-0.1653777777777778	-0.0018381443932302356	-0.16721594906458032	0.0	-0.16721594906458032
-0.4033333333333334	-0.1626777777777778	-0.0018226209842731119	-0.16450039461211216	0.0	-0.16450039461211216
-0.4	-0.16000000000000003	-0.0018069422239374397	-0.16180690606984444	0.0	-0.16180690606984444
-0.39666666666666667	-0.15734444444444445	-0.0017911088927458946	-0.15913548420884138	0.0	-0.15913548420884138
-0.39333333333333337	-0.15471111111111113	-0.0017751218722986861	-0.15648612990211944	0.0	-0.15648612990211944
-0.39	-0.1521	-0.0017589821475399582	-0.1538588441269784	0.0	-0.1538588441269784
-0.3866666666666667	-0.14951111111111115	-0.0017426908089872933	-0.15125362796730538	0.0	-0.15125362796730538
-0.38333333333333336	-0.14694444444444446	-0.0017262490549203341	-0.14867048261583823	0.0	-0.14867048261583823
-0.38	-0.1444	-0.001709658193524468	-0.1461094093763866	0.0	-0.1461094093763866
-0.3766666666666667	-0.1418777777777778	-0.001692919644985469	-0.1435704096660137	0.0	-0.1435704096660137
-0.37333333333333335	-0.1393777777777778	-0.0016760349435309468	-0.1410534850171544	0.0	-0.1410534850171544
-0.37000000000000005	-0.13690000000000005	-0.0016590057394143937	-0.13855863707969018	0.0	-0.13855863707969018
-0.3666666666666667	-0.13444444444444448	-0.0016418338008376012	-0.13608586762295918	0.0	-0.13608586762295918
-0.36333333333333334	-0.1320111111111111	-0.001624521015807172	-0.13363517853770374	0.0	-0.13363517853770374
-0.36000000000000004	-0.12960000000000002	-0.0016070693939208387	-0.13120657183795187	0.0	-0.13120657183795187
-0.3566666666666667	-0.12721111111111114	-0.001589481068079273	-0.1288000496628241	0.0	-0.1288000496628241
-0.35333333333333333	-0.12484444444444444	-0.001571758296119079	-0.12641561427826103	0.0	-0.12641561427826103
-0.35000000000000003	-0.12250000000000003	-0.0015539034623626368	-0.12405326807868851	0.0	-0.12405326807868851
-0.3466666666666667	-0.12017777777777779	-0.0015359190790804832	-0.12171301358856527	0.0	-0.12171301358856527
-0.3433333333333334	-0.1178777777777778	-0.0015178077878619386	-0.11939485346387792	0.0	-0.11939485346387792
-0.34	-0.11560000000000002	-0.0014995723608896817	-0.11709879049351575	0.0	-0.11709879049351575
-0.33666666666666667	-0.11334444444444444	-0.00148121570211404	-0.11482482760056484	0.0	-0.11482482760056484
-0.33333333333333337	-0.11111111111111113	-0.001462740848322775	-0.11257296784349259	0.0	-0.11257296784349259
-0.33	-0.10890000000000001	-0.0014441509701022012	-0.11034321441723517	0.0	-0.11034321441723517
-0.32666666666666666	-0.1067111111111111	-0.001425449372685534	-0.10813557065417508	0.0	-0.10813557065417508
-0.32333333333333336	-0.10454444444444447	-0.0014066394966844283	-0.10595004002500638	0.0	-0.10595004002500638
-0.32	-0.1024	-0.0013877249186997345	-0.10378662613948882	0.0	-0.10378662613948882
-0.3166666666666667	-0.1002777777777778	-0.0013687093518075957	-0.10164533274708314	0.0	-0.10164533274708314
-0.31333333333333335	-0.0981777777777778	-0.0013495966459170974	-0.0995261637374749	0.0	-0.0995261637374749
-0.31	-0.0961	-0.0013303907879957792	-0.09742912314096276	0.0	-0.09742912314096276
-0.3066666666666667	-0.09404444444444446	-0.0013110959021594387	-0.09535421512873943	0.0	-0.09535421512873943
-0.30333333333333334	-0.09201111111111111	-0.0012917162496227722	-0.0933014440130368	0.0	-0.0933014440130368
-0.30000000000000004	-0.09000000000000002	-0.001272256228507529	-0.09127081424714699	0.0	-0.09127081424714699
-0.2966666666666667	-0.08801111111111112	-0.001252720373505	-0.08926233042531424	0.0	-0.08926233042531424
-0.29333333333333333	-0.08604444444444445	-0.0012331133553898084	-0.08727599728249985	0.0	-0.08727599728249985
-0.29000000000000004	-0.08410000000000002	-0.0012134399803821196	-0.08531181969400782	0.0	-0.08531181969400782
-0.2866666666666667	-0.08217777777777778	-0.0011937051893555707	-0.08336980267498394	0.0	-0.08336980267498394
-0.2833333333333333	-0.08027777777777777	-0.0011739140568883938	-0.08144995137977577	0.0	-0.08144995137977577
-0.28	-0.07840000000000001	-0.0011540717901553732	-0.07955227110115662	0.0	-0.07955227110115662
-0.27666666666666667	-0.07654444444444444	-0.0011341837276584964	-0.07767676726941172	0.0	-0.07767676726941172
-0.2733333333333334	-0.07471111111111113	-0.0011142553377943463	-0.07582344545127623	0.0	-0.07582344545127623
-0.27	-0.0729	-0.001094292217256497	-0.07399231134873278	0.0	-0.07399231134873278
-0.26666666666666666	-0.07111111111111111	-0.0010743000892713898	-0.07218337079765656	0.0	-0.07218337079765656
-0.26333333333333336	-0.06934444444444446	-0.0010542848016664003	-0.07039662976630427	0.0	-0.07039662976630427
-0.26	-0.06760000000000001	-0.0010342523247690253	-0.0686320943536422	0.0	-0.0686320943536422
-0.2566666666666667	-0.0658777777777778	-0.0010142087491363848	-0.0668897707875003	0.0	-0.0668897707875003
-0.25333333333333335	-0.06417777777777779	-0.0009941602831144527	-0.06516966542255306	0.0	-0.06516966542255306
-0.25	-0.0625	-0.0009741132502266955	-0.06347178473810434	0.0	-0.06347178473810434
-0.24666666666666667	-0.06084444444444445	-0.0009540740863920724	-0.061796135335669675	0.0	-0.061796135335669675
-0.24333333333333335	-0.05921111111111112	-0.0009340493369725824	-0.06014272393634433	0.0	-0.06014272393634433
-0.24000000000000002	-0.05760000000000001	-0.000914045653650841	-0.0585115573779286	0.0	-0.0585115573779286
-0.2366666666666667	-0.05601111111111112	-0.0008940697911384381	-0.0569026426118078	0.0	-0.0569026426118078
-0.23333333333333334	-0.05444444444444445	-0.0008741286037160963	-0.0553159866995489	0.0	-0.0553159866995489
-0.23	-0.0529	-0.0008542290416069381	-0.05375159680920116	0.0	-0.05375159680920116
-0.22666666666666668	-0.051377777777777786	-0.0008343781471844614	-0.05220948021128103	0.0	-0.05220948021128103
-0.22333333333333336	-0.049877777777777785	-0.000814583051017097	-0.05068964427439879	0.0	-0.05068964427439879
-0.22	-0.0484	-0.0007948509677515258	-0.049192096460514166	0.0	-0.049192096460514166
-0.21666666666666667	-0.04694444444444445	-0.0007751891918372118	-0.04771684431979119	0.0	-0.04771684431979119
-0.21333333333333335	-0.04551111111111112	-0.0007556050930949058	-0.046263895485020315	0.0	-0.046263895485020315
-0.21000000000000002	-0.04410000000000001	-0.0007361061121321671	-0.044833257665590966	0.0	-0.044833257665590966
-0.2066666666666667	-0.04271111111111112	-0.0007166997556092391	-0.04342493864098422	0.0	-0.04342493864098422
-0.20333333333333334	-0.04134444444444445	-0.0006973935913589051	-0.042038946253767515	0.0	-0.042038946253767515
-0.2	-0.04000000000000001	-0.0006781952433642493	-0.040675288402085404	0.0	-0.040675288402085404
-0.19666666666666668	-0.03867777777777778	-0.0006591123865985087	-0.0393339730316285	0.0	-0.0393339730316285
-0.19333333333333336	-0.03737777777777779	-0.0006401527417315297	-0.038015008127085484	0.0	-0.038015008127085484
-0.19	-0.0361	-0.0006213240697075704	-0.03671840170309542	0.0	-0.03671840170309542
-0.18666666666666668	-0.03484444444444445	-0.0006026341661995189	-0.03544416179471092	0.0	-0.03544416179471092
-0.18333333333333335	-0.03361111111111112	-0.0005840908559448235	-0.03419229644741612	0.0	-0.03419229644741612
-0.18000000000000002	-0.032400000000000005	-0.0005657019869687221	-0.03296281370675235	0.0	-0.03296281370675235
-0.17666666666666667	-0.03121111111111111	-0.0005474754247006171	-0.03175572160760765	0.0	-0.03175572160760765
-0.17333333333333334	-0.030044444444444447	-0.0005294190459896961	-0.030571028163264263	0.0	-0.030571028163264263
-0.17	-0.028900000000000006	-0.0005115407330261133	-0.029408741354297458	0.0	-0.029408741354297458
-0.16666666666666669	-0.027777777777777783	-0.000493848367174342	-0.02826886911744693	0.0	-0.02826886911744693
-0.16333333333333333	-0.026677777777777776	-0.00047634982272548414	-0.027151419334591084	0.0	-0.027151419334591084
-0.16	-0.0256	-0.00045905296057556586	-0.026056399821972838	0.0	-0.026056399821972838
-0.15666666666666668	-0.02454444444444445	-0.00044196562183707565	-0.024983818319833952	0.0	-0.024983818319833952
-0.15333333333333335	-0.023511111111111115	-0.0004250956213911507	-0.02393368248262464	0.0	-0.02393368248262464
-0.15000000000000002	-0.022500000000000006	-0.0004084507413880632	-0.02290599986995632	0.0	-0.02290599986995632
-0.14666666666666667	-0.021511111111111113	-0.00039203872470378563	-0.021900777938460757	0.0	-0.021900777938460757
-0.14333333333333334	-0.020544444444444445	-0.0003758672683606499	-0.02091802403471505	0.0	-0.02091802403471505
-0.14	-0.019600000000000003	-0.00035994401692014504	-0.019957745389368616	0.0	-0.019957745389368616
-0.1366666666666667	-0.018677777777777783	-0.0003442765558561902	-0.019019949112588287	0.0	-0.019019949112588287
-0.13333333333333333	-0.017777777777777778	-0.00032887240491722564	-0.01810464219090728	0.0	-0.01810464219090728
-0.13	-0.016900000000000002	-0.00031373901148563227	-0.017211831485518636	0.0	-0.017211831485518636
-0.12666666666666668	-0.016044444444444448	-0.00029888374394308054	-0.016341523732020802	0.0	-0.016341523732020802
-0.12333333333333334	-0.015211111111111113	-0.00028431388505049254	-0.015493725541560735	0.0	-0.015493725541560735
-0.12000000000000001	-0.014400000000000003	-0.00027003662535135704	-0.014668443403275572	0.0	-0.014668443403275572
-0.11666666666666667	-0.013611111111111112	-0.00025605905660721316	-0.013865683687879384	0.0	-0.013865683687879384
-0.11333333333333334	-0.012844444444444447	-0.00024238816527413776	-0.013085452652187239	0.0	-0.013085452652187239
-0.11	-0.0121	-0.0002290308260291113	-0.012327756444322897	0.0	-0.012327756444322897
-0.10666666666666667	-0.01137777777777778	-0.00021599379535510235	-0.011592601109318559	0.0	-0.011592601109318559
-0.10333333333333335	-0.01067777777777778	-0.00020328370519378733	-0.010879992594781108	0.0	-0.010879992594781108
-0.1	-0.010000000000000002	-0.00019090705667467942	-0.01018993675628591	0.0	-0.01018993675628591
-0.09666666666666668	-0.009344444444444447	-0.0001788702139295037	-0.009522439362152708	0.0	-0.009522439362152708
-0.09333333333333334	-0.008711111111111112	-0.0001671793980005179	-0.00887750609727165	0.0	-0.00887750609727165
-0.09000000000000001	-0.008100000000000001	-0.00015584068085147673	-0.008255142565675975	0.0	-0.008255142565675975
-0.08666666666666667	-0.007511111111111112	-0.0001448599794897816	-0.007655354291597142	0.0	-0.007655354291597142
-0.08333333333333334	-0.006944444444444446	-0.0001342430502082534	-0.00707814671879873	0.0	-0.00707814671879873
-0.08	-0.0064	-0.00012399548295491392	-0.0065235252080487905	0.0	-0.0065235252080487905
-0.07666666666666667	-0.005877777777777779	-0.00011412269583894324	-0.005991495032665982	0.0	-0.005991495032665982
-0.07333333333333333	-0.005377777777777778	-0.00010462992978083757	-0.005482061372154013	0.0	-0.005482061372154013
-0.07	-0.004900000000000001	-9.552224331466769e-05	-0.004995229304015317	0.0	-0.004995229304015317
-0.06666666666666667	-0.0044444444444444444	-8.68045075500673e-05	-0.004531003793908611	0.0	-0.004531003793908611
-0.06333333333333334	-0.004011111111111112	-7.848140130153197e-05	-0.004089389684380292	0.0	-0.004089389684380292
-0.060000000000000005	-0.0036000000000000008	-7.055740639208552e-05	-0.0036703916824497138	0.0	-0.0036703916824497138
-0.05666666666666667	-0.0032111111111111116	-6.303680313865523e-05	-0.003274014346368455	0.0	-0.003274014346368455
-0.05333333333333334	-0.002844444444444445	-5.592366602552579e-05	-0.0029002620718920086	0.0	-0.0029002620718920086
-0.05	-0.0025000000000000005	-4.9221859572859405e-05	-0.002549139078406717	0.0	-0.002549139078406717
-0.04666666666666667	-0.002177777777777778	-4.293503440608304e-05	-0.0022206493952403425	0.0	-0.0022206493952403425
-0.043333333333333335	-0.001877777777777778	-3.706662353253343e-05	-0.0019147968484555067	0.0	-0.0019147968484555067
-0.04	-0.0016	-3.1619838830515556e-05	-0.0016315850483815655	0.0	-0.0016315850483815655
-0.03666666666666667	-0.0013444444444444445	-2.6597667756811383e-05	-0.001371017378089112	0.0	-0.001371017378089112
-0.03333333333333333	-0.0011111111111111111	-2.2002870276871533e-05	-0.0011330969829500927	0.0	-0.0011330969829500927
-0.030000000000000002	-0.0009000000000000002	-1.783797602322723e-05	-0.0009178267613671092	0.0	-0.0009178267613671092
-0.02666666666666667	-0.0007111111111111113	-1.4105281685716786e-05	-0.0007252093566940299	0.0	-0.0007252093566940299
-0.023333333333333334	-0.0005444444444444445	-1.0806848638134081e-05	-0.000555247150318022	0.0	-0.000555247150318022
-0.02	-0.0004	-7.944500804768495e-06	-0.0004079422558279044	0.0	-0.0004079422558279044
-0.016666666666666666	-0.0002777777777777778	-5.5198227698616265e-06	-0.00028329651416175407	0.0	-0.00028329651416175407
-0.013333333333333334	-0.0001777777777777778	-3.534158133478016e-06	-0.00018131148961169412	0.0	-0.00018131148961169412
-0.01	-0.0001	-1.988608115510715e-06	-0.00010198846656021065	0.0	-0.00010198846656021065
-0.006666666666666667	-4.444444444444445e-05	-8.840304115409481e-07	-4.5328446842669654e-05	0.0	-4.5328446842669654e-05
-0.0033333333333333335	-1.1111111111111113e-05	-2.2103829877551107e-07	-1.1332147656961547e-05	0.0	-1.1332147656961547e-05
0.0033333333333333335	1.1111111111111113e-05	2.2103829877551107e-07	1.133214765696684e-05	0.0	1.133214765696684e-05
0.006666666666666667	4.444444444444445e-05	8.840304115409481e-07	4.532844684271238e-05	0.0	4.532844684271238e-05
0.01	0.0001	1.988608115510715e-06	0.00010198846656024482	0.0	0.00010198846656024482
0.013333333333333334	0.0001777777777777778	3.534158133478016e-06	0.00018131148961167496	0.0	0.00018131148961167496
0.016666666666666666	0.0002777777777777778	5.5198227698616265e-06	0.00028329651416176134	0.0	0.00028329651416176134
0.02	0.0004	7.944500804768495e-06	0.0004079422558278879	0.0	0.0004079422558278879
0.023333333333333334	0.0005444444444444445	1.0806848638134081e-05	0.0005552471503180269	0.0	0.0005552471503180269
0.02666666666666667	0.0007111111111111113	1.4105281685716786e-05	0.000725209356694037	0.0	0.000725209356694037
0.030000000000000002	0.0009000000000000002	1.783797602322723e-05	0.000917826761367125	0.0	0.000917826761367125
0.03333333333333333	0.0011111111111111111	2.2002870276871533e-05	0.0011330969829500977	0.0	0.0011330969829500977
0.03666666666666667	0.0013444444444444445	2.6597667756811383e-05	0.001371017378089136	0.0	0.001371017378089136
0.04	0.0016	3.1619838830515556e-05	0.0016315850483815718	0.0	0.0016315850483815718
0.043333333333333335	0.001877777777777778	3.706662353253343e-05	0.001914796848455518	0.0	0.001914796848455518
0.04666666666666667	0.002177777777777778	4.293503440608304e-05	0.002220649395240372	0.0	0.002220649395240372
0.05	0.0025000000000000005	4.9221859572859405e-05	0.002549139078406757	0.0	0.002549139078406757
0.05333333333333334	0.002844444444444445	5.592366602552579e-05	0.0029002620718920264	0.0	0.0029002620718920264
0.05666666666666667	0.0032111111111111116	6.303680313865523e-05	0.0032740143463684903	0.0	0.0032740143463684903
0.060000000000000005	0.0036000000000000008	7.055740639208552e-05	0.0036703916824497333	0.0	0.0036703916824497333
0.06333333333333334	0.004011111111111112	7.848140130153197e-05	0.004089389684380291	0.0	0.004089389684380291
0.06666666666666667	0.0044444444444444444	8.68045075500673e-05	0.004531003793908631	0.0	0.004531003793908631
0.07	0.004900000000000001	9.552224331466769e-05	0.004995229304015306	0.0	0.004995229304015306
0.07333333333333333	0.005377777777777778	0.00010462992978083757	0.00548206137215403	0.0	0.00548206137215403
0.07666666666666667	0.005877777777777779	0.00011412269583894324	0.005991495032665983	0.0	0.005991495032665983
0.08	0.0064	0.00012399548295491392	0.00652352520804877	0.0	0.00652352520804877
0.08333333333333334	0.006944444444444446	0.0001342430502082534	0.007078146718798776	0.0	0.007078146718798776
0.08666666666666667	0.007511111111111112	0.0001448599794897816	0.007655354291597115	0.0	0.007655354291597115
0.09000000000000001	0.008100000000000001	0.00015584068085147673	0.008255142565675987	0.0	0.008255142565675987
0.09333333333333334	0.008711111111111112	0.0001671793980005179	0.008877506097271693	0.0	0.008877506097271693
0.09666666666666668	0.009344444444444447	0.0001788702139295037	0.009522439362152692	0.0	0.009522439362152692
0.1	0.010000000000000002	0.00019090705667467942	0.010189936756285933	0.0	0.010189936756285933
0.10333333333333335	0.01067777777777778	0.00020328370519378733	0.01087999259478112	0.0	0.01087999259478112
0.10666666666666667	0.01137777777777778	0.00021599379535510235	0.011592601109318547	0.0	0.011592601109318547
0.11	0.0121	0.0002290308260291113	0.012327756444322907	0.0	0.012327756444322907
0.11333333333333334	0.012844444444444447	0.00024238816527413776	0.01308545265218724	0.0	0.01308545265218724
0.11666666666666667	0.013611111111111112	0.00025605905660721316	0.013865683687879425	0.0	0.013865683687879425
0.12000000000000001	0.014400000000000003	0.00027003662535135704	0.01466844340327558	0.0	0.01466844340327558
0.12333333333333334	0.015211111111111113	0.00028431388505049254	0.015493725541560725	0.0	0.015493725541560725
0.12666666666666668	0.016044444444444448	0.00029888374394308054	0.016341523732020833	0.0	0.016341523732020833
0.13	0.016900000000000002	0.00031373901148563227	0.017211831485518574	0.0	0.017211831485518574
0.13333333333333333	0.017777777777777778	0.00032887240491722564	0.01810464219090705	0.0	0.01810464219090705
0.1366666666666667	0.018677777777777783	0.0003442765558561902	0.019019949112588343	0.0	0.019019949112588343
0.14	0.019600000000000003	0.00035994401692014504	0.019957745389368575	0.0	0.019957745389368575
0.14333333333333334	0.020544444444444445	0.0003758672683606499	0.02091802403471508	0.0	0.02091802403471508
0.14666666666666667	0.021511111111111113	0.00039203872470378563	0.021900777938460722	0.0	0.021900777938460722
0.15000000000000002	0.022500000000000006	0.0004084507413880632	0.022905999869956433	0.0	0.022905999869956433
0.15333333333333335	0.023511111111111115	0.0004250956213911507	0.023933682482624678	0.0	0.023933682482624678
0.15666666666666668	0.02454444444444445	0.00044196562183707565	0.024983818319834032	0.0	0.024983818319834032
0.16	0.0256	0.00045905296057556586	0.026056399821972817	0.0	0.026056399821972817
0.16333333333333333	0.026677777777777776	0.00047634982272548414	0.02715141933459115	0.0	0.02715141933459115
0.16666666666666669	0.027777777777777783	0.000493848367174342	0.028268869117447016	0.0	0.028268869117447016
0.17	0.028900000000000006	0.0005115407330261133	0.029408741354297396	0.0	0.029408741354297396
0.17333333333333334	0.030044444444444447	0.0005294190459896961	0.030571028163264267	0.0	0.030571028163264267
0.17666666666666667	0.03121111111111111	0.0005474754247006171	0.03175572160760766	0.0	0.03175572160760766
0.18000000000000002	0.032400000000000005	0.0005657019869687221	0.03296281370675249	0.0	0.03296281370675249
0.18333333333333335	0.03361111111111112	0.0005840908559448235	0.03419229644741622	0.0	0.03419229644741622
0.18666666666666668	0.03484444444444445	0.0006026341661995189	0.035444161794711056	0.0	0.035444161794711056
0.19	0.0361	0.0006213240697075704	0.03671840170309553	0.0	0.03671840170309553
0.19333333333333336	0.03737777777777779	0.0006401527417315297	0.03801500812708549	0.0	0.03801500812708549
0.19666666666666668	0.03867777777777778	0.0006591123865985087	0.03933397303162846	0.0	0.03933397303162846
0.2	0.04000000000000001	0.0006781952433642493	0.04067528840208552	0.0	0.04067528840208552
0.20333333333333334	0.04134444444444445	0.0006973935913589051	0.04203894625376747	0.0	0.04203894625376747
0.2066666666666667	0.04271111111111112	0.0007166997556092391	0.04342493864098433	0.0	0.04342493864098433
0.21000000000000002	0.04410000000000001	0.0007361061121321671	0.044833257665591084	0.0	0.044833257665591084
0.21333333333333335	0.04551111111111112	0.0007556050930949058	0.04626389548502033	0.0	0.04626389548502033
0.21666666666666667	0.04694444444444445	0.0007751891918372118	0.04771684431979066	0.0	0.04771684431979066
0.22	0.0484	0.0007948509677515258	0.04919209646051433	0.0	0.04919209646051433
0.22333333333333336	0.049877777777777785	0.000814583051017097	0.05068964427439922	0.0	0.05068964427439922
0.22666666666666668	0.051377777777777786	0.0008343781471844614	0.05220948021128123	0.0	0.05220948021128123
0.23	0.0529	0.0008542290416069381	0.05375159680920111	0.0	0.05375159680920111
0.23333333333333334	0.05444444444444445	0.0008741286037160963	0.055315986699548333	0.0	0.055315986699548333
0.2366666666666667	0.05601111111111112	0.0008940697911384381	0.056902642611808094	0.0	0.056902642611808094
0.24000000000000002	0.05760000000000001	0.000914045653650841	0.058511557377929034	0.0	0.058511557377929034
0.24333333333333335	0.05921111111111112	0.0009340493369725824	0.06014272393634403	0.0	0.06014272393634403
0.24666666666666667	0.06084444444444445	0.0009540740863920724	0.06179613533566996	0.0	0.06179613533566996
0.25	0.0625	0.0009741132502266955	0.06347178473810434	0.0	0.06347178473810434
0.25333333333333335	0.06417777777777779	0.0009941602831144527	0.06516966542255351	0.0	0.06516966542255351
0.2566666666666667	0.0658777777777778	0.0010142087491363848	0.0668897707875003	0.0	0.0668897707875003
0.26	0.06760000000000001	0.0010342523247690253	0.06863209435364245	0.0	0.06863209435364245
0.26333333333333336	0.06934444444444446	0.0010542848016664003	0.07039662976630501	0.0	0.07039662976630501
0.26666666666666666	0.07111111111111111	0.0010743000892713898	0.07218337079765667	0.0	0.07218337079765667
0.27	0.0729	0.001094292217256497	0.07399231134873327	0.0	0.07399231134873327
0.2733333333333334	0.07471111111111113	0.0011142553377943463	0.07582344545127649	0.0	0.07582344545127649
0.27666666666666667	0.07654444444444444	0.0011341837276584964	0.07767676726941199	0.0	0.07767676726941199
0.28	0.07840000000000001	0.0011540717901553732	0.07955227110115683	0.0	0.07955227110115683
0.2833333333333333	0.08027777777777777	0.0011739140568883938	0.0814499513797756	0.0	0.0814499513797756
0.2866666666666667	0.08217777777777778	0.0011937051893555707	0.08336980267498369	0.0	0.08336980267498369
0.29000000000000004	0.08410000000000002	0.0012134399803821196	0.08531181969400767	0.0	0.08531181969400767
0.29333333333333333	0.08604444444444445	0.0012331133553898084	0.08727599728250006	0.0	0.08727599728250006
0.2966666666666667	0.08801111111111112	0.001252720373505	0.08926233042531409	0.0	0.08926233042531409
0.30000000000000004	0.09000000000000002	0.001272256228507529	0.09127081424714671	0.0	0.09127081424714671
0.30333333333333334	0.09201111111111111	0.0012917162496227722	0.09330144401303649	0.0	0.09330144401303649
0.3066666666666667	0.09404444444444446	0.0013110959021594387	0.09535421512873943	0.0	0.09535421512873943
0.31	0.0961	0.0013303907879957792	0.09742912314096255	0.0	0.09742912314096255
0.31333333333333335	0.0981777777777778	0.0013495966459170974	0.0995261637374751	0.0	0.0995261637374751
0.3166666666666667	0.1002777777777778	0.0013687093518075957	0.1016453327470838	0.0	0.1016453327470838
0.32	0.1024	0.0013877249186997345	0.10378662613948897	0.0	0.10378662613948897
0.32333333333333336	0.10454444444444447	0.0014066394966844283	0.10595004002500656	0.0	0.10595004002500656
0.32666666666666666	0.1067111111111111	0.001425449372685534	0.10813557065417517	0.0	0.10813557065417517
0.33	0.10890000000000001	0.0014441509701022012	0.11034321441723535	0.0	0.11034321441723535
0.33333333333333337	0.11111111111111113	0.001462740848322775	0.1125729678434921	0.0	0.1125729678434921
0.33666666666666667	0.11334444444444444	0.00148121570211404	0.11482482760056514	0.0	0.11482482760056514
0.34	0.11560000000000002	0.0014995723608896817	0.11709879049351647	0.0	0.11709879049351647
0.3433333333333334	0.1178777777777778	0.0015178077878619386	0.1193948534638778	0.0	0.1193948534638778
0.3466666666666667	0.12017777777777779	0.0015359190790804832	0.12171301358856598	0.0	0.12171301358856598
0.35000000000000003	0.12250000000000003	0.0015539034623626368	0.12405326807868748	0.0	0.12405326807868748
0.35333333333333333	0.12484444444444444	0.001571758296119079	0.12641561427826112	0.0	0.12641561427826112
0.3566666666666667	0.12721111111111114	0.001589481068079273	0.12880004966282288	0.0	0.12880004966282288
0.36000000000000004	0.12960000000000002	0.0016070693939208387	0.13120657183795323	0.0	0.13120657183795323
0.36333333333333334	0.1320111111111111	0.001624521015807172	0.1336351785377037	0.0	0.1336351785377037
0.3666666666666667	0.13444444444444448	0.0016418338008376012	0.1360858676229588	0.0	0.1360858676229588
0.37000000000000005	0.13690000000000005	0.0016590057394143937	0.13855863707969016	0.0	0.13855863707969016
0.37333333333333335	0.1393777777777778	0.0016760349435309468	0.14105348501715353	0.0	0.14105348501715353
0.3766666666666667	0.1418777777777778	0.001692919644985469	0.1435704096660137	0.0	0.1435704096660137
0.38	0.1444	0.001709658193524468	0.14610940937638708	0.0	0.14610940937638708
0.38333333333333336	0.14694444444444446	0.0017262490549203341	0.1486704826158384	0.0	0.1486704826158384
0.3866666666666667	0.14951111111111115	0.0017426908089872933	0.15125362796730568	0.0	0.15125362796730568
0.39	0.1521	0.0017589821475399582	0.1538588441269784	0.0	0.1538588441269784
0.39333333333333337	0.15471111111111113	0.0017751218722986861	0.1564861299021196	0.0	0.1564861299021196
0.39666666666666667	0.15734444444444445	0.0017911088927458946	0.15913548420884122	0.0	0.15913548420884122
0.4	0.16000000000000003	0.0018069422239374397	0.16180690606984374	0.0	0.16180690606984374
0.4033333333333334	0.1626777777777778	0.0018226209842731119	0.1645003946121128	0.0	0.1645003946121128
0.4066666666666667	0.1653777777777778	0.0018381443932302356	0.16721594906457957	0.0	0.16721594906457957
0.41000000000000003	0.16810000000000003	0.0018535117690642996	0.16995356875575282	0.0	0.16995356875575282
0.4133333333333334	0.1708444444444445	0.0018687225264804614	0.17271325311132946	0.0	0.17271325311132946
0.4166666666666667	0.17361111111111113	0.0018837761742797146	0.17549500165177268	0.0	0.17549500165177268
0.42000000000000004	0.17640000000000003	0.0018986723129834086	0.1782988139898812	0.0	0.1782988139898812
0.42333333333333334	0.17921111111111113	0.0019134106324397314	0.18112468982833946	0.0	0.18112468982833946
0.4266666666666667	0.18204444444444448	0.0019279909094156872	0.1839726289572486	0.0	0.1839726289572486
0.43000000000000005	0.18490000000000004	0.0019424130051780002	0.18684263125165773	0.0	0.18684263125165773
0.43333333333333335	0.1877777777777778	0.0019566768630662817	0.18973469666909448	0.0	0.18973469666909448
0.4366666666666667	0.1906777777777778	0.001970782506061713	0.1926488252470767	0.0	0.1926488252470767
0.44	0.1936	0.001984730034354374	0.1955850171006412	0.0	0.1955850171006412
0.44333333333333336	0.19654444444444447	0.001998519622912281	0.19854327241987052	0.0	0.19854327241987052
0.4466666666666667	0.19951111111111114	0.0020121515190550483	0.20152359146742604	0.0	0.20152359146742604
0.45	0.2025	0.0020256260400350295	0.20452597457608926	0.0	0.20452597457608926
0.45333333333333337	0.20551111111111114	0.002038943570628655	0.20755042214632186	0.0	0.20755042214632186
0.4566666666666667	0.2085444444444445	0.002052104560740589	0.210596934643834	0.0	0.210596934643834
0.46	0.2116	0.002065109523023211	0.21366551259717245	0.0	0.21366551259717245
0.4633333333333334	0.21467777777777783	0.0020779590305138418	0.21675615659533248	0.0	0.21675615659533248
0.4666666666666667	0.2177777777777778	0.002090653714291983	0.21986886728538133	0.0	0.21986886728538133
0.47000000000000003	0.22090000000000004	0.0021031942611587735	0.22300364537011078	0.0	0.22300364537011078
0.4733333333333334	0.2240444444444445	0.002115581411340724	0.22616049160573232	0.0	0.22616049160573232
0.4766666666666667	0.2272111111111111	0.0021278159562197036	0.2293394067995641	0.0	0.2293394067995641
0.48000000000000004	0.23040000000000005	0.0021398987360910196	0.23254039180778027	0.0	0.23254039180778027
0.48333333333333334	0.2336111111111111	0.002151830637951358	0.2357634475331798	0.0	0.2357634475331798
0.4866666666666667	0.23684444444444447	0.002163612593318205	0.2390085749229806	0.0	0.2390085749229806
0.49000000000000005	0.24010000000000004	0.0021752455760822974	0.2422757749666651	0.0	0.2422757749666651
0.49333333333333335	0.2433777777777778	0.0021867306003945223	0.2455650486938425	0.0	0.2455650486938425
0.4966666666666667	0.2466777777777778	0.0021980687185885984	0.24887639717216337	0.0	0.24887639717216337
0.5	0.25	0.0022092610191407577	0.2522098215052629	0.0	0.2522098215052629
0.5033333333333334	0.25334444444444454	0.0022203086246675506	0.2555653228307535	0.0	0.2555653228307535
0.5066666666666667	0.25671111111111117	0.0022312126899628067	0.2589429023182397	0.0	0.2589429023182397
0.51	0.2601	0.0022419744000746686	0.26234256116739746	0.0	0.26234256116739746
0.5133333333333334	0.2635111111111112	0.0022525949684235476	0.265764300606074	0.0	0.265764300606074
0.5166666666666667	0.2669444444444445	0.002263075634961724	0.26920812188844434	0.0	0.26920812188844434
0.52	0.27040000000000003	0.0022734176643752664	0.2726740262932047	0.0	0.2726740262932047
0.5233333333333333	0.2738777777777778	0.002283622344328817	0.2761620151218131	0.0	0.2761620151218131
0.5266666666666667	0.27737777777777783	0.0022936909837537366	0.2796720896967656	0.0	0.2796720896967656
0.53	0.28090000000000004	0.002303624911179993	0.2832042513599305	0.0	0.2832042513599305
0.5333333333333333	0.28444444444444444	0.0023134254731121263	0.28675850147091525	0.0	0.28675850147091525
0.5366666666666667	0.28801111111111116	0.0023230940324495165	0.2903348414054925	0.0	0.2903348414054925
0.54	0.2916	0.002332631966951131	0.2939332725540422	0.0	0.2939332725540422
0.5433333333333333	0.2952111111111111	0.0023420406677448417	0.2975537963200802	0.0	0.2975537963200802
0.5466666666666667	0.2988444444444445	0.0023513215378813367	0.3011964141188001	0.0	0.3011964141188001
0.55	0.30250000000000005	0.0023604759909325837	0.30486112737566834	0.0	0.30486112737566834
0.5533333333333333	0.30617777777777777	0.00236950544963475	0.30854793752507187	0.0	0.30854793752507187
0.5566666666666668	0.30987777777777786	0.0023784113445754025	0.31225684600900244	0.0	0.31225684600900244
0.56	0.31360000000000005	0.002387195112924773	0.31598785427578385	0.0	0.31598785427578385
0.5633333333333334	0.3173444444444445	0.0023958581972108118	0.3197409637788593	0.0	0.3197409637788593
0.5666666666666667	0.32111111111111107	0.00240440204413769	0.3235161759755968	0.0	0.3235161759755968
0.5700000000000001	0.3249000000000001	0.0024128281034473875	0.32731349232615886	0.0	0.32731349232615886
0.5733333333333334	0.3287111111111111	0.002421137826823929	0.33113291429241243	0.0	0.33113291429241243
0.5766666666666667	0.3325444444444444	0.0024293326668397993	0.33497444333686494	0.0	0.33497444333686494
0.5800000000000001	0.3364000000000001	0.0024374140759440355	0.3388380809216701	0.0	0.3388380809216701
0.5833333333333334	0.34027777777777785	0.0024453835054914367	0.34272382850764666	0.0	0.34272382850764666
0.5866666666666667	0.3441777777777778	0.0024532424048123174	0.3466316875533502	0.0	0.3466316875533502
0.5900000000000001	0.3481000000000001	0.0024609922203221745	0.35056165951420915	0.0	0.35056165951420915
0.5933333333333334	0.3520444444444445	0.002468634394670627	0.3545137458416425	0.0	0.3545137458416425
0.5966666666666667	0.3560111111111111	0.0024761703659289484	0.35848794798227446	0.0	0.35848794798227446
0.6000000000000001	0.3600000000000001	0.0024836015668154923	0.36248426737715705	0.0	0.36248426737715705
0.6033333333333334	0.3640111111111112	0.0024909294239582737	0.36650270546103275	0.0	0.36650270546103275
0.6066666666666667	0.36804444444444445	0.002498155357193975	0.3705432636616508	0.0	0.3705432636616508
0.61	0.3721	0.0025052807789025934	0.3746059433990885	0.0	0.3746059433990885
0.6133333333333334	0.37617777777777783	0.002512307093376956	0.3786907460851341	0.0	0.3786907460851341
0.6166666666666667	0.3802777777777778	0.002519235696226301	0.38279767312269686	0.0	0.38279767312269686
0.62	0.3844	0.0025260679738131155	0.3869267259052529	0.0	0.3869267259052529
0.6233333333333334	0.3885444444444445	0.0025328053027224074	0.3910779058162996	0.0	0.3910779058162996
0.6266666666666667	0.3927111111111112	0.0025394490492625776	0.3952512142288948	0.0	0.3952512142288948
0.63	0.39690000000000003	0.0025460005689970605	0.39944665250516037	0.0	0.39944665250516037
0.6333333333333334	0.4011111111111112	0.002552461206305891	0.40366422199587154	0.0	0.40366422199587154
0.6366666666666667	0.4053444444444445	0.0025588322939763416	0.4079039240400481	0.0	0.4079039240400481
0.64	0.4096	0.002565115152821794	0.41216575996456956	0.0	0.41216575996456956
0.6433333333333334	0.4138777777777779	0.0025713110913279896	0.41644973108384825	0.0	0.41644973108384825
0.6466666666666667	0.41817777777777787	0.0025774214053258106	0.42075583869949135	0.0	0.42075583869949135
0.65	0.42250000000000004	0.0025834473776897523	0.42508408410000903	0.0	0.42508408410000903
0.6533333333333333	0.4268444444444444	0.002589390278061238	0.4294344685605587	0.0	0.4294344685605587
0.6566666666666667	0.4312111111111112	0.0025952513625959487	0.43380699334267997	0.0	0.43380699334267997
0.66	0.43560000000000004	0.0026010318737343233	0.4382016596940836	0.0	0.4382016596940836
0.6633333333333333	0.44001111111111113	0.0026067330399944266	0.4426184688484527	0.0	0.4426184688484527
0.6666666666666667	0.44444444444444453	0.0026123560757863474	0.4470574220252677	0.0	0.4470574220252677
0.67	0.4489000000000001	0.002617902181247344	0.45151852042963353	0.0	0.45151852042963353
0.6733333333333333	0.45337777777777777	0.002623372542096917	0.4560017652521748	0.0	0.4560017652521748
0.6766666666666667	0.4578777777777779	0.0026287683295110505	0.46050715766887523	0.0	0.46050715766887523
0.68	0.4624000000000001	0.002634090700014826	0.4650346988410331	0.0	0.4650346988410331
0.6833333333333333	0.46694444444444444	0.0026393407953926675	0.4695843899151337	0.0	0.4695843899151337
0.6866666666666668	0.4715111111111112	0.0026445197426154545	0.47415623202281953	0.0	0.47415623202281953
0.6900000000000001	0.4761000000000001	0.0026496286537837804	0.478750226280816	0.0	0.478750226280816
0.6933333333333334	0.48071111111111114	0.0026546686260866307	0.48336637379093145	0.0	0.48336637379093145
0.6966666666666667	0.4853444444444444	0.0026596407417747814	0.48800467564001504	0.0	0.48800467564001504
0.7000000000000001	0.4900000000000001	0.0026645460681482187	0.4926651328999754	0.0	0.4926651328999754
0.7033333333333334	0.4946777777777778	0.0026693856575569185	0.4973477466277907	0.0	0.4973477466277907
0.7066666666666667	0.49937777777777775	0.002674160547414313	0.5020525178655163	0.0	0.5020525178655163
0.7100000000000001	0.5041000000000001	0.0026788717602228146	0.5067794476403464	0.0	0.5067794476403464
0.7133333333333334	0.5088444444444445	0.0026835203036107563	0.511528536964653	0.0	0.511528536964653
0.7166666666666667	0.5136111111111111	0.0026881071703801604	0.5162997868360567	0.0	0.5162997868360567
0.7200000000000001	0.5184000000000001	0.002692633338564716	0.5210931982374811	0.0	0.5210931982374811
0.7233333333333334	0.5232111111111112	0.0026970997714974086	0.5259087721372612	0.0	0.5259087721372612
0.7266666666666667	0.5280444444444444	0.0027015074178872306	0.5307465094892125	0.0	0.5307465094892125
0.7300000000000001	0.5329000000000002	0.0027058572119044396	0.5356064112327503	0.0	0.5356064112327503
0.7333333333333334	0.5377777777777779	0.002710150073273824	0.5404884782929812	0.0	0.5404884782929812
0.7366666666666667	0.5426777777777778	0.0027143869073754825	0.5453927115808408	0.0	0.5453927115808408
0.7400000000000001	0.5476000000000002	0.0027185686053526116	0.5503191119932038	0.0	0.5503191119932038
0.7433333333333334	0.5525444444444445	0.0027226960442258306	0.5552676804130271	0.0	0.5552676804130271
0.7466666666666667	0.5575111111111112	0.0027267700870135837	0.5602384177094757	0.0	0.5602384177094757
0.75	0.5625	0.002730791582858175	0.5652313247380916	0.0	0.5652313247380916
0.7533333333333334	0.5675111111111112	0.002734761367157007	0.5702464023409161	0.0	0.5702464023409161
0.7566666666666667	0.5725444444444445	0.0027386802616986166	0.5752836513466549	0.0	0.5752836513466549
0.76	0.5776	0.0027425490748031038	0.5803430725708663	0.0	0.5803430725708663
0.7633333333333334	0.582677777777778	0.002746368601466583	0.5854246668160903	0.0	0.5854246668160903
0.7666666666666667	0.5877777777777778	0.002750139623509284	0.5905284348720223	0.0	0.5905284348720223
0.77	0.5929	0.002753862909726955	0.5956543775157201	0.0	0.5956543775157201
0.7733333333333334	0.5980444444444446	0.0027575392160452336	0.600802495511745	0.0	0.600802495511745
0.7766666666666667	0.6032111111111113	0.002761169285676664	0.6059727896123495	0.0	0.6059727896123495
0.78	0.6084	0.0027647538492800534	0.6111652605576776	0.0	0.6111652605576776
0.7833333333333334	0.6136111111111112	0.0027682936251218733	0.6163799090759348	0.0	0.6163799090759348
0.7866666666666667	0.6188444444444445	0.002771789319239429	0.6216167358835807	0.0	0.6216167358835807
0.79	0.6241000000000001	0.0027752416256055282	0.6268757416855182	0.0	0.6268757416855182
0.7933333333333333	0.6293777777777778	0.002778651226294402	0.632156927175272	0.0	0.632156927175272
0.7966666666666667	0.6346777777777779	0.0027820187916486206	0.6374602930352256	0.0	0.6374602930352256
0.8	0.6400000000000001	0.002785344980446802	0.6427858399367592	0.0	0.6427858399367592
0.8033333333333333	0.6453444444444445	0.0027886304400718664	0.6481335685404854	0.0	0.6481335685404854
0.8066666666666668	0.6507111111111112	0.0027918758066796607	0.6535034794964328	0.0	0.6535034794964328
0.81	0.6561000000000001	0.00279508170536773	0.6588955734442455	0.0	0.6588955734442455
0.8133333333333334	0.6615111111111112	0.0027982487503440782	0.6643098510133805	0.0	0.6643098510133805
0.8166666666666668	0.6669444444444446	0.0028013775450957306	0.6697463128233158	0.0	0.6697463128233158
0.8200000000000001	0.6724000000000001	0.002804468682556934	0.675204959483753	0.0	0.675204959483753
0.8233333333333334	0.6778777777777778	0.002807522745276857	0.6806857915948008	0.0	0.6806857915948008
0.8266666666666668	0.683377777777778	0.002810540305586624	0.6861888097472071	0.0	0.6861888097472071
0.8300000000000001	0.6889000000000001	0.002813521925765573	0.6917140145225479	0.0	0.6917140145225479
0.8333333333333334	0.6944444444444445	0.00281646815820659	0.6972614064934383	0.0	0.6972614064934383
0.8366666666666667	0.7000111111111111	0.00281937954558042	0.7028309862237374	0.0	0.7028309862237374
0.8400000000000001	0.7056000000000001	0.002822256620998835	0.7084227542687781	0.0	0.7084227542687781
0.8433333333333334	0.7112111111111112	0.002825099908176558	0.7140367111755627	0.0	0.7140367111755627
0.8466666666666667	0.7168444444444445	0.0028279099215918605	0.7196728574829907	0.0	0.7196728574829907
0.8500000000000001	0.7225000000000001	0.002830687166645733	0.7253311937220857	0.0	0.7253311937220857
0.8533333333333334	0.7281777777777779	0.002833432139819557	0.7310117204162041	0.0	0.7310117204162041
0.8566666666666667	0.7338777777777779	0.0028361453288312023	0.7367144380813156	0.0	0.7367144380813156
0.8600000000000001	0.7396000000000001	0.0028388272127894882	0.7424393472261982	0.0	0.7424393472261982
0.8633333333333334	0.7453444444444446	0.00284147826234694	0.7481864483527031	0.0	0.7481864483527031
0.8666666666666667	0.7511111111111112	0.0028440989398507894	0.7539557419560501	0.0	0.7539557419560501
0.8700000000000001	0.7569000000000002	0.0028466896994921768	0.7597472285250643	0.0	0.7597472285250643
0.8733333333333334	0.7627111111111112	0.002849250987453496	0.7655609085424967	0.0	0.7655609085424967
0.8766666666666667	0.7685444444444445	0.002851783242053856	0.7713967824853217	0.0	0.7713967824853217
0.88	0.7744	0.002854286893892617	0.777254850825081	0.0	0.777254850825081
0.8833333333333334	0.780277777777778	0.002856762365990979	0.7831351140282526	0.0	0.7831351140282526
0.8866666666666667	0.7861777777777779	0.0028592100739315814	0.789037572556629	0.0	0.789037572556629
0.89	0.7921	0.002861630425996114	0.7949622268677835	0.0	0.7949622268677835
0.8933333333333334	0.7980444444444446	0.0028640238233008995	0.8009090774155245	0.0	0.8009090774155245
0.8966666666666667	0.8040111111111112	0.0028663906599304513	0.8068781246504368	0.0	0.8068781246504368
0.9	0.81	0.0028687313230689807	0.8128693690205298	0.0	0.8128693690205298
0.9033333333333334	0.8160111111111112	0.0028710461931298554	0.8188828109718826	0.0	0.8188828109718826
0.9066666666666667	0.8220444444444446	0.002873335643883	0.8249184509494658	0.0	0.8249184509494658
0.91	0.8281000000000001	0.0028756000425802404	0.8309762893980411	0.0	0.8309762893980411
0.9133333333333334	0.834177777777778	0.002877839750078585	0.8370563267632625	0.0	0.8370563267632625
0.9166666666666667	0.8402777777777779	0.002880055120961453	0.843158563492912	0.0	0.843158563492912
0.92	0.8464	0.0028822465036578556	0.8492830000383855	0.0	0.8492830000383855
0.9233333333333333	0.8525444444444444	0.0028844142405595285	0.8554296368564933	0.0	0.8554296368564933
0.9266666666666667	0.8587111111111113	0.002886558668136036	0.8615984744116356	0.0	0.8615984744116356
0.93	0.8649000000000001	0.0028886801170478495	0.8677895131783927	0.0	0.8677895131783927
0.9333333333333333	0.8711111111111112	0.0028907789122574207	0.8740027536447935	0.0	0.8740027536447935
0.9366666666666668	0.8773444444444446	0.002892855373138257	0.8802381963163557	0.0	0.8802381963163557
0.9400000000000001	0.8836000000000002	0.0028949098135820214	0.8864958417211356	0.0	0.8864958417211356
0.9433333333333334	0.8898777777777778	0.002896942542103667	0.8927756904162375	0.0	0.8927756904162375
0.9466666666666668	0.896177777777778	0.0028989538619446356	0.8990777429961214	0.0	0.8990777429961214
0.9500000000000001	0.9025000000000001	0.002900944071174127	0.9054020001036004	0.0	0.9054020001036004
0.9533333333333334	0.9088444444444445	0.0029029134627884695	0.911748462444387	0.0	0.911748462444387
0.9566666666666668	0.9152111111111113	0.0029048623248086112	0.9181171308068597	0.0	0.9181171308068597
0.9600000000000001	0.9216000000000002	0.0029067909403757493	0.9245080060894331	0.0	0.9245080060894331
0.9633333333333334	0.9280111111111112	0.0029086995878451305	0.9309210893392109	0.0	0.9309210893392109
0.9666666666666667	0.9344444444444444	0.0029105885408780324	0.9373563818082684	0.0	0.9373563818082684
0.9700000000000001	0.9409000000000002	0.0029124580685319697	0.9438138850379351	0.0	0.9438138850379351
0.9733333333333334	0.9473777777777779	0.002914308435349126	0.95029360098978	0.0	0.95029360098978
0.9766666666666667	0.9538777777777778	0.002916139901443063	0.9567955322582834	0.0	0.9567955322582834
0.9800000000000001	0.9604000000000001	0.0029179527225837065	0.963319682434759	0.0	0.963319682434759
0.9833333333333334	0.9669444444444446	0.00291974715028066	0.9698660567732735	0.0	0.9698660567732735
0.9866666666666667	0.9735111111111112	0.0029215234318648513	0.9764346635189918	0.0	0.9764346635189918
0.9900000000000001	0.9801000000000002	0.0029232818105685535	0.9830255168855403	0.0	0.9830255168855403
0.9933333333333334	0.9867111111111112	0.0029250225256037985	0.9896386449506145	0.0	0.9896386449506145
0.9966666666666667	0.9933444444444445	0.002926745812239215	0.9962741170358576	0.0	0.9962741170358576
1.0	1.0	0.0029284519018753117	1.0029322047167977	0.0	1.0029322047167977
