-1.0	-1.0	-1.9794896047054484e-05	-1.0000197977037801	0.0	-1.0000197977037801
-0.995	-0.990025	-1.9793893818223555e-05	-0.9900447955343002	0.0	-0.9900447955343002
-0.99	-0.9801	-1.9792876365792668e-05	-0.9801197939675941	0.0	-0.9801197939675941
-0.985	-0.970225	-1.9791843379869964e-05	-0.9702447926023167	0.0	-0.9702447926023167
-0.98	-0.9603999999999999	-1.979079454263807e-05	-0.9604197913359809	0.0	-0.9604197913359809
-0.975	-0.9506249999999999	-1.9789729528109604e-05	-0.950644790125175	0.0	-0.950644790125175
-0.97	-0.9409	-1.978864800187385e-05	-0.9409197889460683	0.0	-0.9409197889460683
-0.965	-0.931225	-1.978754962083422e-05	-0.9312447877834542	0.0	-0.9312447877834542
-0.96	-0.9216	-1.97864340329361e-05	-0.9216197866267385	0.0	-0.9216197866267385
-0.9550000000000001	-0.9120250000000001	-1.978530087688473e-05	-0.9120447854682969	0.0	-0.9120447854682969
-0.9500000000000001	-0.9025000000000001	-1.978414978185264e-05	-0.9025197843025273	0.0	-0.9025197843025273
-0.9450000000000001	-0.8930250000000001	-1.978298036717622e-05	-0.8930447831253893	0.0	-0.8930447831253893
-0.9400000000000001	-0.8836000000000002	-1.9781792242040978e-05	-0.8836197819339534	0.0	-0.8836197819339534
-0.935	-0.8742250000000001	-1.978058500515496e-05	-0.874244780726133	0.0	-0.874244780726133
-0.93	-0.8649000000000001	-1.9779358244409874e-05	-0.8649197795004288	0.0	-0.8649197795004288
-0.925	-0.8556250000000001	-1.977811153652936e-05	-0.8556447782557423	0.0	-0.8556447782557423
-0.92	-0.8464	-1.9776844446703798e-05	-0.84641977699125	0.0	-0.84641977699125
-0.915	-0.8372250000000001	-1.9775556528211146e-05	-0.837244775706267	0.0	-0.837244775706267
-0.91	-0.8281000000000001	-1.9774247322023163e-05	-0.8281197744002161	0.0	-0.8281197744002161
-0.905	-0.819025	-1.977291635639634e-05	-0.8190447730725573	0.0	-0.8190447730725573
-0.9	-0.81	-1.9771563146446875e-05	-0.8100197717227726	0.0	-0.8100197717227726
-0.895	-0.801025	-1.9770187193709e-05	-0.8010447703503559	0.0	-0.8010447703503559
-0.89	-0.7921	-1.9768787985675867e-05	-0.7921197689547911	0.0	-0.7921197689547911
-0.885	-0.7832250000000001	-1.9767364995322268e-05	-0.7832447675355492	0.0	-0.7832447675355492
-0.88	-0.7744	-1.976591768060826e-05	-0.7744197660920865	0.0	-0.7744197660920865
-0.875	-0.765625	-1.976444548396292e-05	-0.765644764623855	0.0	-0.765644764623855
-0.87	-0.7569	-1.9762947831747278e-05	-0.7569197631302746	0.0	-0.7569197631302746
-0.865	-0.748225	-1.97614241336954e-05	-0.7482447616107744	0.0	-0.7482447616107744
-0.86	-0.7395999999999999	-1.9759873782332735e-05	-0.739619760064734	0.0	-0.739619760064734
-0.855	-0.7310249999999999	-1.9758296152370527e-05	-0.7310447584915439	0.0	-0.7310447584915439
-0.85	-0.7224999999999999	-1.9756690600075246e-05	-0.7225197568905617	0.0	-0.7225197568905617
-0.845	-0.7140249999999999	-1.9755056462611797e-05	-0.7140447552611239	0.0	-0.7140447552611239
-0.84	-0.7055999999999999	-1.975339305735932e-05	-0.7056197536025576	0.0	-0.7056197536025576
-0.835	-0.697225	-1.9751699681198187e-05	-0.6972447519141718	0.0	-0.6972447519141718
-0.8300000000000001	-0.6889000000000001	-1.974997560976688e-05	-0.6889197501952307	0.0	-0.6889197501952307
-0.8250000000000001	-0.6806250000000001	-1.9748220096687198e-05	-0.6806447484450032	0.0	-0.6806447484450032
-0.8200000000000001	-0.6724000000000001	-1.974643237275635e-05	-0.6724197466627262	0.0	-0.6724197466627262
-0.8150000000000001	-0.6642250000000001	-1.97446116451042e-05	-0.6642447448476088	0.0	-0.6642447448476088
-0.81	-0.6561000000000001	-1.974275709631403e-05	-0.6561197429988436	0.0	-0.6561197429988436
-0.805	-0.6480250000000001	-1.974086788350488e-05	-0.6480447411155905	0.0	-0.6480447411155905
-0.8	-0.6400000000000001	-1.9738943137373737e-05	-0.6400197391969903	0.0	-0.6400197391969903
-0.795	-0.6320250000000001	-1.97369819611953e-05	-0.6320447372421496	0.0	-0.6320447372421496
-0.79	-0.6241000000000001	-1.9734983429777362e-05	-0.6241197352501482	0.0	-0.6241197352501482
-0.785	-0.616225	-1.9732946588369452e-05	-0.616244733220048	0.0	-0.616244733220048
-0.78	-0.6084	-1.9730870451522363e-05	-0.6084197311508682	0.0	-0.6084197311508682
-0.775	-0.6006250000000001	-1.9728754001895976e-05	-0.6006447290415893	0.0	-0.6006447290415893
-0.77	-0.5929	-1.972659618901275e-05	-0.5929197268911821	0.0	-0.5929197268911821
-0.765	-0.585225	-1.9724395927953986e-05	-0.5852447246985627	0.0	-0.5852447246985627
-0.76	-0.5776	-1.972215209799586e-05	-0.5776197224626207	0.0	-0.5776197224626207
-0.755	-0.570025	-1.9719863541182004e-05	-0.5700447201822141	0.0	-0.5700447201822141
-0.75	-0.5625	-1.971752906082926e-05	-0.5625197178561523	0.0	-0.5625197178561523
-0.745	-0.555025	-1.9715147419963007e-05	-0.5550447154832064	0.0	-0.5550447154832064
-0.74	-0.5476	-1.9712717339678235e-05	-0.5476197130621107	0.0	-0.5476197130621107
-0.735	-0.540225	-1.9710237497422298e-05	-0.5402447105915544	0.0	-0.5402447105915544
-0.73	-0.5328999999999999	-1.9707706525195055e-05	-0.5329197080701809	0.0	-0.5329197080701809
-0.725	-0.525625	-1.9705123007661835e-05	-0.5256447054965918	0.0	-0.5256447054965918
-0.72	-0.5184	-1.9702485480174354e-05	-0.5184197028693255	0.0	-0.5184197028693255
-0.715	-0.5112249999999999	-1.969979242669439e-05	-0.5112447001868917	0.0	-0.5112447001868917
-0.71	-0.5041	-1.96970422776148e-05	-0.5041196974477293	0.0	-0.5041196974477293
-0.705	-0.49702499999999994	-1.969423340747191e-05	-0.497044694650228	0.0	-0.497044694650228
-0.7000000000000001	-0.4900000000000001	-1.9691364132543174e-05	-0.4900196917927228	0.0	-0.4900196917927228
-0.6950000000000001	-0.4830250000000001	-1.9688432708323398e-05	-0.4830446888734835	0.0	-0.4830446888734835
-0.6900000000000001	-0.4761000000000001	-1.968543732687248e-05	-0.4761196858907217	0.0	-0.4761196858907217
-0.685	-0.46922500000000006	-1.968237611402715e-05	-0.4692446828425812	0.0	-0.4692446828425812
-0.68	-0.4624000000000001	-1.9679247126468675e-05	-0.46241967972713616	0.0	-0.46241967972713616
-0.675	-0.45562500000000006	-1.9676048348637952e-05	-0.45564467654239305	0.0	-0.45564467654239305
-0.67	-0.4489000000000001	-1.9672777689488847e-05	-0.44891967328628457	0.0	-0.44891967328628457
-0.665	-0.44222500000000003	-1.9669432979070028e-05	-0.44224466995666156	0.0	-0.44224466995666156
-0.66	-0.43560000000000004	-1.9666011964924858e-05	-0.435619666551295	0.0	-0.435619666551295
-0.655	-0.42902500000000005	-1.9662512308298153e-05	-0.4290446630678714	0.0	-0.4290446630678714
-0.65	-0.42250000000000004	-1.9658931580137962e-05	-0.4225196595039884	0.0	-0.4225196595039884
-0.645	-0.41602500000000003	-1.965526725687948e-05	-0.4160446558571505	0.0	-0.4160446558571505
-0.64	-0.4096	-1.9651516715997577e-05	-0.4096196521247644	0.0	-0.4096196521247644
-0.635	-0.403225	-1.964767723131317e-05	-0.4032446483041278	0.0	-0.4032446483041278
-0.63	-0.39690000000000003	-1.964374596803785e-05	-0.3969196443924499	0.0	-0.3969196443924499
-0.625	-0.390625	-1.9639719977539887e-05	-0.39064464038681174	0.0	-0.39064464038681174
-0.62	-0.3844	-1.963559619181357e-05	-0.3844196362841785	0.0	-0.3844196362841785
-0.615	-0.378225	-1.9631371417632573e-05	-0.3782446320813978	0.0	-0.3782446320813978
-0.61	-0.3721	-1.962704233036643e-05	-0.3721196277751834	0.0	-0.3721196277751834
-0.605	-0.366025	-1.962260546743785e-05	-0.3660446233621146	0.0	-0.3660446233621146
-0.6	-0.36	-1.9618057221396825e-05	-0.3600196188386313	0.0	-0.3600196188386313
-0.595	-0.354025	-1.9613393832585542e-05	-0.3540446142010181	0.0	-0.3540446142010181
-0.59	-0.34809999999999997	-1.960861138136645e-05	-0.34811960944540665	0.0	-0.34811960944540665
-0.585	-0.34222499999999995	-1.9603705779883266e-05	-0.3422446045677616	0.0	-0.3422446045677616
-0.58	-0.3364	-1.9598672763322723e-05	-0.33641959956387396	0.0	-0.33641959956387396
-0.5750000000000001	-0.33062500000000006	-1.9593507880642124e-05	-0.3306445944293529	0.0	-0.3306445944293529
-0.5700000000000001	-0.3249000000000001	-1.958820648472504e-05	-0.32491958915961344	0.0	-0.32491958915961344
-0.5650000000000001	-0.3192250000000001	-1.958276372192451e-05	-0.3192445837498658	0.0	-0.3192445837498658
-0.56	-0.31360000000000005	-1.9577174520949818e-05	-0.3136195781951108	0.0	-0.3136195781951108
-0.555	-0.30802500000000005	-1.9571433581049258e-05	-0.30804457249012174	0.0	-0.30804457249012174
-0.55	-0.30250000000000005	-1.9565535359437547e-05	-0.3025195666294344	0.0	-0.3025195666294344
-0.545	-0.29702500000000004	-1.95594740579121e-05	-0.297044560607337	0.0	-0.297044560607337
-0.54	-0.2916	-1.955324360859791e-05	-0.2916195544178466	0.0	-0.2916195544178466
-0.535	-0.286225	-1.9546837658755465e-05	-0.286244548054706	0.0	-0.286244548054706
-0.53	-0.28090000000000004	-1.954024955458078e-05	-0.28091954151136245	0.0	-0.28091954151136245
-0.525	-0.275625	-1.953347232392026e-05	-0.2756445347809495	0.0	-0.2756445347809495
-0.52	-0.27040000000000003	-1.9526498657816674e-05	-0.27041952785627343	0.0	-0.27041952785627343
-0.515	-0.265225	-1.9519320890794826e-05	-0.2652445207297886	0.0	-0.2652445207297886
-0.51	-0.2601	-1.9511930979787822e-05	-0.260119513393578	0.0	-0.260119513393578
-0.505	-0.255025	-1.9504320481595497e-05	-0.2550445058393396	0.0	-0.2550445058393396
-0.5	-0.25	-1.949648052875718e-05	-0.25001949805834794	0.0	-0.25001949805834794
-0.495	-0.245025	-1.948840180370992e-05	-0.2450444900414443	0.0	-0.2450444900414443
-0.49	-0.24009999999999998	-1.948007451109152e-05	-0.24011948177899878	0.0	-0.24011948177899878
-0.485	-0.235225	-1.947148834803465e-05	-0.23524447326088246	0.0	-0.23524447326088246
-0.48	-0.2304	-1.9462632472283643e-05	-0.23041946447647654	0.0	-0.23041946447647654
-0.47500000000000003	-0.22562500000000002	-1.9453495467949812e-05	-0.22564445541447345	0.0	-0.22564445541447345
-0.47000000000000003	-0.22090000000000004	-1.944406530870315e-05	-0.22091944606315664	0.0	-0.22091944606315664
-0.465	-0.21622500000000003	-1.9434329318178745e-05	-0.2162444364100488	0.0	-0.2162444364100488
-0.46	-0.2116	-1.9424274127354428e-05	-0.21161942644202944	0.0	-0.21161942644202944
-0.455	-0.20702500000000001	-1.94138856286319e-05	-0.2070444161452578	0.0	-0.2070444161452578
-0.45	-0.2025	-1.9403148926326746e-05	-0.20251940550512076	0.0	-0.20251940550512076
-0.445	-0.198025	-1.939204828324271e-05	-0.19804439450618563	0.0	-0.19804439450618563
-0.44	-0.1936	-1.9380567062972277e-05	-0.19361938313214344	0.0	-0.19361938313214344
-0.435	-0.189225	-1.9368687667528354e-05	-0.18924437136575015	0.0	-0.18924437136575015
-0.43	-0.18489999999999998	-1.935639146987018e-05	-0.1849193591887516	0.0	-0.1849193591887516
-0.425	-0.18062499999999998	-1.934365874084022e-05	-0.18064434658182857	0.0	-0.18064434658182857
-0.42	-0.17639999999999997	-1.9330468569976517e-05	-0.1764193335244746	0.0	-0.1764193335244746
-0.41500000000000004	-0.17222500000000002	-1.9316798779606765e-05	-0.17224431999507372	0.0	-0.17224431999507372
-0.41000000000000003	-0.16810000000000003	-1.9302625831564644e-05	-0.16811930597050392	0.0	-0.16811930597050392
-0.405	-0.16402500000000003	-1.928792472579535e-05	-0.16404429142633895	0.0	-0.16404429142633895
-0.4	-0.16000000000000003	-1.927266889003421e-05	-0.16001927633659613	0.0	-0.16001927633659613
-0.395	-0.15602500000000002	-1.9256830059648708e-05	-0.1560442606736432	0.0	-0.1560442606736432
-0.39	-0.1521	-1.924037814662874e-05	-0.15211924440808128	0.0	-0.15211924440808128
-0.385	-0.148225	-1.9223281096590332e-05	-0.1482442275085947	0.0	-0.1482442275085947
-0.38	-0.1444	-1.9205504732522887e-05	-0.14441920994180665	0.0	-0.14441920994180665
-0.375	-0.140625	-1.9187012583856704e-05	-0.1406441916721174	0.0	-0.1406441916721174
-0.37	-0.1369	-1.9167765699253122e-05	-0.13691917266150944	0.0	-0.13691917266150944
-0.365	-0.13322499999999998	-1.914772244132146e-05	-0.13324415286936478	0.0	-0.13324415286936478
-0.36	-0.1296	-1.91268382612409e-05	-0.12961913225223606	0.0	-0.12961913225223606
-0.355	-0.126025	-1.910506545100738e-05	-0.1260441107636115	0.0	-0.1260441107636115
-0.35000000000000003	-0.12250000000000003	-1.9082352870730538e-05	-0.12251908835365116	0.0	-0.12251908835365116
-0.34500000000000003	-0.11902500000000002	-1.9058645648067504e-05	-0.1190440649688923	0.0	-0.1190440649688923
-0.34	-0.11560000000000002	-1.9033884846492273e-05	-0.1156190405519323	0.0	-0.1156190405519323
-0.335	-0.11222500000000002	-1.9008007098653074e-05	-0.11224401504107172	0.0	-0.11224401504107172
-0.33	-0.10890000000000001	-1.8980944200556162e-05	-0.10891898836992302	0.0	-0.10891898836992302
-0.325	-0.10562500000000001	-1.8952622661721263e-05	-0.10564396046697169	0.0	-0.10564396046697169
-0.32	-0.1024	-1.8922963205768488e-05	-0.10241893125509817	0.0	-0.10241893125509817
-0.315	-0.09922500000000001	-1.8891880215103363e-05	-0.09924390065103185	0.0	-0.09924390065103185
-0.31	-0.0961	-1.885928111244764e-05	-0.09611886856475943	0.0	-0.09611886856475943
-0.305	-0.093025	-1.8825065670898024e-05	-0.09304383489885117	0.0	-0.09304383489885117
-0.3	-0.09	-1.8789125242959357e-05	-0.0900187995477125	0.0	-0.0900187995477125
-0.295	-0.08702499999999999	-1.875134189756677e-05	-0.08704376239674869	0.0	-0.08704376239674869
-0.29	-0.0841	-1.8711587452453538e-05	-0.08411872332142165	0.0	-0.08411872332142165
-0.28500000000000003	-0.08122500000000002	-1.8669722387308382e-05	-0.08124368218619464	0.0	-0.08124368218619464
-0.28	-0.07840000000000001	-1.862559462096708e-05	-0.07841863884334076	0.0	-0.07841863884334076
-0.275	-0.07562500000000001	-1.8579038133373127e-05	-0.07564359313159941	0.0	-0.07564359313159941
-0.27	-0.0729	-1.8529871410201953e-05	-0.07291854487465944	0.0	-0.07291854487465944
-0.265	-0.07022500000000001	-1.8477895684872763e-05	-0.0702434938794393	0.0	-0.0702434938794393
-0.26	-0.06760000000000001	-1.842289294919468e-05	-0.06761843993414372	0.0	-0.06761843993414372
-0.255	-0.065025	-1.836462370017857e-05	-0.06504338280605126	0.0	-0.06504338280605126
-0.25	-0.0625	-1.8302824386720698e-05	-0.06251832223901115	0.0	-0.06251832223901115
-0.245	-0.060024999999999995	-1.8237204516148166e-05	-0.06004325795059421	0.0	-0.06004325795059421
-0.24	-0.0576	-1.8167443377348434e-05	-0.057618189628864086	0.0	-0.057618189628864086
-0.23500000000000001	-0.05522500000000001	-1.8093186334887635e-05	-0.05524311692871813	0.0	-0.05524311692871813
-0.23	-0.0529	-1.80140406478616e-05	-0.05291803946774423	0.0	-0.05291803946774423
-0.225	-0.050625	-1.792957076918113e-05	-0.05064295682155549	0.0	-0.05064295682155549
-0.22	-0.0484	-1.7839293086828857e-05	-0.04841786851855169	0.0	-0.04841786851855169
-0.215	-0.046224999999999995	-1.7742670079934303e-05	-0.046242774034080364	0.0	-0.046242774034080364
-0.21	-0.04409999999999999	-1.7639103881242718e-05	-0.04411767278397377	0.0	-0.04411767278397377
-0.20500000000000002	-0.04202500000000001	-1.752792926598084e-05	-0.04204256411748453	0.0	-0.04204256411748453
-0.2	-0.04000000000000001	-1.7408406127792512e-05	-0.04001744730964827	0.0	-0.04001744730964827
-0.195	-0.038025	-1.7279711558000335e-05	-0.03804232155319091	0.0	-0.03804232155319091
-0.19	-0.0361	-1.71409317175194e-05	-0.0361171859501332	0.0	-0.0361171859501332
-0.185	-0.034225	-1.6991053783453823e-05	-0.0342420395033514	0.0	-0.0342420395033514
-0.18	-0.0324	-1.6828958366029475e-05	-0.032416881108453345	0.0	-0.032416881108453345
-0.17500000000000002	-0.030625000000000006	-1.6653412925926367e-05	-0.030641709546449018	0.0	-0.030641709546449018
-0.17	-0.028900000000000006	-1.6463066875092664e-05	-0.02891652347784537	0.0	-0.02891652347784537
-0.165	-0.027225000000000003	-1.625644921083952e-05	-0.02724132143894401	0.0	-0.02724132143894401
-0.16	-0.0256	-1.6031969705136213e-05	-0.025616101841280024	0.0	-0.025616101841280024
-0.155	-0.024025	-1.5787924836331974e-05	-0.024040862975286997	0.0	-0.024040862975286997
-0.15	-0.0225	-1.5522509792596824e-05	-0.02251560301940898	0.0	-0.02251560301940898
-0.145	-0.021025	-1.523383797465022e-05	-0.021040320055954465	0.0	-0.021040320055954465
-0.14	-0.019600000000000003	-1.4919969455779833e-05	-0.019615012095005543	0.0	-0.019615012095005543
-0.135	-0.018225	-1.457894979344457e-05	-0.01823967710761305	0.0	-0.01823967710761305
-0.13	-0.016900000000000002	-1.4208860402345416e-05	-0.016914313069292725	0.0	-0.016914313069292725
-0.125	-0.015625	-1.3807881369629737e-05	-0.015638918014460036	0.0	-0.015638918014460036
-0.12	-0.0144	-1.3374367100568874e-05	-0.014413490101858939	0.0	-0.014413490101858939
-0.115	-0.013225	-1.290693451889507e-05	-0.013238027690253288	0.0	-0.013238027690253288
-0.11	-0.0121	-1.2404562714714838e-05	-0.012112529422658615	0.0	-0.012112529422658615
-0.105	-0.011024999999999998	-1.1866701956146304e-05	-0.011036994316318762	0.0	-0.011036994316318762
-0.1	-0.010000000000000002	-1.1293388899608999e-05	-0.010011421854665654	0.0	-0.010011421854665654
-0.095	-0.009025	-1.0685363709527926e-05	-0.009035812076917239	0.0	-0.009035812076917239
-0.09	-0.0081	-1.004418371200524e-05	-0.008110165660873817	0.0	-0.008110165660873817
-0.085	-0.007225000000000001	-9.372327255560512e-06	-0.007234483994221122	0.0	-0.007234483994221122
-0.08	-0.0064	-8.67328074187334e-06	-0.006408769227036965	0.0	-0.006408769227036965
-0.075	-0.005625	-7.951601428172053e-06	-0.0056330242892185765	0.0	-0.0056330242892185765
-0.07	-0.004900000000000001	-7.212948688471083e-06	-0.004907252838225079	0.0	-0.004907252838225079
-0.065	-0.0042250000000000005	-6.4640770298064085e-06	-0.0042314590816255266	0.0	-0.0042314590816255266
-0.06	-0.0036	-5.712785335317754e-06	-0.0036056474265806007	0.0	-0.0036056474265806007
-0.055	-0.003025	-4.967818548447036e-06	-0.0030298220102600764	0.0	-0.0030298220102600764
-0.05	-0.0025000000000000005	-4.238720271026558e-06	-0.002503986446461129	0.0	-0.002503986446461129
-0.045	-0.002025	-3.5356374185545077e-06	-0.0020281446225658482	0.0	-0.0020281446225658482
-0.04	-0.0016	-2.869081003597287e-06	-0.0016023039342015655	0.0	-0.0016023039342015655
-0.035	-0.0012250000000000002	-2.2496501057509066e-06	-0.0012264822993088328	0.0	-0.0012264822993088328
-0.03	-0.0009	-1.6877289084459817e-06	-0.0009007182683017975	0.0	-0.0009007182683017975
-0.025	-0.0006250000000000001	-1.1931691042167464e-06	-0.0006250782124407394	0.0	-0.0006250782124407394
-0.02	-0.0004	-7.74971768468212e-07	-0.0003996477245252714	0.0	-0.0003996477245252714
-0.015	-0.000225	-4.4098378995062127e-07	-0.00022449450845186703	0.0	-0.00022449450845186703
-0.01	-0.0001	-1.9762399269072225e-07	-9.960840946741685e-05	0.0	-9.960840946741685e-05
-0.005	-2.5e-05	-4.9653130029803096e-08	-2.4856599430817785e-05	0.0	-2.4856599430817785e-05
0.005	2.5e-05	4.9653130029803096e-08	2.4856599430838995e-05	0.0	2.4856599430838995e-05
0.01	0.0001	1.9762399269072225e-07	9.960840946743117e-05	0.0	9.960840946743117e-05
0.015	0.000225	4.4098378995062127e-07	0.00022449450845185353	0.0	0.00022449450845185353
0.02	0.0004	7.74971768468212e-07	0.0003996477245252832	0.0	0.0003996477245252832
0.025	0.0006250000000000001	1.1931691042167464e-06	0.0006250782124407294	0.0	0.0006250782124407294
0.03	0.0009	1.6877289084459817e-06	0.0009007182683018225	0.0	0.0009007182683018225
0.035	0.0012250000000000002	2.2496501057509066e-06	0.0012264822993088276	0.0	0.0012264822993088276
0.04	0.0016	2.869081003597287e-06	0.00160230393420156	0.0	0.00160230393420156
0.045	0.002025	3.5356374185545077e-06	0.0020281446225658625	0.0	0.0020281446225658625
0.05	0.0025000000000000005	4.238720271026558e-06	0.002503986446461149	0.0	0.002503986446461149
0.055	0.003025	4.967818548447036e-06	0.003029822010260112	0.0	0.003029822010260112
0.06	0.0036	5.712785335317754e-06	0.0036056474265806107	0.0	0.0036056474265806107
0.065	0.0042250000000000005	6.4640770298064085e-06	0.004231459081625553	0.0	0.004231459081625553
0.07	0.004900000000000001	7.212948688471083e-06	0.0049072528382250995	0.0	0.0049072528382250995
0.075	0.005625	7.951601428172053e-06	0.005633024289218607	0.0	0.005633024289218607
0.08	0.0064	8.67328074187334e-06	0.006408769227036981	0.0	0.006408769227036981
0.085	0.007225000000000001	9.372327255560512e-06	0.007234483994221139	0.0	0.007234483994221139
0.09	0.0081	1.004418371200524e-05	0.008110165660873792	0.0	0.008110165660873792
0.095	0.009025	1.0685363709527926e-05	0.009035812076917338	0.0	0.009035812076917338
0.1	0.010000000000000002	1.1293388899608999e-05	0.010011421854665635	0.0	0.010011421854665635
0.105	0.011024999999999998	1.1866701956146304e-05	0.011036994316318766	0.0	0.011036994316318766
0.11	0.0121	1.2404562714714838e-05	0.01211252942265868	0.0	0.01211252942265868
0.115	0.013225	1.290693451889507e-05	0.013238027690253281	0.0	0.013238027690253281
0.12	0.0144	1.3374367100568874e-05	0.014413490101858887	0.0	0.014413490101858887
0.125	0.015625	1.3807881369629737e-05	0.015638918014460046	0.0	0.015638918014460046
0.13	0.016900000000000002	1.4208860402345416e-05	0.01691431306929274	0.0	0.01691431306929274
0.135	0.018225	1.457894979344457e-05	0.01823967710761295	0.0	0.01823967710761295
0.14	0.019600000000000003	1.4919969455779833e-05	0.01961501209500556	0.0	0.01961501209500556
0.145	0.021025	1.523383797465022e-05	0.021040320055954537	0.0	0.021040320055954537
0.15	0.0225	1.5522509792596824e-05	0.02251560301940902	0.0	0.02251560301940902
0.155	0.024025	1.5787924836331974e-05	0.024040862975286834	0.0	0.024040862975286834
0.16	0.0256	1.6031969705136213e-05	0.02561610184128002	0.0	0.02561610184128002
0.165	0.027225000000000003	1.625644921083952e-05	0.027241321438944	0.0	0.027241321438944
0.17	0.028900000000000006	1.6463066875092664e-05	0.028916523477845176	0.0	0.028916523477845176
0.17500000000000002	0.030625000000000006	1.6653412925926367e-05	0.030641709546449108	0.0	0.030641709546449108
0.18	0.0324	1.6828958366029475e-05	0.03241688110845362	0.0	0.03241688110845362
0.185	0.034225	1.6991053783453823e-05	0.03424203950335155	0.0	0.03424203950335155
0.19	0.0361	1.71409317175194e-05	0.036117185950133274	0.0	0.036117185950133274
0.195	0.038025	1.7279711558000335e-05	0.038042321553190886	0.0	0.038042321553190886
0.2	0.04000000000000001	1.7408406127792512e-05	0.04001744730964825	0.0	0.04001744730964825
0.20500000000000002	0.04202500000000001	1.752792926598084e-05	0.042042564117484485	0.0	0.042042564117484485
0.21	0.04409999999999999	1.7639103881242718e-05	0.044117672783974	0.0	0.044117672783974
0.215	0.046224999999999995	1.7742670079934303e-05	0.0462427740340801	0.0	0.0462427740340801
0.22	0.0484	1.7839293086828857e-05	0.0484178685185518	0.0	0.0484178685185518
0.225	0.050625	1.792957076918113e-05	0.050642956821555424	0.0	0.050642956821555424
0.23	0.0529	1.80140406478616e-05	0.05291803946774413	0.0	0.05291803946774413
0.23500000000000001	0.05522500000000001	1.8093186334887635e-05	0.05524311692871812	0.0	0.05524311692871812
0.24	0.0576	1.8167443377348434e-05	0.05761818962886397	0.0	0.05761818962886397
0.245	0.060024999999999995	1.8237204516148166e-05	0.0600432579505938	0.0	0.0600432579505938
0.25	0.0625	1.8302824386720698e-05	0.0625183222390111	0.0	0.0625183222390111
0.255	0.065025	1.836462370017857e-05	0.06504338280605126	0.0	0.06504338280605126
0.26	0.06760000000000001	1.842289294919468e-05	0.06761843993414385	0.0	0.06761843993414385
0.265	0.07022500000000001	1.8477895684872763e-05	0.07024349387943922	0.0	0.07024349387943922
0.27	0.0729	1.8529871410201953e-05	0.07291854487465939	0.0	0.07291854487465939
0.275	0.07562500000000001	1.8579038133373127e-05	0.07564359313159931	0.0	0.07564359313159931
0.28	0.07840000000000001	1.862559462096708e-05	0.07841863884334052	0.0	0.07841863884334052
0.28500000000000003	0.08122500000000002	1.8669722387308382e-05	0.08124368218619439	0.0	0.08124368218619439
0.29	0.0841	1.8711587452453538e-05	0.08411872332142137	0.0	0.08411872332142137
0.295	0.08702499999999999	1.875134189756677e-05	0.08704376239674873	0.0	0.08704376239674873
0.3	0.09	1.8789125242959357e-05	0.0900187995477127	0.0	0.0900187995477127
0.305	0.093025	1.8825065670898024e-05	0.09304383489885168	0.0	0.09304383489885168
0.31	0.0961	1.885928111244764e-05	0.09611886856475982	0.0	0.09611886856475982
0.315	0.09922500000000001	1.8891880215103363e-05	0.09924390065103234	0.0	0.09924390065103234
0.32	0.1024	1.8922963205768488e-05	0.10241893125509788	0.0	0.10241893125509788
0.325	0.10562500000000001	1.8952622661721263e-05	0.10564396046697186	0.0	0.10564396046697186
0.33	0.10890000000000001	1.8980944200556162e-05	0.10891898836992289	0.0	0.10891898836992289
0.335	0.11222500000000002	1.9008007098653074e-05	0.1122440150410722	0.0	0.1122440150410722
0.34	0.11560000000000002	1.9033884846492273e-05	0.11561904055193217	0.0	0.11561904055193217
0.34500000000000003	0.11902500000000002	1.9058645648067504e-05	0.11904406496889207	0.0	0.11904406496889207
0.35000000000000003	0.12250000000000003	1.9082352870730538e-05	0.12251908835365083	0.0	0.12251908835365083
0.355	0.126025	1.910506545100738e-05	0.1260441107636114	0.0	0.1260441107636114
0.36	0.1296	1.91268382612409e-05	0.12961913225223623	0.0	0.12961913225223623
0.365	0.13322499999999998	1.914772244132146e-05	0.1332441528693652	0.0	0.1332441528693652
0.37	0.1369	1.9167765699253122e-05	0.13691917266150885	0.0	0.13691917266150885
0.375	0.140625	1.9187012583856704e-05	0.14064419167211653	0.0	0.14064419167211653
0.38	0.1444	1.9205504732522887e-05	0.1444192099418083	0.0	0.1444192099418083
0.385	0.148225	1.9223281096590332e-05	0.1482442275085955	0.0	0.1482442275085955
0.39	0.1521	1.924037814662874e-05	0.15211924440808228	0.0	0.15211924440808228
0.395	0.15602500000000002	1.9256830059648708e-05	0.1560442606736443	0.0	0.1560442606736443
0.4	0.16000000000000003	1.927266889003421e-05	0.16001927633659624	0.0	0.16001927633659624
0.405	0.16402500000000003	1.928792472579535e-05	0.16404429142633928	0.0	0.16404429142633928
0.41000000000000003	0.16810000000000003	1.9302625831564644e-05	0.1681193059705046	0.0	0.1681193059705046
0.41500000000000004	0.17222500000000002	1.9316798779606765e-05	0.1722443199950746	0.0	0.1722443199950746
0.42	0.17639999999999997	1.9330468569976517e-05	0.17641933352447473	0.0	0.17641933352447473
0.425	0.18062499999999998	1.934365874084022e-05	0.18064434658183037	0.0	0.18064434658183037
0.43	0.18489999999999998	1.935639146987018e-05	0.18491935918875138	0.0	0.18491935918875138
0.435	0.189225	1.9368687667528354e-05	0.18924437136574837	0.0	0.18924437136574837
0.44	0.1936	1.9380567062972277e-05	0.19361938313214347	0.0	0.19361938313214347
0.445	0.198025	1.939204828324271e-05	0.1980443945061842	0.0	0.1980443945061842
0.45	0.2025	1.9403148926326746e-05	0.20251940550511977	0.0	0.20251940550511977
0.455	0.20702500000000001	1.94138856286319e-05	0.2070444161452578	0.0	0.2070444161452578
0.46	0.2116	1.9424274127354428e-05	0.21161942644203072	0.0	0.21161942644203072
0.465	0.21622500000000003	1.9434329318178745e-05	0.21624443641004854	0.0	0.21624443641004854
0.47000000000000003	0.22090000000000004	1.944406530870315e-05	0.22091944606315633	0.0	0.22091944606315633
0.47500000000000003	0.22562500000000002	1.9453495467949812e-05	0.22564445541447517	0.0	0.22564445541447517
0.48	0.2304	1.9462632472283643e-05	0.2304194644764759	0.0	0.2304194644764759
0.485	0.235225	1.947148834803465e-05	0.2352444732608819	0.0	0.2352444732608819
0.49	0.24009999999999998	1.948007451109152e-05	0.24011948177899867	0.0	0.24011948177899867
0.495	0.245025	1.948840180370992e-05	0.2450444900414454	0.0	0.2450444900414454
0.5	0.25	1.949648052875718e-05	0.2500194980583476	0.0	0.2500194980583476
0.505	0.255025	1.9504320481595497e-05	0.25504450583934096	0.0	0.25504450583934096
0.51	0.2601	1.9511930979787822e-05	0.2601195133935788	0.0	0.2601195133935788
0.515	0.265225	1.9519320890794826e-05	0.2652445207297872	0.0	0.2652445207297872
0.52	0.27040000000000003	1.9526498657816674e-05	0.2704195278562751	0.0	0.2704195278562751
0.525	0.275625	1.953347232392026e-05	0.2756445347809515	0.0	0.2756445347809515
0.53	0.28090000000000004	1.954024955458078e-05	0.28091954151136195	0.0	0.28091954151136195
0.535	0.286225	1.9546837658755465e-05	0.2862445480547054	0.0	0.2862445480547054
0.54	0.2916	1.955324360859791e-05	0.2916195544178448	0.0	0.2916195544178448
0.545	0.29702500000000004	1.95594740579121e-05	0.29704456060733453	0.0	0.29704456060733453
0.55	0.30250000000000005	1.9565535359437547e-05	0.3025195666294358	0.0	0.3025195666294358
0.555	0.30802500000000005	1.9571433581049258e-05	0.3080445724901223	0.0	0.3080445724901223
0.56	0.31360000000000005	1.9577174520949818e-05	0.31361957819511027	0.0	0.31361957819511027
0.5650000000000001	0.3192250000000001	1.958276372192451e-05	0.31924458374986414	0.0	0.31924458374986414
0.5700000000000001	0.3249000000000001	1.958820648472504e-05	0.3249195891596114	0.0	0.3249195891596114
0.5750000000000001	0.33062500000000006	1.9593507880642124e-05	0.3306445944293533	0.0	0.3306445944293533
0.58	0.3364	1.9598672763322723e-05	0.33641959956387435	0.0	0.33641959956387435
0.585	0.34222499999999995	1.9603705779883266e-05	0.3422446045677608	0.0	0.3422446045677608
0.59	0.34809999999999997	1.960861138136645e-05	0.3481196094454072	0.0	0.3481196094454072
0.595	0.354025	1.9613393832585542e-05	0.35404461420101907	0.0	0.35404461420101907
0.6	0.36	1.9618057221396825e-05	0.36001961883863104	0.0	0.36001961883863104
0.605	0.366025	1.962260546743785e-05	0.36604462336211335	0.0	0.36604462336211335
0.61	0.3721	1.962704233036643e-05	0.37211962777518387	0.0	0.37211962777518387
0.615	0.378225	1.9631371417632573e-05	0.3782446320813988	0.0	0.3782446320813988
0.62	0.3844	1.963559619181357e-05	0.3844196362841772	0.0	0.3844196362841772
0.625	0.390625	1.9639719977539887e-05	0.39064464038681307	0.0	0.39064464038681307
0.63	0.39690000000000003	1.964374596803785e-05	0.3969196443924495	0.0	0.3969196443924495
0.635	0.403225	1.964767723131317e-05	0.4032446483041326	0.0	0.4032446483041326
0.64	0.4096	1.9651516715997577e-05	0.4096196521247625	0.0	0.4096196521247625
0.645	0.41602500000000003	1.965526725687948e-05	0.4160446558571512	0.0	0.4160446558571512
0.65	0.42250000000000004	1.9658931580137962e-05	0.422519659503992	0.0	0.422519659503992
0.655	0.42902500000000005	1.9662512308298153e-05	0.4290446630678713	0.0	0.4290446630678713
0.66	0.43560000000000004	1.9666011964924858e-05	0.4356196665512954	0.0	0.4356196665512954
0.665	0.44222500000000003	1.9669432979070028e-05	0.4422446699566648	0.0	0.4422446699566648
0.67	0.4489000000000001	1.9672777689488847e-05	0.4489196732862844	0.0	0.4489196732862844
0.675	0.45562500000000006	1.9676048348637952e-05	0.45564467654239343	0.0	0.45564467654239343
0.68	0.4624000000000001	1.9679247126468675e-05	0.46241967972713527	0.0	0.46241967972713527
0.685	0.46922500000000006	1.968237611402715e-05	0.46924468284257936	0.0	0.46924468284257936
0.6900000000000001	0.4761000000000001	1.968543732687248e-05	0.47611968589072273	0.0	0.47611968589072273
0.6950000000000001	0.4830250000000001	1.9688432708323398e-05	0.4830446888734845	0.0	0.4830446888734845
0.7000000000000001	0.4900000000000001	1.9691364132543174e-05	0.49001969179272264	0.0	0.49001969179272264
0.705	0.49702499999999994	1.969423340747191e-05	0.4970446946502262	0.0	0.4970446946502262
0.71	0.5041	1.96970422776148e-05	0.5041196974477282	0.0	0.5041196974477282
0.715	0.5112249999999999	1.969979242669439e-05	0.5112447001868898	0.0	0.5112447001868898
0.72	0.5184	1.9702485480174354e-05	0.5184197028693265	0.0	0.5184197028693265
0.725	0.525625	1.9705123007661835e-05	0.5256447054965888	0.0	0.5256447054965888
0.73	0.5328999999999999	1.9707706525195055e-05	0.5329197080701823	0.0	0.5329197080701823
0.735	0.540225	1.9710237497422298e-05	0.5402447105915557	0.0	0.5402447105915557
0.74	0.5476	1.9712717339678235e-05	0.5476197130621105	0.0	0.5476197130621105
0.745	0.555025	1.9715147419963007e-05	0.5550447154832066	0.0	0.5550447154832066
0.75	0.5625	1.971752906082926e-05	0.5625197178561502	0.0	0.5625197178561502
0.755	0.570025	1.9719863541182004e-05	0.5700447201822159	0.0	0.5700447201822159
0.76	0.5776	1.972215209799586e-05	0.5776197224626249	0.0	0.5776197224626249
0.765	0.585225	1.9724395927953986e-05	0.5852447246985591	0.0	0.5852447246985591
0.77	0.5929	1.972659618901275e-05	0.592919726891178	0.0	0.592919726891178
0.775	0.6006250000000001	1.9728754001895976e-05	0.6006447290415885	0.0	0.6006447290415885
0.78	0.6084	1.9730870451522363e-05	0.6084197311508649	0.0	0.6084197311508649
0.785	0.616225	1.9732946588369452e-05	0.6162447332200472	0.0	0.6162447332200472
0.79	0.6241000000000001	1.9734983429777362e-05	0.6241197352501486	0.0	0.6241197352501486
0.795	0.6320250000000001	1.97369819611953e-05	0.6320447372421483	0.0	0.6320447372421483
0.8	0.6400000000000001	1.9738943137373737e-05	0.6400197391969895	0.0	0.6400197391969895
0.805	0.6480250000000001	1.974086788350488e-05	0.648044741115591	0.0	0.648044741115591
0.81	0.6561000000000001	1.974275709631403e-05	0.6561197429988436	0.0	0.6561197429988436
0.8150000000000001	0.6642250000000001	1.97446116451042e-05	0.6642447448476101	0.0	0.6642447448476101
0.8200000000000001	0.6724000000000001	1.974643237275635e-05	0.672419746662727	0.0	0.672419746662727
0.8250000000000001	0.6806250000000001	1.9748220096687198e-05	0.6806447484450043	0.0	0.6806447484450043
0.8300000000000001	0.6889000000000001	1.974997560976688e-05	0.6889197501952294	0.0	0.6889197501952294
0.835	0.697225	1.9751699681198187e-05	0.6972447519141689	0.0	0.6972447519141689
0.84	0.7055999999999999	1.975339305735932e-05	0.7056197536025598	0.0	0.7056197536025598
0.845	0.7140249999999999	1.9755056462611797e-05	0.7140447552611224	0.0	0.7140447552611224
0.85	0.7224999999999999	1.9756690600075246e-05	0.7225197568905589	0.0	0.7225197568905589
0.855	0.7310249999999999	1.9758296152370527e-05	0.731044758491542	0.0	0.731044758491542
0.86	0.7395999999999999	1.9759873782332735e-05	0.7396197600647348	0.0	0.7396197600647348
0.865	0.748225	1.97614241336954e-05	0.7482447616107749	0.0	0.7482447616107749
0.87	0.7569	1.9762947831747278e-05	0.7569197631302752	0.0	0.7569197631302752
0.875	0.765625	1.976444548396292e-05	0.765644764623852	0.0	0.765644764623852
0.88	0.7744	1.976591768060826e-05	0.7744197660920862	0.0	0.7744197660920862
0.885	0.7832250000000001	1.9767364995322268e-05	0.7832447675355493	0.0	0.7832447675355493
0.89	0.7921	1.9768787985675867e-05	0.7921197689547873	0.0	0.7921197689547873
0.895	0.801025	1.9770187193709e-05	0.8010447703503569	0.0	0.8010447703503569
0.9	0.81	1.9771563146446875e-05	0.8100197717227736	0.0	0.8100197717227736
0.905	0.819025	1.977291635639634e-05	0.819044773072555	0.0	0.819044773072555
0.91	0.8281000000000001	1.9774247322023163e-05	0.8281197744002139	0.0	0.8281197744002139
0.915	0.8372250000000001	1.9775556528211146e-05	0.8372447757062683	0.0	0.8372447757062683
0.92	0.8464	1.9776844446703798e-05	0.8464197769912528	0.0	0.8464197769912528
0.925	0.8556250000000001	1.977811153652936e-05	0.8556447782557431	0.0	0.8556447782557431
0.93	0.8649000000000001	1.9779358244409874e-05	0.8649197795004295	0.0	0.8649197795004295
0.935	0.8742250000000001	1.978058500515496e-05	0.8742447807261295	0.0	0.8742447807261295
0.9400000000000001	0.8836000000000002	1.9781792242040978e-05	0.8836197819339563	0.0	0.8836197819339563
0.9450000000000001	0.8930250000000001	1.978298036717622e-05	0.8930447831253933	0.0	0.8930447831253933
0.9500000000000001	0.9025000000000001	1.978414978185264e-05	0.9025197843025313	0.0	0.9025197843025313
0.9550000000000001	0.9120250000000001	1.978530087688473e-05	0.9120447854682888	0.0	0.9120447854682888
0.96	0.9216	1.97864340329361e-05	0.9216197866267422	0.0	0.9216197866267422
0.965	0.931225	1.978754962083422e-05	0.9312447877834502	0.0	0.9312447877834502
0.97	0.9409	1.978864800187385e-05	0.9409197889460678	0.0	0.9409197889460678
0.975	0.9506249999999999	1.9789729528109604e-05	0.950644790125168	0.0	0.950644790125168
0.98	0.9603999999999999	1.979079454263807e-05	0.9604197913359803	0.0	0.9604197913359803
0.985	0.970225	1.9791843379869964e-05	0.970244792602317	0.0	0.970244792602317
0.99	0.9801	1.9792876365792668e-05	0.9801197939675872	0.0	0.9801197939675872
0.995	0.990025	1.9793893818223555e-05	0.9900447955342949	0.0	0.9900447955342949
1.0	1.0	1.9794896047054484e-05	1.0000197977037717	0.0	1.0000197977037717
