-1.0	-1.0	-0.007798592211502872	-1.0078714153816337	0.0	(-1.0078714153816337+0j)
-0.9975	-0.9950062500000001	-0.007797793442653867	-1.0028620140913103	0.0	(-1.0028620140913103+0j)
-0.995	-0.990025	-0.007796988645373389	-0.9978718107723341	0.0	(-0.9978718107723341+0j)
-0.9925	-0.9850562500000001	-0.007796177758845137	-0.9928965675188677	0.0	(-0.9928965675188677+0j)
-0.99	-0.9801	-0.007795360721483967	-0.9879351197598017	0.0	(-0.9879351197598017+0j)
-0.9875	-0.9751562500000001	-0.0077945374709241805	-0.9829869789476454	0.0	(-0.9829869789476454+0j)
-0.985	-0.970225	-0.00779370794400764	-0.9780518930958078	0.0	(-0.9780518930958078+0j)
-0.9825	-0.96530625	-0.007792872076771646	-0.9731297148952348	0.0	(-0.9731297148952348+0j)
-0.98	-0.9603999999999999	-0.007792029804436608	-0.9682203506041451	0.0	(-0.9682203506041451+0j)
-0.9775	-0.9555062500000001	-0.007791181061393497	-0.9633237367678833	0.0	(-0.9633237367678833+0j)
-0.975	-0.9506249999999999	-0.007790325781191063	-0.9584398283505654	0.0	(-0.9584398283505654+0j)
-0.9725	-0.9457562500000001	-0.007789463896522832	-0.953568592157824	0.0	(-0.953568592157824+0j)
-0.97	-0.9409	-0.00778859533921386	-0.9487100029490543	0.0	(-0.9487100029490543+0j)
-0.9675	-0.93605625	-0.007787720040207256	-0.9438640410183986	0.0	(-0.9438640410183986+0j)
-0.965	-0.931225	-0.007786837929550448	-0.9390306906253508	0.0	(-0.9390306906253508+0j)
-0.9625	-0.9264062500000001	-0.007785948936381218	-0.9342099389409351	0.0	(-0.9342099389409351+0j)
-0.96	-0.9216	-0.007785052988913457	-0.9294017753190528	0.0	(-0.9294017753190528+0j)
-0.9575	-0.91680625	-0.007784150014422679	-0.9246061907804657	0.0	(-0.9246061907804657+0j)
-0.9550000000000001	-0.9120250000000001	-0.007783239939231268	-0.9198231776393945	0.0	(-0.9198231776393945+0j)
-0.9525	-0.90725625	-0.007782322688693435	-0.9150527292286702	0.0	(-0.9150527292286702+0j)
-0.9500000000000001	-0.9025000000000001	-0.0077813981871799245	-0.9102948396942151	0.0	(-0.9102948396942151+0j)
-0.9475	-0.89775625	-0.007780466358062416	-0.9055495038393512	0.0	(-0.9055495038393512+0j)
-0.9450000000000001	-0.8930250000000001	-0.0077795271236976524	-0.9008167170055291	0.0	(-0.9008167170055291+0j)
-0.9425	-0.88830625	-0.007778580405411255	-0.8960964749800913	0.0	(-0.8960964749800913+0j)
-0.9400000000000001	-0.8836000000000002	-0.007777626123481259	-0.8913887739242695	0.0	(-0.8913887739242695+0j)
-0.9375	-0.87890625	-0.007776664197121321	-0.886693610316616	0.0	(-0.886693610316616+0j)
-0.935	-0.8742250000000001	-0.007775694544463627	-0.8820109809082696	0.0	(-0.8820109809082696+0j)
-0.9325	-0.86955625	-0.007774717082541469	-0.877340882687307	0.0	(-0.877340882687307+0j)
-0.93	-0.8649000000000001	-0.007773731727271498	-0.8726833128501995	0.0	(-0.8726833128501995+0j)
-0.9275	-0.86025625	-0.00777273839343564	-0.8680382687788601	0.0	(-0.8680382687788601+0j)
-0.925	-0.8556250000000001	-0.0077717369946626765	-0.8634057480219658	0.0	(-0.8634057480219658+0j)
-0.9225	-0.85100625	-0.007770727443409455	-0.8587857482797256	0.0	(-0.8587857482797256+0j)
-0.92	-0.8464	-0.007769709650941771	-0.8541782673913539	0.0	(-0.8541782673913539+0j)
-0.9175	-0.84180625	-0.00776868352731486	-0.8495833033246242	0.0	(-0.8495833033246242+0j)
-0.915	-0.8372250000000001	-0.007767648981353528	-0.8450008541670371	0.0	(-0.8450008541670371+0j)
-0.9125	-0.83265625	-0.007766605920631898	-0.8404309181183535	0.0	(-0.8404309181183535+0j)
-0.91	-0.8281000000000001	-0.0077655542514527606	-0.8358734934840664	0.0	(-0.8358734934840664+0j)
-0.9075	-0.82355625	-0.007764493878826542	-0.8313285786696527	0.0	(-0.8313285786696527+0j)
-0.905	-0.819025	-0.0077634247064498445	-0.8267961721754538	0.0	(-0.8267961721754538+0j)
-0.9025	-0.81450625	-0.007762346636683584	-0.8222762725919364	0.0	(-0.8222762725919364+0j)
-0.9	-0.81	-0.007761259570530699	-0.8177688785953968	0.0	(-0.8177688785953968+0j)
-0.8975	-0.80550625	-0.007760163407613418	-0.8132739889438121	0.0	(-0.8132739889438121+0j)
-0.895	-0.801025	-0.007759058046150092	-0.8087916024729596	0.0	(-0.8087916024729596+0j)
-0.8925000000000001	-0.7965562500000001	-0.0077579433829315664	-0.8043217180926486	0.0	(-0.8043217180926486+0j)
-0.89	-0.7921	-0.007756819313297083	-0.7998643347830731	0.0	(-0.7998643347830731+0j)
-0.8875000000000001	-0.7876562500000002	-0.007755685731109718	-0.795419451591253	0.0	(-0.795419451591253+0j)
-0.885	-0.7832250000000001	-0.007754542528731323	-0.7909870676275247	0.0	(-0.7909870676275247+0j)
-0.8825000000000001	-0.7788062500000001	-0.007753389596996976	-0.7865671820621408	0.0	(-0.7865671820621408+0j)
-0.88	-0.7744	-0.00775222682518891	-0.7821597941219103	0.0	(-0.7821597941219103+0j)
-0.8775000000000001	-0.7700062500000001	-0.007751054101009948	-0.7777649030868835	0.0	(-0.7777649030868835+0j)
-0.875	-0.765625	-0.0077498713105563725	-0.7733825082871211	0.0	(-0.7733825082871211+0j)
-0.8725	-0.7612562500000001	-0.007748678338290276	-0.7690126090995647	0.0	(-0.7690126090995647+0j)
-0.87	-0.7569	-0.007747475067011341	-0.7646552049449279	0.0	(-0.7646552049449279+0j)
-0.8675	-0.75255625	-0.007746261377828053	-0.7603102952847265	0.0	(-0.7603102952847265+0j)
-0.865	-0.748225	-0.007745037150128337	-0.7559778796183707	0.0	(-0.7559778796183707+0j)
-0.8625	-0.7439062500000001	-0.007743802261549582	-0.7516579574803837	0.0	(-0.7516579574803837+0j)
-0.86	-0.7395999999999999	-0.007742556587948072	-0.7473505284376917	0.0	(-0.7473505284376917+0j)
-0.8575	-0.73530625	-0.007741300003367784	-0.7430555920870627	0.0	(-0.7430555920870627+0j)
-0.855	-0.7310249999999999	-0.007740032380008541	-0.7387731480526426	0.0	(-0.7387731480526426+0j)
-0.8525	-0.7267562500000001	-0.007738753588193521	-0.7345031959836288	0.0	(-0.7345031959836288+0j)
-0.85	-0.7224999999999999	-0.0077374634963360885	-0.7302457355520212	0.0	(-0.7302457355520212+0j)
-0.8475	-0.71825625	-0.007736161970905943	-0.7260007664505599	0.0	(-0.7260007664505599+0j)
-0.845	-0.7140249999999999	-0.0077348488763945705	-0.7217682883907375	0.0	(-0.7217682883907375+0j)
-0.8425	-0.7098062500000001	-0.00773352407527996	-0.7175483011009575	0.0	(-0.7175483011009575+0j)
-0.84	-0.7055999999999999	-0.007732187427990606	-0.7133408043248	0.0	(-0.7133408043248+0j)
-0.8375	-0.70140625	-0.007730838792868741	-0.7091457978194099	0.0	(-0.7091457978194099+0j)
-0.835	-0.697225	-0.0077294780261328	-0.7049632813540092	0.0	(-0.7049632813540092+0j)
-0.8325	-0.69305625	-0.007728104981839099	-0.7007932547085302	0.0	(-0.7007932547085302+0j)
-0.8300000000000001	-0.6889000000000001	-0.007726719511842705	-0.6966357176722888	0.0	(-0.6966357176722888+0j)
-0.8275	-0.6847562500000001	-0.007725321465757468	-0.6924906700428403	0.0	(-0.6924906700428403+0j)
-0.8250000000000001	-0.6806250000000001	-0.007723910690915214	-0.688358111624912	0.0	(-0.688358111624912+0j)
-0.8225	-0.67650625	-0.007722487032324062	-0.6842380422294004	0.0	(-0.6842380422294004+0j)
-0.8200000000000001	-0.6724000000000001	-0.0077210503326258575	-0.6801304616724353	0.0	(-0.6801304616724353+0j)
-0.8175	-0.66830625	-0.007719600432052677	-0.6760353697746151	0.0	(-0.6760353697746151+0j)
-0.8150000000000001	-0.6642250000000001	-0.007718137168382422	-0.6719527663602299	0.0	(-0.6719527663602299+0j)
-0.8125	-0.66015625	-0.007716660376893436	-0.6678826512565695	0.0	(-0.6678826512565695+0j)
-0.81	-0.6561000000000001	-0.0077151698903181395	-0.6638250242933327	0.0	(-0.6638250242933327+0j)
-0.8075	-0.65205625	-0.007713665538795679	-0.6597798853020665	0.0	(-0.6597798853020665+0j)
-0.805	-0.6480250000000001	-0.00771214714982351	-0.6557472341156296	0.0	(-0.6557472341156296+0j)
-0.8025	-0.64400625	-0.007710614548207959	-0.651727070567821	0.0	(-0.651727070567821+0j)
-0.8	-0.6400000000000001	-0.007709067556013684	-0.647719394492854	0.0	(-0.647719394492854+0j)
-0.7975	-0.63600625	-0.007707505992512015	-0.6437242057250949	0.0	(-0.6437242057250949+0j)
-0.795	-0.6320250000000001	-0.007705929674128183	-0.6397415040986724	0.0	(-0.6397415040986724+0j)
-0.7925	-0.62805625	-0.007704338414387354	-0.6357712894472063	0.0	(-0.6357712894472063+0j)
-0.79	-0.6241000000000001	-0.007702732023859483	-0.6318135616035175	0.0	(-0.6318135616035175+0j)
-0.7875	-0.62015625	-0.007701110310102932	-0.6278683203993984	0.0	(-0.6278683203993984+0j)
-0.785	-0.616225	-0.007699473077606834	-0.6239355656654051	0.0	(-0.6239355656654051+0j)
-0.7825	-0.6123062499999999	-0.007697820127732167	-0.6200152972306108	0.0	(-0.6200152972306108+0j)
-0.78	-0.6084	-0.007696151258651496	-0.6161075149224768	0.0	(-0.6161075149224768+0j)
-0.7775	-0.6045062499999999	-0.007694466265287364	-0.6122122185666603	0.0	(-0.6122122185666603+0j)
-0.775	-0.6006250000000001	-0.007692764939249284	-0.6083294079868898	0.0	(-0.6083294079868898+0j)
-0.7725	-0.59675625	-0.007691047068769309	-0.6044590830047927	0.0	(-0.6044590830047927+0j)
-0.77	-0.5929	-0.007689312438636133	-0.6006012434397665	0.0	(-0.6006012434397665+0j)
-0.7675000000000001	-0.5890562500000001	-0.007687560830127673	-0.5967558891089136	0.0	(-0.5967558891089136+0j)
-0.765	-0.585225	-0.00768579202094213	-0.5929230198268679	0.0	(-0.5929230198268679+0j)
-0.7625000000000001	-0.5814062500000001	-0.007684005785127449	-0.5891026354057335	0.0	(-0.5891026354057335+0j)
-0.76	-0.5776	-0.007682201893009154	-0.5852947356549544	0.0	(-0.5852947356549544+0j)
-0.7575000000000001	-0.5738062500000001	-0.007680380111116519	-0.5814993203812401	0.0	(-0.5814993203812401+0j)
-0.755	-0.570025	-0.007678540202107018	-0.5777163893884859	0.0	(-0.5777163893884859+0j)
-0.7525000000000001	-0.5662562500000001	-0.007676681924689021	-0.5739459424776595	0.0	(-0.5739459424776595+0j)
-0.75	-0.5625	-0.007674805033542681	-0.5701879794467236	0.0	(-0.5701879794467236+0j)
-0.7475	-0.5587562500000001	-0.0076729092792389595	-0.566442500090585	0.0	(-0.566442500090585+0j)
-0.745	-0.555025	-0.0076709944081567605	-0.5627095042009708	0.0	(-0.5627095042009708+0j)
-0.7425	-0.5513062500000001	-0.007669060162398097	-0.5589889915663792	0.0	(-0.5589889915663792+0j)
-0.74	-0.5476	-0.007667106279701249	-0.5552809619719801	0.0	(-0.5552809619719801+0j)
-0.7375	-0.54390625	-0.007665132493351861	-0.5515854151995756	0.0	(-0.5515854151995756+0j)
-0.735	-0.540225	-0.007663138532091921	-0.5479023510274567	0.0	(-0.5479023510274567+0j)
-0.7325	-0.5365562500000001	-0.007661124120026555	-0.5442317692303825	0.0	(-0.5442317692303825+0j)
-0.73	-0.5328999999999999	-0.007659088976528583	-0.5405736695795066	0.0	(-0.5405736695795066+0j)
-0.7275	-0.5292562500000001	-0.007657032816140788	-0.5369280518422299	0.0	(-0.5369280518422299+0j)
-0.725	-0.525625	-0.007654955348475801	-0.5332949157821867	0.0	(-0.5332949157821867+0j)
-0.7225	-0.52200625	-0.007652856278113576	-0.5296742611591322	0.0	(-0.5296742611591322+0j)
-0.72	-0.5184	-0.007650735304496359	-0.5260660877288909	0.0	(-0.5260660877288909+0j)
-0.7175	-0.51480625	-0.007648592121821096	-0.5224703952432254	0.0	(-0.5224703952432254+0j)
-0.715	-0.5112249999999999	-0.0076464264189291895	-0.5188871834497777	0.0	(-0.5188871834497777+0j)
-0.7125	-0.50765625	-0.007644237879193572	-0.5153164520919893	0.0	(-0.5153164520919893+0j)
-0.71	-0.5041	-0.007642026180402951	-0.5117582009090054	0.0	(-0.5117582009090054+0j)
-0.7075	-0.50055625	-0.007639790994643221	-0.5082124296355804	0.0	(-0.5082124296355804+0j)
-0.705	-0.49702499999999994	-0.007637531988175914	-0.5046791380019874	0.0	(-0.5046791380019874+0j)
-0.7025	-0.49350625000000004	-0.007635248821313604	-0.5011583257339118	0.0	(-0.5011583257339118+0j)
-0.7000000000000001	-0.4900000000000001	-0.007632941148292214	-0.4976499925523945	0.0	(-0.4976499925523945+0j)
-0.6975	-0.48650625000000003	-0.007630608617140098	-0.4941541381736788	0.0	(-0.4941541381736788+0j)
-0.6950000000000001	-0.4830250000000001	-0.0076282508695438254	-0.4906707623091511	0.0	(-0.4906707623091511+0j)
-0.6925	-0.47955625	-0.007625867540710572	-0.4871998646652121	0.0	(-0.4871998646652121+0j)
-0.6900000000000001	-0.4761000000000001	-0.0076234582592270015	-0.48374144494319127	0.0	(-0.48374144494319127+0j)
-0.6875	-0.47265625	-0.007621022646914562	-0.48029550283921213	0.0	(-0.48029550283921213+0j)
-0.685	-0.46922500000000006	-0.007618560318681083	-0.4768620380441084	0.0	(-0.4768620380441084+0j)
-0.6825	-0.46580625	-0.0076160708823685384	-0.47344105024328936	0.0	(-0.47344105024328936+0j)
-0.68	-0.4624000000000001	-0.007613553938596909	-0.47003253911663545	0.0	(-0.47003253911663545+0j)
-0.6775	-0.45900625	-0.007611009080603985	-0.46663650433836745	0.0	(-0.46663650433836745+0j)
-0.675	-0.45562500000000006	-0.007608435894081033	-0.46325294557692454	0.0	(-0.46325294557692454+0j)
-0.6725	-0.45225624999999997	-0.007605833957004152	-0.459881862494848	0.0	(-0.459881862494848+0j)
-0.67	-0.4489000000000001	-0.007603202839461229	-0.4565232547486441	0.0	(-0.4565232547486441+0j)
-0.6675	-0.44555625	-0.007600542103474357	-0.45317712198864263	0.0	(-0.45317712198864263+0j)
-0.665	-0.44222500000000003	-0.007597851302817564	-0.4498434638588743	0.0	(-0.4498434638588743+0j)
-0.6625	-0.43890625	-0.007595129982829716	-0.4465222799969239	0.0	(-0.4465222799969239+0j)
-0.66	-0.43560000000000004	-0.007592377680222464	-0.44321357003379025	0.0	(-0.44321357003379025+0j)
-0.6575	-0.43230624999999995	-0.007589593922883056	-0.4399173335937202	0.0	(-0.4399173335937202+0j)
-0.655	-0.42902500000000005	-0.007586778229671878	-0.4366335702940836	0.0	(-0.4366335702940836+0j)
-0.6525	-0.42575624999999995	-0.0075839301102145675	-0.43336227974519614	0.0	(-0.43336227974519614+0j)
-0.65	-0.42250000000000004	-0.007581049064688505	-0.4301034615501691	0.0	(-0.4301034615501691+0j)
-0.6475	-0.41925624999999994	-0.007578134583603535	-0.4268571153047362	0.0	(-0.4268571153047362+0j)
-0.645	-0.41602500000000003	-0.007575186147576726	-0.4236232405970963	0.0	(-0.4236232405970963+0j)
-0.6425	-0.41280624999999993	-0.007572203227100997	-0.4204018370077238	0.0	(-0.4204018370077238+0j)
-0.64	-0.4096	-0.007569185282307394	-0.41719290410920434	0.0	(-0.41719290410920434+0j)
-0.6375000000000001	-0.4064062500000001	-0.007566131762720843	-0.413996441466037	0.0	(-0.413996441466037+0j)
-0.635	-0.403225	-0.007563042107009163	-0.410812448634458	0.0	(-0.410812448634458+0j)
-0.6325000000000001	-0.40005625000000006	-0.007559915742725127	-0.40764092516222666	0.0	(-0.40764092516222666+0j)
-0.63	-0.39690000000000003	-0.007556752086041344	-0.4044818705884509	0.0	(-0.4044818705884509+0j)
-0.6275000000000001	-0.3937562500000001	-0.007553550541477758	-0.4013352844433641	0.0	(-0.4013352844433641+0j)
-0.625	-0.390625	-0.0075503105016214945	-0.39820116624810803	0.0	(-0.39820116624810803+0j)
-0.6225	-0.38750625000000005	-0.007547031346838835	-0.39507951551453324	0.0	(-0.39507951551453324+0j)
-0.62	-0.3844	-0.007543712444979056	-0.3919703317449589	0.0	(-0.3919703317449589+0j)
-0.6175	-0.38130625000000007	-0.007540353151069879	-0.38887361443194857	0.0	(-0.38887361443194857+0j)
-0.615	-0.378225	-0.007536952807004244	-0.3857893630580679	0.0	(-0.3857893630580679+0j)
-0.6125	-0.3751562500000001	-0.0075335107412181435	-0.38271757709564935	0.0	(-0.38271757709564935+0j)
-0.61	-0.3721	-0.0075300262683592085	-0.3796582560065311	0.0	(-0.3796582560065311+0j)
-0.6075	-0.36905625000000003	-0.007526498688945771	-0.37661139924179254	0.0	(-0.37661139924179254+0j)
-0.605	-0.366025	-0.007522927289016051	-0.37357700624150203	0.0	(-0.37357700624150203+0j)
-0.6025	-0.36300625000000003	-0.0075193113397671865	-0.37055507643443003	0.0	(-0.37055507643443003+0j)
-0.6	-0.36	-0.007515650097183742	-0.3675456092377716	0.0	(-0.3675456092377716+0j)
-0.5975	-0.35700625	-0.007511942801655359	-0.364548604056841	0.0	(-0.364548604056841+0j)
-0.595	-0.354025	-0.007508188677583188	-0.36156406028479277	0.0	(-0.36156406028479277+0j)
-0.5925	-0.35105625	-0.007504386932974732	-0.35859197730229225	0.0	(-0.35859197730229225+0j)
-0.59	-0.34809999999999997	-0.007500536759026707	-0.3556323544772023	0.0	(-0.3556323544772023+0j)
-0.5875	-0.34515625000000005	-0.0074966373296955335	-0.35268519116424785	0.0	(-0.35268519116424785+0j)
-0.585	-0.34222499999999995	-0.007492687801255024	-0.34975048670468917	0.0	(-0.34975048670468917+0j)
-0.5825	-0.33930625000000003	-0.007488687311840863	-0.34682824042595733	0.0	(-0.34682824042595733+0j)
-0.58	-0.3364	-0.007484634980981415	-0.343918451641298	0.0	(-0.343918451641298+0j)
-0.5775	-0.33350625	-0.007480529909114408	-0.3410211196493931	0.0	(-0.3410211196493931+0j)
-0.5750000000000001	-0.33062500000000006	-0.007476371177089018	-0.3381362437339855	0.0	(-0.3381362437339855+0j)
-0.5725	-0.32775625	-0.007472157845652854	-0.3352638231634713	0.0	(-0.3352638231634713+0j)
-0.5700000000000001	-0.3249000000000001	-0.007467888954923352	-0.3324038571904956	0.0	(-0.3324038571904956+0j)
-0.5675	-0.32205625	-0.007463563523843015	-0.32955634505152515	0.0	(-0.32955634505152515+0j)
-0.5650000000000001	-0.3192250000000001	-0.007459180549617993	-0.32672128596642125	0.0	(-0.32672128596642125+0j)
-0.5625	-0.31640625	-0.007454739007139404	-0.3238986791379753	0.0	(-0.3238986791379753+0j)
-0.56	-0.31360000000000005	-0.007450237848386832	-0.3210885237514453	0.0	(-0.3210885237514453+0j)
-0.5575	-0.31080625	-0.0074456760018133915	-0.31829081897408923	0.0	(-0.31829081897408923+0j)
-0.555	-0.30802500000000005	-0.007441052371711717	-0.31550556395465473	0.0	(-0.31550556395465473+0j)
-0.5525	-0.30525625	-0.007436365837560269	-0.3127327578228695	0.0	(-0.3127327578228695+0j)
-0.55	-0.30250000000000005	-0.0074316152533492495	-0.30997239968890794	0.0	(-0.30997239968890794+0j)
-0.5475	-0.29975625	-0.007426799446885455	-0.3072244886428563	0.0	(-0.3072244886428563+0j)
-0.545	-0.29702500000000004	-0.007421917219075365	-0.3044890237541449	0.0	(-0.3044890237541449+0j)
-0.5425	-0.29430625	-0.007416967343185708	-0.3017660040709411	0.0	(-0.3017660040709411+0j)
-0.54	-0.2916	-0.00741194856408078	-0.2990554286195793	0.0	(-0.2990554286195793+0j)
-0.5375	-0.28890625	-0.007406859597435696	-0.29635729640392017	0.0	(-0.29635729640392017+0j)
-0.535	-0.286225	-0.0074016991289248095	-0.293671606404706	0.0	(-0.293671606404706+0j)
-0.5325	-0.28355624999999995	-0.007396465813384443	-0.2909983575789016	0.0	(-0.2909983575789016+0j)
-0.53	-0.28090000000000004	-0.007391158273949105	-0.28833754885899887	0.0	(-0.28833754885899887+0j)
-0.5275	-0.27825625	-0.007385775101160289	-0.28568917915230785	0.0	(-0.28568917915230785+0j)
-0.525	-0.275625	-0.007380314852046986	-0.2830532473402318	0.0	(-0.2830532473402318+0j)
-0.5225	-0.27300624999999995	-0.00737477604917696	-0.2804297522774875	0.0	(-0.2804297522774875+0j)
-0.52	-0.27040000000000003	-0.007369157179677871	-0.2778186927913385	0.0	(-0.2778186927913385+0j)
-0.5175	-0.26780624999999997	-0.007363456694227248	-0.27522006768077334	0.0	(-0.27522006768077334+0j)
-0.515	-0.265225	-0.007357673006010345	-0.272633875715669	0.0	(-0.272633875715669+0j)
-0.5125	-0.26265625	-0.007351804489644851	-0.270060115635918	0.0	(-0.270060115635918+0j)
-0.51	-0.2601	-0.007345849480071427	-0.2674987861505404	0.0	(-0.2674987861505404+0j)
-0.5075000000000001	-0.25755625000000004	-0.007339806271409022	-0.26494988593675595	0.0	(-0.26494988593675595+0j)
-0.505	-0.255025	-0.007333673115773892	-0.2624134136390197	0.0	(-0.2624134136390197+0j)
-0.5025000000000001	-0.25250625000000004	-0.007327448222061226	-0.2598893678680258	0.0	(-0.2598893678680258+0j)
-0.5	-0.25	-0.00732112975468828	-0.25737774719971	0.0	(-0.25737774719971+0j)
-0.4975	-0.24750625	-0.007314715832297914	-0.2548785501741617	0.0	(-0.2548785501741617+0j)
-0.495	-0.245025	-0.0073082045264213835	-0.2523917752945463	0.0	(-0.2523917752945463+0j)
-0.4925	-0.24255625	-0.0073015938600992465	-0.24991742102598277	0.0	(-0.24991742102598277+0j)
-0.49	-0.24009999999999998	-0.007294881806459266	-0.24745548579436016	0.0	(-0.24745548579436016+0j)
-0.4875	-0.23765624999999999	-0.007288066287250142	-0.24500596798514154	0.0	(-0.24500596798514154+0j)
-0.485	-0.235225	-0.007281145171329924	-0.2425688659421271	0.0	(-0.2425688659421271+0j)
-0.4825	-0.23280625	-0.007274116273107977	-0.24014417796615797	0.0	(-0.24014417796615797+0j)
-0.48	-0.2304	-0.007266977350939373	-0.23773190231379787	0.0	(-0.23773190231379787+0j)
-0.47750000000000004	-0.22800625000000002	-0.0072597261054705734	-0.23533203719596169	0.0	(-0.23533203719596169+0j)
-0.47500000000000003	-0.22562500000000002	-0.007252360177935317	-0.23294458077650704	0.0	(-0.23294458077650704+0j)
-0.47250000000000003	-0.22325625000000002	-0.0072448771483996505	-0.23056953117077406	0.0	(-0.23056953117077406+0j)
-0.47000000000000003	-0.22090000000000004	-0.007237274533955054	-0.22820688644408846	0.0	(-0.22820688644408846+0j)
-0.4675	-0.21855625000000004	-0.007229549786858656	-0.22585664461021332	0.0	(-0.22585664461021332+0j)
-0.465	-0.21622500000000003	-0.007221700292619624	-0.22351880362975005	0.0	(-0.22351880362975005+0j)
-0.4625	-0.21390625000000002	-0.0072137233680307725	-0.22119336140850193	0.0	(-0.22119336140850193+0j)
-0.46	-0.2116	-0.0072056162591446395	-0.21888031579578424	0.0	(-0.21888031579578424+0j)
-0.4575	-0.20930625000000003	-0.007197376139193197	-0.21657966458267977	0.0	(-0.21657966458267977+0j)
-0.455	-0.20702500000000001	-0.007189000106450601	-0.21429140550025094	0.0	(-0.21429140550025094+0j)
-0.4525	-0.20475625	-0.007180485182038354	-0.2120155362177007	0.0	(-0.2120155362177007+0j)
-0.45	-0.2025	-0.007171828307672452	-0.2097520543404781	0.0	(-0.2097520543404781+0j)
-0.4475	-0.20025625	-0.007163026343352169	-0.20750095740834582	0.0	(-0.20750095740834582+0j)
-0.445	-0.198025	-0.0071540760649902845	-0.2052622428933854	0.0	(-0.2052622428933854+0j)
-0.4425	-0.19580625000000002	-0.007144974161984693	-0.20303590819794523	0.0	(-0.20303590819794523+0j)
-0.44	-0.1936	-0.007135717234731543	-0.2008219506525583	0.0	(-0.2008219506525583+0j)
-0.4375	-0.19140625	-0.0071263017920801825	-0.19862036751379714	0.0	(-0.19862036751379714+0j)
-0.435	-0.189225	-0.007116724248730442	-0.19643115596207764	0.0	(-0.19643115596207764+0j)
-0.4325	-0.18705625	-0.00710698092257299	-0.1942543130994199	0.0	(-0.1942543130994199+0j)
-0.43	-0.18489999999999998	-0.00709706803197372	-0.1920898359471562	0.0	(-0.1920898359471562+0j)
-0.4275	-0.18275624999999998	-0.007086981693003436	-0.18993772144360815	0.0	(-0.18993772144360815+0j)
-0.425	-0.18062499999999998	-0.007076717916614333	-0.1877979664416818	0.0	(-0.1877979664416818+0j)
-0.4225	-0.17850624999999998	-0.00706627260576514	-0.18567056770648102	0.0	(-0.18567056770648102+0j)
-0.42	-0.17639999999999997	-0.007055641552497087	-0.18355552191281094	0.0	(-0.18355552191281094+0j)
-0.4175	-0.17430625	-0.007044820434963208	-0.18145282564270507	0.0	(-0.18145282564270507+0j)
-0.41500000000000004	-0.17222500000000002	-0.007033804814413932	-0.17936247538287145	0.0	(-0.17936247538287145+0j)
-0.41250000000000003	-0.17015625000000004	-0.007022590132142263	-0.17728446752213975	0.0	(-0.17728446752213975+0j)
-0.41000000000000003	-0.16810000000000003	-0.007011171706392335	-0.1752187983488695	0.0	(-0.1752187983488695+0j)
-0.40750000000000003	-0.16605625000000002	-0.006999544729235596	-0.17316546404832758	0.0	(-0.17316546404832758+0j)
-0.405	-0.16402500000000003	-0.006987704263419325	-0.17112446070006007	0.0	(-0.17112446070006007+0j)
-0.4025	-0.16200625000000002	-0.006975645239192812	-0.16909578427525454	0.0	(-0.16909578427525454+0j)
-0.4	-0.16000000000000003	-0.006963362451117005	-0.1670794306340816	0.0	(-0.1670794306340816+0j)
-0.3975	-0.15800625000000001	-0.006950850554864047	-0.16507539552303682	0.0	(-0.16507539552303682+0j)
-0.395	-0.15602500000000002	-0.006938104064013821	-0.16308367457232276	0.0	(-0.16308367457232276+0j)
-0.3925	-0.15405625	-0.006925117346855153	-0.1611042632931975	0.0	(-0.1611042632931975+0j)
-0.39	-0.1521	-0.006911884623200134	-0.1591371570753854	0.0	(-0.1591371570753854+0j)
-0.3875	-0.15015625000000002	-0.0068983999612207084	-0.1571823511845063	0.0	(-0.1571823511845063+0j)
-0.385	-0.148225	-0.006884657274317387	-0.15523984075954467	0.0	(-0.15523984075954467+0j)
-0.3825	-0.14630625	-0.0068706503180308255	-0.15330962081038968	0.0	(-0.15330962081038968+0j)
-0.38	-0.1444	-0.006856372687007759	-0.15139168621542132	0.0	(-0.15139168621542132+0j)
-0.3775	-0.14250625	-0.006841817812033665	-0.14948603171918903	0.0	(-0.14948603171918903+0j)
-0.375	-0.140625	-0.006826978957145438	-0.14759265193018536	0.0	(-0.14759265193018536+0j)
-0.3725	-0.13875625	-0.006811849216838219	-0.14571154131871253	0.0	(-0.14571154131871253+0j)
-0.37	-0.1369	-0.006796421513381529	-0.14384269421488716	0.0	(-0.14384269421488716+0j)
-0.3675	-0.13505625	-0.006780688594260751	-0.14198610480677454	0.0	(-0.14198610480677454+0j)
-0.365	-0.13322499999999998	-0.006764643029761099	-0.14014176713867488	0.0	(-0.14014176713867488+0j)
-0.3625	-0.13140625	-0.006748277210712103	-0.13830967510960804	0.0	(-0.13830967510960804+0j)
-0.36	-0.1296	-0.00673158334641179	-0.13648982247196007	0.0	(-0.13648982247196007+0j)
-0.3575	-0.12780624999999998	-0.006714553462750708	-0.1346822028303623	0.0	(-0.1346822028303623+0j)
-0.355	-0.126025	-0.006697179400557036	-0.13288680964081365	0.0	(-0.13288680964081365+0j)
-0.3525	-0.12425624999999998	-0.006679452814185075	-0.13110363621004667	0.0	(-0.13110363621004667+0j)
-0.35000000000000003	-0.12250000000000003	-0.0066613651703705465	-0.12933267569517332	0.0	(-0.12933267569517332+0j)
-0.34750000000000003	-0.12075625000000002	-0.006642907747377076	-0.12757392110366328	0.0	(-0.12757392110366328+0j)
-0.34500000000000003	-0.11902500000000002	-0.006624071634459451	-0.12582736529362878	0.0	(-0.12582736529362878+0j)
-0.3425	-0.11730625000000001	-0.006604847731670189	-0.12409300097447931	0.0	(-0.12409300097447931+0j)
-0.34	-0.11560000000000002	-0.006585226750037065	-0.12237082070796461	0.0	(-0.12237082070796461+0j)
-0.3375	-0.11390625000000001	-0.006565199212140199	-0.1206608169096382	0.0	(-0.1206608169096382+0j)
-0.335	-0.11222500000000002	-0.00654475545311836	-0.11896298185075423	0.0	(-0.11896298185075423+0j)
-0.3325	-0.11055625000000001	-0.006523885622135044	-0.11727730766065572	0.0	(-0.11727730766065572+0j)
-0.33	-0.10890000000000001	-0.006502579684335808	-0.11560378632966284	0.0	(-0.11560378632966284+0j)
-0.3275	-0.10725625000000001	-0.0064808274233291935	-0.11394240971250691	0.0	(-0.11394240971250691+0j)
-0.325	-0.10562500000000001	-0.0064586184442243805	-0.11229316953232778	0.0	(-0.11229316953232778+0j)
-0.3225	-0.10400625000000001	-0.00643594217725941	-0.11065605738529279	0.0	(-0.11065605738529279+0j)
-0.32	-0.1024	-0.006412787882054485	-0.1090310647458487	0.0	(-0.1090310647458487+0j)
-0.3175	-0.10080625	-0.006389144652525405	-0.1074181829726512	0.0	(-0.1074181829726512+0j)
-0.315	-0.09922500000000001	-0.0063650014224926514	-0.10581740331520696	0.0	(-0.10581740331520696+0j)
-0.3125	-0.09765625	-0.006340346972022001	-0.1042287169212565	0.0	(-0.1042287169212565+0j)
-0.31	-0.0961	-0.006315169934532789	-0.10265211484494949	0.0	(-0.10265211484494949+0j)
-0.3075	-0.09455625	-0.006289458804710008	-0.1010875880558233	0.0	(-0.1010875880558233+0j)
-0.305	-0.093025	-0.006263201947256484	-0.09953512744864854	0.0	(-0.09953512744864854+0j)
-0.3025	-0.09150625	-0.0062363876065210915	-0.09799472385414092	0.0	(-0.09799472385414092+0j)
-0.3	-0.09	-0.00620900391703873	-0.09646636805061364	0.0	(-0.09646636805061364+0j)
-0.2975	-0.08850625	-0.006181038915017192	-0.0949500507765692	0.0	(-0.0949500507765692+0j)
-0.295	-0.08702499999999999	-0.006152480550805436	-0.0934457627442843	0.0	(-0.0934457627442843+0j)
-0.2925	-0.08555624999999999	-0.00612331670237686	-0.09195349465440478	0.0	(-0.09195349465440478+0j)
-0.29	-0.0841	-0.0060935351898600875	-0.09047323721159524	0.0	(-0.09047323721159524+0j)
-0.28750000000000003	-0.08265625000000001	-0.006063123791148536	-0.0890049811412537	0.0	(-0.0890049811412537+0j)
-0.28500000000000003	-0.08122500000000002	-0.006032070258618469	-0.08754871720733627	0.0	(-0.08754871720733627+0j)
-0.28250000000000003	-0.07980625000000002	-0.006000362336983556	-0.0861044362312972	0.0	(-0.0861044362312972+0j)
-0.28	-0.07840000000000001	-0.005967987782311933	-0.08467212911218067	0.0	(-0.08467212911218067+0j)
-0.2775	-0.07700625000000001	-0.005934934382229598	-0.08325178684787769	0.0	(-0.08325178684787769+0j)
-0.275	-0.07562500000000001	-0.005901189977331459	-0.08184340055755976	0.0	(-0.08184340055755976+0j)
-0.2725	-0.07425625000000001	-0.005866742483818664	-0.08044696150529858	0.0	(-0.08044696150529858+0j)
-0.27	-0.0729	-0.005831579917377828	-0.07906246112468315	0.0	(-0.07906246112468315+0j)
-0.2675	-0.07155625	-0.005795690418314534	-0.07868712696566567	0.0	(-0.07868712696566567+0j)
-0.265	-0.07022500000000001	-0.005759062277949983	-0.07768989104642281	0.0	(-0.07768989104642281+0j)
-0.2625	-0.06890625	-0.005721683966285819	-0.0763292431217428	0.0	(-0.0763292431217428+0j)
-0.26	-0.06760000000000001	-0.005683544160938166	-0.07498050945545838	0.0	(-0.07498050945545838+0j)
-0.2575	-0.06630625	-0.005644631777337532	-0.07364368243281216	0.0	(-0.07364368243281216+0j)
-0.255	-0.065025	-0.0056049360001866715	-0.07231875475104661	0.0	(-0.07231875475104661+0j)
-0.2525	-0.06375625	-0.0055644463161636	-0.07100571945151654	0.0	(-0.07100571945151654+0j)
-0.25	-0.0625	-0.005523152547851894	-0.0697045699524433	0.0	(-0.0697045699524433+0j)
-0.2475	-0.06125625	-0.005481044888875007	-0.06841530008363512	0.0	(-0.06841530008363512+0j)
-0.245	-0.060024999999999995	-0.005438113940205744	-0.06713790412149569	0.0	(-0.06713790412149569+0j)
-0.2425	-0.05880625	-0.005394350747616214	-0.06587237682544952	0.0	(-0.06587237682544952+0j)
-0.24	-0.0576	-0.005349746840227549	-0.06461871347524276	0.0	(-0.06461871347524276+0j)
-0.23750000000000002	-0.056406250000000005	-0.005304294270112413	-0.06337690990915486	0.0	(-0.06337690990915486+0j)
-0.23500000000000001	-0.05522500000000001	-0.005257985652896934	-0.06214696256304887	0.0	(-0.06214696256304887+0j)
-0.2325	-0.05405625000000001	-0.005210814209302114	-0.06092886851019406	0.0	(-0.06092886851019406+0j)
-0.23	-0.0529	-0.005162773807558027	-0.05972262550169032	0.0	(-0.05972262550169032+0j)
-0.2275	-0.051756250000000004	-0.00511385900661732	-0.05852823200756208	0.0	(-0.05852823200756208+0j)
-0.225	-0.050625	-0.005064065100087574	-0.057345687258206886	0.0	(-0.057345687258206886+0j)
-0.2225	-0.04950625	-0.005013388160795127	-0.056174991286208696	0.0	(-0.056174991286208696+0j)
-0.22	-0.0484	-0.004961825085885935	-0.055016144968320406	0.0	(-0.055016144968320406+0j)
-0.2175	-0.04730625	-0.004909373642362009	-0.05386915006746133	0.0	(-0.05386915006746133+0j)
-0.215	-0.046224999999999995	-0.0048560325129449996	-0.05273400927454918	0.0	(-0.05273400927454918+0j)
-0.2125	-0.045156249999999995	-0.004801801342151593	-0.051610726249964115	0.0	(-0.051610726249964115+0j)
-0.21	-0.04409999999999999	-0.004746680782458521	-0.050499305664414074	0.0	(-0.050499305664414074+0j)
-0.20750000000000002	-0.043056250000000004	-0.004690672540428358	-0.04939975323893305	0.0	(-0.04939975323893305+0j)
-0.20500000000000002	-0.04202500000000001	-0.0046337794226607495	-0.04831207578372247	0.0	(-0.04831207578372247+0j)
-0.2025	-0.04100625000000001	-0.004576005381427458	-0.04723628123547993	0.0	(-0.04723628123547993+0j)
-0.2	-0.04000000000000001	-0.004517355559843599	-0.046172378692816214	0.0	(-0.046172378692816214+0j)
-0.1975	-0.039006250000000006	-0.004457836336421698	-0.0451203784492994	0.0	(-0.0451203784492994+0j)
-0.195	-0.038025	-0.004397455368849896	-0.044080292023570965	0.0	(-0.044080292023570965+0j)
-0.1925	-0.03705625	-0.004336221636830564	-0.04305213218588741	0.0	(-0.04305213218588741+0j)
-0.19	-0.0361	-0.00427414548381117	-0.042035912980327474	0.0	(-0.042035912980327474+0j)
-0.1875	-0.03515625	-0.004211238657435003	-0.041031649741739486	0.0	(-0.041031649741739486+0j)
-0.185	-0.034225	-0.0041475143485359845	-0.0400393591063504	0.0	(-0.0400393591063504+0j)
-0.1825	-0.033306249999999996	-0.0040829872284986485	-0.03905905901472433	0.0	(-0.03905905901472433+0j)
-0.18	-0.0324	-0.004017673484802095	-0.038090768705507275	0.0	(-0.038090768705507275+0j)
-0.1775	-0.03150625	-0.0039515908545648525	-0.037134508698087154	0.0	(-0.037134508698087154+0j)
-0.17500000000000002	-0.030625000000000006	-0.003884758655906592	-0.03619030076191707	0.0	(-0.03619030076191707+0j)
-0.17250000000000001	-0.029756250000000005	-0.003817197816942214	-0.035258167869823005	0.0	(-0.035258167869823005+0j)
-0.17	-0.028900000000000006	-0.0037489309022242043	-0.03433813413207529	0.0	(-0.03433813413207529+0j)
-0.1675	-0.028056250000000005	-0.0036799821364503047	-0.033430224707410965	0.0	(-0.033430224707410965+0j)
-0.165	-0.027225000000000003	-0.0036103774252555032	-0.03253446568644744	0.0	(-0.03253446568644744+0j)
-0.1625	-0.026406250000000003	-0.0035401443729101106	-0.03165088394209423	0.0	(-0.03165088394209423+0j)
-0.16	-0.0256	-0.003469312296749336	-0.03077950694055362	0.0	(-0.03077950694055362+0j)
-0.1575	-0.024806250000000002	-0.0033979122381642534	-0.0299203625053313	0.0	(-0.0299203625053313+0j)
-0.155	-0.024025	-0.0033259769699894477	-0.02907347852522676	0.0	(-0.02907347852522676+0j)
-0.1525	-0.02325625	-0.0032535410001288986	-0.028238882595540117	0.0	(-0.028238882595540117+0j)
-0.15	-0.0225	-0.0031806405712688206	-0.027416601579495433	0.0	(-0.027416601579495433+0j)
-0.1475	-0.021756249999999998	-0.003107313656534273	-0.02660666107395953	0.0	(-0.02660666107395953+0j)
-0.145	-0.021025	-0.003033599950955297	-0.02580908475947429	0.0	(-0.02580908475947429+0j)
-0.14250000000000002	-0.020306250000000005	-0.002959540858618214	-0.02502389360873	0.0	(-0.02502389360873+0j)
-0.14	-0.019600000000000003	-0.002885179475388433	-0.024251104918568266	0.0	(-0.024251104918568266+0j)
-0.1375	-0.018906250000000003	-0.0028105605671027148	-0.023490731116106386	0.0	(-0.023490731116106386+0j)
-0.135	-0.018225	-0.0027357305431412425	-0.022742778265244932	0.0	(-0.022742778265244932+0j)
-0.1325	-0.017556250000000002	-0.0026607374253030795	-0.022007244157322747	0.0	(-0.022007244157322747+0j)
-0.13	-0.016900000000000002	-0.0025856308119225633	-0.021284115792370894	0.0	(-0.021284115792370894+0j)
-0.1275	-0.01625625	-0.002510461837178918	-0.02057336591062954	0.0	(-0.02057336591062954+0j)
-0.125	-0.015625	-0.0024352831255667388	-0.019874947941657072	0.0	(-0.019874947941657072+0j)
-0.1225	-0.015006249999999999	-0.002360148741511031	-0.01918878812242562	0.0	(-0.01918878812242562+0j)
-0.12	-0.0144	-0.0022851141341271013	-0.018514772146767965	0.0	(-0.018514772146767965+0j)
-0.11750000000000001	-0.013806250000000003	-0.0022102360771426993	-0.01785272030049341	0.0	(-0.01785272030049341+0j)
-0.115	-0.013225	-0.0021355726040173453	-0.01720233572785496	0.0	(-0.01720233572785496+0j)
-0.1125	-0.01265625	-0.0020611829383118067	-0.016563081188516574	0.0	(-0.016563081188516574+0j)
-0.11	-0.0121	-0.0019871274193788147	-0.015933827489034963	0.0	(-0.015933827489034963+0j)
-0.1075	-0.011556249999999999	-0.001913467423464738	-0.01531153630122317	0.0	(-0.01531153630122317+0j)
-0.105	-0.011024999999999998	-0.0018402652803304166	-0.0146829478777642	0.0	(-0.0146829478777642+0j)
-0.10250000000000001	-0.010506250000000002	-0.001767584185518175	-0.014023167867277187	-0.0002475067062254476	(-0.014023167867277187-0.0002475067062254476j)
-0.1	-0.010000000000000002	-0.0016954881084106231	-0.014023167867277187	0.0002475067062254476	(-0.014023167867277187+0.0002475067062254476j)
-0.0975	-0.00950625	-0.001624041696245477	-0.013716874977558783	0.0	(-0.013716874977558783+0j)
-0.095	-0.009025	-0.001553310174268926	-0.013064594933269473	0.0	(-0.013064594933269473+0j)
-0.0925	-0.00855625	-0.0014833592422282293	-0.012493007332383288	0.0	(-0.012493007332383288+0j)
-0.09	-0.0081	-0.001414254967421803	-0.011942287728583072	0.0	(-0.011942287728583072+0j)
-0.08750000000000001	-0.007656250000000002	-0.0013460636745423783	-0.011405740713325837	0.0	(-0.011405740713325837+0j)
-0.085	-0.007225000000000001	-0.0012788518325652833	-0.010881279766432684	0.0	(-0.010881279766432684+0j)
-0.0825	-0.006806250000000001	-0.0012126859389501097	-0.010367918594713704	0.0	(-0.010367918594713704+0j)
-0.08	-0.0064	-0.0011476324014389147	-0.009865048183461376	0.0	(-0.009865048183461376+0j)
-0.0775	-0.00600625	-0.001083757417748841	-0.009372222577491842	0.0	(-0.009372222577491842+0j)
-0.075	-0.005625	-0.0010211268534701537	-0.008889082954622906	0.0	(-0.008889082954622906+0j)
-0.0725	-0.00525625	-0.000959806118493371	-0.008415329375816356	0.0	(-0.008415329375816356+0j)
-0.07	-0.004900000000000001	-0.0008998600423003626	-0.007950711965050422	0.0	(-0.007950711965050422+0j)
-0.0675	-0.00455625	-0.0008413527484645153	-0.007495031073283002	0.0	(-0.007495031073283002+0j)
-0.065	-0.0042250000000000005	-0.0007843475287140807	-0.0070481419878656295	0.0	(-0.0070481419878656295+0j)
-0.0625	-0.00390625	-0.0007289067169203006	-0.006609962033252857	0.0	(-0.006609962033252857+0j)
-0.06	-0.0036	-0.0006750915633783926	-0.006180478855228029	0.0	(-0.006180478855228029+0j)
-0.0575	-0.00330625	-0.0006229621097541844	-0.005759759096598584	0.0	(-0.005759759096598584+0j)
-0.055	-0.003025	-0.0005725770650727782	-0.005347956862278258	0.0	(-0.005347956862278258+0j)
-0.0525	-0.0027562499999999996	-0.0005239936831273259	-0.004945321462057917	0.0	(-0.004945321462057917+0j)
-0.05	-0.0025000000000000005	-0.00047726764168669854	-0.004552203966962813	0.0	(-0.004552203966962813+0j)
-0.0475	-0.00225625	-0.000432452923879445	-0.004169062147603803	0.0	(-0.004169062147603803+0j)
-0.045	-0.002025	-0.00038960170212869183	-0.0037964633949972783	0.0	(-0.0037964633949972783+0j)
-0.0425	-0.0018062500000000003	-0.00034876422500869017	-0.003435085264181924	0.0	(-0.003435085264181924+0j)
-0.04	-0.0016	-0.0003099887073872848	-0.00308571333329376	0.0	(-0.00308571333329376+0j)
-0.0375	-0.00140625	-0.0002733212242118921	-0.0027492361379630762	0.0	(-0.0027492361379630762+0j)
-0.035	-0.0012250000000000002	-0.00023880560828666922	-0.0024266370235615778	0.0	(-0.0024266370235615778+0j)
-0.0325	-0.0010562500000000001	-0.00020648335237891113	-0.002118982855027531	0.0	(-0.002118982855027531+0j)
-0.03	-0.0009	-0.0001763935159802485	-0.0018274096334298376	0.0	(-0.0018274096334298376+0j)
-0.0275	-0.00075625	-0.00014857263703486195	-0.0015531051866215387	0.0	(-0.0015531051866215387+0j)
-0.025	-0.0006250000000000001	-0.00012305464893214851	-0.0012972892238185788	0.0	(-0.0012972892238185788+0j)
-0.0225	-0.00050625	-9.987080304470902e-05	-0.0010611911655198003	0.0	(-0.0010611911655198003+0j)
-0.02	-0.0004	-7.904959707628889e-05	-0.000846026275153521	0.0	(-0.000846026275153521+0j)
-0.0175	-0.00030625000000000004	-6.0616709463556795e-05	-0.0006529707212418473	0.0	(-0.0006529707212418473+0j)
-0.015	-0.000225	-4.459494005806808e-05	-0.0004831362827738031	0.0	(-0.0004831362827738031+0j)
-0.0125	-0.00015625000000000003	-3.10041572920694e-05	-0.00033754547022623975	0.0	(-0.00033754547022623975+0j)
-0.01	-0.0001	-1.9861252011921238e-05	-0.0002171078652526786	0.0	(-0.0002171078652526786+0j)
-0.0075	-5.625e-05	-1.118009813838583e-05	-0.0001225984794712547	0.0	(-0.0001225984794712547+0j)
-0.005	-2.5e-05	-4.971520288776787e-06	-5.463889453555525e-05	0.0	(-5.463889453555525e-05+0j)
-0.0025	-6.25e-06	-1.243268483719362e-06	-1.3681875911239898e-05	0.0	(-1.3681875911239898e-05+0j)
0.0025	6.25e-06	1.243268483719362e-06	1.3681875911263959e-05	0.0	(1.3681875911263959e-05+0j)
0.005	2.5e-05	4.971520288776787e-06	5.4638894535577374e-05	0.0	(5.4638894535577374e-05+0j)
0.0075	5.625e-05	1.118009813838583e-05	0.0001225984794712415	0.0	(0.0001225984794712415+0j)
0.01	0.0001	1.9861252011921238e-05	0.00021710786525268685	0.0	(0.00021710786525268685+0j)
0.0125	0.00015625000000000003	3.10041572920694e-05	0.0003375454702262657	0.0	(0.0003375454702262657+0j)
0.015	0.000225	4.459494005806808e-05	0.000483136282773789	0.0	(0.000483136282773789+0j)
0.0175	0.00030625000000000004	6.0616709463556795e-05	0.0006529707212418383	0.0	(0.0006529707212418383+0j)
0.02	0.0004	7.904959707628889e-05	0.0008460262751535428	0.0	(0.0008460262751535428+0j)
0.0225	0.00050625	9.987080304470902e-05	0.0010611911655197908	0.0	(0.0010611911655197908+0j)
0.025	0.0006250000000000001	0.00012305464893214851	0.0012972892238186015	0.0	(0.0012972892238186015+0j)
0.0275	0.00075625	0.00014857263703486195	0.0015531051866214858	0.0	(0.0015531051866214858+0j)
0.03	0.0009	0.0001763935159802485	0.001827409633429837	0.0	(0.001827409633429837+0j)
0.0325	0.0010562500000000001	0.00020648335237891113	0.0021189828550275294	0.0	(0.0021189828550275294+0j)
0.035	0.0012250000000000002	0.00023880560828666922	0.0024266370235616038	0.0	(0.0024266370235616038+0j)
0.0375	0.00140625	0.0002733212242118921	0.002749236137963038	0.0	(0.002749236137963038+0j)
0.04	0.0016	0.0003099887073872848	0.003085713333293743	0.0	(0.003085713333293743+0j)
0.0425	0.0018062500000000003	0.00034876422500869017	0.0034350852641819407	0.0	(0.0034350852641819407+0j)
0.045	0.002025	0.00038960170212869183	0.0037964633949972653	0.0	(0.0037964633949972653+0j)
0.0475	0.00225625	0.000432452923879445	0.004169062147603798	0.0	(0.004169062147603798+0j)
0.05	0.0025000000000000005	0.00047726764168669854	0.0045522039669628105	0.0	(0.0045522039669628105+0j)
0.0525	0.0027562499999999996	0.0005239936831273259	0.004945321462057943	0.0	(0.004945321462057943+0j)
0.055	0.003025	0.0005725770650727782	0.005347956862278288	0.0	(0.005347956862278288+0j)
0.0575	0.00330625	0.0006229621097541844	0.0057597590965985865	0.0	(0.0057597590965985865+0j)
0.06	0.0036	0.0006750915633783926	0.006180478855228061	0.0	(0.006180478855228061+0j)
0.0625	0.00390625	0.0007289067169203006	0.006609962033252926	0.0	(0.006609962033252926+0j)
0.065	0.0042250000000000005	0.0007843475287140807	0.007048141987865712	0.0	(0.007048141987865712+0j)
0.0675	0.00455625	0.0008413527484645153	0.007495031073283101	0.0	(0.007495031073283101+0j)
0.07	0.004900000000000001	0.0008998600423003626	0.007950711965050416	0.0	(0.007950711965050416+0j)
0.0725	0.00525625	0.000959806118493371	0.008415329375816348	0.0	(0.008415329375816348+0j)
0.075	0.005625	0.0010211268534701537	0.008889082954623002	0.0	(0.008889082954623002+0j)
0.0775	0.00600625	0.001083757417748841	0.009372222577491863	0.0	(0.009372222577491863+0j)
0.08	0.0064	0.0011476324014389147	0.009865048183461421	0.0	(0.009865048183461421+0j)
0.0825	0.006806250000000001	0.0012126859389501097	0.010367918594713805	0.0	(0.010367918594713805+0j)
0.085	0.007225000000000001	0.0012788518325652833	0.01088127976643283	0.0	(0.01088127976643283+0j)
0.08750000000000001	0.007656250000000002	0.0013460636745423783	0.011405740713325768	0.0	(0.011405740713325768+0j)
0.09	0.0081	0.001414254967421803	0.011942287728583117	0.0	(0.011942287728583117+0j)
0.0925	0.00855625	0.0014833592422282293	0.01249300733238326	0.0	(0.01249300733238326+0j)
0.095	0.009025	0.001553310174268926	0.013064594933269452	0.0	(0.013064594933269452+0j)
0.0975	0.00950625	0.001624041696245477	0.013716874977558895	0.0	(0.013716874977558895+0j)
0.1	0.010000000000000002	0.0016954881084106231	0.014023167867277059	-0.0002475067062254202	(0.014023167867277059-0.0002475067062254202j)
0.10250000000000001	0.010506250000000002	0.001767584185518175	0.014023167867277059	0.0002475067062254202	(0.014023167867277059+0.0002475067062254202j)
0.105	0.011024999999999998	0.0018402652803304166	0.014682947877764155	0.0	(0.014682947877764155+0j)
0.1075	0.011556249999999999	0.001913467423464738	0.015311536301223035	0.0	(0.015311536301223035+0j)
0.11	0.0121	0.0019871274193788147	0.015933827489034987	0.0	(0.015933827489034987+0j)
0.1125	0.01265625	0.0020611829383118067	0.016563081188516633	0.0	(0.016563081188516633+0j)
0.115	0.013225	0.0021355726040173453	0.017202335727855043	0.0	(0.017202335727855043+0j)
0.11750000000000001	0.013806250000000003	0.0022102360771426993	0.017852720300493483	0.0	(0.017852720300493483+0j)
0.12	0.0144	0.0022851141341271013	0.01851477214676798	0.0	(0.01851477214676798+0j)
0.1225	0.015006249999999999	0.002360148741511031	0.019188788122425665	0.0	(0.019188788122425665+0j)
0.125	0.015625	0.0024352831255667388	0.01987494794165707	0.0	(0.01987494794165707+0j)
0.1275	0.01625625	0.002510461837178918	0.02057336591062956	0.0	(0.02057336591062956+0j)
0.13	0.016900000000000002	0.0025856308119225633	0.021284115792370877	0.0	(0.021284115792370877+0j)
0.1325	0.017556250000000002	0.0026607374253030795	0.022007244157322695	0.0	(0.022007244157322695+0j)
0.135	0.018225	0.0027357305431412425	0.022742778265244862	0.0	(0.022742778265244862+0j)
0.1375	0.018906250000000003	0.0028105605671027148	0.023490731116106646	0.0	(0.023490731116106646+0j)
0.14	0.019600000000000003	0.002885179475388433	0.024251104918568234	0.0	(0.024251104918568234+0j)
0.14250000000000002	0.020306250000000005	0.002959540858618214	0.02502389360872994	0.0	(0.02502389360872994+0j)
0.145	0.021025	0.003033599950955297	0.025809084759474486	0.0	(0.025809084759474486+0j)
0.1475	0.021756249999999998	0.003107313656534273	0.026606661073959655	0.0	(0.026606661073959655+0j)
0.15	0.0225	0.0031806405712688206	0.027416601579495697	0.0	(0.027416601579495697+0j)
0.1525	0.02325625	0.0032535410001288986	0.02823888259554007	0.0	(0.02823888259554007+0j)
0.155	0.024025	0.0033259769699894477	0.029073478525226754	0.0	(0.029073478525226754+0j)
0.1575	0.024806250000000002	0.0033979122381642534	0.029920362505331182	0.0	(0.029920362505331182+0j)
0.16	0.0256	0.003469312296749336	0.030779506940553827	0.0	(0.030779506940553827+0j)
0.1625	0.026406250000000003	0.0035401443729101106	0.03165088394209413	0.0	(0.03165088394209413+0j)
0.165	0.027225000000000003	0.0036103774252555032	0.03253446568644757	0.0	(0.03253446568644757+0j)
0.1675	0.028056250000000005	0.0036799821364503047	0.03343022470741077	0.0	(0.03343022470741077+0j)
0.17	0.028900000000000006	0.0037489309022242043	0.03433813413207512	0.0	(0.03433813413207512+0j)
0.17250000000000001	0.029756250000000005	0.003817197816942214	0.0352581678698231	0.0	(0.0352581678698231+0j)
0.17500000000000002	0.030625000000000006	0.003884758655906592	0.0361903007619173	0.0	(0.0361903007619173+0j)
0.1775	0.03150625	0.0039515908545648525	0.037134508698086946	0.0	(0.037134508698086946+0j)
0.18	0.0324	0.004017673484802095	0.03809076870550701	0.0	(0.03809076870550701+0j)
0.1825	0.033306249999999996	0.0040829872284986485	0.03905905901472437	0.0	(0.03905905901472437+0j)
0.185	0.034225	0.0041475143485359845	0.04003935910635059	0.0	(0.04003935910635059+0j)
0.1875	0.03515625	0.004211238657435003	0.04103164974173956	0.0	(0.04103164974173956+0j)
0.19	0.0361	0.00427414548381117	0.04203591298032765	0.0	(0.04203591298032765+0j)
0.1925	0.03705625	0.004336221636830564	0.04305213218588749	0.0	(0.04305213218588749+0j)
0.195	0.038025	0.004397455368849896	0.0440802920235706	0.0	(0.0440802920235706+0j)
0.1975	0.039006250000000006	0.004457836336421698	0.045120378449299434	0.0	(0.045120378449299434+0j)
0.2	0.04000000000000001	0.004517355559843599	0.04617237869281632	0.0	(0.04617237869281632+0j)
0.2025	0.04100625000000001	0.004576005381427458	0.04723628123548027	0.0	(0.04723628123548027+0j)
0.20500000000000002	0.04202500000000001	0.0046337794226607495	0.04831207578372244	0.0	(0.04831207578372244+0j)
0.20750000000000002	0.043056250000000004	0.004690672540428358	0.04939975323893309	0.0	(0.04939975323893309+0j)
0.21	0.04409999999999999	0.004746680782458521	0.05049930566441357	0.0	(0.05049930566441357+0j)
0.2125	0.045156249999999995	0.004801801342151593	0.05161072624996413	0.0	(0.05161072624996413+0j)
0.215	0.046224999999999995	0.0048560325129449996	0.052734009274549076	0.0	(0.052734009274549076+0j)
0.2175	0.04730625	0.004909373642362009	0.05386915006746122	0.0	(0.05386915006746122+0j)
0.22	0.0484	0.004961825085885935	0.055016144968320475	0.0	(0.055016144968320475+0j)
0.2225	0.04950625	0.005013388160795127	0.056174991286208585	0.0	(0.056174991286208585+0j)
0.225	0.050625	0.005064065100087574	0.05734568725820658	0.0	(0.05734568725820658+0j)
0.2275	0.051756250000000004	0.00511385900661732	0.05852823200756238	0.0	(0.05852823200756238+0j)
0.23	0.0529	0.005162773807558027	0.05972262550169076	0.0	(0.05972262550169076+0j)
0.2325	0.05405625000000001	0.005210814209302114	0.060928868510194197	0.0	(0.060928868510194197+0j)
0.23500000000000001	0.05522500000000001	0.005257985652896934	0.06214696256304864	0.0	(0.06214696256304864+0j)
0.23750000000000002	0.056406250000000005	0.005304294270112413	0.06337690990915491	0.0	(0.06337690990915491+0j)
0.24	0.0576	0.005349746840227549	0.06461871347524248	0.0	(0.06461871347524248+0j)
0.2425	0.05880625	0.005394350747616214	0.06587237682544973	0.0	(0.06587237682544973+0j)
0.245	0.060024999999999995	0.005438113940205744	0.06713790412149602	0.0	(0.06713790412149602+0j)
0.2475	0.06125625	0.005481044888875007	0.06841530008363522	0.0	(0.06841530008363522+0j)
0.25	0.0625	0.005523152547851894	0.06970456995244435	0.0	(0.06970456995244435+0j)
0.2525	0.06375625	0.0055644463161636	0.07100571945151575	0.0	(0.07100571945151575+0j)
0.255	0.065025	0.0056049360001866715	0.07231875475104588	0.0	(0.07231875475104588+0j)
0.2575	0.06630625	0.005644631777337532	0.07364368243281186	0.0	(0.07364368243281186+0j)
0.26	0.06760000000000001	0.005683544160938166	0.07498050945545853	0.0	(0.07498050945545853+0j)
0.2625	0.06890625	0.005721683966285819	0.07632924312174305	0.0	(0.07632924312174305+0j)
0.265	0.07022500000000001	0.005759062277949983	0.07768989104642253	0.0	(0.07768989104642253+0j)
0.2675	0.07155625	0.005795690418314534	0.07868712696566549	0.0	(0.07868712696566549+0j)
0.27	0.0729	0.005831579917377828	0.07906246112468393	0.0	(0.07906246112468393+0j)
0.2725	0.07425625000000001	0.005866742483818664	0.08044696150529816	0.0	(0.08044696150529816+0j)
0.275	0.07562500000000001	0.005901189977331459	0.08184340055755976	0.0	(0.08184340055755976+0j)
0.2775	0.07700625000000001	0.005934934382229598	0.08325178684787844	0.0	(0.08325178684787844+0j)
0.28	0.07840000000000001	0.005967987782311933	0.08467212911218182	0.0	(0.08467212911218182+0j)
0.28250000000000003	0.07980625000000002	0.006000362336983556	0.08610443623129711	0.0	(0.08610443623129711+0j)
0.28500000000000003	0.08122500000000002	0.006032070258618469	0.08754871720733637	0.0	(0.08754871720733637+0j)
0.28750000000000003	0.08265625000000001	0.006063123791148536	0.0890049811412545	0.0	(0.0890049811412545+0j)
0.29	0.0841	0.0060935351898600875	0.09047323721159575	0.0	(0.09047323721159575+0j)
0.2925	0.08555624999999999	0.00612331670237686	0.09195349465440443	0.0	(0.09195349465440443+0j)
0.295	0.08702499999999999	0.006152480550805436	0.09344576274428437	0.0	(0.09344576274428437+0j)
0.2975	0.08850625	0.006181038915017192	0.09495005077656885	0.0	(0.09495005077656885+0j)
0.3	0.09	0.00620900391703873	0.09646636805061408	0.0	(0.09646636805061408+0j)
0.3025	0.09150625	0.0062363876065210915	0.09799472385414065	0.0	(0.09799472385414065+0j)
0.305	0.093025	0.006263201947256484	0.09953512744864783	0.0	(0.09953512744864783+0j)
0.3075	0.09455625	0.006289458804710008	0.10108758805582363	0.0	(0.10108758805582363+0j)
0.31	0.0961	0.006315169934532789	0.10265211484494917	0.0	(0.10265211484494917+0j)
0.3125	0.09765625	0.006340346972022001	0.10422871692125638	0.0	(0.10422871692125638+0j)
0.315	0.09922500000000001	0.0063650014224926514	0.10581740331520635	0.0	(0.10581740331520635+0j)
0.3175	0.10080625	0.006389144652525405	0.10741818297265152	0.0	(0.10741818297265152+0j)
0.32	0.1024	0.006412787882054485	0.1090310647458487	0.0	(0.1090310647458487+0j)
0.3225	0.10400625000000001	0.00643594217725941	0.11065605738529234	0.0	(0.11065605738529234+0j)
0.325	0.10562500000000001	0.0064586184442243805	0.11229316953232768	0.0	(0.11229316953232768+0j)
0.3275	0.10725625000000001	0.0064808274233291935	0.11394240971250762	0.0	(0.11394240971250762+0j)
0.33	0.10890000000000001	0.006502579684335808	0.11560378632966364	0.0	(0.11560378632966364+0j)
0.3325	0.11055625000000001	0.006523885622135044	0.11727730766065558	0.0	(0.11727730766065558+0j)
0.335	0.11222500000000002	0.00654475545311836	0.11896298185075325	0.0	(0.11896298185075325+0j)
0.3375	0.11390625000000001	0.006565199212140199	0.12066081690963773	0.0	(0.12066081690963773+0j)
0.34	0.11560000000000002	0.006585226750037065	0.12237082070796473	0.0	(0.12237082070796473+0j)
0.3425	0.11730625000000001	0.006604847731670189	0.12409300097447921	0.0	(0.12409300097447921+0j)
0.34500000000000003	0.11902500000000002	0.006624071634459451	0.1258273652936289	0.0	(0.1258273652936289+0j)
0.34750000000000003	0.12075625000000002	0.006642907747377076	0.12757392110366392	0.0	(0.12757392110366392+0j)
0.35000000000000003	0.12250000000000003	0.0066613651703705465	0.12933267569517456	0.0	(0.12933267569517456+0j)
0.3525	0.12425624999999998	0.006679452814185075	0.13110363621004678	0.0	(0.13110363621004678+0j)
0.355	0.126025	0.006697179400557036	0.13288680964081476	0.0	(0.13288680964081476+0j)
0.3575	0.12780624999999998	0.006714553462750708	0.13468220283036217	0.0	(0.13468220283036217+0j)
0.36	0.1296	0.00673158334641179	0.13648982247195912	0.0	(0.13648982247195912+0j)
0.3625	0.13140625	0.006748277210712103	0.1383096751096085	0.0	(0.1383096751096085+0j)
0.365	0.13322499999999998	0.006764643029761099	0.14014176713867424	0.0	(0.14014176713867424+0j)
0.3675	0.13505625	0.006780688594260751	0.14198610480677387	0.0	(0.14198610480677387+0j)
0.37	0.1369	0.006796421513381529	0.14384269421488732	0.0	(0.14384269421488732+0j)
0.3725	0.13875625	0.006811849216838219	0.14571154131871267	0.0	(0.14571154131871267+0j)
0.375	0.140625	0.006826978957145438	0.14759265193018387	0.0	(0.14759265193018387+0j)
0.3775	0.14250625	0.006841817812033665	0.14948603171918784	0.0	(0.14948603171918784+0j)
0.38	0.1444	0.006856372687007759	0.15139168621542057	0.0	(0.15139168621542057+0j)
0.3825	0.14630625	0.0068706503180308255	0.15330962081038815	0.0	(0.15330962081038815+0j)
0.385	0.148225	0.006884657274317387	0.15523984075954378	0.0	(0.15523984075954378+0j)
0.3875	0.15015625000000002	0.0068983999612207084	0.15718235118450527	0.0	(0.15718235118450527+0j)
0.39	0.1521	0.006911884623200134	0.1591371570753855	0.0	(0.1591371570753855+0j)
0.3925	0.15405625	0.006925117346855153	0.161104263293197	0.0	(0.161104263293197+0j)
0.395	0.15602500000000002	0.006938104064013821	0.163083674572323	0.0	(0.163083674572323+0j)
0.3975	0.15800625000000001	0.006950850554864047	0.16507539552303777	0.0	(0.16507539552303777+0j)
0.4	0.16000000000000003	0.006963362451117005	0.16707943063407996	0.0	(0.16707943063407996+0j)
0.4025	0.16200625000000002	0.006975645239192812	0.16909578427525376	0.0	(0.16909578427525376+0j)
0.405	0.16402500000000003	0.006987704263419325	0.17112446070006032	0.0	(0.17112446070006032+0j)
0.40750000000000003	0.16605625000000002	0.006999544729235596	0.17316546404832545	0.0	(0.17316546404832545+0j)
0.41000000000000003	0.16810000000000003	0.007011171706392335	0.17521879834886886	0.0	(0.17521879834886886+0j)
0.41250000000000003	0.17015625000000004	0.007022590132142263	0.17728446752213955	0.0	(0.17728446752213955+0j)
0.41500000000000004	0.17222500000000002	0.007033804814413932	0.17936247538287056	0.0	(0.17936247538287056+0j)
0.4175	0.17430625	0.007044820434963208	0.1814528256427061	0.0	(0.1814528256427061+0j)
0.42	0.17639999999999997	0.007055641552497087	0.18355552191281366	0.0	(0.18355552191281366+0j)
0.4225	0.17850624999999998	0.00706627260576514	0.1856705677064804	0.0	(0.1856705677064804+0j)
0.425	0.18062499999999998	0.007076717916614333	0.18779796644168398	0.0	(0.18779796644168398+0j)
0.4275	0.18275624999999998	0.007086981693003436	0.18993772144360682	0.0	(0.18993772144360682+0j)
0.43	0.18489999999999998	0.00709706803197372	0.19208983594715562	0.0	(0.19208983594715562+0j)
0.4325	0.18705625	0.00710698092257299	0.19425431309941843	0.0	(0.19425431309941843+0j)
0.435	0.189225	0.007116724248730442	0.19643115596207666	0.0	(0.19643115596207666+0j)
0.4375	0.19140625	0.0071263017920801825	0.19862036751379739	0.0	(0.19862036751379739+0j)
0.44	0.1936	0.007135717234731543	0.2008219506525586	0.0	(0.2008219506525586+0j)
0.4425	0.19580625000000002	0.007144974161984693	0.20303590819794523	0.0	(0.20303590819794523+0j)
0.445	0.198025	0.0071540760649902845	0.20526224289338474	0.0	(0.20526224289338474+0j)
0.4475	0.20025625	0.007163026343352169	0.20750095740834848	0.0	(0.20750095740834848+0j)
0.45	0.2025	0.007171828307672452	0.2097520543404789	0.0	(0.2097520543404789+0j)
0.4525	0.20475625	0.007180485182038354	0.21201553621769972	0.0	(0.21201553621769972+0j)
0.455	0.20702500000000001	0.007189000106450601	0.2142914055002507	0.0	(0.2142914055002507+0j)
0.4575	0.20930625000000003	0.007197376139193197	0.21657966458268013	0.0	(0.21657966458268013+0j)
0.46	0.2116	0.0072056162591446395	0.21888031579578568	0.0	(0.21888031579578568+0j)
0.4625	0.21390625000000002	0.0072137233680307725	0.2211933614085023	0.0	(0.2211933614085023+0j)
0.465	0.21622500000000003	0.007221700292619624	0.22351880362974855	0.0	(0.22351880362974855+0j)
0.4675	0.21855625000000004	0.007229549786858656	0.2258566446102127	0.0	(0.2258566446102127+0j)
0.47000000000000003	0.22090000000000004	0.007237274533955054	0.22820688644408924	0.0	(0.22820688644408924+0j)
0.47250000000000003	0.22325625000000002	0.0072448771483996505	0.2305695311707752	0.0	(0.2305695311707752+0j)
0.47500000000000003	0.22562500000000002	0.007252360177935317	0.23294458077650718	0.0	(0.23294458077650718+0j)
0.47750000000000004	0.22800625000000002	0.0072597261054705734	0.23533203719596216	0.0	(0.23533203719596216+0j)
0.48	0.2304	0.007266977350939373	0.23773190231379734	0.0	(0.23773190231379734+0j)
0.4825	0.23280625	0.007274116273107977	0.24014417796615695	0.0	(0.24014417796615695+0j)
0.485	0.235225	0.007281145171329924	0.24256886594212623	0.0	(0.24256886594212623+0j)
0.4875	0.23765624999999999	0.007288066287250142	0.24500596798514046	0.0	(0.24500596798514046+0j)
0.49	0.24009999999999998	0.007294881806459266	0.24745548579435708	0.0	(0.24745548579435708+0j)
0.4925	0.24255625	0.0073015938600992465	0.24991742102598347	0.0	(0.24991742102598347+0j)
0.495	0.245025	0.0073082045264213835	0.2523917752945472	0.0	(0.2523917752945472+0j)
0.4975	0.24750625	0.007314715832297914	0.2548785501741615	0.0	(0.2548785501741615+0j)
0.5	0.25	0.00732112975468828	0.2573777471997108	0.0	(0.2573777471997108+0j)
0.5025000000000001	0.25250625000000004	0.007327448222061226	0.2598893678680267	0.0	(0.2598893678680267+0j)
0.505	0.255025	0.007333673115773892	0.2624134136390176	0.0	(0.2624134136390176+0j)
0.5075000000000001	0.25755625000000004	0.007339806271409022	0.26494988593675844	0.0	(0.26494988593675844+0j)
0.51	0.2601	0.007345849480071427	0.2674987861505426	0.0	(0.2674987861505426+0j)
0.5125	0.26265625	0.007351804489644851	0.27006011563591653	0.0	(0.27006011563591653+0j)
0.515	0.265225	0.007357673006010345	0.2726338757156678	0.0	(0.2726338757156678+0j)
0.5175	0.26780624999999997	0.007363456694227248	0.27522006768077384	0.0	(0.27522006768077384+0j)
0.52	0.27040000000000003	0.007369157179677871	0.277818692791339	0.0	(0.277818692791339+0j)
0.5225	0.27300624999999995	0.00737477604917696	0.2804297522774873	0.0	(0.2804297522774873+0j)
0.525	0.275625	0.007380314852046986	0.2830532473402315	0.0	(0.2830532473402315+0j)
0.5275	0.27825625	0.007385775101160289	0.2856891791523079	0.0	(0.2856891791523079+0j)
0.53	0.28090000000000004	0.007391158273949105	0.28833754885899765	0.0	(0.28833754885899765+0j)
0.5325	0.28355624999999995	0.007396465813384443	0.290998357578898	0.0	(0.290998357578898+0j)
0.535	0.286225	0.0074016991289248095	0.293671606404706	0.0	(0.293671606404706+0j)
0.5375	0.28890625	0.007406859597435696	0.2963572964039203	0.0	(0.2963572964039203+0j)
0.54	0.2916	0.00741194856408078	0.29905542861957995	0.0	(0.29905542861957995+0j)
0.5425	0.29430625	0.007416967343185708	0.3017660040709384	0.0	(0.3017660040709384+0j)
0.545	0.29702500000000004	0.007421917219075365	0.3044890237541428	0.0	(0.3044890237541428+0j)
0.5475	0.29975625	0.007426799446885455	0.30722448864285756	0.0	(0.30722448864285756+0j)
0.55	0.30250000000000005	0.0074316152533492495	0.3099723996889082	0.0	(0.3099723996889082+0j)
0.5525	0.30525625	0.007436365837560269	0.31273275782286664	0.0	(0.31273275782286664+0j)
0.555	0.30802500000000005	0.007441052371711717	0.3155055639546537	0.0	(0.3155055639546537+0j)
0.5575	0.31080625	0.0074456760018133915	0.31829081897409245	0.0	(0.31829081897409245+0j)
0.56	0.31360000000000005	0.007450237848386832	0.32108852375144714	0.0	(0.32108852375144714+0j)
0.5625	0.31640625	0.007454739007139404	0.3238986791379756	0.0	(0.3238986791379756+0j)
0.5650000000000001	0.3192250000000001	0.007459180549617993	0.32672128596642086	0.0	(0.32672128596642086+0j)
0.5675	0.32205625	0.007463563523843015	0.3295563450515288	0.0	(0.3295563450515288+0j)
0.5700000000000001	0.3249000000000001	0.007467888954923352	0.3324038571904947	0.0	(0.3324038571904947+0j)
0.5725	0.32775625	0.007472157845652854	0.33526382316347275	0.0	(0.33526382316347275+0j)
0.5750000000000001	0.33062500000000006	0.007476371177089018	0.338136243733985	0.0	(0.338136243733985+0j)
0.5775	0.33350625	0.007480529909114408	0.3410211196493893	0.0	(0.3410211196493893+0j)
0.58	0.3364	0.007484634980981415	0.3439184516412941	0.0	(0.3439184516412941+0j)
0.5825	0.33930625000000003	0.007488687311840863	0.34682824042595634	0.0	(0.34682824042595634+0j)
0.585	0.34222499999999995	0.007492687801255024	0.3497504867046871	0.0	(0.3497504867046871+0j)
0.5875	0.34515625000000005	0.0074966373296955335	0.35268519116424496	0.0	(0.35268519116424496+0j)
0.59	0.34809999999999997	0.007500536759026707	0.3556323544771985	0.0	(0.3556323544771985+0j)
0.5925	0.35105625	0.007504386932974732	0.35859197730228975	0.0	(0.35859197730228975+0j)
0.595	0.354025	0.007508188677583188	0.3615640602847912	0.0	(0.3615640602847912+0j)
0.5975	0.35700625	0.007511942801655359	0.3645486040568413	0.0	(0.3645486040568413+0j)
0.6	0.36	0.007515650097183742	0.3675456092377693	0.0	(0.3675456092377693+0j)
0.6025	0.36300625000000003	0.0075193113397671865	0.37055507643443414	0.0	(0.37055507643443414+0j)
0.605	0.366025	0.007522927289016051	0.3735770062415073	0.0	(0.3735770062415073+0j)
0.6075	0.36905625000000003	0.007526498688945771	0.37661139924179393	0.0	(0.37661139924179393+0j)
0.61	0.3721	0.0075300262683592085	0.37965825600653225	0.0	(0.37965825600653225+0j)
0.6125	0.3751562500000001	0.0075335107412181435	0.38271757709565263	0.0	(0.38271757709565263+0j)
0.615	0.378225	0.007536952807004244	0.38578936305806955	0.0	(0.38578936305806955+0j)
0.6175	0.38130625000000007	0.007540353151069879	0.388873614431949	0.0	(0.388873614431949+0j)
0.62	0.3844	0.007543712444979056	0.3919703317449611	0.0	(0.3919703317449611+0j)
0.6225	0.38750625000000005	0.007547031346838835	0.39507951551453263	0.0	(0.39507951551453263+0j)
0.625	0.390625	0.0075503105016214945	0.3982011662481091	0.0	(0.3982011662481091+0j)
0.6275000000000001	0.3937562500000001	0.007553550541477758	0.4013352844433639	0.0	(0.4013352844433639+0j)
0.63	0.39690000000000003	0.007556752086041344	0.40448187058845503	0.0	(0.40448187058845503+0j)
0.6325000000000001	0.40005625000000006	0.007559915742725127	0.4076409251622279	0.0	(0.4076409251622279+0j)
0.635	0.403225	0.007563042107009163	0.4108124486344595	0.0	(0.4108124486344595+0j)
0.6375000000000001	0.4064062500000001	0.007566131762720843	0.41399644146603976	0.0	(0.41399644146603976+0j)
0.64	0.4096	0.007569185282307394	0.417192904109205	0.0	(0.417192904109205+0j)
0.6425	0.41280624999999993	0.007572203227100997	0.4204018370077255	0.0	(0.4204018370077255+0j)
0.645	0.41602500000000003	0.007575186147576726	0.4236232405970956	0.0	(0.4236232405970956+0j)
0.6475	0.41925624999999994	0.007578134583603535	0.4268571153047374	0.0	(0.4268571153047374+0j)
0.65	0.42250000000000004	0.007581049064688505	0.43010346155016793	0.0	(0.43010346155016793+0j)
0.6525	0.42575624999999995	0.0075839301102145675	0.4333622797451937	0.0	(0.4333622797451937+0j)
0.655	0.42902500000000005	0.007586778229671878	0.4366335702940839	0.0	(0.4366335702940839+0j)
0.6575	0.43230624999999995	0.007589593922883056	0.439917333593722	0.0	(0.439917333593722+0j)
0.66	0.43560000000000004	0.007592377680222464	0.4432135700337911	0.0	(0.4432135700337911+0j)
0.6625	0.43890625	0.007595129982829716	0.44652227999692773	0.0	(0.44652227999692773+0j)
0.665	0.44222500000000003	0.007597851302817564	0.4498434638588767	0.0	(0.4498434638588767+0j)
0.6675	0.44555625	0.007600542103474357	0.4531771219886409	0.0	(0.4531771219886409+0j)
0.67	0.4489000000000001	0.007603202839461229	0.45652325474864414	0.0	(0.45652325474864414+0j)
0.6725	0.45225624999999997	0.007605833957004152	0.45988186249484725	0.0	(0.45988186249484725+0j)
0.675	0.45562500000000006	0.007608435894081033	0.46325294557692404	0.0	(0.46325294557692404+0j)
0.6775	0.45900625	0.007611009080603985	0.4666365043383659	0.0	(0.4666365043383659+0j)
0.68	0.4624000000000001	0.007613553938596909	0.47003253911663734	0.0	(0.47003253911663734+0j)
0.6825	0.46580625	0.0076160708823685384	0.473441050243293	0.0	(0.473441050243293+0j)
0.685	0.46922500000000006	0.007618560318681083	0.47686203804411004	0.0	(0.47686203804411004+0j)
0.6875	0.47265625	0.007621022646914562	0.4802955028392091	0.0	(0.4802955028392091+0j)
0.6900000000000001	0.4761000000000001	0.0076234582592270015	0.4837414449431856	0.0	(0.4837414449431856+0j)
0.6925	0.47955625	0.007625867540710572	0.4871998646652135	0.0	(0.4871998646652135+0j)
0.6950000000000001	0.4830250000000001	0.0076282508695438254	0.49067076230914564	0.0	(0.49067076230914564+0j)
0.6975	0.48650625000000003	0.007630608617140098	0.49415413817367776	0.0	(0.49415413817367776+0j)
0.7000000000000001	0.4900000000000001	0.007632941148292214	0.4976499925523916	0.0	(0.4976499925523916+0j)
0.7025	0.49350625000000004	0.007635248821313604	0.5011583257339142	0.0	(0.5011583257339142+0j)
0.705	0.49702499999999994	0.007637531988175914	0.5046791380019836	0.0	(0.5046791380019836+0j)
0.7075	0.50055625	0.007639790994643221	0.5082124296355794	0.0	(0.5082124296355794+0j)
0.71	0.5041	0.007642026180402951	0.5117582009090086	0.0	(0.5117582009090086+0j)
0.7125	0.50765625	0.007644237879193572	0.5153164520919864	0.0	(0.5153164520919864+0j)
0.715	0.5112249999999999	0.0076464264189291895	0.5188871834497775	0.0	(0.5188871834497775+0j)
0.7175	0.51480625	0.007648592121821096	0.5224703952432258	0.0	(0.5224703952432258+0j)
0.72	0.5184	0.007650735304496359	0.5260660877288956	0.0	(0.5260660877288956+0j)
0.7225	0.52200625	0.007652856278113576	0.529674261159135	0.0	(0.529674261159135+0j)
0.725	0.525625	0.007654955348475801	0.5332949157821852	0.0	(0.5332949157821852+0j)
0.7275	0.5292562500000001	0.007657032816140788	0.536928051842229	0.0	(0.536928051842229+0j)
0.73	0.5328999999999999	0.007659088976528583	0.5405736695795098	0.0	(0.5405736695795098+0j)
0.7325	0.5365562500000001	0.007661124120026555	0.5442317692303882	0.0	(0.5442317692303882+0j)
0.735	0.540225	0.007663138532091921	0.54790235102745	0.0	(0.54790235102745+0j)
0.7375	0.54390625	0.007665132493351861	0.5515854151995699	0.0	(0.5515854151995699+0j)
0.74	0.5476	0.007667106279701249	0.5552809619719814	0.0	(0.5552809619719814+0j)
0.7425	0.5513062500000001	0.007669060162398097	0.5589889915663768	0.0	(0.5589889915663768+0j)
0.745	0.555025	0.0076709944081567605	0.5627095042009649	0.0	(0.5627095042009649+0j)
0.7475	0.5587562500000001	0.0076729092792389595	0.566442500090582	0.0	(0.566442500090582+0j)
0.75	0.5625	0.007674805033542681	0.5701879794467271	0.0	(0.5701879794467271+0j)
0.7525000000000001	0.5662562500000001	0.007676681924689021	0.5739459424776587	0.0	(0.5739459424776587+0j)
0.755	0.570025	0.007678540202107018	0.5777163893884899	0.0	(0.5777163893884899+0j)
0.7575000000000001	0.5738062500000001	0.007680380111116519	0.5814993203812435	0.0	(0.5814993203812435+0j)
0.76	0.5776	0.007682201893009154	0.5852947356549549	0.0	(0.5852947356549549+0j)
0.7625000000000001	0.5814062500000001	0.007684005785127449	0.5891026354057277	0.0	(0.5891026354057277+0j)
0.765	0.585225	0.00768579202094213	0.5929230198268737	0.0	(0.5929230198268737+0j)
0.7675000000000001	0.5890562500000001	0.007687560830127673	0.5967558891089135	0.0	(0.5967558891089135+0j)
0.77	0.5929	0.007689312438636133	0.6006012434397618	0.0	(0.6006012434397618+0j)
0.7725	0.59675625	0.007691047068769309	0.6044590830047882	0.0	(0.6044590830047882+0j)
0.775	0.6006250000000001	0.007692764939249284	0.6083294079868886	0.0	(0.6083294079868886+0j)
0.7775	0.6045062499999999	0.007694466265287364	0.6122122185666627	0.0	(0.6122122185666627+0j)
0.78	0.6084	0.007696151258651496	0.6161075149224754	0.0	(0.6161075149224754+0j)
0.7825	0.6123062499999999	0.007697820127732167	0.6200152972306124	0.0	(0.6200152972306124+0j)
0.785	0.616225	0.007699473077606834	0.6239355656654093	0.0	(0.6239355656654093+0j)
0.7875	0.62015625	0.007701110310102932	0.6278683203994075	0.0	(0.6278683203994075+0j)
0.79	0.6241000000000001	0.007702732023859483	0.6318135616035272	0.0	(0.6318135616035272+0j)
0.7925	0.62805625	0.007704338414387354	0.6357712894472086	0.0	(0.6357712894472086+0j)
0.795	0.6320250000000001	0.007705929674128183	0.63974150409867	0.0	(0.63974150409867+0j)
0.7975	0.63600625	0.007707505992512015	0.6437242057250891	0.0	(0.6437242057250891+0j)
0.8	0.6400000000000001	0.007709067556013684	0.6477193944928477	0.0	(0.6477193944928477+0j)
0.8025	0.64400625	0.007710614548207959	0.6517270705678184	0.0	(0.6517270705678184+0j)
0.805	0.6480250000000001	0.00771214714982351	0.6557472341156391	0.0	(0.6557472341156391+0j)
0.8075	0.65205625	0.007713665538795679	0.6597798853020665	0.0	(0.6597798853020665+0j)
0.81	0.6561000000000001	0.0077151698903181395	0.6638250242933381	0.0	(0.6638250242933381+0j)
0.8125	0.66015625	0.007716660376893436	0.6678826512565693	0.0	(0.6678826512565693+0j)
0.8150000000000001	0.6642250000000001	0.007718137168382422	0.6719527663602286	0.0	(0.6719527663602286+0j)
0.8175	0.66830625	0.007719600432052677	0.6760353697746149	0.0	(0.6760353697746149+0j)
0.8200000000000001	0.6724000000000001	0.0077210503326258575	0.680130461672434	0.0	(0.680130461672434+0j)
0.8225	0.67650625	0.007722487032324062	0.6842380422293977	0.0	(0.6842380422293977+0j)
0.8250000000000001	0.6806250000000001	0.007723910690915214	0.6883581116249112	0.0	(0.6883581116249112+0j)
0.8275	0.6847562500000001	0.007725321465757468	0.69249067004284	0.0	(0.69249067004284+0j)
0.8300000000000001	0.6889000000000001	0.007726719511842705	0.6966357176722855	0.0	(0.6966357176722855+0j)
0.8325	0.69305625	0.007728104981839099	0.7007932547085303	0.0	(0.7007932547085303+0j)
0.835	0.697225	0.0077294780261328	0.7049632813540148	0.0	(0.7049632813540148+0j)
0.8375	0.70140625	0.007730838792868741	0.7091457978194073	0.0	(0.7091457978194073+0j)
0.84	0.7055999999999999	0.007732187427990606	0.7133408043247987	0.0	(0.7133408043247987+0j)
0.8425	0.7098062500000001	0.00773352407527996	0.7175483011009586	0.0	(0.7175483011009586+0j)
0.845	0.7140249999999999	0.0077348488763945705	0.7217682883907401	0.0	(0.7217682883907401+0j)
0.8475	0.71825625	0.007736161970905943	0.7260007664505609	0.0	(0.7260007664505609+0j)
0.85	0.7224999999999999	0.0077374634963360885	0.7302457355520207	0.0	(0.7302457355520207+0j)
0.8525	0.7267562500000001	0.007738753588193521	0.7345031959836269	0.0	(0.7345031959836269+0j)
0.855	0.7310249999999999	0.007740032380008541	0.7387731480526437	0.0	(0.7387731480526437+0j)
0.8575	0.73530625	0.007741300003367784	0.7430555920870598	0.0	(0.7430555920870598+0j)
0.86	0.7395999999999999	0.007742556587948072	0.7473505284376912	0.0	(0.7473505284376912+0j)
0.8625	0.7439062500000001	0.007743802261549582	0.7516579574803832	0.0	(0.7516579574803832+0j)
0.865	0.748225	0.007745037150128337	0.7559778796183757	0.0	(0.7559778796183757+0j)
0.8675	0.75255625	0.007746261377828053	0.7603102952847245	0.0	(0.7603102952847245+0j)
0.87	0.7569	0.007747475067011341	0.7646552049449244	0.0	(0.7646552049449244+0j)
0.8725	0.7612562500000001	0.007748678338290276	0.7690126090995618	0.0	(0.7690126090995618+0j)
0.875	0.765625	0.0077498713105563725	0.7733825082871156	0.0	(0.7733825082871156+0j)
0.8775000000000001	0.7700062500000001	0.007751054101009948	0.7777649030868804	0.0	(0.7777649030868804+0j)
0.88	0.7744	0.00775222682518891	0.7821597941219122	0.0	(0.7821597941219122+0j)
0.8825000000000001	0.7788062500000001	0.007753389596996976	0.7865671820621393	0.0	(0.7865671820621393+0j)
0.885	0.7832250000000001	0.007754542528731323	0.7909870676275215	0.0	(0.7909870676275215+0j)
0.8875000000000001	0.7876562500000002	0.007755685731109718	0.7954194515912478	0.0	(0.7954194515912478+0j)
0.89	0.7921	0.007756819313297083	0.7998643347830757	0.0	(0.7998643347830757+0j)
0.8925000000000001	0.7965562500000001	0.0077579433829315664	0.8043217180926541	0.0	(0.8043217180926541+0j)
0.895	0.801025	0.007759058046150092	0.8087916024729592	0.0	(0.8087916024729592+0j)
0.8975	0.80550625	0.007760163407613418	0.8132739889438162	0.0	(0.8132739889438162+0j)
0.9	0.81	0.007761259570530699	0.8177688785953999	0.0	(0.8177688785953999+0j)
0.9025	0.81450625	0.007762346636683584	0.8222762725919348	0.0	(0.8222762725919348+0j)
0.905	0.819025	0.0077634247064498445	0.8267961721754528	0.0	(0.8267961721754528+0j)
0.9075	0.82355625	0.007764493878826542	0.8313285786696538	0.0	(0.8313285786696538+0j)
0.91	0.8281000000000001	0.0077655542514527606	0.8358734934840673	0.0	(0.8358734934840673+0j)
0.9125	0.83265625	0.007766605920631898	0.840430918118353	0.0	(0.840430918118353+0j)
0.915	0.8372250000000001	0.007767648981353528	0.8450008541670342	0.0	(0.8450008541670342+0j)
0.9175	0.84180625	0.00776868352731486	0.8495833033246172	0.0	(0.8495833033246172+0j)
0.92	0.8464	0.007769709650941771	0.8541782673913527	0.0	(0.8541782673913527+0j)
0.9225	0.85100625	0.007770727443409455	0.8587857482797221	0.0	(0.8587857482797221+0j)
0.925	0.8556250000000001	0.0077717369946626765	0.8634057480219623	0.0	(0.8634057480219623+0j)
0.9275	0.86025625	0.00777273839343564	0.8680382687788648	0.0	(0.8680382687788648+0j)
0.93	0.8649000000000001	0.007773731727271498	0.8726833128502001	0.0	(0.8726833128502001+0j)
0.9325	0.86955625	0.007774717082541469	0.8773408826873036	0.0	(0.8773408826873036+0j)
0.935	0.8742250000000001	0.007775694544463627	0.8820109809082698	0.0	(0.8820109809082698+0j)
0.9375	0.87890625	0.007776664197121321	0.8866936103166139	0.0	(0.8866936103166139+0j)
0.9400000000000001	0.8836000000000002	0.007777626123481259	0.8913887739242663	0.0	(0.8913887739242663+0j)
0.9425	0.88830625	0.007778580405411255	0.8960964749800912	0.0	(0.8960964749800912+0j)
0.9450000000000001	0.8930250000000001	0.0077795271236976524	0.9008167170055321	0.0	(0.9008167170055321+0j)
0.9475	0.89775625	0.007780466358062416	0.9055495038393475	0.0	(0.9055495038393475+0j)
0.9500000000000001	0.9025000000000001	0.0077813981871799245	0.9102948396942129	0.0	(0.9102948396942129+0j)
0.9525	0.90725625	0.007782322688693435	0.9150527292286663	0.0	(0.9150527292286663+0j)
0.9550000000000001	0.9120250000000001	0.007783239939231268	0.9198231776393917	0.0	(0.9198231776393917+0j)
0.9575	0.91680625	0.007784150014422679	0.9246061907804674	0.0	(0.9246061907804674+0j)
0.96	0.9216	0.007785052988913457	0.9294017753190563	0.0	(0.9294017753190563+0j)
0.9625	0.9264062500000001	0.007785948936381218	0.9342099389409285	0.0	(0.9342099389409285+0j)
0.965	0.931225	0.007786837929550448	0.9390306906253527	0.0	(0.9390306906253527+0j)
0.9675	0.93605625	0.007787720040207256	0.9438640410183897	0.0	(0.9438640410183897+0j)
0.97	0.9409	0.00778859533921386	0.9487100029490605	0.0	(0.9487100029490605+0j)
0.9725	0.9457562500000001	0.007789463896522832	0.9535685921578237	0.0	(0.9535685921578237+0j)
0.975	0.9506249999999999	0.007790325781191063	0.958439828350567	0.0	(0.958439828350567+0j)
0.9775	0.9555062500000001	0.007791181061393497	0.9633237367678895	0.0	(0.9633237367678895+0j)
0.98	0.9603999999999999	0.007792029804436608	0.9682203506041428	0.0	(0.9682203506041428+0j)
0.9825	0.96530625	0.007792872076771646	0.973129714895228	0.0	(0.973129714895228+0j)
0.985	0.970225	0.00779370794400764	0.9780518930958114	0.0	(0.9780518930958114+0j)
0.9875	0.9751562500000001	0.0077945374709241805	0.9829869789476452	0.0	(0.9829869789476452+0j)
0.99	0.9801	0.007795360721483967	0.987935119759801	0.0	(0.987935119759801+0j)
0.9925	0.9850562500000001	0.007796177758845137	0.9928965675188679	0.0	(0.9928965675188679+0j)
0.995	0.990025	0.007796988645373389	0.9978718107723309	0.0	(0.9978718107723309+0j)
0.9975	0.9950062500000001	0.007797793442653867	1.002862014091303	0.0	(1.002862014091303+0j)
1.0	1.0	0.007798592211502872	1.0078714153816297	0.0	(1.0078714153816297+0j)
