-1.0	-1.0	-3.1805523827484364e-05	-1.0000318234663832	0.0	(-1.0000318234663832+0j)
-0.998	-0.996004	-3.180542166192638e-05	-0.9960358157051051	0.0	(-0.9960358157051051+0j)
-0.996	-0.992016	-3.1805318880295505e-05	-0.9920478119846576	0.0	(-0.9920478119846576+0j)
-0.994	-0.988036	-3.180521547762842e-05	-0.9880678096913903	0.0	(-0.9880678096913903+0j)
-0.992	-0.9840639999999999	-3.1805111448911736e-05	-0.9840958081541692	0.0	(-0.9840958081541692+0j)
-0.99	-0.9801	-3.180500678908134e-05	-0.9801318070882471	0.0	(-0.9801318070882471+0j)
-0.988	-0.976144	-3.180490149302184e-05	-0.976175806337874	0.0	(-0.976175806337874+0j)
-0.986	-0.972196	-3.1804795555565905e-05	-0.9722278058044058	0.0	(-0.9722278058044058+0j)
-0.984	-0.968256	-3.1804688971493635e-05	-0.968287805420206	0.0	(-0.968287805420206+0j)
-0.982	-0.964324	-3.180458173553191e-05	-0.9643558051373784	0.0	(-0.9643558051373784+0j)
-0.98	-0.9603999999999999	-3.1804473842353764e-05	-0.960431804921819	0.0	(-0.960431804921819+0j)
-0.978	-0.956484	-3.1804365286577695e-05	-0.956515804749632	0.0	(-0.956515804749632+0j)
-0.976	-0.952576	-3.180425606276702e-05	-0.9526078046044452	0.0	(-0.9526078046044452+0j)
-0.974	-0.948676	-3.180414616542916e-05	-0.9487078044754114	0.0	(-0.9487078044754114+0j)
-0.972	-0.944784	-3.1804035589015e-05	-0.9448158043555863	0.0	(-0.9448158043555863+0j)
-0.97	-0.9409	-3.180392432791812e-05	-0.9409318042406908	0.0	(-0.9409318042406908+0j)
-0.968	-0.937024	-3.180381237647416e-05	-0.9370558041281751	0.0	(-0.9370558041281751+0j)
-0.966	-0.933156	-3.1803699728960036e-05	-0.933187804016588	0.0	(-0.933187804016588+0j)
-0.964	-0.9292959999999999	-3.180358637959325e-05	-0.9293278039051375	0.0	(-0.9293278039051375+0j)
-0.962	-0.9254439999999999	-3.1803472322531123e-05	-0.9254758037933987	0.0	(-0.9254758037933987+0j)
-0.96	-0.9216	-3.1803357551870056e-05	-0.9216318036811654	0.0	(-0.9216318036811654+0j)
-0.9580000000000001	-0.9177640000000001	-3.180324206164476e-05	-0.9177958035683186	0.0	(-0.9177958035683186+0j)
-0.9560000000000001	-0.9139360000000002	-3.1803125845827486e-05	-0.9139678034548158	0.0	(-0.9139678034548158+0j)
-0.9540000000000001	-0.9101160000000001	-3.1803008898327225e-05	-0.9101478033406215	0.0	(-0.9101478033406215+0j)
-0.9520000000000001	-0.9063040000000001	-3.180289121298893e-05	-0.9063358032257307	0.0	(-0.9063358032257307+0j)
-0.9500000000000001	-0.9025000000000001	-3.180277278359269e-05	-0.9025318031101245	0.0	(-0.9025318031101245+0j)
-0.9480000000000001	-0.8987040000000002	-3.180265360385292e-05	-0.8987358029937915	0.0	(-0.8987358029937915+0j)
-0.9460000000000001	-0.8949160000000002	-3.180253366741752e-05	-0.8949478028767381	0.0	(-0.8949478028767381+0j)
-0.9440000000000001	-0.8911360000000002	-3.180241296786702e-05	-0.8911678027589464	0.0	(-0.8911678027589464+0j)
-0.9420000000000001	-0.8873640000000002	-3.180229149871374e-05	-0.887395802640424	0.0	(-0.887395802640424+0j)
-0.9400000000000001	-0.8836000000000002	-3.1802169253400904e-05	-0.8836318025211579	0.0	(-0.8836318025211579+0j)
-0.9380000000000001	-0.8798440000000001	-3.180204622530177e-05	-0.8798758024011409	0.0	(-0.8798758024011409+0j)
-0.936	-0.8760960000000001	-3.1801922407718704e-05	-0.8761278022803589	0.0	(-0.8761278022803589+0j)
-0.934	-0.8723560000000001	-3.18017977938823e-05	-0.8723878021588238	0.0	(-0.8723878021588238+0j)
-0.932	-0.8686240000000001	-3.180167237695044e-05	-0.8686558020365107	0.0	(-0.8686558020365107+0j)
-0.93	-0.8649000000000001	-3.180154615000734e-05	-0.8649318019134171	0.0	(-0.8649318019134171+0j)
-0.928	-0.8611840000000001	-3.180141910606265e-05	-0.8612158017895465	0.0	(-0.8612158017895465+0j)
-0.926	-0.8574760000000001	-3.18012912380504e-05	-0.857507801664882	0.0	(-0.857507801664882+0j)
-0.924	-0.8537760000000001	-3.18011625388281e-05	-0.8538078015394298	0.0	(-0.8538078015394298+0j)
-0.922	-0.8500840000000001	-3.18010330011757e-05	-0.8501158014131716	0.0	(-0.8501158014131716+0j)
-0.92	-0.8464	-3.180090261779459e-05	-0.8464318012860973	0.0	(-0.8464318012860973+0j)
-0.918	-0.842724	-3.180077138130655e-05	-0.8427558011582128	0.0	(-0.8427558011582128+0j)
-0.916	-0.839056	-3.180063928425273e-05	-0.8390878010294964	0.0	(-0.8390878010294964+0j)
-0.914	-0.835396	-3.180050631909262e-05	-0.8354278008999614	0.0	(-0.8354278008999614+0j)
-0.912	-0.831744	-3.180037247820288e-05	-0.8317758007695797	0.0	(-0.8317758007695797+0j)
-0.91	-0.8281000000000001	-3.180023775387635e-05	-0.8281318006383511	0.0	(-0.8281318006383511+0j)
-0.908	-0.8244640000000001	-3.1800102138320866e-05	-0.8244958005062698	0.0	(-0.8244958005062698+0j)
-0.906	-0.820836	-3.1799965623658194e-05	-0.8208678003733334	0.0	(-0.8208678003733334+0j)
-0.904	-0.817216	-3.1799828201922826e-05	-0.8172478002395227	0.0	(-0.8172478002395227+0j)
-0.902	-0.813604	-3.179968986506087e-05	-0.8136358001048436	0.0	(-0.8136358001048436+0j)
-0.9	-0.81	-3.1799550604928816e-05	-0.8100317999692864	0.0	(-0.8100317999692864+0j)
-0.898	-0.806404	-3.1799410413292406e-05	-0.8064357998328313	0.0	(-0.8064357998328313+0j)
-0.896	-0.8028160000000001	-3.179926928182536e-05	-0.802847799695477	0.0	(-0.802847799695477+0j)
-0.894	-0.7992360000000001	-3.179912720210815e-05	-0.7992677995572155	0.0	(-0.7992677995572155+0j)
-0.892	-0.795664	-3.179898416562677e-05	-0.7956957994180474	0.0	(-0.7956957994180474+0j)
-0.89	-0.7921	-3.1798840163771436e-05	-0.7921317992779572	0.0	(-0.7921317992779572+0j)
-0.888	-0.788544	-3.17986951878353e-05	-0.7885757991369298	0.0	(-0.7885757991369298+0j)
-0.886	-0.784996	-3.179854922901313e-05	-0.7850277989949687	0.0	(-0.7850277989949687+0j)
-0.884	-0.781456	-3.179840227839997e-05	-0.7814877988520621	0.0	(-0.7814877988520621+0j)
-0.882	-0.7779240000000001	-3.17982543269898e-05	-0.777955798708197	0.0	(-0.777955798708197+0j)
-0.88	-0.7744	-3.179810536567413e-05	-0.7744317985633735	0.0	(-0.7744317985633735+0j)
-0.878	-0.770884	-3.179795538524061e-05	-0.7709157984175707	0.0	(-0.7709157984175707+0j)
-0.876	-0.767376	-3.179780437637162e-05	-0.7674077982707856	0.0	(-0.7674077982707856+0j)
-0.874	-0.763876	-3.1797652329642805e-05	-0.7639077981230191	0.0	(-0.7639077981230191+0j)
-0.872	-0.760384	-3.179749923552158e-05	-0.7604157979742613	0.0	(-0.7604157979742613+0j)
-0.87	-0.7569	-3.179734508436572e-05	-0.756931797824489	0.0	(-0.756931797824489+0j)
-0.868	-0.753424	-3.179718986642173e-05	-0.7534557976736861	0.0	(-0.7534557976736861+0j)
-0.866	-0.749956	-3.1797033571823395e-05	-0.749987797521883	0.0	(-0.749987797521883+0j)
-0.864	-0.7464959999999999	-3.179687619059017e-05	-0.7465277973690292	0.0	(-0.7465277973690292+0j)
-0.862	-0.7430439999999999	-3.179671771262557e-05	-0.7430757972151286	0.0	(-0.7430757972151286+0j)
-0.86	-0.7395999999999999	-3.17965581277156e-05	-0.7396317970601818	0.0	(-0.7396317970601818+0j)
-0.858	-0.7361639999999999	-3.179639742552706e-05	-0.7361957969041772	0.0	(-0.7361957969041772+0j)
-0.856	-0.7327359999999999	-3.179623559560592e-05	-0.7327677967470972	0.0	(-0.7327677967470972+0j)
-0.854	-0.729316	-3.1796072627375575e-05	-0.7293477965889267	0.0	(-0.7293477965889267+0j)
-0.852	-0.725904	-3.1795908510135134e-05	-0.7259357964296634	0.0	(-0.7259357964296634+0j)
-0.85	-0.7224999999999999	-3.179574323305768e-05	-0.7225317962693062	0.0	(-0.7225317962693062+0j)
-0.848	-0.719104	-3.1795576785188455e-05	-0.7191357961078333	0.0	(-0.7191357961078333+0j)
-0.846	-0.7157159999999999	-3.1795409155443063e-05	-0.7157477959452313	0.0	(-0.7157477959452313+0j)
-0.844	-0.712336	-3.179524033260563e-05	-0.7123677957815107	0.0	(-0.7123677957815107+0j)
-0.842	-0.7089639999999999	-3.179507030532692e-05	-0.7089957956166281	0.0	(-0.7089957956166281+0j)
-0.84	-0.7055999999999999	-3.17948990621224e-05	-0.7056317954505998	0.0	(-0.7056317954505998+0j)
-0.838	-0.702244	-3.179472659137036e-05	-0.7022757952834088	0.0	(-0.7022757952834088+0j)
-0.836	-0.698896	-3.179455288130989e-05	-0.6989277951150342	0.0	(-0.6989277951150342+0j)
-0.834	-0.695556	-3.1794377920038885e-05	-0.695587794945477	0.0	(-0.695587794945477+0j)
-0.8320000000000001	-0.6922240000000002	-3.1794201695512045e-05	-0.6922557947747235	0.0	(-0.6922557947747235+0j)
-0.8300000000000001	-0.6889000000000001	-3.1794024195538735e-05	-0.6889317946027678	0.0	(-0.6889317946027678+0j)
-0.8280000000000001	-0.6855840000000001	-3.179384540778094e-05	-0.685615794429584	0.0	(-0.685615794429584+0j)
-0.8260000000000001	-0.6822760000000001	-3.1793665319751086e-05	-0.6823077942551636	0.0	(-0.6823077942551636+0j)
-0.8240000000000001	-0.6789760000000001	-3.1793483918809855e-05	-0.6790077940794986	0.0	(-0.6790077940794986+0j)
-0.8220000000000001	-0.6756840000000001	-3.1793301192163995e-05	-0.6757157939025794	0.0	(-0.6757157939025794+0j)
-0.8200000000000001	-0.6724000000000001	-3.179311712686404e-05	-0.6724317937243938	0.0	(-0.6724317937243938+0j)
-0.8180000000000001	-0.669124	-3.1792931709802026e-05	-0.6691557935449212	0.0	(-0.6691557935449212+0j)
-0.8160000000000001	-0.6658560000000001	-3.179274492770916e-05	-0.6658877933641719	0.0	(-0.6658877933641719+0j)
-0.8140000000000001	-0.6625960000000001	-3.179255676715343e-05	-0.6626277931821101	0.0	(-0.6626277931821101+0j)
-0.812	-0.659344	-3.179236721453722e-05	-0.6593757929987298	0.0	(-0.6593757929987298+0j)
-0.81	-0.6561000000000001	-3.1792176256094806e-05	-0.6561317928140247	0.0	(-0.6561317928140247+0j)
-0.808	-0.6528640000000001	-3.179198387788993e-05	-0.6528957926279717	0.0	(-0.6528957926279717+0j)
-0.806	-0.6496360000000001	-3.179179006581316e-05	-0.6496677924405675	0.0	(-0.6496677924405675+0j)
-0.804	-0.6464160000000001	-3.179159480557941e-05	-0.646447792251794	0.0	(-0.646447792251794+0j)
-0.802	-0.6432040000000001	-3.179139808272521e-05	-0.6432357920616375	0.0	(-0.6432357920616375+0j)
-0.8	-0.6400000000000001	-3.1791199882606094e-05	-0.6400317918700913	0.0	(-0.6400317918700913+0j)
-0.798	-0.636804	-3.1791000190393844e-05	-0.6368357916771356	0.0	(-0.6368357916771356+0j)
-0.796	-0.6336160000000001	-3.179079899107372e-05	-0.6336477914827523	0.0	(-0.6336477914827523+0j)
-0.794	-0.6304360000000001	-3.179059626944166e-05	-0.6304677912869391	0.0	(-0.6304677912869391+0j)
-0.792	-0.627264	-3.179039201010137e-05	-0.6272957910896685	0.0	(-0.6272957910896685+0j)
-0.79	-0.6241000000000001	-3.179018619746142e-05	-0.6241317908909353	0.0	(-0.6241317908909353+0j)
-0.788	-0.620944	-3.178997881573229e-05	-0.6209757906907242	0.0	(-0.6209757906907242+0j)
-0.786	-0.617796	-3.178976984892329e-05	-0.6178277904890176	0.0	(-0.6178277904890176+0j)
-0.784	-0.6146560000000001	-3.1789559280839526e-05	-0.6146877902858033	0.0	(-0.6146877902858033+0j)
-0.782	-0.6115240000000001	-3.178934709507875e-05	-0.6115557900810709	0.0	(-0.6115557900810709+0j)
-0.78	-0.6084	-3.178913327502814e-05	-0.6084317898747972	0.0	(-0.6084317898747972+0j)
-0.778	-0.605284	-3.1788917803861084e-05	-0.6053157896669642	0.0	(-0.6053157896669642+0j)
-0.776	-0.602176	-3.178870066453384e-05	-0.6022077894575671	0.0	(-0.6022077894575671+0j)
-0.774	-0.599076	-3.1788481839782186e-05	-0.5991077892465844	0.0	(-0.5991077892465844+0j)
-0.772	-0.5959840000000001	-3.178826131211799e-05	-0.596015789033996	0.0	(-0.596015789033996+0j)
-0.77	-0.5929	-3.178803906382568e-05	-0.592931788819791	0.0	(-0.592931788819791+0j)
-0.768	-0.589824	-3.178781507695874e-05	-0.5898557886039606	0.0	(-0.5898557886039606+0j)
-0.766	-0.586756	-3.1787589333336044e-05	-0.5867877883864744	0.0	(-0.5867877883864744+0j)
-0.764	-0.583696	-3.1787361814538195e-05	-0.5837277881673174	0.0	(-0.5837277881673174+0j)
-0.762	-0.580644	-3.1787132501903735e-05	-0.5806757879464808	0.0	(-0.5806757879464808+0j)
-0.76	-0.5776	-3.178690137652536e-05	-0.5776317877239433	0.0	(-0.5776317877239433+0j)
-0.758	-0.574564	-3.178666841924598e-05	-0.5745957874996864	0.0	(-0.5745957874996864+0j)
-0.756	-0.571536	-3.178643361065479e-05	-0.571567787273698	0.0	(-0.571567787273698+0j)
-0.754	-0.568516	-3.178619693108319e-05	-0.568547787045951	0.0	(-0.568547787045951+0j)
-0.752	-0.565504	-3.178595836060069e-05	-0.5655357868164314	0.0	(-0.5655357868164314+0j)
-0.75	-0.5625	-3.178571787901071e-05	-0.5625317865851257	0.0	(-0.5625317865851257+0j)
-0.748	-0.559504	-3.178547546584628e-05	-0.5595357863520083	0.0	(-0.5595357863520083+0j)
-0.746	-0.556516	-3.178523110036574e-05	-0.5565477861170625	0.0	(-0.5565477861170625+0j)
-0.744	-0.553536	-3.178498476154825e-05	-0.5535677858802708	0.0	(-0.5535677858802708+0j)
-0.742	-0.5505639999999999	-3.1784736428089285e-05	-0.5505957856416098	0.0	(-0.5505957856416098+0j)
-0.74	-0.5476	-3.1784486078396046e-05	-0.5476317854010682	0.0	(-0.5476317854010682+0j)
-0.738	-0.544644	-3.178423369058274e-05	-0.5446757851586225	0.0	(-0.5446757851586225+0j)
-0.736	-0.541696	-3.178397924246582e-05	-0.5417277849142542	0.0	(-0.5417277849142542+0j)
-0.734	-0.538756	-3.178372271155909e-05	-0.5387877846679363	0.0	(-0.5387877846679363+0j)
-0.732	-0.535824	-3.1783464075068755e-05	-0.5358557844196558	0.0	(-0.5358557844196558+0j)
-0.73	-0.5328999999999999	-3.178320330988835e-05	-0.5329317841693857	0.0	(-0.5329317841693857+0j)
-0.728	-0.529984	-3.1782940392593564e-05	-0.530015783917104	0.0	(-0.530015783917104+0j)
-0.726	-0.527076	-3.178267529943701e-05	-0.5271077836627986	0.0	(-0.5271077836627986+0j)
-0.724	-0.524176	-3.178240800634284e-05	-0.5242077834064438	0.0	(-0.5242077834064438+0j)
-0.722	-0.521284	-3.178213848890127e-05	-0.5213157831480113	0.0	(-0.5213157831480113+0j)
-0.72	-0.5184	-3.178186672236305e-05	-0.5184317828874863	0.0	(-0.5184317828874863+0j)
-0.718	-0.515524	-3.178159268163373e-05	-0.5155557826248459	0.0	(-0.5155557826248459+0j)
-0.716	-0.512656	-3.17813163412679e-05	-0.5126877823600643	0.0	(-0.5126877823600643+0j)
-0.714	-0.5097959999999999	-3.178103767546327e-05	-0.5098277820931219	0.0	(-0.5098277820931219+0j)
-0.712	-0.506944	-3.1780756658054644e-05	-0.5069757818239861	0.0	(-0.5069757818239861+0j)
-0.71	-0.5041	-3.178047326250781e-05	-0.5041317815526472	0.0	(-0.5041317815526472+0j)
-0.708	-0.5012639999999999	-3.1780187461913204e-05	-0.5012957812790704	0.0	(-0.5012957812790704+0j)
-0.706	-0.49843599999999993	-3.177989922897962e-05	-0.49846778100323186	0.0	(-0.49846778100323186+0j)
-0.704	-0.49561599999999995	-3.17796085360276e-05	-0.49564778072511423	0.0	(-0.49564778072511423+0j)
-0.7020000000000001	-0.4928040000000001	-3.1779315354982865e-05	-0.492835780444688	0.0	(-0.492835780444688+0j)
-0.7000000000000001	-0.4900000000000001	-3.177901965736947e-05	-0.49003178016192656	0.0	(-0.49003178016192656+0j)
-0.6980000000000001	-0.4872040000000001	-3.177872141430294e-05	-0.487235779876802	0.0	(-0.487235779876802+0j)
-0.6960000000000001	-0.48441600000000007	-3.177842059648321e-05	-0.4844477795892974	0.0	(-0.4844477795892974+0j)
-0.6940000000000001	-0.48163600000000006	-3.177811717418739e-05	-0.4816677792993768	0.0	(-0.4816677792993768+0j)
-0.6920000000000001	-0.47886400000000007	-3.177781111726246e-05	-0.4788957790070187	0.0	(-0.4788957790070187+0j)
-0.6900000000000001	-0.4761000000000001	-3.1777502395117774e-05	-0.47613177871219475	0.0	(-0.47613177871219475+0j)
-0.6880000000000001	-0.4733440000000001	-3.1777190976717395e-05	-0.47337577841487327	0.0	(-0.47337577841487327+0j)
-0.686	-0.47059600000000007	-3.1776876830572324e-05	-0.4706277781150305	0.0	(-0.4706277781150305+0j)
-0.684	-0.46785600000000005	-3.177655992473251e-05	-0.46788777781263996	0.0	(-0.46788777781263996+0j)
-0.682	-0.4651240000000001	-3.177624022677876e-05	-0.46515577750766635	0.0	(-0.46515577750766635+0j)
-0.68	-0.4624000000000001	-3.1775917703814396e-05	-0.4624317772000936	0.0	(-0.4624317772000936+0j)
-0.678	-0.45968400000000004	-3.1775592322456864e-05	-0.4597157768898765	0.0	(-0.4597157768898765+0j)
-0.676	-0.45697600000000005	-3.177526404882902e-05	-0.4570077765769895	0.0	(-0.4570077765769895+0j)
-0.674	-0.45427600000000007	-3.177493284855036e-05	-0.4543077762614114	0.0	(-0.4543077762614114+0j)
-0.672	-0.45158400000000004	-3.1774598686728025e-05	-0.4516157759431026	0.0	(-0.4516157759431026+0j)
-0.67	-0.4489000000000001	-3.1774261527947564e-05	-0.44893177562203357	0.0	(-0.44893177562203357+0j)
-0.668	-0.44622400000000007	-3.177392133626358e-05	-0.4462557752981691	0.0	(-0.4462557752981691+0j)
-0.666	-0.44355600000000006	-3.177357807519015e-05	-0.4435877749714858	0.0	(-0.4435877749714858+0j)
-0.664	-0.44089600000000007	-3.1773231707691054e-05	-0.44092777464194366	0.0	(-0.44092777464194366+0j)
-0.662	-0.438244	-3.177288219616974e-05	-0.43827577430951525	0.0	(-0.43827577430951525+0j)
-0.66	-0.43560000000000004	-3.177252950245918e-05	-0.4356317739741644	0.0	(-0.4356317739741644+0j)
-0.658	-0.432964	-3.177217358781139e-05	-0.4329957736358472	0.0	(-0.4329957736358472+0j)
-0.656	-0.43033600000000005	-3.177181441288684e-05	-0.4303677732945445	0.0	(-0.4303677732945445+0j)
-0.654	-0.42771600000000004	-3.177145193774355e-05	-0.4277477729502169	0.0	(-0.4277477729502169+0j)
-0.652	-0.42510400000000004	-3.1771086121825984e-05	-0.4251357726028276	0.0	(-0.4251357726028276+0j)
-0.65	-0.42250000000000004	-3.177071692395373e-05	-0.42253177225233984	0.0	(-0.42253177225233984+0j)
-0.648	-0.419904	-3.177034430230991e-05	-0.4199357718987148	0.0	(-0.4199357718987148+0j)
-0.646	-0.417316	-3.176996821442929e-05	-0.4173477715419174	0.0	(-0.4173477715419174+0j)
-0.644	-0.41473600000000005	-3.176958861718625e-05	-0.4147677711819142	0.0	(-0.4147677711819142+0j)
-0.642	-0.41216400000000003	-3.176920546678236e-05	-0.4121957708186638	0.0	(-0.4121957708186638+0j)
-0.64	-0.4096	-3.17688187187338e-05	-0.4096317704521241	0.0	(-0.4096317704521241+0j)
-0.638	-0.407044	-3.1768428327858375e-05	-0.40707577008225926	0.0	(-0.40707577008225926+0j)
-0.636	-0.404496	-3.176803424826242e-05	-0.4045277697090305	0.0	(-0.4045277697090305+0j)
-0.634	-0.40195600000000004	-3.176763643332721e-05	-0.4019877693323977	0.0	(-0.4019877693323977+0j)
-0.632	-0.399424	-3.1767234835695245e-05	-0.39945576895231427	0.0	(-0.39945576895231427+0j)
-0.63	-0.39690000000000003	-3.1766829407256106e-05	-0.3969317685687439	0.0	(-0.3969317685687439+0j)
-0.628	-0.394384	-3.1766420099132084e-05	-0.39441576818164176	0.0	(-0.39441576818164176+0j)
-0.626	-0.391876	-3.176600686166341e-05	-0.39190776779096664	0.0	(-0.39190776779096664+0j)
-0.624	-0.389376	-3.1765589644393247e-05	-0.3894077673966719	0.0	(-0.3894077673966719+0j)
-0.622	-0.386884	-3.1765168396052214e-05	-0.3869157669987176	0.0	(-0.3869157669987176+0j)
-0.62	-0.3844	-3.176474306454269e-05	-0.38443176659705564	0.0	(-0.38443176659705564+0j)
-0.618	-0.381924	-3.17643135969227e-05	-0.38195576619164034	0.0	(-0.38195576619164034+0j)
-0.616	-0.379456	-3.17638799393894e-05	-0.37948776578242793	0.0	(-0.37948776578242793+0j)
-0.614	-0.376996	-3.1763442037262284e-05	-0.3770277653693676	0.0	(-0.3770277653693676+0j)
-0.612	-0.374544	-3.17629998349659e-05	-0.3745757649524164	0.0	(-0.3745757649524164+0j)
-0.61	-0.3721	-3.176255327601222e-05	-0.3721317645315213	0.0	(-0.3721317645315213+0j)
-0.608	-0.369664	-3.1762102302982646e-05	-0.3696957641066354	0.0	(-0.3696957641066354+0j)
-0.606	-0.367236	-3.176164685750948e-05	-0.36726776367770747	0.0	(-0.36726776367770747+0j)
-0.604	-0.364816	-3.17611868802571e-05	-0.36484776324468604	0.0	(-0.36484776324468604+0j)
-0.602	-0.36240399999999995	-3.17607223109026e-05	-0.36243576280752304	0.0	(-0.36243576280752304+0j)
-0.6	-0.36	-3.1760253088116004e-05	-0.36003176236616574	0.0	(-0.36003176236616574+0j)
-0.598	-0.357604	-3.1759779149540065e-05	-0.357635761920557	0.0	(-0.357635761920557+0j)
-0.596	-0.355216	-3.17593004317695e-05	-0.3552477614706433	0.0	(-0.3552477614706433+0j)
-0.594	-0.352836	-3.1758816870329825e-05	-0.3528677610163748	0.0	(-0.3528677610163748+0j)
-0.592	-0.35046399999999994	-3.1758328399655597e-05	-0.35049576055768966	0.0	(-0.35049576055768966+0j)
-0.59	-0.34809999999999997	-3.175783495306823e-05	-0.3481317600945391	0.0	(-0.3481317600945391+0j)
-0.588	-0.34574399999999994	-3.175733646275322e-05	-0.3457757596268575	0.0	(-0.3457757596268575+0j)
-0.586	-0.343396	-3.175683285973685e-05	-0.3434277591545901	0.0	(-0.3434277591545901+0j)
-0.584	-0.34105599999999997	-3.175632407386232e-05	-0.3410877586776773	0.0	(-0.3410877586776773+0j)
-0.582	-0.33872399999999997	-3.175581003376533e-05	-0.33875575819606013	0.0	(-0.33875575819606013+0j)
-0.58	-0.3364	-3.175529066684903e-05	-0.3364317577096723	0.0	(-0.3364317577096723+0j)
-0.578	-0.33408399999999994	-3.175476589925842e-05	-0.33411575721846093	0.0	(-0.33411575721846093+0j)
-0.5760000000000001	-0.33177600000000007	-3.1754235655854044e-05	-0.33180775672235	0.0	(-0.33180775672235+0j)
-0.5740000000000001	-0.3294760000000001	-3.175369986018514e-05	-0.3295077562212887	0.0	(-0.3295077562212887+0j)
-0.5720000000000001	-0.3271840000000001	-3.1753158434462055e-05	-0.3272157557152011	0.0	(-0.3272157557152011+0j)
-0.5700000000000001	-0.3249000000000001	-3.175261129952803e-05	-0.32493175520402745	0.0	(-0.32493175520402745+0j)
-0.5680000000000001	-0.3226240000000001	-3.175205837483022e-05	-0.32265575468769886	0.0	(-0.32265575468769886+0j)
-0.5660000000000001	-0.3203560000000001	-3.1751499578390105e-05	-0.3203877541661444	0.0	(-0.3203877541661444+0j)
-0.5640000000000001	-0.31809600000000005	-3.1750934826773065e-05	-0.31812775363929696	0.0	(-0.31812775363929696+0j)
-0.562	-0.31584400000000007	-3.1750364035057225e-05	-0.3158757531070819	0.0	(-0.3158757531070819+0j)
-0.56	-0.31360000000000005	-3.174978711680157e-05	-0.3136317525694337	0.0	(-0.3136317525694337+0j)
-0.558	-0.3113640000000001	-3.174920398401317e-05	-0.31139575202627373	0.0	(-0.31139575202627373+0j)
-0.556	-0.3091360000000001	-3.174861454711366e-05	-0.3091677514775285	0.0	(-0.3091677514775285+0j)
-0.554	-0.3069160000000001	-3.174801871490482e-05	-0.3069477509231256	0.0	(-0.3069477509231256+0j)
-0.552	-0.30470400000000003	-3.1747416394533294e-05	-0.3047357503629881	0.0	(-0.3047357503629881+0j)
-0.55	-0.30250000000000005	-3.174680749145443e-05	-0.3025317497970319	0.0	(-0.3025317497970319+0j)
-0.548	-0.30030400000000007	-3.174619190939516e-05	-0.30033574922518197	0.0	(-0.30033574922518197+0j)
-0.546	-0.29811600000000005	-3.1745569550315956e-05	-0.2981477486473586	0.0	(-0.2981477486473586+0j)
-0.544	-0.29593600000000003	-3.174494031437177e-05	-0.29596774806347914	0.0	(-0.29596774806347914+0j)
-0.542	-0.293764	-3.1744304099872026e-05	-0.2937957474734562	0.0	(-0.2937957474734562+0j)
-0.54	-0.2916	-3.174366080323948e-05	-0.29163174687720955	0.0	(-0.29163174687720955+0j)
-0.538	-0.28944400000000003	-3.174301031896812e-05	-0.28947574627465	0.0	(-0.28947574627465+0j)
-0.536	-0.28729600000000005	-3.174235253957984e-05	-0.28732774566569036	0.0	(-0.28732774566569036+0j)
-0.534	-0.285156	-3.1741687355580094e-05	-0.28518774505023853	0.0	(-0.28518774505023853+0j)
-0.532	-0.28302400000000005	-3.1741014655412314e-05	-0.2830557444282097	0.0	(-0.2830557444282097+0j)
-0.53	-0.28090000000000004	-3.1740334325411096e-05	-0.28093174379950747	0.0	(-0.28093174379950747+0j)
-0.528	-0.27878400000000003	-3.173964624975424e-05	-0.2788157431640391	0.0	(-0.2788157431640391+0j)
-0.526	-0.27667600000000003	-3.173895031041342e-05	-0.27670774252170927	0.0	(-0.27670774252170927+0j)
-0.524	-0.27457600000000004	-3.1738246387103564e-05	-0.2746077418724162	0.0	(-0.2746077418724162+0j)
-0.522	-0.272484	-3.173753435723088e-05	-0.2725157412160676	0.0	(-0.2725157412160676+0j)
-0.52	-0.27040000000000003	-3.173681409583948e-05	-0.2704317405525607	0.0	(-0.2704317405525607+0j)
-0.518	-0.268324	-3.1736085475556574e-05	-0.2683557398817885	0.0	(-0.2683557398817885+0j)
-0.516	-0.266256	-3.173534836653609e-05	-0.26628773920365173	0.0	(-0.26628773920365173+0j)
-0.514	-0.264196	-3.17346026364009e-05	-0.26422773851803916	0.0	(-0.26422773851803916+0j)
-0.512	-0.262144	-3.173384815018333e-05	-0.26217573782484865	0.0	(-0.26217573782484865+0j)
-0.51	-0.2601	-3.17330847702641e-05	-0.26013173712396764	0.0	(-0.26013173712396764+0j)
-0.508	-0.258064	-3.1732312356309567e-05	-0.2580957364152834	0.0	(-0.2580957364152834+0j)
-0.506	-0.256036	-3.1731530765207235e-05	-0.25606773569868263	0.0	(-0.25606773569868263+0j)
-0.504	-0.254016	-3.173073985099944e-05	-0.25404773497405064	0.0	(-0.25404773497405064+0j)
-0.502	-0.252004	-3.172993946481522e-05	-0.25203573424126635	0.0	(-0.25203573424126635+0j)
-0.5	-0.25	-3.172912945480025e-05	-0.250031733500212	0.0	(-0.250031733500212+0j)
-0.498	-0.248004	-3.172830966604482e-05	-0.24803573275076415	0.0	(-0.24803573275076415+0j)
-0.496	-0.24601599999999998	-3.172747994050973e-05	-0.24604773199280086	0.0	(-0.24604773199280086+0j)
-0.494	-0.244036	-3.172664011695017e-05	-0.24406773122619374	0.0	(-0.24406773122619374+0j)
-0.492	-0.242064	-3.172579003083733e-05	-0.24209573045081031	0.0	(-0.24209573045081031+0j)
-0.49	-0.24009999999999998	-3.172492951427785e-05	-0.2401317296665229	0.0	(-0.2401317296665229+0j)
-0.488	-0.238144	-3.172405839593087e-05	-0.23817572887319993	0.0	(-0.23817572887319993+0j)
-0.486	-0.236196	-3.1723176500922785e-05	-0.2362277280707014	0.0	(-0.2362277280707014+0j)
-0.484	-0.234256	-3.172228365075944e-05	-0.23428772725888825	0.0	(-0.23428772725888825+0j)
-0.482	-0.23232399999999997	-3.1721379663235803e-05	-0.23235572643762092	0.0	(-0.23235572643762092+0j)
-0.48	-0.2304	-3.172046435234303e-05	-0.2304317256067532	0.0	(-0.2304317256067532+0j)
-0.47800000000000004	-0.22848400000000005	-3.1719537528172735e-05	-0.22851572476614057	0.0	(-0.22851572476614057+0j)
-0.47600000000000003	-0.22657600000000003	-3.171859899681852e-05	-0.22660772391563372	0.0	(-0.22660772391563372+0j)
-0.47400000000000003	-0.22467600000000004	-3.171764856027449e-05	-0.22470772305507727	0.0	(-0.22470772305507727+0j)
-0.47200000000000003	-0.22278400000000004	-3.171668601633088e-05	-0.22281572218432263	0.0	(-0.22281572218432263+0j)
-0.47000000000000003	-0.22090000000000004	-3.171571115846642e-05	-0.22093172130320682	0.0	(-0.22093172130320682+0j)
-0.468	-0.21902400000000002	-3.171472377573761e-05	-0.21905572041157087	0.0	(-0.21905572041157087+0j)
-0.466	-0.21715600000000002	-3.1713723652664545e-05	-0.2171877195092494	0.0	(-0.2171877195092494+0j)
-0.464	-0.21529600000000002	-3.171271056911339e-05	-0.215327718596075	0.0	(-0.215327718596075+0j)
-0.462	-0.21344400000000002	-3.1711684300175215e-05	-0.21347571767188153	0.0	(-0.21347571767188153+0j)
-0.46	-0.2116	-3.171064461604115e-05	-0.21163171673649012	0.0	(-0.21163171673649012+0j)
-0.458	-0.209764	-3.170959128187374e-05	-0.20979571578972797	0.0	(-0.20979571578972797+0j)
-0.456	-0.207936	-3.170852405767431e-05	-0.20796771483141402	0.0	(-0.20796771483141402+0j)
-0.454	-0.20611600000000002	-3.170744269814627e-05	-0.20614771386136443	0.0	(-0.20614771386136443+0j)
-0.452	-0.204304	-3.170634695255411e-05	-0.2043357128793903	0.0	(-0.2043357128793903+0j)
-0.45	-0.2025	-3.170523656457806e-05	-0.20253171188530536	0.0	(-0.20253171188530536+0j)
-0.448	-0.20070400000000002	-3.1704111272164226e-05	-0.20073571087891168	0.0	(-0.20073571087891168+0j)
-0.446	-0.198916	-3.170297080736988e-05	-0.19894770986001098	0.0	(-0.19894770986001098+0j)
-0.444	-0.197136	-3.1701814896204e-05	-0.19716770882840398	0.0	(-0.19716770882840398+0j)
-0.442	-0.195364	-3.170064325846269e-05	-0.19539570778388146	0.0	(-0.19539570778388146+0j)
-0.44	-0.1936	-3.169945560755932e-05	-0.19363170672623514	0.0	(-0.19363170672623514+0j)
-0.438	-0.191844	-3.1698251650349295e-05	-0.1918757056552516	0.0	(-0.1918757056552516+0j)
-0.436	-0.190096	-3.169703108694914e-05	-0.19012770457071093	0.0	(-0.19012770457071093+0j)
-0.434	-0.188356	-3.169579361054973e-05	-0.18838770347239303	0.0	(-0.18838770347239303+0j)
-0.432	-0.18662399999999998	-3.1694538907223464e-05	-0.18665570236006773	0.0	(-0.18665570236006773+0j)
-0.43	-0.18489999999999998	-3.169326665572518e-05	-0.184931701233506	0.0	(-0.184931701233506+0j)
-0.428	-0.18318399999999999	-3.169197652728649e-05	-0.18321570009247032	0.0	(-0.18321570009247032+0j)
-0.426	-0.181476	-3.169066818540334e-05	-0.18150769893672047	0.0	(-0.18150769893672047+0j)
-0.424	-0.179776	-3.168934128561661e-05	-0.17980769776601122	0.0	(-0.17980769776601122+0j)
-0.422	-0.178084	-3.1687995475285344e-05	-0.17811569658009146	0.0	(-0.17811569658009146+0j)
-0.42	-0.17639999999999997	-3.16866303933524e-05	-0.1764316953787048	0.0	(-0.1764316953787048+0j)
-0.418	-0.174724	-3.1685245670102336e-05	-0.17475569416159265	0.0	(-0.17475569416159265+0j)
-0.41600000000000004	-0.17305600000000004	-3.168384092691097e-05	-0.17308769292848764	0.0	(-0.17308769292848764+0j)
-0.41400000000000003	-0.17139600000000002	-3.1682415775986576e-05	-0.17142769167912011	0.0	(-0.17142769167912011+0j)
-0.41200000000000003	-0.16974400000000003	-3.168096982010223e-05	-0.16977569041321058	0.0	(-0.16977569041321058+0j)
-0.41000000000000003	-0.16810000000000003	-3.1679502652318964e-05	-0.16813168913047855	0.0	(-0.16813168913047855+0j)
-0.40800000000000003	-0.16646400000000003	-3.167801385569943e-05	-0.16649568783063595	0.0	(-0.16649568783063595+0j)
-0.406	-0.164836	-3.167650300301165e-05	-0.16486768651338887	0.0	(-0.16486768651338887+0j)
-0.404	-0.16321600000000003	-3.16749696564225e-05	-0.16324768517843485	0.0	(-0.16324768517843485+0j)
-0.402	-0.16160400000000003	-3.167341336718044e-05	-0.16163568382547164	0.0	(-0.16163568382547164+0j)
-0.4	-0.16000000000000003	-3.167183367528717e-05	-0.16003168245418492	0.0	(-0.16003168245418492+0j)
-0.398	-0.15840400000000002	-3.167023010915769e-05	-0.15843568106425643	0.0	(-0.15843568106425643+0j)
-0.396	-0.156816	-3.1668602185268266e-05	-0.15684767965535823	0.0	(-0.15684767965535823+0j)
-0.394	-0.155236	-3.166694940779194e-05	-0.1552676782271625	0.0	(-0.1552676782271625+0j)
-0.392	-0.15366400000000002	-3.166527126822091e-05	-0.15369567677932536	0.0	(-0.15369567677932536+0j)
-0.39	-0.1521	-3.166356724497536e-05	-0.15213167531150534	0.0	(-0.15213167531150534+0j)
-0.388	-0.150544	-3.166183680299816e-05	-0.15057567382334752	0.0	(-0.15057567382334752+0j)
-0.386	-0.14899600000000002	-3.1660079393334746e-05	-0.14902767231449104	0.0	(-0.14902767231449104+0j)
-0.384	-0.147456	-3.165829445269776e-05	-0.14748767078456712	0.0	(-0.14748767078456712+0j)
-0.382	-0.145924	-3.165648140301557e-05	-0.1459556692332031	0.0	(-0.1459556692332031+0j)
-0.38	-0.1444	-3.165463965096423e-05	-0.1444316676600128	0.0	(-0.1444316676600128+0j)
-0.378	-0.142884	-3.1652768587481956e-05	-0.14291566606460557	0.0	(-0.14291566606460557+0j)
-0.376	-0.141376	-3.165086758726556e-05	-0.1414076644465815	0.0	(-0.1414076644465815+0j)
-0.374	-0.139876	-3.1648936008247925e-05	-0.13990766280553377	0.0	(-0.13990766280553377+0j)
-0.372	-0.138384	-3.16469731910558e-05	-0.1384156611410443	0.0	(-0.1384156611410443+0j)
-0.37	-0.1369	-3.164497845844697e-05	-0.13693165945268862	0.0	(-0.13693165945268862+0j)
-0.368	-0.135424	-3.1642951114726074e-05	-0.13545565774003268	0.0	(-0.13545565774003268+0j)
-0.366	-0.133956	-3.1640890445137826e-05	-0.13398765600263216	0.0	(-0.13398765600263216+0j)
-0.364	-0.132496	-3.163879571523706e-05	-0.13252765424003418	0.0	(-0.13252765424003418+0j)
-0.362	-0.131044	-3.163666617023414e-05	-0.13107565245178013	0.0	(-0.13107565245178013+0j)
-0.36	-0.1296	-3.1634501034315e-05	-0.1296316506373932	0.0	(-0.1296316506373932+0j)
-0.358	-0.128164	-3.1632299509934396e-05	-0.12819564879639486	0.0	(-0.12819564879639486+0j)
-0.356	-0.126736	-3.1630060777081386e-05	-0.12676764692829046	0.0	(-0.12676764692829046+0j)
-0.354	-0.12531599999999998	-3.162778399251562e-05	-0.12534764503258206	0.0	(-0.12534764503258206+0j)
-0.352	-0.12390399999999999	-3.162546828897321e-05	-0.12393564310875202	0.0	(-0.12393564310875202+0j)
-0.35000000000000003	-0.12250000000000003	-3.162311277434067e-05	-0.12253164115627944	0.0	(-0.12253164115627944+0j)
-0.34800000000000003	-0.12110400000000002	-3.162071653079564e-05	-0.12113563917462977	0.0	(-0.12113563917462977+0j)
-0.34600000000000003	-0.11971600000000002	-3.1618278613912636e-05	-0.11974763716325512	0.0	(-0.11974763716325512+0j)
-0.34400000000000003	-0.11833600000000002	-3.161579805173237e-05	-0.11836763512160069	0.0	(-0.11836763512160069+0j)
-0.342	-0.11696400000000001	-3.161327384379284e-05	-0.11699563304909626	0.0	(-0.11699563304909626+0j)
-0.34	-0.11560000000000002	-3.161070496012039e-05	-0.11563163094516071	0.0	(-0.11563163094516071+0j)
-0.338	-0.11424400000000001	-3.160809034017887e-05	-0.1142756288092026	0.0	(-0.1142756288092026+0j)
-0.336	-0.11289600000000001	-3.1605428891774905e-05	-0.11292762664061536	0.0	(-0.11292762664061536+0j)
-0.334	-0.11155600000000002	-3.16027194899171e-05	-0.11158762443878266	0.0	(-0.11158762443878266+0j)
-0.332	-0.11022400000000002	-3.159996097562701e-05	-0.11025562220307152	0.0	(-0.11025562220307152+0j)
-0.33	-0.10890000000000001	-3.1597152154699514e-05	-0.1089316199328403	0.0	(-0.1089316199328403+0j)
-0.328	-0.10758400000000001	-3.159429179641016e-05	-0.10761561762743106	0.0	(-0.10761561762743106+0j)
-0.326	-0.10627600000000001	-3.159137863216672e-05	-0.10630761528617404	0.0	(-0.10630761528617404+0j)
-0.324	-0.104976	-3.158841135410244e-05	-0.10500761290838581	0.0	(-0.10500761290838581+0j)
-0.322	-0.10368400000000001	-3.158538861360781e-05	-0.10371561049336847	0.0	(-0.10371561049336847+0j)
-0.32	-0.1024	-3.158230901979798e-05	-0.10243160804040909	0.0	(-0.10243160804040909+0j)
-0.318	-0.101124	-3.157917113791248e-05	-0.10115560554878232	0.0	(-0.10115560554878232+0j)
-0.316	-0.099856	-3.1575973487643776e-05	-0.09988760301774774	0.0	(-0.09988760301774774+0j)
-0.314	-0.098596	-3.1572714541391125e-05	-0.09862760044654859	0.0	(-0.09862760044654859+0j)
-0.312	-0.097344	-3.1569392722435784e-05	-0.09737559783441704	0.0	(-0.09737559783441704+0j)
-0.31	-0.0961	-3.156600640303356e-05	-0.09613159518056617	0.0	(-0.09613159518056617+0j)
-0.308	-0.094864	-3.15625539024204e-05	-0.09489559248419635	0.0	(-0.09489559248419635+0j)
-0.306	-0.093636	-3.155903348472638e-05	-0.09366758974449096	0.0	(-0.09366758974449096+0j)
-0.304	-0.092416	-3.1555443356793375e-05	-0.0924475869606205	0.0	(-0.0924475869606205+0j)
-0.302	-0.091204	-3.1551781665891204e-05	-0.09123558413173766	0.0	(-0.09123558413173766+0j)
-0.3	-0.09	-3.154804649732681e-05	-0.09003158125698056	0.0	(-0.09003158125698056+0j)
-0.298	-0.088804	-3.154423587194081e-05	-0.08883557833547154	0.0	(-0.08883557833547154+0j)
-0.296	-0.08761599999999999	-3.154034774348518e-05	-0.08764757536631693	0.0	(-0.08764757536631693+0j)
-0.294	-0.08643599999999999	-3.153637999587567e-05	-0.08646757234860776	0.0	(-0.08646757234860776+0j)
-0.292	-0.08526399999999999	-3.1532330440312085e-05	-0.08529556928141988	0.0	(-0.08529556928141988+0j)
-0.29	-0.0841	-3.1528196812258934e-05	-0.08413156616381245	0.0	(-0.08413156616381245+0j)
-0.28800000000000003	-0.08294400000000002	-3.152397676827896e-05	-0.08297556299483028	0.0	(-0.08297556299483028+0j)
-0.28600000000000003	-0.08179600000000002	-3.1519667882711024e-05	-0.08182755977350248	0.0	(-0.08182755977350248+0j)
-0.28400000000000003	-0.08065600000000002	-3.151526764418368e-05	-0.08068755649884267	0.0	(-0.08068755649884267+0j)
-0.28200000000000003	-0.07952400000000001	-3.151077345195505e-05	-0.0795555531698507	0.0	(-0.0795555531698507+0j)
-0.28	-0.07840000000000001	-3.1506182612069075e-05	-0.07843154978551144	0.0	(-0.07843154978551144+0j)
-0.278	-0.07728400000000002	-3.1501492333317434e-05	-0.07731554634479493	0.0	(-0.07731554634479493+0j)
-0.276	-0.07617600000000001	-3.149669972299597e-05	-0.07620754284665941	0.0	(-0.07620754284665941+0j)
-0.274	-0.07507600000000002	-3.149180178244344e-05	-0.075107539290048	0.0	(-0.075107539290048+0j)
-0.272	-0.07398400000000001	-3.1486795402349884e-05	-0.07401553567389367	0.0	(-0.07401553567389367+0j)
-0.27	-0.0729	-3.1481677357820725e-05	-0.07293153199711712	0.0	(-0.07293153199711712+0j)
-0.268	-0.07182400000000001	-3.147644430318215e-05	-0.07185552825862687	0.0	(-0.07185552825862687+0j)
-0.266	-0.07075600000000001	-3.147109276651204e-05	-0.07078752445732389	0.0	(-0.07078752445732389+0j)
-0.264	-0.06969600000000001	-3.1465619143879765e-05	-0.0697275205920978	0.0	(-0.0697275205920978+0j)
-0.262	-0.06864400000000001	-3.1460019693277046e-05	-0.06867551666183633	0.0	(-0.06867551666183633+0j)
-0.26	-0.06760000000000001	-3.145429052822074e-05	-0.06763151266541445	0.0	(-0.06763151266541445+0j)
-0.258	-0.066564	-3.1448427611007165e-05	-0.06659550860170808	0.0	(-0.06659550860170808+0j)
-0.256	-0.065536	-3.144242674559612e-05	-0.06556750446958955	0.0	(-0.06556750446958955+0j)
-0.254	-0.064516	-3.143628357010107e-05	-0.06454750026793005	0.0	(-0.06454750026793005+0j)
-0.252	-0.063504	-3.142999354886056e-05	-0.0635354959956016	0.0	(-0.0635354959956016+0j)
-0.25	-0.0625	-3.142355196406382e-05	-0.06253149165148478	0.0	(-0.06253149165148478+0j)
-0.248	-0.061503999999999996	-3.141695390690171e-05	-0.061535487234464545	0.0	(-0.061535487234464545+0j)
-0.246	-0.060516	-3.141019426821212e-05	-0.06054748274343753	0.0	(-0.06054748274343753+0j)
-0.244	-0.059536	-3.140326772858628e-05	-0.05956747817731467	0.0	(-0.05956747817731467+0j)
-0.242	-0.058564	-3.139616874790056e-05	-0.058595473535023805	0.0	(-0.058595473535023805+0j)
-0.24	-0.0576	-3.138889155423492e-05	-0.05763146881551647	0.0	(-0.05763146881551647+0j)
-0.23800000000000002	-0.05664400000000001	-3.138143013213687e-05	-0.05667546401777207	0.0	(-0.05667546401777207+0j)
-0.23600000000000002	-0.05569600000000001	-3.137377821018632e-05	-0.05572745914080085	0.0	(-0.05572745914080085+0j)
-0.234	-0.054756000000000006	-3.136592924781323e-05	-0.05478745418365242	0.0	(-0.05478745418365242+0j)
-0.232	-0.053824000000000004	-3.135787642131636e-05	-0.0538554491454219	0.0	(-0.0538554491454219+0j)
-0.23	-0.0529	-3.13496126090274e-05	-0.05293144402525584	0.0	(-0.05293144402525584+0j)
-0.228	-0.051984	-3.134113037556006e-05	-0.05201543882236023	0.0	(-0.05201543882236023+0j)
-0.226	-0.051076	-3.133242195507921e-05	-0.0511074335360125	0.0	(-0.0511074335360125+0j)
-0.224	-0.050176000000000005	-3.132347923351971e-05	-0.05020742816556677	0.0	(-0.05020742816556677+0j)
-0.222	-0.049284	-3.1314293729678816e-05	-0.049315422710466884	0.0	(-0.049315422710466884+0j)
-0.22	-0.0484	-3.130485657510007e-05	-0.048431417170256834	0.0	(-0.048431417170256834+0j)
-0.218	-0.047524	-3.129515849265936e-05	-0.04755541154459631	0.0	(-0.04755541154459631+0j)
-0.216	-0.046655999999999996	-3.1285189773756655e-05	-0.04668740583327185	0.0	(-0.04668740583327185+0j)
-0.214	-0.045795999999999996	-3.1274940254008746e-05	-0.04582740003621457	0.0	(-0.04582740003621457+0j)
-0.212	-0.044944	-3.1264399287329245e-05	-0.04497539415351674	0.0	(-0.04497539415351674+0j)
-0.21	-0.04409999999999999	-3.125355571827242e-05	-0.04413138818545268	0.0	(-0.04413138818545268+0j)
-0.20800000000000002	-0.04326400000000001	-3.1242397852506673e-05	-0.04329538213249606	0.0	(-0.04329538213249606+0j)
-0.20600000000000002	-0.04243600000000001	-3.1230913425271724e-05	-0.042467375995345995	0.0	(-0.042467375995345995+0j)
-0.20400000000000001	-0.04161600000000001	-3.121908956766051e-05	-0.041647369774953105	0.0	(-0.041647369774953105+0j)
-0.202	-0.04080400000000001	-3.120691277055279e-05	-0.04083536347254604	0.0	(-0.04083536347254604+0j)
-0.2	-0.04000000000000001	-3.1194368846011486e-05	-0.04003135708966313	0.0	(-0.04003135708966313+0j)
-0.198	-0.039204	-3.1181442885935864e-05	-0.03923535062818716	0.0	(-0.03923535062818716+0j)
-0.196	-0.038416000000000006	-3.116811921774644e-05	-0.03844734409038286	0.0	(-0.03844734409038286+0j)
-0.194	-0.037636	-3.115438135685544e-05	-0.0376673374789383	0.0	(-0.0376673374789383+0j)
-0.192	-0.036864	-3.1140211955653824e-05	-0.03689533079701138	0.0	(-0.03689533079701138+0j)
-0.19	-0.0361	-3.11255927487197e-05	-0.03613132404828062	0.0	(-0.03613132404828062+0j)
-0.188	-0.035344	-3.1110504493925034e-05	-0.03537531723700084	0.0	(-0.03537531723700084+0j)
-0.186	-0.034596	-3.109492690908599e-05	-0.03462731036806528	0.0	(-0.03462731036806528+0j)
-0.184	-0.033856	-3.1078838603767086e-05	-0.03388730344707409	0.0	(-0.03388730344707409+0j)
-0.182	-0.033124	-3.106221700581104e-05	-0.03315529648040893	0.0	(-0.03315529648040893+0j)
-0.18	-0.0324	-3.104503828212279e-05	-0.03243128947531782	0.0	(-0.03243128947531782+0j)
-0.178	-0.031684	-3.102727725318833e-05	-0.031715282440005474	0.0	(-0.031715282440005474+0j)
-0.176	-0.030975999999999997	-3.100890730075564e-05	-0.031007275383736464	0.0	(-0.031007275383736464+0j)
-0.17400000000000002	-0.030276000000000004	-3.0989900268045365e-05	-0.030307268316947883	0.0	(-0.030307268316947883+0j)
-0.17200000000000001	-0.029584000000000006	-3.0970226351792287e-05	-0.02961526125137235	0.0	(-0.02961526125137235+0j)
-0.17	-0.028900000000000006	-3.094985398534435e-05	-0.028931254200178377	0.0	(-0.028931254200178377+0j)
-0.168	-0.028224000000000003	-3.0928749711962426e-05	-0.028255247178120967	0.0	(-0.028255247178120967+0j)
-0.166	-0.027556000000000004	-3.090687804737082e-05	-0.027587240201712226	0.0	(-0.027587240201712226+0j)
-0.164	-0.026896000000000003	-3.088420133050343e-05	-0.026927233289407777	0.0	(-0.026927233289407777+0j)
-0.162	-0.026244	-3.086067956127256e-05	-0.026275226461815245	0.0	(-0.026275226461815245+0j)
-0.16	-0.0256	-3.0836270224054736e-05	-0.025631219741923866	0.0	(-0.025631219741923866+0j)
-0.158	-0.024964	-3.081092809543793e-05	-0.024995213155360716	0.0	(-0.024995213155360716+0j)
-0.156	-0.024336	-3.078460503460598e-05	-0.024367206730674197	0.0	(-0.024367206730674197+0j)
-0.154	-0.023716	-3.075724975454453e-05	-0.0237472004996485	0.0	(-0.0237472004996485+0j)
-0.152	-0.023104	-3.072880757203662e-05	-0.023135194497653788	0.0	(-0.023135194497653788+0j)
-0.15	-0.0225	-3.0699220134170724e-05	-0.022531188764033698	0.0	(-0.022531188764033698+0j)
-0.148	-0.021903999999999996	-3.0668425118805e-05	-0.02193518334253827	0.0	(-0.02193518334253827+0j)
-0.146	-0.021315999999999998	-3.063635590611434e-05	-0.02134717828180306	0.0	(-0.02134717828180306+0j)
-0.14400000000000002	-0.020736000000000004	-3.060294121798544e-05	-0.020767173635883013	0.0	(-0.020767173635883013+0j)
-0.14200000000000002	-0.020164000000000005	-3.0568104721611804e-05	-0.0201951694648463	0.0	(-0.0201951694648463+0j)
-0.14	-0.019600000000000003	-3.053176459316885e-05	-0.01963116583543524	0.0	(-0.01963116583543524+0j)
-0.138	-0.019044000000000002	-3.0493833036908003e-05	-0.019075162821800957	0.0	(-0.019075162821800957+0j)
-0.136	-0.018496000000000002	-3.0454215754387633e-05	-0.0185271605063225	0.0	(-0.0185271605063225+0j)
-0.134	-0.017956000000000003	-3.0412811357844913e-05	-0.017987158980517184	0.0	(-0.017987158980517184+0j)
-0.132	-0.017424000000000002	-3.036951072088986e-05	-0.0174551583460563	0.0	(-0.0174551583460563+0j)
-0.13	-0.016900000000000002	-3.0324196258754023e-05	-0.016931158715894002	0.0	(-0.016931158715894002+0j)
-0.128	-0.016384	-3.0276741129229574e-05	-0.016415160215524617	0.0	(-0.016415160215524617+0j)
-0.126	-0.015876	-3.0227008344165376e-05	-0.01590716298438398	0.0	(-0.01590716298438398+0j)
-0.124	-0.015375999999999999	-3.0174849779916223e-05	-0.015407167177406875	0.0	(-0.015407167177406875+0j)
-0.122	-0.014884	-3.012010507343684e-05	-0.01491517296676084	0.0	(-0.01491517296676084+0j)
-0.12	-0.0144	-3.006260038873497e-05	-0.014431180543774152	0.0	(-0.014431180543774152+0j)
-0.11800000000000001	-0.013924000000000002	-3.000214703610683e-05	-0.013955190121078133	0.0	(-0.013955190121078133+0j)
-0.116	-0.013456000000000001	-2.9938539923925665e-05	-0.01348720193498816	0.0	(-0.01348720193498816+0j)
-0.114	-0.012996	-2.9871555819693408e-05	-0.013027216248142385	0.0	(-0.013027216248142385+0j)
-0.112	-0.012544000000000001	-2.9800951393547334e-05	-0.012575233352427856	0.0	(-0.012575233352427856+0j)
-0.11	-0.0121	-2.9726461013397e-05	-0.012131253572219511	0.0	(-0.012131253572219511+0j)
-0.108	-0.011663999999999999	-2.964779425632312e-05	-0.011695277267956997	0.0	(-0.011695277267956997+0j)
-0.106	-0.011236	-2.956463309579642e-05	-0.011267304840092722	0.0	(-0.011267304840092722+0j)
-0.10400000000000001	-0.010816000000000003	-2.9476628718711482e-05	-0.010847336733434739	0.0	(-0.010847336733434739+0j)
-0.10200000000000001	-0.010404000000000002	-2.9383397920285707e-05	-0.010435373441916961	0.0	(-0.010435373441916961+0j)
-0.1	-0.010000000000000002	-2.928451901875312e-05	-0.010031415513823435	0.0	(-0.010031415513823435+0j)
-0.098	-0.009604000000000001	-2.9179527225837067e-05	-0.00963546355749355	0.0	(-0.00963546355749355+0j)
-0.096	-0.009216	-2.9067909403757493e-05	-0.009247518247533464	0.0	(-0.009247518247533464+0j)
-0.094	-0.008836	-2.8949098135820213e-05	-0.008867580331557498	0.0	(-0.008867580331557498+0j)
-0.092	-0.008464	-2.8822465036578554e-05	-0.008495650637478154	0.0	(-0.008495650637478154+0j)
-0.09	-0.0081	-2.8687313230689807e-05	-0.008131730081365767	0.0	(-0.008131730081365767+0j)
-0.088	-0.007743999999999999	-2.8542868938926173e-05	-0.0077758196758925344	0.0	(-0.0077758196758925344+0j)
-0.08600000000000001	-0.0073960000000000015	-2.8388272127894884e-05	-0.007427920539377543	0.0	(-0.007427920539377543+0j)
-0.084	-0.007056000000000001	-2.8222566209988348e-05	-0.007088033905451363	0.0	(-0.007088033905451363+0j)
-0.082	-0.006724000000000001	-2.8044686825569344e-05	-0.006756161133358055	0.0	(-0.006756161133358055+0j)
-0.08	-0.0064	-2.7853449804468018e-05	-0.006432303718922257	0.0	(-0.006432303718922257+0j)
-0.078	-0.006084	-2.7647538492800536e-05	-0.006116463306209084	0.0	(-0.006116463306209084+0j)
-0.076	-0.005776	-2.7425490748031035e-05	-0.00580864169991348	0.0	(-0.00580864169991348+0j)
-0.074	-0.005475999999999999	-2.7185686053526114e-05	-0.005508840878507751	0.0	(-0.005508840878507751+0j)
-0.07200000000000001	-0.005184000000000001	-2.6926333385647162e-05	-0.005217063008163084	0.0	(-0.005217063008163084+0j)
-0.07	-0.004900000000000001	-2.664546068148219e-05	-0.0049333104574184015	0.0	(-0.0049333104574184015+0j)
-0.068	-0.0046240000000000005	-2.634090700014826e-05	-0.004657585812490591	0.0	(-0.004657585812490591+0j)
-0.066	-0.0043560000000000005	-2.6010318737343234e-05	-0.004389891892978216	0.0	(-0.004389891892978216+0j)
-0.064	-0.004096	-2.565115152821794e-05	-0.00413023176750651	0.0	(-0.00413023176750651+0j)
-0.062	-0.0038439999999999998	-2.5260679738131157e-05	-0.0038786087685313405	0.0	(-0.0038786087685313405+0j)
-0.06	-0.0036	-2.4836015668154922e-05	-0.0036350265050841143	0.0	(-0.0036350265050841143+0j)
-0.058	-0.0033640000000000002	-2.4374140759440352e-05	-0.0033994888716178877	0.0	(-0.0033994888716178877+0j)
-0.056	-0.0031360000000000003	-2.3871951129247735e-05	-0.0031720000502398478	0.0	(-0.0031720000502398478+0j)
-0.054	-0.0029159999999999998	-2.3326319669511307e-05	-0.002952564502284558	0.0	(-0.002952564502284558+0j)
-0.052000000000000005	-0.0027040000000000007	-2.273417664375266e-05	-0.0027411869429266435	0.0	(-0.0027411869429266435+0j)
-0.05	-0.0025000000000000005	-2.209261019140758e-05	-0.002537872288302835	0.0	(-0.002537872288302835+0j)
-0.048	-0.002304	-2.1398987360910196e-05	-0.0023426255560891535	0.0	(-0.0023426255560891535+0j)
-0.046	-0.002116	-2.0651095230232106e-05	-0.0021554516825846503	0.0	(-0.0021554516825846503+0j)
-0.044	-0.0019359999999999998	-1.984730034354374e-05	-0.001976355180667503	0.0	(-0.001976355180667503+0j)
-0.042	-0.0017640000000000002	-1.8986723129834086e-05	-0.0018053394772873186	0.0	(-0.0018053394772873186+0j)
-0.04	-0.0016	-1.8069422239374398e-05	-0.0016424055695588812	0.0	(-0.0016424055695588812+0j)
-0.038	-0.001444	-1.709658193524468e-05	-0.0014875491397129126	0.0	(-0.0014875491397129126+0j)
-0.036000000000000004	-0.0012960000000000003	-1.607069393920839e-05	-0.0013407538576505208	0.0	(-0.0013407538576505208+0j)
-0.034	-0.0011560000000000001	-1.4995723608896816e-05	-0.0012019737883049815	0.0	(-0.0012019737883049815+0j)
-0.032	-0.001024	-1.3877249186997347e-05	-0.0010710763147060006	0.0	(-0.0010710763147060006+0j)
-0.03	-0.0009	-1.2722562285075286e-05	-0.0009475698283223304	0.0	(-0.0009475698283223304+0j)
-0.028	-0.0007840000000000001	-1.1540717901553738e-05	-0.0008270307357282656	0.0	(-0.0008270307357282656+0j)
-0.026000000000000002	-0.0006760000000000002	-1.0342523247690253e-05	-0.0007537501741855521	-1.5440267566685877e-05	(-0.0007537501741855521-1.5440267566685877e-05j)
-0.024	-0.000576	-9.140456536508407e-06	-0.0007537501741855521	1.5440267566685877e-05	(-0.0007537501741855521+1.5440267566685877e-05j)
-0.022	-0.00048399999999999995	-7.948509677515259e-06	-0.0006381042280506086	0.0	(-0.0006381042280506086+0j)
-0.02	-0.0004	-6.781952433642494e-06	-0.0005468717689805238	0.0	(-0.0005468717689805238+0j)
-0.018000000000000002	-0.00032400000000000007	-5.657019869687218e-06	-0.0004651577502675402	0.0	(-0.0004651577502675402+0j)
-0.016	-0.000256	-4.590529605755662e-06	-0.0003921159333641806	0.0	(-0.0003921159333641806+0j)
-0.014	-0.00019600000000000002	-3.5994401692014525e-06	-0.0003271237084675667	0.0	(-0.0003271237084675667+0j)
-0.012	-0.000144	-2.7003662535135585e-06	-0.0002689293092817313	0.0	(-0.0002689293092817313+0j)
-0.01	-0.0001	-1.9090705667468343e-06	-0.00021546994048358232	0.0	(-0.00021546994048358232+0j)
-0.008	-6.4e-05	-1.2399548295490784e-06	-0.00016433100979425873	0.0	(-0.00016433100979425873+0j)
-0.006	-3.6e-05	-7.05574063921007e-07	-0.00011341005738955791	0.0	(-0.00011341005738955791+0j)
-0.004	-1.6e-05	-3.1619838830512087e-07	-6.0486722913241316e-05	0.0	(-6.0486722913241316e-05+0j)
-0.002	-4e-06	-7.944500804782373e-08	8.163703545636947e-18	-5.8186029032700114e-05	(8.163703545636947e-18-5.8186029032700114e-05j)
0.002	4e-06	7.944500804782373e-08	8.163703545636947e-18	5.8186029032700114e-05	(8.163703545636947e-18+5.8186029032700114e-05j)
0.004	1.6e-05	3.1619838830512087e-07	6.048672291324231e-05	0.0	(6.048672291324231e-05+0j)
0.006	3.6e-05	7.05574063921007e-07	0.00011341005738956283	0.0	(0.00011341005738956283+0j)
0.008	6.4e-05	1.2399548295490784e-06	0.00016433100979427532	0.0	(0.00016433100979427532+0j)
0.01	0.0001	1.9090705667468343e-06	0.00021546994048358845	0.0	(0.00021546994048358845+0j)
0.012	0.000144	2.7003662535135585e-06	0.00026892930928173607	0.0	(0.00026892930928173607+0j)
0.014	0.00019600000000000002	3.5994401692014525e-06	0.0003271237084675708	0.0	(0.0003271237084675708+0j)
0.016	0.000256	4.590529605755662e-06	0.0003921159333641769	0.0	(0.0003921159333641769+0j)
0.018000000000000002	0.00032400000000000007	5.657019869687218e-06	0.00046515775026751804	0.0	(0.00046515775026751804+0j)
0.02	0.0004	6.781952433642494e-06	0.0005468717689805361	0.0	(0.0005468717689805361+0j)
0.022	0.00048399999999999995	7.948509677515259e-06	0.0006381042280506194	0.0	(0.0006381042280506194+0j)
0.024	0.000576	9.140456536508407e-06	0.0007537501741855383	-1.5440267566643847e-05	(0.0007537501741855383-1.5440267566643847e-05j)
0.026000000000000002	0.0006760000000000002	1.0342523247690253e-05	0.0007537501741855383	1.5440267566643847e-05	(0.0007537501741855383+1.5440267566643847e-05j)
0.028	0.0007840000000000001	1.1540717901553738e-05	0.0008270307357283007	0.0	(0.0008270307357283007+0j)
0.03	0.0009	1.2722562285075286e-05	0.0009475698283223262	0.0	(0.0009475698283223262+0j)
0.032	0.001024	1.3877249186997347e-05	0.0010710763147060189	0.0	(0.0010710763147060189+0j)
0.034	0.0011560000000000001	1.4995723608896816e-05	0.0012019737883049685	0.0	(0.0012019737883049685+0j)
0.036000000000000004	0.0012960000000000003	1.607069393920839e-05	0.001340753857650528	0.0	(0.001340753857650528+0j)
0.038	0.001444	1.709658193524468e-05	0.0014875491397129323	0.0	(0.0014875491397129323+0j)
0.04	0.0016	1.8069422239374398e-05	0.0016424055695588807	0.0	(0.0016424055695588807+0j)
0.042	0.0017640000000000002	1.8986723129834086e-05	0.0018053394772873372	0.0	(0.0018053394772873372+0j)
0.044	0.0019359999999999998	1.984730034354374e-05	0.001976355180667519	0.0	(0.001976355180667519+0j)
0.046	0.002116	2.0651095230232106e-05	0.0021554516825846573	0.0	(0.0021554516825846573+0j)
0.048	0.002304	2.1398987360910196e-05	0.0023426255560891627	0.0	(0.0023426255560891627+0j)
0.05	0.0025000000000000005	2.209261019140758e-05	0.002537872288302834	0.0	(0.002537872288302834+0j)
0.052000000000000005	0.0027040000000000007	2.273417664375266e-05	0.0027411869429266583	0.0	(0.0027411869429266583+0j)
0.054	0.0029159999999999998	2.3326319669511307e-05	0.0029525645022845546	0.0	(0.0029525645022845546+0j)
0.056	0.0031360000000000003	2.3871951129247735e-05	0.0031720000502398725	0.0	(0.0031720000502398725+0j)
0.058	0.0033640000000000002	2.4374140759440352e-05	0.003399488871617958	0.0	(0.003399488871617958+0j)
0.06	0.0036	2.4836015668154922e-05	0.0036350265050841134	0.0	(0.0036350265050841134+0j)
0.062	0.0038439999999999998	2.5260679738131157e-05	0.003878608768531316	0.0	(0.003878608768531316+0j)
0.064	0.004096	2.565115152821794e-05	0.004130231767506569	0.0	(0.004130231767506569+0j)
0.066	0.0043560000000000005	2.6010318737343234e-05	0.004389891892978226	0.0	(0.004389891892978226+0j)
0.068	0.0046240000000000005	2.634090700014826e-05	0.004657585812490607	0.0	(0.004657585812490607+0j)
0.07	0.004900000000000001	2.664546068148219e-05	0.004933310457418435	0.0	(0.004933310457418435+0j)
0.07200000000000001	0.005184000000000001	2.6926333385647162e-05	0.005217063008163075	0.0	(0.005217063008163075+0j)
0.074	0.005475999999999999	2.7185686053526114e-05	0.005508840878507721	0.0	(0.005508840878507721+0j)
0.076	0.005776	2.7425490748031035e-05	0.005808641699913488	0.0	(0.005808641699913488+0j)
0.078	0.006084	2.7647538492800536e-05	0.006116463306209089	0.0	(0.006116463306209089+0j)
0.08	0.0064	2.7853449804468018e-05	0.0064323037189222415	0.0	(0.0064323037189222415+0j)
0.082	0.006724000000000001	2.8044686825569344e-05	0.006756161133358091	0.0	(0.006756161133358091+0j)
0.084	0.007056000000000001	2.8222566209988348e-05	0.007088033905451329	0.0	(0.007088033905451329+0j)
0.08600000000000001	0.0073960000000000015	2.8388272127894884e-05	0.007427920539377535	0.0	(0.007427920539377535+0j)
0.088	0.007743999999999999	2.8542868938926173e-05	0.007775819675892514	0.0	(0.007775819675892514+0j)
0.09	0.0081	2.8687313230689807e-05	0.00813173008136578	0.0	(0.00813173008136578+0j)
0.092	0.008464	2.8822465036578554e-05	0.008495650637478171	0.0	(0.008495650637478171+0j)
0.094	0.008836	2.8949098135820213e-05	0.008867580331557474	0.0	(0.008867580331557474+0j)
0.096	0.009216	2.9067909403757493e-05	0.009247518247533499	0.0	(0.009247518247533499+0j)
0.098	0.009604000000000001	2.9179527225837067e-05	0.009635463557493493	0.0	(0.009635463557493493+0j)
0.1	0.010000000000000002	2.928451901875312e-05	0.010031415513823395	0.0	(0.010031415513823395+0j)
0.10200000000000001	0.010404000000000002	2.9383397920285707e-05	0.01043537344191696	0.0	(0.01043537344191696+0j)
0.10400000000000001	0.010816000000000003	2.9476628718711482e-05	0.010847336733434689	0.0	(0.010847336733434689+0j)
0.106	0.011236	2.956463309579642e-05	0.011267304840092713	0.0	(0.011267304840092713+0j)
0.108	0.011663999999999999	2.964779425632312e-05	0.011695277267956968	0.0	(0.011695277267956968+0j)
0.11	0.0121	2.9726461013397e-05	0.012131253572219437	0.0	(0.012131253572219437+0j)
0.112	0.012544000000000001	2.9800951393547334e-05	0.012575233352427903	0.0	(0.012575233352427903+0j)
0.114	0.012996	2.9871555819693408e-05	0.013027216248142364	0.0	(0.013027216248142364+0j)
0.116	0.013456000000000001	2.9938539923925665e-05	0.013487201934988199	0.0	(0.013487201934988199+0j)
0.11800000000000001	0.013924000000000002	3.000214703610683e-05	0.013955190121078188	0.0	(0.013955190121078188+0j)
0.12	0.0144	3.006260038873497e-05	0.014431180543774047	0.0	(0.014431180543774047+0j)
0.122	0.014884	3.012010507343684e-05	0.014915172966760912	0.0	(0.014915172966760912+0j)
0.124	0.015375999999999999	3.0174849779916223e-05	0.015407167177407022	0.0	(0.015407167177407022+0j)
0.126	0.015876	3.0227008344165376e-05	0.015907162984384108	0.0	(0.015907162984384108+0j)
0.128	0.016384	3.0276741129229574e-05	0.01641516021552465	0.0	(0.01641516021552465+0j)
0.13	0.016900000000000002	3.0324196258754023e-05	0.01693115871589406	0.0	(0.01693115871589406+0j)
0.132	0.017424000000000002	3.036951072088986e-05	0.017455158346056432	0.0	(0.017455158346056432+0j)
0.134	0.017956000000000003	3.0412811357844913e-05	0.01798715898051726	0.0	(0.01798715898051726+0j)
0.136	0.018496000000000002	3.0454215754387633e-05	0.018527160506322575	0.0	(0.018527160506322575+0j)
0.138	0.019044000000000002	3.0493833036908003e-05	0.019075162821801005	0.0	(0.019075162821801005+0j)
0.14	0.019600000000000003	3.053176459316885e-05	0.019631165835435255	0.0	(0.019631165835435255+0j)
0.14200000000000002	0.020164000000000005	3.0568104721611804e-05	0.020195169464846337	0.0	(0.020195169464846337+0j)
0.14400000000000002	0.020736000000000004	3.060294121798544e-05	0.02076717363588306	0.0	(0.02076717363588306+0j)
0.146	0.021315999999999998	3.063635590611434e-05	0.02134717828180311	0.0	(0.02134717828180311+0j)
0.148	0.021903999999999996	3.0668425118805e-05	0.02193518334253834	0.0	(0.02193518334253834+0j)
0.15	0.0225	3.0699220134170724e-05	0.022531188764033663	0.0	(0.022531188764033663+0j)
0.152	0.023104	3.072880757203662e-05	0.023135194497653878	0.0	(0.023135194497653878+0j)
0.154	0.023716	3.075724975454453e-05	0.023747200499648635	0.0	(0.023747200499648635+0j)
0.156	0.024336	3.078460503460598e-05	0.024367206730674187	0.0	(0.024367206730674187+0j)
0.158	0.024964	3.081092809543793e-05	0.024995213155360692	0.0	(0.024995213155360692+0j)
0.16	0.0256	3.0836270224054736e-05	0.025631219741923863	0.0	(0.025631219741923863+0j)
0.162	0.026244	3.086067956127256e-05	0.026275226461815217	0.0	(0.026275226461815217+0j)
0.164	0.026896000000000003	3.088420133050343e-05	0.0269272332894078	0.0	(0.0269272332894078+0j)
0.166	0.027556000000000004	3.090687804737082e-05	0.027587240201712434	0.0	(0.027587240201712434+0j)
0.168	0.028224000000000003	3.0928749711962426e-05	0.028255247178121022	0.0	(0.028255247178121022+0j)
0.17	0.028900000000000006	3.094985398534435e-05	0.02893125420017854	0.0	(0.02893125420017854+0j)
0.17200000000000001	0.029584000000000006	3.0970226351792287e-05	0.029615261251372454	0.0	(0.029615261251372454+0j)
0.17400000000000002	0.030276000000000004	3.0989900268045365e-05	0.030307268316947723	0.0	(0.030307268316947723+0j)
0.176	0.030975999999999997	3.100890730075564e-05	0.031007275383736616	0.0	(0.031007275383736616+0j)
0.178	0.031684	3.102727725318833e-05	0.03171528244000532	0.0	(0.03171528244000532+0j)
0.18	0.0324	3.104503828212279e-05	0.032431289475317676	0.0	(0.032431289475317676+0j)
0.182	0.033124	3.106221700581104e-05	0.03315529648040908	0.0	(0.03315529648040908+0j)
0.184	0.033856	3.1078838603767086e-05	0.0338873034470741	0.0	(0.0338873034470741+0j)
0.186	0.034596	3.109492690908599e-05	0.03462731036806489	0.0	(0.03462731036806489+0j)
0.188	0.035344	3.1110504493925034e-05	0.03537531723700096	0.0	(0.03537531723700096+0j)
0.19	0.0361	3.11255927487197e-05	0.03613132404828056	0.0	(0.03613132404828056+0j)
0.192	0.036864	3.1140211955653824e-05	0.03689533079701142	0.0	(0.03689533079701142+0j)
0.194	0.037636	3.115438135685544e-05	0.0376673374789383	0.0	(0.0376673374789383+0j)
0.196	0.038416000000000006	3.116811921774644e-05	0.03844734409038282	0.0	(0.03844734409038282+0j)
0.198	0.039204	3.1181442885935864e-05	0.039235350628187615	0.0	(0.039235350628187615+0j)
0.2	0.04000000000000001	3.1194368846011486e-05	0.04003135708966345	0.0	(0.04003135708966345+0j)
0.202	0.04080400000000001	3.120691277055279e-05	0.040835363472546134	0.0	(0.040835363472546134+0j)
0.20400000000000001	0.04161600000000001	3.121908956766051e-05	0.04164736977495342	0.0	(0.04164736977495342+0j)
0.20600000000000002	0.04243600000000001	3.1230913425271724e-05	0.04246737599534616	0.0	(0.04246737599534616+0j)
0.20800000000000002	0.04326400000000001	3.1242397852506673e-05	0.04329538213249574	0.0	(0.04329538213249574+0j)
0.21	0.04409999999999999	3.125355571827242e-05	0.0441313881854528	0.0	(0.0441313881854528+0j)
0.212	0.044944	3.1264399287329245e-05	0.04497539415351674	0.0	(0.04497539415351674+0j)
0.214	0.045795999999999996	3.1274940254008746e-05	0.045827400036214765	0.0	(0.045827400036214765+0j)
0.216	0.046655999999999996	3.1285189773756655e-05	0.046687405833271425	0.0	(0.046687405833271425+0j)
0.218	0.047524	3.129515849265936e-05	0.047555411544596235	0.0	(0.047555411544596235+0j)
0.22	0.0484	3.130485657510007e-05	0.04843141717025694	0.0	(0.04843141717025694+0j)
0.222	0.049284	3.1314293729678816e-05	0.04931542271046693	0.0	(0.04931542271046693+0j)
0.224	0.050176000000000005	3.132347923351971e-05	0.050207428165566705	0.0	(0.050207428165566705+0j)
0.226	0.051076	3.133242195507921e-05	0.0511074335360124	0.0	(0.0511074335360124+0j)
0.228	0.051984	3.134113037556006e-05	0.052015438822360455	0.0	(0.052015438822360455+0j)
0.23	0.0529	3.13496126090274e-05	0.05293144402525513	0.0	(0.05293144402525513+0j)
0.232	0.053824000000000004	3.135787642131636e-05	0.053855449145421244	0.0	(0.053855449145421244+0j)
0.234	0.054756000000000006	3.136592924781323e-05	0.05478745418365229	0.0	(0.05478745418365229+0j)
0.23600000000000002	0.05569600000000001	3.137377821018632e-05	0.05572745914080077	0.0	(0.05572745914080077+0j)
0.23800000000000002	0.05664400000000001	3.138143013213687e-05	0.05667546401777216	0.0	(0.05667546401777216+0j)
0.24	0.0576	3.138889155423492e-05	0.05763146881551672	0.0	(0.05763146881551672+0j)
0.242	0.058564	3.139616874790056e-05	0.05859547353502372	0.0	(0.05859547353502372+0j)
0.244	0.059536	3.140326772858628e-05	0.05956747817731438	0.0	(0.05956747817731438+0j)
0.246	0.060516	3.141019426821212e-05	0.06054748274343791	0.0	(0.06054748274343791+0j)
0.248	0.061503999999999996	3.141695390690171e-05	0.06153548723446465	0.0	(0.06153548723446465+0j)
0.25	0.0625	3.142355196406382e-05	0.06253149165148442	0.0	(0.06253149165148442+0j)
0.252	0.063504	3.142999354886056e-05	0.06353549599560132	0.0	(0.06353549599560132+0j)
0.254	0.064516	3.143628357010107e-05	0.06454750026792992	0.0	(0.06454750026792992+0j)
0.256	0.065536	3.144242674559612e-05	0.0655675044695897	0.0	(0.0655675044695897+0j)
0.258	0.066564	3.1448427611007165e-05	0.06659550860170833	0.0	(0.06659550860170833+0j)
0.26	0.06760000000000001	3.145429052822074e-05	0.0676315126654149	0.0	(0.0676315126654149+0j)
0.262	0.06864400000000001	3.1460019693277046e-05	0.06867551666183597	0.0	(0.06867551666183597+0j)
0.264	0.06969600000000001	3.1465619143879765e-05	0.06972752059209789	0.0	(0.06972752059209789+0j)
0.266	0.07075600000000001	3.147109276651204e-05	0.07078752445732354	0.0	(0.07078752445732354+0j)
0.268	0.07182400000000001	3.147644430318215e-05	0.07185552825862682	0.0	(0.07185552825862682+0j)
0.27	0.0729	3.1481677357820725e-05	0.07293153199711712	0.0	(0.07293153199711712+0j)
0.272	0.07398400000000001	3.1486795402349884e-05	0.07401553567389375	0.0	(0.07401553567389375+0j)
0.274	0.07507600000000002	3.149180178244344e-05	0.07510753929004817	0.0	(0.07510753929004817+0j)
0.276	0.07617600000000001	3.149669972299597e-05	0.07620754284665954	0.0	(0.07620754284665954+0j)
0.278	0.07728400000000002	3.1501492333317434e-05	0.07731554634479482	0.0	(0.07731554634479482+0j)
0.28	0.07840000000000001	3.1506182612069075e-05	0.07843154978551092	0.0	(0.07843154978551092+0j)
0.28200000000000003	0.07952400000000001	3.151077345195505e-05	0.07955555316985101	0.0	(0.07955555316985101+0j)
0.28400000000000003	0.08065600000000002	3.151526764418368e-05	0.08068755649884259	0.0	(0.08068755649884259+0j)
0.28600000000000003	0.08179600000000002	3.1519667882711024e-05	0.08182755977350242	0.0	(0.08182755977350242+0j)
0.28800000000000003	0.08294400000000002	3.152397676827896e-05	0.08297556299483008	0.0	(0.08297556299483008+0j)
0.29	0.0841	3.1528196812258934e-05	0.08413156616381266	0.0	(0.08413156616381266+0j)
0.292	0.08526399999999999	3.1532330440312085e-05	0.08529556928141946	0.0	(0.08529556928141946+0j)
0.294	0.08643599999999999	3.153637999587567e-05	0.086467572348608	0.0	(0.086467572348608+0j)
0.296	0.08761599999999999	3.154034774348518e-05	0.08764757536631718	0.0	(0.08764757536631718+0j)
0.298	0.088804	3.154423587194081e-05	0.08883557833547127	0.0	(0.08883557833547127+0j)
0.3	0.09	3.154804649732681e-05	0.09003158125698027	0.0	(0.09003158125698027+0j)
0.302	0.091204	3.1551781665891204e-05	0.09123558413173762	0.0	(0.09123558413173762+0j)
0.304	0.092416	3.1555443356793375e-05	0.09244758696062086	0.0	(0.09244758696062086+0j)
0.306	0.093636	3.155903348472638e-05	0.09366758974449069	0.0	(0.09366758974449069+0j)
0.308	0.094864	3.15625539024204e-05	0.09489559248419577	0.0	(0.09489559248419577+0j)
0.31	0.0961	3.156600640303356e-05	0.09613159518056556	0.0	(0.09613159518056556+0j)
0.312	0.097344	3.1569392722435784e-05	0.09737559783441738	0.0	(0.09737559783441738+0j)
0.314	0.098596	3.1572714541391125e-05	0.09862760044654854	0.0	(0.09862760044654854+0j)
0.316	0.099856	3.1575973487643776e-05	0.09988760301774754	0.0	(0.09988760301774754+0j)
0.318	0.101124	3.157917113791248e-05	0.10115560554878256	0.0	(0.10115560554878256+0j)
0.32	0.1024	3.158230901979798e-05	0.10243160804040974	0.0	(0.10243160804040974+0j)
0.322	0.10368400000000001	3.158538861360781e-05	0.10371561049336848	0.0	(0.10371561049336848+0j)
0.324	0.104976	3.158841135410244e-05	0.10500761290838637	0.0	(0.10500761290838637+0j)
0.326	0.10627600000000001	3.159137863216672e-05	0.10630761528617476	0.0	(0.10630761528617476+0j)
0.328	0.10758400000000001	3.159429179641016e-05	0.10761561762743102	0.0	(0.10761561762743102+0j)
0.33	0.10890000000000001	3.1597152154699514e-05	0.10893161993284012	0.0	(0.10893161993284012+0j)
0.332	0.11022400000000002	3.159996097562701e-05	0.11025562220307063	0.0	(0.11025562220307063+0j)
0.334	0.11155600000000002	3.16027194899171e-05	0.11158762443878173	0.0	(0.11158762443878173+0j)
0.336	0.11289600000000001	3.1605428891774905e-05	0.11292762664061519	0.0	(0.11292762664061519+0j)
0.338	0.11424400000000001	3.160809034017887e-05	0.11427562880920283	0.0	(0.11427562880920283+0j)
0.34	0.11560000000000002	3.161070496012039e-05	0.11563163094516123	0.0	(0.11563163094516123+0j)
0.342	0.11696400000000001	3.161327384379284e-05	0.1169956330490961	0.0	(0.1169956330490961+0j)
0.34400000000000003	0.11833600000000002	3.161579805173237e-05	0.11836763512160041	0.0	(0.11836763512160041+0j)
0.34600000000000003	0.11971600000000002	3.1618278613912636e-05	0.11974763716325454	0.0	(0.11974763716325454+0j)
0.34800000000000003	0.12110400000000002	3.162071653079564e-05	0.12113563917462912	0.0	(0.12113563917462912+0j)
0.35000000000000003	0.12250000000000003	3.162311277434067e-05	0.12253164115627962	0.0	(0.12253164115627962+0j)
0.352	0.12390399999999999	3.162546828897321e-05	0.12393564310875235	0.0	(0.12393564310875235+0j)
0.354	0.12531599999999998	3.162778399251562e-05	0.12534764503258122	0.0	(0.12534764503258122+0j)
0.356	0.126736	3.1630060777081386e-05	0.12676764692829104	0.0	(0.12676764692829104+0j)
0.358	0.128164	3.1632299509934396e-05	0.12819564879639467	0.0	(0.12819564879639467+0j)
0.36	0.1296	3.1634501034315e-05	0.12963165063739368	0.0	(0.12963165063739368+0j)
0.362	0.131044	3.163666617023414e-05	0.1310756524517796	0.0	(0.1310756524517796+0j)
0.364	0.132496	3.163879571523706e-05	0.13252765424003485	0.0	(0.13252765424003485+0j)
0.366	0.133956	3.1640890445137826e-05	0.13398765600263235	0.0	(0.13398765600263235+0j)
0.368	0.135424	3.1642951114726074e-05	0.1354556577400314	0.0	(0.1354556577400314+0j)
0.37	0.1369	3.164497845844697e-05	0.13693165945268804	0.0	(0.13693165945268804+0j)
0.372	0.138384	3.16469731910558e-05	0.13841566114104462	0.0	(0.13841566114104462+0j)
0.374	0.139876	3.1648936008247925e-05	0.13990766280553352	0.0	(0.13990766280553352+0j)
0.376	0.141376	3.165086758726556e-05	0.14140766444658018	0.0	(0.14140766444658018+0j)
0.378	0.142884	3.1652768587481956e-05	0.1429156660646044	0.0	(0.1429156660646044+0j)
0.38	0.1444	3.165463965096423e-05	0.14443166766001206	0.0	(0.14443166766001206+0j)
0.382	0.145924	3.165648140301557e-05	0.14595566923320213	0.0	(0.14595566923320213+0j)
0.384	0.147456	3.165829445269776e-05	0.1474876707845683	0.0	(0.1474876707845683+0j)
0.386	0.14899600000000002	3.1660079393334746e-05	0.1490276723144907	0.0	(0.1490276723144907+0j)
0.388	0.150544	3.166183680299816e-05	0.15057567382334708	0.0	(0.15057567382334708+0j)
0.39	0.1521	3.166356724497536e-05	0.15213167531150695	0.0	(0.15213167531150695+0j)
0.392	0.15366400000000002	3.166527126822091e-05	0.1536956767793266	0.0	(0.1536956767793266+0j)
0.394	0.155236	3.166694940779194e-05	0.15526767822716303	0.0	(0.15526767822716303+0j)
0.396	0.156816	3.1668602185268266e-05	0.1568476796553586	0.0	(0.1568476796553586+0j)
0.398	0.15840400000000002	3.167023010915769e-05	0.1584356810642559	0.0	(0.1584356810642559+0j)
0.4	0.16000000000000003	3.167183367528717e-05	0.1600316824541853	0.0	(0.1600316824541853+0j)
0.402	0.16160400000000003	3.167341336718044e-05	0.1616356838254725	0.0	(0.1616356838254725+0j)
0.404	0.16321600000000003	3.16749696564225e-05	0.16324768517843571	0.0	(0.16324768517843571+0j)
0.406	0.164836	3.167650300301165e-05	0.1648676865133884	0.0	(0.1648676865133884+0j)
0.40800000000000003	0.16646400000000003	3.167801385569943e-05	0.16649568783063715	0.0	(0.16649568783063715+0j)
0.41000000000000003	0.16810000000000003	3.1679502652318964e-05	0.16813168913047935	0.0	(0.16813168913047935+0j)
0.41200000000000003	0.16974400000000003	3.168096982010223e-05	0.16977569041321047	0.0	(0.16977569041321047+0j)
0.41400000000000003	0.17139600000000002	3.1682415775986576e-05	0.171427691679119	0.0	(0.171427691679119+0j)
0.41600000000000004	0.17305600000000004	3.168384092691097e-05	0.17308769292848844	0.0	(0.17308769292848844+0j)
0.418	0.174724	3.1685245670102336e-05	0.1747556941615927	0.0	(0.1747556941615927+0j)
0.42	0.17639999999999997	3.16866303933524e-05	0.17643169537870346	0.0	(0.17643169537870346+0j)
0.422	0.178084	3.1687995475285344e-05	0.1781156965800909	0.0	(0.1781156965800909+0j)
0.424	0.179776	3.168934128561661e-05	0.17980769776601127	0.0	(0.17980769776601127+0j)
0.426	0.181476	3.169066818540334e-05	0.1815076989367202	0.0	(0.1815076989367202+0j)
0.428	0.18318399999999999	3.169197652728649e-05	0.18321570009246976	0.0	(0.18321570009246976+0j)
0.43	0.18489999999999998	3.169326665572518e-05	0.1849317012335055	0.0	(0.1849317012335055+0j)
0.432	0.18662399999999998	3.1694538907223464e-05	0.1866557023600677	0.0	(0.1866557023600677+0j)
0.434	0.188356	3.169579361054973e-05	0.18838770347239217	0.0	(0.18838770347239217+0j)
0.436	0.190096	3.169703108694914e-05	0.19012770457071107	0.0	(0.19012770457071107+0j)
0.438	0.191844	3.1698251650349295e-05	0.19187570565525094	0.0	(0.19187570565525094+0j)
0.44	0.1936	3.169945560755932e-05	0.19363170672623548	0.0	(0.19363170672623548+0j)
0.442	0.195364	3.170064325846269e-05	0.1953957077838802	0.0	(0.1953957077838802+0j)
0.444	0.197136	3.1701814896204e-05	0.19716770882840223	0.0	(0.19716770882840223+0j)
0.446	0.198916	3.170297080736988e-05	0.19894770986001126	0.0	(0.19894770986001126+0j)
0.448	0.20070400000000002	3.1704111272164226e-05	0.20073571087891262	0.0	(0.20073571087891262+0j)
0.45	0.2025	3.170523656457806e-05	0.20253171188530586	0.0	(0.20253171188530586+0j)
0.452	0.204304	3.170634695255411e-05	0.2043357128793918	0.0	(0.2043357128793918+0j)
0.454	0.20611600000000002	3.170744269814627e-05	0.2061477138613642	0.0	(0.2061477138613642+0j)
0.456	0.207936	3.170852405767431e-05	0.20796771483141518	0.0	(0.20796771483141518+0j)
0.458	0.209764	3.170959128187374e-05	0.20979571578972794	0.0	(0.20979571578972794+0j)
0.46	0.2116	3.171064461604115e-05	0.21163171673649203	0.0	(0.21163171673649203+0j)
0.462	0.21344400000000002	3.1711684300175215e-05	0.21347571767188167	0.0	(0.21347571767188167+0j)
0.464	0.21529600000000002	3.171271056911339e-05	0.21532771859607666	0.0	(0.21532771859607666+0j)
0.466	0.21715600000000002	3.1713723652664545e-05	0.21718771950925075	0.0	(0.21718771950925075+0j)
0.468	0.21902400000000002	3.171472377573761e-05	0.2190557204115711	0.0	(0.2190557204115711+0j)
0.47000000000000003	0.22090000000000004	3.171571115846642e-05	0.22093172130320846	0.0	(0.22093172130320846+0j)
0.47200000000000003	0.22278400000000004	3.171668601633088e-05	0.22281572218432305	0.0	(0.22281572218432305+0j)
0.47400000000000003	0.22467600000000004	3.171764856027449e-05	0.2247077230550792	0.0	(0.2247077230550792+0j)
0.47600000000000003	0.22657600000000003	3.171859899681852e-05	0.22660772391563372	0.0	(0.22660772391563372+0j)
0.47800000000000004	0.22848400000000005	3.1719537528172735e-05	0.22851572476614143	0.0	(0.22851572476614143+0j)
0.48	0.2304	3.172046435234303e-05	0.23043172560675362	0.0	(0.23043172560675362+0j)
0.482	0.23232399999999997	3.1721379663235803e-05	0.23235572643761873	0.0	(0.23235572643761873+0j)
0.484	0.234256	3.172228365075944e-05	0.23428772725888766	0.0	(0.23428772725888766+0j)
0.486	0.236196	3.1723176500922785e-05	0.23622772807070144	0.0	(0.23622772807070144+0j)
0.488	0.238144	3.172405839593087e-05	0.2381757288731991	0.0	(0.2381757288731991+0j)
0.49	0.24009999999999998	3.172492951427785e-05	0.24013172966652413	0.0	(0.24013172966652413+0j)
0.492	0.242064	3.172579003083733e-05	0.24209573045081234	0.0	(0.24209573045081234+0j)
0.494	0.244036	3.172664011695017e-05	0.2440677312261927	0.0	(0.2440677312261927+0j)
0.496	0.24601599999999998	3.172747994050973e-05	0.24604773199280247	0.0	(0.24604773199280247+0j)
0.498	0.248004	3.172830966604482e-05	0.24803573275076568	0.0	(0.24803573275076568+0j)
0.5	0.25	3.172912945480025e-05	0.2500317335002125	0.0	(0.2500317335002125+0j)
0.502	0.252004	3.172993946481522e-05	0.252035734241266	0.0	(0.252035734241266+0j)
0.504	0.254016	3.173073985099944e-05	0.25404773497404975	0.0	(0.25404773497404975+0j)
0.506	0.256036	3.1731530765207235e-05	0.2560677356986818	0.0	(0.2560677356986818+0j)
0.508	0.258064	3.1732312356309567e-05	0.25809573641528366	0.0	(0.25809573641528366+0j)
0.51	0.2601	3.17330847702641e-05	0.2601317371239673	0.0	(0.2601317371239673+0j)
0.512	0.262144	3.173384815018333e-05	0.26217573782484904	0.0	(0.26217573782484904+0j)
0.514	0.264196	3.17346026364009e-05	0.2642277385180392	0.0	(0.2642277385180392+0j)
0.516	0.266256	3.173534836653609e-05	0.2662877392036497	0.0	(0.2662877392036497+0j)
0.518	0.268324	3.1736085475556574e-05	0.2683557398817861	0.0	(0.2683557398817861+0j)
0.52	0.27040000000000003	3.173681409583948e-05	0.2704317405525579	0.0	(0.2704317405525579+0j)
0.522	0.272484	3.173753435723088e-05	0.27251574121606653	0.0	(0.27251574121606653+0j)
0.524	0.27457600000000004	3.1738246387103564e-05	0.2746077418724174	0.0	(0.2746077418724174+0j)
0.526	0.27667600000000003	3.173895031041342e-05	0.2767077425217078	0.0	(0.2767077425217078+0j)
0.528	0.27878400000000003	3.173964624975424e-05	0.2788157431640417	0.0	(0.2788157431640417+0j)
0.53	0.28090000000000004	3.1740334325411096e-05	0.28093174379950764	0.0	(0.28093174379950764+0j)
0.532	0.28302400000000005	3.1741014655412314e-05	0.2830557444282091	0.0	(0.2830557444282091+0j)
0.534	0.285156	3.1741687355580094e-05	0.2851877450502383	0.0	(0.2851877450502383+0j)
0.536	0.28729600000000005	3.174235253957984e-05	0.28732774566568753	0.0	(0.28732774566568753+0j)
0.538	0.28944400000000003	3.174301031896812e-05	0.289475746274648	0.0	(0.289475746274648+0j)
0.54	0.2916	3.174366080323948e-05	0.2916317468772085	0.0	(0.2916317468772085+0j)
0.542	0.293764	3.1744304099872026e-05	0.29379574747345616	0.0	(0.29379574747345616+0j)
0.544	0.29593600000000003	3.174494031437177e-05	0.2959677480634789	0.0	(0.2959677480634789+0j)
0.546	0.29811600000000005	3.1745569550315956e-05	0.2981477486473592	0.0	(0.2981477486473592+0j)
0.548	0.30030400000000007	3.174619190939516e-05	0.3003357492251849	0.0	(0.3003357492251849+0j)
0.55	0.30250000000000005	3.174680749145443e-05	0.30253174979703334	0.0	(0.30253174979703334+0j)
0.552	0.30470400000000003	3.1747416394533294e-05	0.30473575036298706	0.0	(0.30473575036298706+0j)
0.554	0.3069160000000001	3.174801871490482e-05	0.3069477509231257	0.0	(0.3069477509231257+0j)
0.556	0.3091360000000001	3.174861454711366e-05	0.3091677514775312	0.0	(0.3091677514775312+0j)
0.558	0.3113640000000001	3.174920398401317e-05	0.31139575202627434	0.0	(0.31139575202627434+0j)
0.56	0.31360000000000005	3.174978711680157e-05	0.3136317525694339	0.0	(0.3136317525694339+0j)
0.562	0.31584400000000007	3.1750364035057225e-05	0.3158757531070819	0.0	(0.3158757531070819+0j)
0.5640000000000001	0.31809600000000005	3.1750934826773065e-05	0.3181277536392951	0.0	(0.3181277536392951+0j)
0.5660000000000001	0.3203560000000001	3.1751499578390105e-05	0.3203877541661444	0.0	(0.3203877541661444+0j)
0.5680000000000001	0.3226240000000001	3.175205837483022e-05	0.3226557546876984	0.0	(0.3226557546876984+0j)
0.5700000000000001	0.3249000000000001	3.175261129952803e-05	0.32493175520402723	0.0	(0.32493175520402723+0j)
0.5720000000000001	0.3271840000000001	3.1753158434462055e-05	0.3272157557152014	0.0	(0.3272157557152014+0j)
0.5740000000000001	0.3294760000000001	3.175369986018514e-05	0.3295077562212886	0.0	(0.3295077562212886+0j)
0.5760000000000001	0.33177600000000007	3.1754235655854044e-05	0.3318077567223503	0.0	(0.3318077567223503+0j)
0.578	0.33408399999999994	3.175476589925842e-05	0.3341157572184576	0.0	(0.3341157572184576+0j)
0.58	0.3364	3.175529066684903e-05	0.3364317577096738	0.0	(0.3364317577096738+0j)
0.582	0.33872399999999997	3.175581003376533e-05	0.3387557581960613	0.0	(0.3387557581960613+0j)
0.584	0.34105599999999997	3.175632407386232e-05	0.3410877586776791	0.0	(0.3410877586776791+0j)
0.586	0.343396	3.175683285973685e-05	0.34342775915459284	0.0	(0.34342775915459284+0j)
0.588	0.34574399999999994	3.175733646275322e-05	0.3457757596268594	0.0	(0.3457757596268594+0j)
0.59	0.34809999999999997	3.175783495306823e-05	0.34813176009453806	0.0	(0.34813176009453806+0j)
0.592	0.35046399999999994	3.1758328399655597e-05	0.35049576055769305	0.0	(0.35049576055769305+0j)
0.594	0.352836	3.1758816870329825e-05	0.3528677610163744	0.0	(0.3528677610163744+0j)
0.596	0.355216	3.17593004317695e-05	0.3552477614706463	0.0	(0.3552477614706463+0j)
0.598	0.357604	3.1759779149540065e-05	0.35763576192055874	0.0	(0.35763576192055874+0j)
0.6	0.36	3.1760253088116004e-05	0.3600317623661637	0.0	(0.3600317623661637+0j)
0.602	0.36240399999999995	3.17607223109026e-05	0.36243576280752227	0.0	(0.36243576280752227+0j)
0.604	0.364816	3.17611868802571e-05	0.3648477632446876	0.0	(0.3648477632446876+0j)
0.606	0.367236	3.176164685750948e-05	0.36726776367770614	0.0	(0.36726776367770614+0j)
0.608	0.369664	3.1762102302982646e-05	0.3696957641066321	0.0	(0.3696957641066321+0j)
0.61	0.3721	3.176255327601222e-05	0.3721317645315215	0.0	(0.3721317645315215+0j)
0.612	0.374544	3.17629998349659e-05	0.3745757649524149	0.0	(0.3745757649524149+0j)
0.614	0.376996	3.1763442037262284e-05	0.37702776536936655	0.0	(0.37702776536936655+0j)
0.616	0.379456	3.17638799393894e-05	0.37948776578242677	0.0	(0.37948776578242677+0j)
0.618	0.381924	3.17643135969227e-05	0.38195576619163907	0.0	(0.38195576619163907+0j)
0.62	0.3844	3.176474306454269e-05	0.3844317665970553	0.0	(0.3844317665970553+0j)
0.622	0.386884	3.1765168396052214e-05	0.3869157669987164	0.0	(0.3869157669987164+0j)
0.624	0.389376	3.1765589644393247e-05	0.38940776739667216	0.0	(0.38940776739667216+0j)
0.626	0.391876	3.176600686166341e-05	0.3919077677909654	0.0	(0.3919077677909654+0j)
0.628	0.394384	3.1766420099132084e-05	0.39441576818164176	0.0	(0.39441576818164176+0j)
0.63	0.39690000000000003	3.1766829407256106e-05	0.3969317685687438	0.0	(0.3969317685687438+0j)
0.632	0.399424	3.1767234835695245e-05	0.39945576895231544	0.0	(0.39945576895231544+0j)
0.634	0.40195600000000004	3.176763643332721e-05	0.401987769332396	0.0	(0.401987769332396+0j)
0.636	0.404496	3.176803424826242e-05	0.4045277697090305	0.0	(0.4045277697090305+0j)
0.638	0.407044	3.1768428327858375e-05	0.4070757700822619	0.0	(0.4070757700822619+0j)
0.64	0.4096	3.17688187187338e-05	0.40963177045212246	0.0	(0.40963177045212246+0j)
0.642	0.41216400000000003	3.176920546678236e-05	0.4121957708186627	0.0	(0.4121957708186627+0j)
0.644	0.41473600000000005	3.176958861718625e-05	0.4147677711819138	0.0	(0.4147677711819138+0j)
0.646	0.417316	3.176996821442929e-05	0.4173477715419198	0.0	(0.4173477715419198+0j)
0.648	0.419904	3.177034430230991e-05	0.4199357718987139	0.0	(0.4199357718987139+0j)
0.65	0.42250000000000004	3.177071692395373e-05	0.422531772252337	0.0	(0.422531772252337+0j)
0.652	0.42510400000000004	3.1771086121825984e-05	0.42513577260282726	0.0	(0.42513577260282726+0j)
0.654	0.42771600000000004	3.177145193774355e-05	0.42774777295022115	0.0	(0.42774777295022115+0j)
0.656	0.43033600000000005	3.177181441288684e-05	0.4303677732945478	0.0	(0.4303677732945478+0j)
0.658	0.432964	3.177217358781139e-05	0.43299577363584774	0.0	(0.43299577363584774+0j)
0.66	0.43560000000000004	3.177252950245918e-05	0.43563177397415837	0.0	(0.43563177397415837+0j)
0.662	0.438244	3.177288219616974e-05	0.43827577430952025	0.0	(0.43827577430952025+0j)
0.664	0.44089600000000007	3.1773231707691054e-05	0.44092777464194577	0.0	(0.44092777464194577+0j)
0.666	0.44355600000000006	3.177357807519015e-05	0.4435877749714892	0.0	(0.4435877749714892+0j)
0.668	0.44622400000000007	3.177392133626358e-05	0.44625577529817234	0.0	(0.44625577529817234+0j)
0.67	0.4489000000000001	3.1774261527947564e-05	0.44893177562202913	0.0	(0.44893177562202913+0j)
0.672	0.45158400000000004	3.1774598686728025e-05	0.45161577594310687	0.0	(0.45161577594310687+0j)
0.674	0.45427600000000007	3.177493284855036e-05	0.45430777626141094	0.0	(0.45430777626141094+0j)
0.676	0.45697600000000005	3.177526404882902e-05	0.45700777657699465	0.0	(0.45700777657699465+0j)
0.678	0.45968400000000004	3.1775592322456864e-05	0.45971577688988013	0.0	(0.45971577688988013+0j)
0.68	0.4624000000000001	3.1775917703814396e-05	0.46243177720009154	0.0	(0.46243177720009154+0j)
0.682	0.4651240000000001	3.177624022677876e-05	0.465155777507671	0.0	(0.465155777507671+0j)
0.684	0.46785600000000005	3.177655992473251e-05	0.46788777781264485	0.0	(0.46788777781264485+0j)
0.686	0.47059600000000007	3.1776876830572324e-05	0.47062777811503365	0.0	(0.47062777811503365+0j)
0.6880000000000001	0.4733440000000001	3.1777190976717395e-05	0.47337577841487116	0.0	(0.47337577841487116+0j)
0.6900000000000001	0.4761000000000001	3.1777502395117774e-05	0.47613177871218937	0.0	(0.47613177871218937+0j)
0.6920000000000001	0.47886400000000007	3.177781111726246e-05	0.47889577900701524	0.0	(0.47889577900701524+0j)
0.6940000000000001	0.48163600000000006	3.177811717418739e-05	0.4816677792993779	0.0	(0.4816677792993779+0j)
0.6960000000000001	0.48441600000000007	3.177842059648321e-05	0.48444777958929847	0.0	(0.48444777958929847+0j)
0.6980000000000001	0.4872040000000001	3.177872141430294e-05	0.48723577987680516	0.0	(0.48723577987680516+0j)
0.7000000000000001	0.4900000000000001	3.177901965736947e-05	0.4900317801619263	0.0	(0.4900317801619263+0j)
0.7020000000000001	0.4928040000000001	3.1779315354982865e-05	0.4928357804446905	0.0	(0.4928357804446905+0j)
0.704	0.49561599999999995	3.17796085360276e-05	0.4956477807251165	0.0	(0.4956477807251165+0j)
0.706	0.49843599999999993	3.177989922897962e-05	0.49846778100323585	0.0	(0.49846778100323585+0j)
0.708	0.5012639999999999	3.1780187461913204e-05	0.5012957812790688	0.0	(0.5012957812790688+0j)
0.71	0.5041	3.178047326250781e-05	0.5041317815526453	0.0	(0.5041317815526453+0j)
0.712	0.506944	3.1780756658054644e-05	0.5069757818239868	0.0	(0.5069757818239868+0j)
0.714	0.5097959999999999	3.178103767546327e-05	0.5098277820931201	0.0	(0.5098277820931201+0j)
0.716	0.512656	3.17813163412679e-05	0.5126877823600673	0.0	(0.5126877823600673+0j)
0.718	0.515524	3.178159268163373e-05	0.5155557826248479	0.0	(0.5155557826248479+0j)
0.72	0.5184	3.178186672236305e-05	0.5184317828874911	0.0	(0.5184317828874911+0j)
0.722	0.521284	3.178213848890127e-05	0.5213157831480154	0.0	(0.5213157831480154+0j)
0.724	0.524176	3.178240800634284e-05	0.5242077834064475	0.0	(0.5242077834064475+0j)
0.726	0.527076	3.178267529943701e-05	0.5271077836627979	0.0	(0.5271077836627979+0j)
0.728	0.529984	3.1782940392593564e-05	0.530015783917111	0.0	(0.530015783917111+0j)
0.73	0.5328999999999999	3.178320330988835e-05	0.5329317841693835	0.0	(0.5329317841693835+0j)
0.732	0.535824	3.1783464075068755e-05	0.535855784419656	0.0	(0.535855784419656+0j)
0.734	0.538756	3.178372271155909e-05	0.5387877846679382	0.0	(0.5387877846679382+0j)
0.736	0.541696	3.178397924246582e-05	0.5417277849142527	0.0	(0.5417277849142527+0j)
0.738	0.544644	3.178423369058274e-05	0.5446757851586219	0.0	(0.5446757851586219+0j)
0.74	0.5476	3.1784486078396046e-05	0.5476317854010684	0.0	(0.5476317854010684+0j)
0.742	0.5505639999999999	3.1784736428089285e-05	0.5505957856416135	0.0	(0.5505957856416135+0j)
0.744	0.553536	3.178498476154825e-05	0.5535677858802699	0.0	(0.5535677858802699+0j)
0.746	0.556516	3.178523110036574e-05	0.556547786117062	0.0	(0.556547786117062+0j)
0.748	0.559504	3.178547546584628e-05	0.5595357863520064	0.0	(0.5595357863520064+0j)
0.75	0.5625	3.178571787901071e-05	0.5625317865851235	0.0	(0.5625317865851235+0j)
0.752	0.565504	3.178595836060069e-05	0.5655357868164308	0.0	(0.5655357868164308+0j)
0.754	0.568516	3.178619693108319e-05	0.5685477870459517	0.0	(0.5685477870459517+0j)
0.756	0.571536	3.178643361065479e-05	0.5715677872736981	0.0	(0.5715677872736981+0j)
0.758	0.574564	3.178666841924598e-05	0.5745957874996925	0.0	(0.5745957874996925+0j)
0.76	0.5776	3.178690137652536e-05	0.5776317877239484	0.0	(0.5776317877239484+0j)
0.762	0.580644	3.1787132501903735e-05	0.5806757879464836	0.0	(0.5806757879464836+0j)
0.764	0.583696	3.1787361814538195e-05	0.5837277881673183	0.0	(0.5837277881673183+0j)
0.766	0.586756	3.1787589333336044e-05	0.5867877883864717	0.0	(0.5867877883864717+0j)
0.768	0.589824	3.178781507695874e-05	0.5898557886039609	0.0	(0.5898557886039609+0j)
0.77	0.5929	3.178803906382568e-05	0.5929317888197932	0.0	(0.5929317888197932+0j)
0.772	0.5959840000000001	3.178826131211799e-05	0.5960157890339974	0.0	(0.5960157890339974+0j)
0.774	0.599076	3.1788481839782186e-05	0.5991077892465841	0.0	(0.5991077892465841+0j)
0.776	0.602176	3.178870066453384e-05	0.6022077894575671	0.0	(0.6022077894575671+0j)
0.778	0.605284	3.1788917803861084e-05	0.6053157896669675	0.0	(0.6053157896669675+0j)
0.78	0.6084	3.178913327502814e-05	0.6084317898747964	0.0	(0.6084317898747964+0j)
0.782	0.6115240000000001	3.178934709507875e-05	0.6115557900810732	0.0	(0.6115557900810732+0j)
0.784	0.6146560000000001	3.1789559280839526e-05	0.6146877902858067	0.0	(0.6146877902858067+0j)
0.786	0.617796	3.178976984892329e-05	0.6178277904890223	0.0	(0.6178277904890223+0j)
0.788	0.620944	3.178997881573229e-05	0.6209757906907243	0.0	(0.6209757906907243+0j)
0.79	0.6241000000000001	3.179018619746142e-05	0.6241317908909398	0.0	(0.6241317908909398+0j)
0.792	0.627264	3.179039201010137e-05	0.6272957910896703	0.0	(0.6272957910896703+0j)
0.794	0.6304360000000001	3.179059626944166e-05	0.6304677912869368	0.0	(0.6304677912869368+0j)
0.796	0.6336160000000001	3.179079899107372e-05	0.6336477914827557	0.0	(0.6336477914827557+0j)
0.798	0.636804	3.1791000190393844e-05	0.6368357916771314	0.0	(0.6368357916771314+0j)
0.8	0.6400000000000001	3.1791199882606094e-05	0.6400317918700943	0.0	(0.6400317918700943+0j)
0.802	0.6432040000000001	3.179139808272521e-05	0.6432357920616412	0.0	(0.6432357920616412+0j)
0.804	0.6464160000000001	3.179159480557941e-05	0.6464477922517914	0.0	(0.6464477922517914+0j)
0.806	0.6496360000000001	3.179179006581316e-05	0.6496677924405628	0.0	(0.6496677924405628+0j)
0.808	0.6528640000000001	3.179198387788993e-05	0.6528957926279714	0.0	(0.6528957926279714+0j)
0.81	0.6561000000000001	3.1792176256094806e-05	0.6561317928140215	0.0	(0.6561317928140215+0j)
0.812	0.659344	3.179236721453722e-05	0.6593757929987353	0.0	(0.6593757929987353+0j)
0.8140000000000001	0.6625960000000001	3.179255676715343e-05	0.6626277931821064	0.0	(0.6626277931821064+0j)
0.8160000000000001	0.6658560000000001	3.179274492770916e-05	0.6658877933641681	0.0	(0.6658877933641681+0j)
0.8180000000000001	0.669124	3.1792931709802026e-05	0.6691557935449244	0.0	(0.6691557935449244+0j)
0.8200000000000001	0.6724000000000001	3.179311712686404e-05	0.6724317937243915	0.0	(0.6724317937243915+0j)
0.8220000000000001	0.6756840000000001	3.1793301192163995e-05	0.6757157939025767	0.0	(0.6757157939025767+0j)
0.8240000000000001	0.6789760000000001	3.1793483918809855e-05	0.6790077940794977	0.0	(0.6790077940794977+0j)
0.8260000000000001	0.6822760000000001	3.1793665319751086e-05	0.6823077942551597	0.0	(0.6823077942551597+0j)
0.8280000000000001	0.6855840000000001	3.179384540778094e-05	0.6856157944295778	0.0	(0.6856157944295778+0j)
0.8300000000000001	0.6889000000000001	3.1794024195538735e-05	0.6889317946027603	0.0	(0.6889317946027603+0j)
0.8320000000000001	0.6922240000000002	3.1794201695512045e-05	0.6922557947747282	0.0	(0.6922557947747282+0j)
0.834	0.695556	3.1794377920038885e-05	0.6955877949454861	0.0	(0.6955877949454861+0j)
0.836	0.698896	3.179455288130989e-05	0.6989277951150391	0.0	(0.6989277951150391+0j)
0.838	0.702244	3.179472659137036e-05	0.7022757952834141	0.0	(0.7022757952834141+0j)
0.84	0.7055999999999999	3.17948990621224e-05	0.7056317954505995	0.0	(0.7056317954505995+0j)
0.842	0.7089639999999999	3.179507030532692e-05	0.7089957956166238	0.0	(0.7089957956166238+0j)
0.844	0.712336	3.179524033260563e-05	0.7123677957815051	0.0	(0.7123677957815051+0j)
0.846	0.7157159999999999	3.1795409155443063e-05	0.7157477959452367	0.0	(0.7157477959452367+0j)
0.848	0.719104	3.1795576785188455e-05	0.7191357961078289	0.0	(0.7191357961078289+0j)
0.85	0.7224999999999999	3.179574323305768e-05	0.7225317962693073	0.0	(0.7225317962693073+0j)
0.852	0.725904	3.1795908510135134e-05	0.7259357964296737	0.0	(0.7259357964296737+0j)
0.854	0.729316	3.1796072627375575e-05	0.7293477965889238	0.0	(0.7293477965889238+0j)
0.856	0.7327359999999999	3.179623559560592e-05	0.7327677967470869	0.0	(0.7327677967470869+0j)
0.858	0.7361639999999999	3.179639742552706e-05	0.7361957969041727	0.0	(0.7361957969041727+0j)
0.86	0.7395999999999999	3.17965581277156e-05	0.7396317970601801	0.0	(0.7396317970601801+0j)
0.862	0.7430439999999999	3.179671771262557e-05	0.7430757972151294	0.0	(0.7430757972151294+0j)
0.864	0.7464959999999999	3.179687619059017e-05	0.7465277973690236	0.0	(0.7465277973690236+0j)
0.866	0.749956	3.1797033571823395e-05	0.7499877975218772	0.0	(0.7499877975218772+0j)
0.868	0.753424	3.179718986642173e-05	0.753455797673697	0.0	(0.753455797673697+0j)
0.87	0.7569	3.179734508436572e-05	0.7569317978244857	0.0	(0.7569317978244857+0j)
0.872	0.760384	3.179749923552158e-05	0.7604157979742637	0.0	(0.7604157979742637+0j)
0.874	0.763876	3.1797652329642805e-05	0.76390779812303	0.0	(0.76390779812303+0j)
0.876	0.767376	3.179780437637162e-05	0.7674077982707941	0.0	(0.7674077982707941+0j)
0.878	0.770884	3.179795538524061e-05	0.7709157984175733	0.0	(0.7709157984175733+0j)
0.88	0.7744	3.179810536567413e-05	0.7744317985633761	0.0	(0.7744317985633761+0j)
0.882	0.7779240000000001	3.17982543269898e-05	0.7779557987081941	0.0	(0.7779557987081941+0j)
0.884	0.781456	3.179840227839997e-05	0.7814877988520551	0.0	(0.7814877988520551+0j)
0.886	0.784996	3.179854922901313e-05	0.78502779899497	0.0	(0.78502779899497+0j)
0.888	0.788544	3.17986951878353e-05	0.7885757991369299	0.0	(0.7885757991369299+0j)
0.89	0.7921	3.1798840163771436e-05	0.7921317992779566	0.0	(0.7921317992779566+0j)
0.892	0.795664	3.179898416562677e-05	0.7956957994180462	0.0	(0.7956957994180462+0j)
0.894	0.7992360000000001	3.179912720210815e-05	0.7992677995572197	0.0	(0.7992677995572197+0j)
0.896	0.8028160000000001	3.179926928182536e-05	0.8028477996954754	0.0	(0.8028477996954754+0j)
0.898	0.806404	3.1799410413292406e-05	0.8064357998328245	0.0	(0.8064357998328245+0j)
0.9	0.81	3.1799550604928816e-05	0.8100317999692882	0.0	(0.8100317999692882+0j)
0.902	0.813604	3.179968986506087e-05	0.8136358001048463	0.0	(0.8136358001048463+0j)
0.904	0.817216	3.1799828201922826e-05	0.8172478002395215	0.0	(0.8172478002395215+0j)
0.906	0.820836	3.1799965623658194e-05	0.8208678003733356	0.0	(0.8208678003733356+0j)
0.908	0.8244640000000001	3.1800102138320866e-05	0.8244958005062736	0.0	(0.8244958005062736+0j)
0.91	0.8281000000000001	3.180023775387635e-05	0.8281318006383481	0.0	(0.8281318006383481+0j)
0.912	0.831744	3.180037247820288e-05	0.8317758007695745	0.0	(0.8317758007695745+0j)
0.914	0.835396	3.180050631909262e-05	0.8354278008999583	0.0	(0.8354278008999583+0j)
0.916	0.839056	3.180063928425273e-05	0.8390878010294992	0.0	(0.8390878010294992+0j)
0.918	0.842724	3.180077138130655e-05	0.8427558011582101	0.0	(0.8427558011582101+0j)
0.92	0.8464	3.180090261779459e-05	0.8464318012861035	0.0	(0.8464318012861035+0j)
0.922	0.8500840000000001	3.18010330011757e-05	0.8501158014131717	0.0	(0.8501158014131717+0j)
0.924	0.8537760000000001	3.18011625388281e-05	0.8538078015394326	0.0	(0.8538078015394326+0j)
0.926	0.8574760000000001	3.18012912380504e-05	0.8575078016648908	0.0	(0.8575078016648908+0j)
0.928	0.8611840000000001	3.180141910606265e-05	0.8612158017895513	0.0	(0.8612158017895513+0j)
0.93	0.8649000000000001	3.180154615000734e-05	0.8649318019134147	0.0	(0.8649318019134147+0j)
0.932	0.8686240000000001	3.180167237695044e-05	0.868655802036506	0.0	(0.868655802036506+0j)
0.934	0.8723560000000001	3.18017977938823e-05	0.8723878021588208	0.0	(0.8723878021588208+0j)
0.936	0.8760960000000001	3.1801922407718704e-05	0.8761278022803596	0.0	(0.8761278022803596+0j)
0.9380000000000001	0.8798440000000001	3.180204622530177e-05	0.8798758024011428	0.0	(0.8798758024011428+0j)
0.9400000000000001	0.8836000000000002	3.1802169253400904e-05	0.8836318025211524	0.0	(0.8836318025211524+0j)
0.9420000000000001	0.8873640000000002	3.180229149871374e-05	0.8873958026404214	0.0	(0.8873958026404214+0j)
0.9440000000000001	0.8911360000000002	3.180241296786702e-05	0.891167802758949	0.0	(0.891167802758949+0j)
0.9460000000000001	0.8949160000000002	3.180253366741752e-05	0.8949478028767326	0.0	(0.8949478028767326+0j)
0.9480000000000001	0.8987040000000002	3.180265360385292e-05	0.8987358029937917	0.0	(0.8987358029937917+0j)
0.9500000000000001	0.9025000000000001	3.180277278359269e-05	0.9025318031101165	0.0	(0.9025318031101165+0j)
0.9520000000000001	0.9063040000000001	3.180289121298893e-05	0.9063358032257252	0.0	(0.9063358032257252+0j)
0.9540000000000001	0.9101160000000001	3.1803008898327225e-05	0.9101478033406174	0.0	(0.9101478033406174+0j)
0.9560000000000001	0.9139360000000002	3.1803125845827486e-05	0.9139678034548131	0.0	(0.9139678034548131+0j)
0.9580000000000001	0.9177640000000001	3.180324206164476e-05	0.9177958035683181	0.0	(0.9177958035683181+0j)
0.96	0.9216	3.1803357551870056e-05	0.921631803681162	0.0	(0.921631803681162+0j)
0.962	0.9254439999999999	3.1803472322531123e-05	0.9254758037933967	0.0	(0.9254758037933967+0j)
0.964	0.9292959999999999	3.180358637959325e-05	0.9293278039051327	0.0	(0.9293278039051327+0j)
0.966	0.933156	3.1803699728960036e-05	0.9331878040165852	0.0	(0.9331878040165852+0j)
0.968	0.937024	3.180381237647416e-05	0.9370558041281717	0.0	(0.9370558041281717+0j)
0.97	0.9409	3.180392432791812e-05	0.9409318042406876	0.0	(0.9409318042406876+0j)
0.972	0.944784	3.1804035589015e-05	0.9448158043555939	0.0	(0.9448158043555939+0j)
0.974	0.948676	3.180414616542916e-05	0.9487078044754138	0.0	(0.9487078044754138+0j)
0.976	0.952576	3.180425606276702e-05	0.9526078046044458	0.0	(0.9526078046044458+0j)
0.978	0.956484	3.1804365286577695e-05	0.9565158047496309	0.0	(0.9565158047496309+0j)
0.98	0.9603999999999999	3.1804473842353764e-05	0.9604318049218199	0.0	(0.9604318049218199+0j)
0.982	0.964324	3.180458173553191e-05	0.9643558051373784	0.0	(0.9643558051373784+0j)
0.984	0.968256	3.1804688971493635e-05	0.9682878054202095	0.0	(0.9682878054202095+0j)
0.986	0.972196	3.1804795555565905e-05	0.9722278058044095	0.0	(0.9722278058044095+0j)
0.988	0.976144	3.180490149302184e-05	0.9761758063378804	0.0	(0.9761758063378804+0j)
0.99	0.9801	3.180500678908134e-05	0.9801318070882478	0.0	(0.9801318070882478+0j)
0.992	0.9840639999999999	3.1805111448911736e-05	0.9840958081541649	0.0	(0.9840958081541649+0j)
0.994	0.988036	3.180521547762842e-05	0.9880678096913841	0.0	(0.9880678096913841+0j)
0.996	0.992016	3.1805318880295505e-05	0.9920478119846572	0.0	(0.9920478119846572+0j)
0.998	0.996004	3.180542166192638e-05	0.9960358157051025	0.0	(0.9960358157051025+0j)
1.0	1.0	3.1805523827484364e-05	1.0000318234663876	0.0	(1.0000318234663876+0j)
