-1.0	-1.0	-0.0003180552382748436	-1.0003198059035712	0.0	(-1.0003198059035712+0j)
-0.998	-0.996004	-0.00031805421661926383	-0.9963230791246168	0.0	(-0.9963230791246168+0j)
-0.996	-0.992016	-0.00031805318880295504	-0.9923347258364854	0.0	(-0.9923347258364854+0j)
-0.994	-0.988036	-0.0003180521547762842	-0.988354508181604	0.0	(-0.988354508181604+0j)
-0.992	-0.9840639999999999	-0.00031805111448911737	-0.9843823636337905	0.0	(-0.9843823636337905+0j)
-0.99	-0.9801	-0.00031805006789081337	-0.9804182653066718	0.0	(-0.9804182653066718+0j)
-0.988	-0.976144	-0.00031804901493021846	-0.9764621983184426	0.0	(-0.9764621983184426+0j)
-0.986	-0.972196	-0.000318047955555659	-0.9725141531291135	0.0	(-0.9725141531291135+0j)
-0.984	-0.968256	-0.0003180468897149364	-0.9685741231206222	0.0	(-0.9685741231206222+0j)
-0.982	-0.964324	-0.00031804581735531904	-0.9646421035473739	0.0	(-0.9646421035473739+0j)
-0.98	-0.9603999999999999	-0.00031804473842353767	-0.9607180909939469	0.0	(-0.9607180909939469+0j)
-0.978	-0.956484	-0.00031804365286577696	-0.9568020830370634	0.0	(-0.9568020830370634+0j)
-0.976	-0.952576	-0.0003180425606276702	-0.9528940779997355	0.0	(-0.9528940779997355+0j)
-0.974	-0.948676	-0.00031804146165429164	-0.9489940747570353	0.0	(-0.9489940747570353+0j)
-0.972	-0.944784	-0.00031804035589015	-0.9451020725801402	0.0	(-0.9451020725801402+0j)
-0.97	-0.9409	-0.0003180392432791812	-0.9412180710138879	0.0	(-0.9412180710138879+0j)
-0.968	-0.937024	-0.0003180381237647416	-0.9373420697845963	0.0	(-0.9373420697845963+0j)
-0.966	-0.933156	-0.00031803699728960035	-0.9334740687338524	0.0	(-0.9334740687338524+0j)
-0.964	-0.9292959999999999	-0.0003180358637959325	-0.9296140677734175	0.0	(-0.9296140677734175+0j)
-0.962	-0.9254439999999999	-0.00031803472322531126	-0.9257620668559604	0.0	(-0.9257620668559604+0j)
-0.96	-0.9216	-0.0003180335755187006	-0.9219180659570178	0.0	(-0.9219180659570178+0j)
-0.9580000000000001	-0.9177640000000001	-0.00031803242061644764	-0.9180820650643937	0.0	(-0.9180820650643937+0j)
-0.9560000000000001	-0.9139360000000002	-0.00031803125845827483	-0.9142540641722079	0.0	(-0.9142540641722079+0j)
-0.9540000000000001	-0.9101160000000001	-0.00031803008898327226	-0.9104340632777251	0.0	(-0.9104340632777251+0j)
-0.9520000000000001	-0.9063040000000001	-0.0003180289121298893	-0.9066220623796871	0.0	(-0.9066220623796871+0j)
-0.9500000000000001	-0.9025000000000001	-0.0003180277278359269	-0.9028180614775433	0.0	(-0.9028180614775433+0j)
-0.9480000000000001	-0.8987040000000002	-0.0003180265360385292	-0.8990220605710415	0.0	(-0.8990220605710415+0j)
-0.9460000000000001	-0.8949160000000002	-0.0003180253366741752	-0.895234059660053	0.0	(-0.895234059660053+0j)
-0.9440000000000001	-0.8911360000000002	-0.00031802412967867023	-0.8914540587445212	0.0	(-0.8914540587445212+0j)
-0.9420000000000001	-0.8873640000000002	-0.00031802291498713743	-0.8876820578244057	0.0	(-0.8876820578244057+0j)
-0.9400000000000001	-0.8836000000000002	-0.000318021692534009	-0.8839180568996716	0.0	(-0.8839180568996716+0j)
-0.9380000000000001	-0.8798440000000001	-0.0003180204622530177	-0.8801620559702883	0.0	(-0.8801620559702883+0j)
-0.936	-0.8760960000000001	-0.00031801922407718704	-0.8764140550362343	0.0	(-0.8764140550362343+0j)
-0.934	-0.8723560000000001	-0.000318017977938823	-0.8726740540974721	0.0	(-0.8726740540974721+0j)
-0.932	-0.8686240000000001	-0.00031801672376950436	-0.8689420531539863	0.0	(-0.8689420531539863+0j)
-0.93	-0.8649000000000001	-0.00031801546150007345	-0.8652180522057479	0.0	(-0.8652180522057479+0j)
-0.928	-0.8611840000000001	-0.0003180141910606265	-0.8615020512527239	0.0	(-0.8615020512527239+0j)
-0.926	-0.8574760000000001	-0.00031801291238050405	-0.8577940502949026	0.0	(-0.8577940502949026+0j)
-0.924	-0.8537760000000001	-0.000318011625388281	-0.8540940493322393	0.0	(-0.8540940493322393+0j)
-0.922	-0.8500840000000001	-0.00031801033001175704	-0.8504020483647223	0.0	(-0.8504020483647223+0j)
-0.92	-0.8464	-0.0003180090261779459	-0.8467180473923068	0.0	(-0.8467180473923068+0j)
-0.918	-0.842724	-0.0003180077138130655	-0.8430420464149838	0.0	(-0.8430420464149838+0j)
-0.916	-0.839056	-0.0003180063928425273	-0.8393740454327123	0.0	(-0.8393740454327123+0j)
-0.914	-0.835396	-0.0003180050631909262	-0.8357140444454882	0.0	(-0.8357140444454882+0j)
-0.912	-0.831744	-0.00031800372478202874	-0.8320620434532627	0.0	(-0.8320620434532627+0j)
-0.91	-0.8281000000000001	-0.00031800237753876344	-0.8284180424559972	0.0	(-0.8284180424559972+0j)
-0.908	-0.8244640000000001	-0.0003180010213832087	-0.8247820414536849	0.0	(-0.8247820414536849+0j)
-0.906	-0.820836	-0.0003179996562365819	-0.821154040446307	0.0	(-0.821154040446307+0j)
-0.904	-0.817216	-0.0003179982820192283	-0.8175340394338104	0.0	(-0.8175340394338104+0j)
-0.902	-0.813604	-0.00031799689865060865	-0.8139220384161847	0.0	(-0.8139220384161847+0j)
-0.9	-0.81	-0.00031799550604928815	-0.8103180373933956	0.0	(-0.8103180373933956+0j)
-0.898	-0.806404	-0.00031799410413292406	-0.8067220363654183	0.0	(-0.8067220363654183+0j)
-0.896	-0.8028160000000001	-0.0003179926928182536	-0.8031340353322309	0.0	(-0.8031340353322309+0j)
-0.894	-0.7992360000000001	-0.00031799127202108155	-0.7995540342937832	0.0	(-0.7995540342937832+0j)
-0.892	-0.795664	-0.0003179898416562677	-0.7959820332500646	0.0	(-0.7959820332500646+0j)
-0.89	-0.7921	-0.00031798840163771436	-0.7924180322010413	0.0	(-0.7924180322010413+0j)
-0.888	-0.788544	-0.00031798695187835297	-0.788862031146688	0.0	(-0.788862031146688+0j)
-0.886	-0.784996	-0.0003179854922901313	-0.7853140300869828	0.0	(-0.7853140300869828+0j)
-0.884	-0.781456	-0.0003179840227839997	-0.7817740290218806	0.0	(-0.7817740290218806+0j)
-0.882	-0.7779240000000001	-0.000317982543269898	-0.7782420279513734	0.0	(-0.7782420279513734+0j)
-0.88	-0.7744	-0.00031798105365674127	-0.7747180268754202	0.0	(-0.7747180268754202+0j)
-0.878	-0.770884	-0.00031797955385240613	-0.7712020257939894	0.0	(-0.7712020257939894+0j)
-0.876	-0.767376	-0.00031797804376371624	-0.7676940247070693	0.0	(-0.7676940247070693+0j)
-0.874	-0.763876	-0.00031797652329642803	-0.7641940236146003	0.0	(-0.7641940236146003+0j)
-0.872	-0.760384	-0.00031797499235521585	-0.7607020225165847	0.0	(-0.7607020225165847+0j)
-0.87	-0.7569	-0.0003179734508436572	-0.7572180214129824	0.0	(-0.7572180214129824+0j)
-0.868	-0.753424	-0.0003179718986642173	-0.7537420203037617	0.0	(-0.7537420203037617+0j)
-0.866	-0.749956	-0.00031797033571823397	-0.7502740191889036	0.0	(-0.7502740191889036+0j)
-0.864	-0.7464959999999999	-0.00031796876190590167	-0.7468140180683677	0.0	(-0.7468140180683677+0j)
-0.862	-0.7430439999999999	-0.00031796717712625567	-0.7433620169421336	0.0	(-0.7433620169421336+0j)
-0.86	-0.7395999999999999	-0.000317965581277156	-0.7399180158101757	0.0	(-0.7399180158101757+0j)
-0.858	-0.7361639999999999	-0.00031796397425527063	-0.7364820146724534	0.0	(-0.7364820146724534+0j)
-0.856	-0.7327359999999999	-0.0003179623559560592	-0.7330540135289397	0.0	(-0.7330540135289397+0j)
-0.854	-0.729316	-0.00031796072627375576	-0.7296340123796166	0.0	(-0.7296340123796166+0j)
-0.852	-0.725904	-0.00031795908510135135	-0.7262220112244558	0.0	(-0.7262220112244558+0j)
-0.85	-0.7224999999999999	-0.00031795743233057683	-0.7228180100634208	0.0	(-0.7228180100634208+0j)
-0.848	-0.719104	-0.00031795576785188453	-0.7194220088964896	0.0	(-0.7194220088964896+0j)
-0.846	-0.7157159999999999	-0.00031795409155443066	-0.7160340077236156	0.0	(-0.7160340077236156+0j)
-0.844	-0.712336	-0.00031795240332605634	-0.7126540065447932	0.0	(-0.7126540065447932+0j)
-0.842	-0.7089639999999999	-0.0003179507030532692	-0.7092820053599864	0.0	(-0.7092820053599864+0j)
-0.84	-0.7055999999999999	-0.000317948990621224	-0.7059180041691632	0.0	(-0.7059180041691632+0j)
-0.838	-0.702244	-0.00031794726591370356	-0.7025620029723055	0.0	(-0.7025620029723055+0j)
-0.836	-0.698896	-0.00031794552881309887	-0.6992140017693717	0.0	(-0.6992140017693717+0j)
-0.834	-0.695556	-0.00031794377920038884	-0.695874000560334	0.0	(-0.695874000560334+0j)
-0.8320000000000001	-0.6922240000000002	-0.00031794201695512045	-0.6925419993451785	0.0	(-0.6925419993451785+0j)
-0.8300000000000001	-0.6889000000000001	-0.0003179402419553873	-0.6892179981238736	0.0	(-0.6892179981238736+0j)
-0.8280000000000001	-0.6855840000000001	-0.00031793845407780946	-0.6859019968963782	0.0	(-0.6859019968963782+0j)
-0.8260000000000001	-0.6822760000000001	-0.00031793665319751084	-0.6825939956626805	0.0	(-0.6825939956626805+0j)
-0.8240000000000001	-0.6789760000000001	-0.00031793483918809854	-0.6792939944227477	0.0	(-0.6792939944227477+0j)
-0.8220000000000001	-0.6756840000000001	-0.00031793301192163995	-0.6760019931765483	0.0	(-0.6760019931765483+0j)
-0.8200000000000001	-0.6724000000000001	-0.0003179311712686404	-0.6727179919240626	0.0	(-0.6727179919240626+0j)
-0.8180000000000001	-0.669124	-0.00031792931709802026	-0.6694419906652536	0.0	(-0.6694419906652536+0j)
-0.8160000000000001	-0.6658560000000001	-0.0003179274492770916	-0.6661739894001053	0.0	(-0.6661739894001053+0j)
-0.8140000000000001	-0.6625960000000001	-0.0003179255676715343	-0.6629139881285897	0.0	(-0.6629139881285897+0j)
-0.812	-0.659344	-0.00031792367214537214	-0.6596619868506756	0.0	(-0.6596619868506756+0j)
-0.81	-0.6561000000000001	-0.00031792176256094807	-0.6564179855663342	0.0	(-0.6564179855663342+0j)
-0.808	-0.6528640000000001	-0.00031791983877889926	-0.6531819842755494	0.0	(-0.6531819842755494+0j)
-0.806	-0.6496360000000001	-0.0003179179006581316	-0.6499539829782858	0.0	(-0.6499539829782858+0j)
-0.804	-0.6464160000000001	-0.00031791594805579413	-0.6467339816745287	0.0	(-0.6467339816745287+0j)
-0.802	-0.6432040000000001	-0.0003179139808272521	-0.6435219803642438	0.0	(-0.6435219803642438+0j)
-0.8	-0.6400000000000001	-0.00031791199882606096	-0.6403179790474129	0.0	(-0.6403179790474129+0j)
-0.798	-0.636804	-0.00031791000190393846	-0.6371219777240024	0.0	(-0.6371219777240024+0j)
-0.796	-0.6336160000000001	-0.00031790798991073723	-0.6339339763939971	0.0	(-0.6339339763939971+0j)
-0.794	-0.6304360000000001	-0.0003179059626944166	-0.6307539750573683	0.0	(-0.6307539750573683+0j)
-0.792	-0.627264	-0.0003179039201010137	-0.6275819737140956	0.0	(-0.6275819737140956+0j)
-0.79	-0.6241000000000001	-0.0003179018619746142	-0.6244179723641484	0.0	(-0.6244179723641484+0j)
-0.788	-0.620944	-0.0003178997881573229	-0.6212619710075146	0.0	(-0.6212619710075146+0j)
-0.786	-0.617796	-0.00031789769848923285	-0.6181139696441624	0.0	(-0.6181139696441624+0j)
-0.784	-0.6146560000000001	-0.00031789559280839526	-0.6149739682740784	0.0	(-0.6149739682740784+0j)
-0.782	-0.6115240000000001	-0.0003178934709507875	-0.6118419668972357	0.0	(-0.6118419668972357+0j)
-0.78	-0.6084	-0.0003178913327502814	-0.6087179655136148	0.0	(-0.6087179655136148+0j)
-0.778	-0.605284	-0.00031788917803861084	-0.6056019641231919	0.0	(-0.6056019641231919+0j)
-0.776	-0.602176	-0.0003178870066453384	-0.6024939627259547	0.0	(-0.6024939627259547+0j)
-0.774	-0.599076	-0.0003178848183978219	-0.5993939613218653	0.0	(-0.5993939613218653+0j)
-0.772	-0.5959840000000001	-0.0003178826131211799	-0.59630195991093	0.0	(-0.59630195991093+0j)
-0.77	-0.5929	-0.0003178803906382568	-0.5932179584931117	0.0	(-0.5932179584931117+0j)
-0.768	-0.589824	-0.0003178781507695874	-0.5901419570683997	0.0	(-0.5901419570683997+0j)
-0.766	-0.586756	-0.0003178758933333604	-0.5870739556367757	0.0	(-0.5870739556367757+0j)
-0.764	-0.583696	-0.000317873618145382	-0.5840139541982207	0.0	(-0.5840139541982207+0j)
-0.762	-0.580644	-0.00031787132501903735	-0.5809619527527241	0.0	(-0.5809619527527241+0j)
-0.76	-0.5776	-0.00031786901376525356	-0.5779179513002596	0.0	(-0.5779179513002596+0j)
-0.758	-0.574564	-0.00031786668419245983	-0.5748819498408267	0.0	(-0.5748819498408267+0j)
-0.756	-0.571536	-0.0003178643361065479	-0.5718539483743975	0.0	(-0.5718539483743975+0j)
-0.754	-0.568516	-0.0003178619693108319	-0.5688339469009673	0.0	(-0.5688339469009673+0j)
-0.752	-0.565504	-0.0003178595836060069	-0.5658219454205238	0.0	(-0.5658219454205238+0j)
-0.75	-0.5625	-0.00031785717879010707	-0.5628179439330544	0.0	(-0.5628179439330544+0j)
-0.748	-0.559504	-0.0003178547546584628	-0.5598219424385419	0.0	(-0.5598219424385419+0j)
-0.746	-0.556516	-0.0003178523110036574	-0.5568339409369871	0.0	(-0.5568339409369871+0j)
-0.744	-0.553536	-0.0003178498476154825	-0.5538539394283716	0.0	(-0.5538539394283716+0j)
-0.742	-0.5505639999999999	-0.00031784736428089284	-0.5508819379126977	0.0	(-0.5508819379126977+0j)
-0.74	-0.5476	-0.00031784486078396046	-0.5479179363899491	0.0	(-0.5479179363899491+0j)
-0.738	-0.544644	-0.0003178423369058274	-0.5449619348601201	0.0	(-0.5449619348601201+0j)
-0.736	-0.541696	-0.0003178397924246582	-0.5420139333232133	0.0	(-0.5420139333232133+0j)
-0.734	-0.538756	-0.00031783722711559094	-0.5390739317792174	0.0	(-0.5390739317792174+0j)
-0.732	-0.535824	-0.00031783464075068755	-0.5361419302281349	0.0	(-0.5361419302281349+0j)
-0.73	-0.5328999999999999	-0.00031783203309888354	-0.5332179286699631	0.0	(-0.5332179286699631+0j)
-0.728	-0.529984	-0.0003178294039259356	-0.530301927104703	0.0	(-0.530301927104703+0j)
-0.726	-0.527076	-0.0003178267529943701	-0.527393925532348	0.0	(-0.527393925532348+0j)
-0.724	-0.524176	-0.0003178240800634284	-0.5244939239529086	0.0	(-0.5244939239529086+0j)
-0.722	-0.521284	-0.00031782138488901273	-0.5216019223663817	0.0	(-0.5216019223663817+0j)
-0.72	-0.5184	-0.0003178186672236305	-0.5187179207727822	0.0	(-0.5187179207727822+0j)
-0.718	-0.515524	-0.0003178159268163373	-0.5158419191721093	0.0	(-0.5158419191721093+0j)
-0.716	-0.512656	-0.00031781316341267897	-0.5129739175643753	0.0	(-0.5129739175643753+0j)
-0.714	-0.5097959999999999	-0.00031781037675463267	-0.5101139159495868	0.0	(-0.5101139159495868+0j)
-0.712	-0.506944	-0.00031780756658054645	-0.507261914327762	0.0	(-0.507261914327762+0j)
-0.71	-0.5041	-0.0003178047326250781	-0.5044179126989007	0.0	(-0.5044179126989007+0j)
-0.708	-0.5012639999999999	-0.00031780187461913204	-0.5015819110630241	0.0	(-0.5015819110630241+0j)
-0.706	-0.49843599999999993	-0.00031779899228979617	-0.4987539094201524	0.0	(-0.4987539094201524+0j)
-0.704	-0.49561599999999995	-0.000317796085360276	-0.495933907770304	0.0	(-0.495933907770304+0j)
-0.7020000000000001	-0.4928040000000001	-0.00031779315354982864	-0.49312190611349555	0.0	(-0.49312190611349555+0j)
-0.7000000000000001	-0.4900000000000001	-0.0003177901965736947	-0.4903179044497522	0.0	(-0.4903179044497522+0j)
-0.6980000000000001	-0.4872040000000001	-0.0003177872141430294	-0.48752190277909624	0.0	(-0.48752190277909624+0j)
-0.6960000000000001	-0.48441600000000007	-0.0003177842059648321	-0.48473390110155423	0.0	(-0.48473390110155423+0j)
-0.6940000000000001	-0.48163600000000006	-0.0003177811717418739	-0.48195389941715616	0.0	(-0.48195389941715616+0j)
-0.6920000000000001	-0.47886400000000007	-0.0003177781111726246	-0.47918189772593367	0.0	(-0.47918189772593367+0j)
-0.6900000000000001	-0.4761000000000001	-0.00031777502395117775	-0.4764178960279187	0.0	(-0.4764178960279187+0j)
-0.6880000000000001	-0.4733440000000001	-0.0003177719097671739	-0.4736618943231497	0.0	(-0.4736618943231497+0j)
-0.686	-0.47059600000000007	-0.00031776876830572325	-0.4709138926116627	0.0	(-0.4709138926116627+0j)
-0.684	-0.46785600000000005	-0.0003177655992473251	-0.46817389089349526	0.0	(-0.46817389089349526+0j)
-0.682	-0.4651240000000001	-0.0003177624022677876	-0.46544188916869933	0.0	(-0.46544188916869933+0j)
-0.68	-0.4624000000000001	-0.00031775917703814394	-0.46271788743731945	0.0	(-0.46271788743731945+0j)
-0.678	-0.45968400000000004	-0.00031775592322456865	-0.46000188569940154	0.0	(-0.46000188569940154+0j)
-0.676	-0.45697600000000005	-0.0003177526404882902	-0.4572938839550006	0.0	(-0.4572938839550006+0j)
-0.674	-0.45427600000000007	-0.00031774932848550365	-0.45459388220416647	0.0	(-0.45459388220416647+0j)
-0.672	-0.45158400000000004	-0.00031774598686728025	-0.45190188044696483	0.0	(-0.45190188044696483+0j)
-0.67	-0.4489000000000001	-0.0003177426152794756	-0.4492178786834537	0.0	(-0.4492178786834537+0j)
-0.668	-0.44622400000000007	-0.00031773921336263576	-0.4465418769137	0.0	(-0.4465418769137+0j)
-0.666	-0.44355600000000006	-0.0003177357807519015	-0.44387387513777654	0.0	(-0.44387387513777654+0j)
-0.664	-0.44089600000000007	-0.00031773231707691056	-0.44121387335574935	0.0	(-0.44121387335574935+0j)
-0.662	-0.438244	-0.0003177288219616974	-0.43856187156769444	0.0	(-0.43856187156769444+0j)
-0.66	-0.43560000000000004	-0.0003177252950245918	-0.43591786977369423	0.0	(-0.43591786977369423+0j)
-0.658	-0.432964	-0.0003177217358781139	-0.43328186797383794	0.0	(-0.43328186797383794+0j)
-0.656	-0.43033600000000005	-0.0003177181441288684	-0.43065386616820633	0.0	(-0.43065386616820633+0j)
-0.654	-0.42771600000000004	-0.00031771451937743546	-0.42803386435689333	0.0	(-0.42803386435689333+0j)
-0.652	-0.42510400000000004	-0.0003177108612182598	-0.42542186253999836	0.0	(-0.42542186253999836+0j)
-0.65	-0.42250000000000004	-0.0003177071692395373	-0.42281786071761923	0.0	(-0.42281786071761923+0j)
-0.648	-0.419904	-0.0003177034430230991	-0.42022185888986396	0.0	(-0.42022185888986396+0j)
-0.646	-0.417316	-0.00031769968214429294	-0.4176338570568431	0.0	(-0.4176338570568431+0j)
-0.644	-0.41473600000000005	-0.0003176958861718625	-0.41505385521867516	0.0	(-0.41505385521867516+0j)
-0.642	-0.41216400000000003	-0.0003176920546678236	-0.41248185337547877	0.0	(-0.41248185337547877+0j)
-0.64	-0.4096	-0.000317688187187338	-0.4099178515273769	0.0	(-0.4099178515273769+0j)
-0.638	-0.407044	-0.00031768428327858374	-0.4073618496745112	0.0	(-0.4073618496745112+0j)
-0.636	-0.404496	-0.0003176803424826242	-0.40481384781700663	0.0	(-0.40481384781700663+0j)
-0.634	-0.40195600000000004	-0.00031767636433327213	-0.4022738459550177	0.0	(-0.4022738459550177+0j)
-0.632	-0.399424	-0.00031767234835695246	-0.3997418440886898	0.0	(-0.3997418440886898+0j)
-0.63	-0.39690000000000003	-0.00031766829407256107	-0.3972178422181775	0.0	(-0.3972178422181775+0j)
-0.628	-0.394384	-0.00031766420099132086	-0.3947018403436451	0.0	(-0.3947018403436451+0j)
-0.626	-0.391876	-0.0003176600686166341	-0.39219383846526334	0.0	(-0.39219383846526334+0j)
-0.624	-0.389376	-0.00031765589644393245	-0.389693836583202	0.0	(-0.389693836583202+0j)
-0.622	-0.386884	-0.00031765168396052213	-0.38720183469765096	0.0	(-0.38720183469765096+0j)
-0.62	-0.3844	-0.00031764743064542693	-0.38471783280880134	0.0	(-0.38471783280880134+0j)
-0.618	-0.381924	-0.000317643135969227	-0.38224183091684344	0.0	(-0.38224183091684344+0j)
-0.616	-0.379456	-0.000317638799393894	-0.3797738290219919	0.0	(-0.3797738290219919+0j)
-0.614	-0.376996	-0.00031763442037262285	-0.37731382712445527	0.0	(-0.37731382712445527+0j)
-0.612	-0.374544	-0.00031762999834965896	-0.37486182522445843	0.0	(-0.37486182522445843+0j)
-0.61	-0.3721	-0.00031762553276012224	-0.37241782332223056	0.0	(-0.37241782332223056+0j)
-0.608	-0.369664	-0.00031762102302982645	-0.3699818214180165	0.0	(-0.3699818214180165+0j)
-0.606	-0.367236	-0.0003176164685750948	-0.36755381951206145	0.0	(-0.36755381951206145+0j)
-0.604	-0.364816	-0.000317611868802571	-0.36513381760462316	0.0	(-0.36513381760462316+0j)
-0.602	-0.36240399999999995	-0.00031760722310902596	-0.3627218156959778	0.0	(-0.3627218156959778+0j)
-0.6	-0.36	-0.00031760253088116005	-0.36031781378639577	0.0	(-0.36031781378639577+0j)
-0.598	-0.357604	-0.00031759779149540066	-0.35792181187617544	0.0	(-0.35792181187617544+0j)
-0.596	-0.355216	-0.000317593004317695	-0.35553380996560846	0.0	(-0.35553380996560846+0j)
-0.594	-0.352836	-0.00031758816870329823	-0.35315380805501106	0.0	(-0.35315380805501106+0j)
-0.592	-0.35046399999999994	-0.00031758328399655595	-0.35078180614470883	0.0	(-0.35078180614470883+0j)
-0.59	-0.34809999999999997	-0.0003175783495306823	-0.3484178042350338	0.0	(-0.3484178042350338+0j)
-0.588	-0.34574399999999994	-0.0003175733646275322	-0.34606180232633643	0.0	(-0.34606180232633643+0j)
-0.586	-0.343396	-0.0003175683285973685	-0.3437138004189732	0.0	(-0.3437138004189732+0j)
-0.584	-0.34105599999999997	-0.00031756324073862325	-0.34137379851332156	0.0	(-0.34137379851332156+0j)
-0.582	-0.33872399999999997	-0.0003175581003376533	-0.3390417966097674	0.0	(-0.3390417966097674+0j)
-0.58	-0.3364	-0.0003175529066684903	-0.3367177947087145	0.0	(-0.3367177947087145+0j)
-0.578	-0.33408399999999994	-0.0003175476589925842	-0.3344017928105767	0.0	(-0.3344017928105767+0j)
-0.5760000000000001	-0.33177600000000007	-0.00031754235655854043	-0.33209379091578595	0.0	(-0.33209379091578595+0j)
-0.5740000000000001	-0.3294760000000001	-0.0003175369986018514	-0.3297937890247905	0.0	(-0.3297937890247905+0j)
-0.5720000000000001	-0.3271840000000001	-0.00031753158434462056	-0.3275017871380537	0.0	(-0.3275017871380537+0j)
-0.5700000000000001	-0.3249000000000001	-0.0003175261129952803	-0.32521778525605255	0.0	(-0.32521778525605255+0j)
-0.5680000000000001	-0.3226240000000001	-0.0003175205837483022	-0.32294178337928503	0.0	(-0.32294178337928503+0j)
-0.5660000000000001	-0.3203560000000001	-0.00031751499578390105	-0.3206737815082674	0.0	(-0.3206737815082674+0j)
-0.5640000000000001	-0.31809600000000005	-0.0003175093482677306	-0.3184137796435335	0.0	(-0.3184137796435335+0j)
-0.562	-0.31584400000000007	-0.0003175036403505723	-0.3161617777856322	0.0	(-0.3161617777856322+0j)
-0.56	-0.31360000000000005	-0.0003174978711680157	-0.31391777593513565	0.0	(-0.31391777593513565+0j)
-0.558	-0.3113640000000001	-0.0003174920398401317	-0.31168177409264025	0.0	(-0.31168177409264025+0j)
-0.556	-0.3091360000000001	-0.0003174861454711366	-0.30945377225875326	0.0	(-0.30945377225875326+0j)
-0.554	-0.3069160000000001	-0.0003174801871490482	-0.30723377043411526	0.0	(-0.30723377043411526+0j)
-0.552	-0.30470400000000003	-0.00031747416394533294	-0.30502176861938096	0.0	(-0.30502176861938096+0j)
-0.55	-0.30250000000000005	-0.0003174680749145443	-0.30281776681523165	0.0	(-0.30281776681523165+0j)
-0.548	-0.30030400000000007	-0.00031746191909395156	-0.30062176502236804	0.0	(-0.30062176502236804+0j)
-0.546	-0.29811600000000005	-0.00031745569550315953	-0.2984337632415292	0.0	(-0.2984337632415292+0j)
-0.544	-0.29593600000000003	-0.0003174494031437177	-0.2962537614734536	0.0	(-0.2962537614734536+0j)
-0.542	-0.293764	-0.00031744304099872025	-0.2940817597189403	0.0	(-0.2940817597189403+0j)
-0.54	-0.2916	-0.0003174366080323948	-0.2919177579787859	0.0	(-0.2919177579787859+0j)
-0.538	-0.28944400000000003	-0.00031743010318968114	-0.2897617562538376	0.0	(-0.2897617562538376+0j)
-0.536	-0.28729600000000005	-0.00031742352539579843	-0.2876137545449538	0.0	(-0.2876137545449538+0j)
-0.534	-0.285156	-0.00031741687355580094	-0.28547375285303794	0.0	(-0.28547375285303794+0j)
-0.532	-0.28302400000000005	-0.0003174101465541231	-0.2833417511790159	0.0	(-0.2833417511790159+0j)
-0.53	-0.28090000000000004	-0.00031740334325411096	-0.28121774952384904	0.0	(-0.28121774952384904+0j)
-0.528	-0.27878400000000003	-0.0003173964624975424	-0.27910174788853304	0.0	(-0.27910174788853304+0j)
-0.526	-0.27667600000000003	-0.00031738950310413426	-0.27699374627409823	0.0	(-0.27699374627409823+0j)
-0.524	-0.27457600000000004	-0.0003173824638710356	-0.2748937446816074	0.0	(-0.2748937446816074+0j)
-0.522	-0.272484	-0.0003173753435723088	-0.2728017431121677	0.0	(-0.2728017431121677+0j)
-0.52	-0.27040000000000003	-0.00031736814095839486	-0.2707177415669199	0.0	(-0.2707177415669199+0j)
-0.518	-0.268324	-0.00031736085475556574	-0.26864174004704405	0.0	(-0.26864174004704405+0j)
-0.516	-0.266256	-0.00031735348366536094	-0.2665737385537614	0.0	(-0.2665737385537614+0j)
-0.514	-0.264196	-0.00031734602636400905	-0.26451373708834236	0.0	(-0.26451373708834236+0j)
-0.512	-0.262144	-0.00031733848150183327	-0.26246173565209524	0.0	(-0.26246173565209524+0j)
-0.51	-0.2601	-0.000317330847702641	-0.26041773424637604	0.0	(-0.26041773424637604+0j)
-0.508	-0.258064	-0.0003173231235630957	-0.25838173287258814	0.0	(-0.25838173287258814+0j)
-0.506	-0.256036	-0.00031731530765207236	-0.25635373153218666	0.0	(-0.25635373153218666+0j)
-0.504	-0.254016	-0.0003173073985099944	-0.25433373022667227	0.0	(-0.25433373022667227+0j)
-0.502	-0.252004	-0.0003172993946481522	-0.25232172895760413	0.0	(-0.25232172895760413+0j)
-0.5	-0.25	-0.00031729129454800256	-0.25031772772659433	0.0	(-0.25031772772659433+0j)
-0.498	-0.248004	-0.0003172830966604482	-0.24832172653530712	0.0	(-0.24832172653530712+0j)
-0.496	-0.24601599999999998	-0.0003172747994050973	-0.24633372538547185	0.0	(-0.24633372538547185+0j)
-0.494	-0.244036	-0.00031726640116950167	-0.2443537242788757	0.0	(-0.2443537242788757+0j)
-0.492	-0.242064	-0.0003172579003083733	-0.24238172321736953	0.0	(-0.24238172321736953+0j)
-0.49	-0.24009999999999998	-0.00031724929514277846	-0.24041772220287053	0.0	(-0.24041772220287053+0j)
-0.488	-0.238144	-0.0003172405839593087	-0.2384617212373562	0.0	(-0.2384617212373562+0j)
-0.486	-0.236196	-0.00031723176500922785	-0.23651372032288812	0.0	(-0.23651372032288812+0j)
-0.484	-0.234256	-0.0003172228365075944	-0.23457371946158434	0.0	(-0.23457371946158434+0j)
-0.482	-0.23232399999999997	-0.00031721379663235806	-0.23264171865565664	0.0	(-0.23264171865565664+0j)
-0.48	-0.2304	-0.0003172046435234303	-0.23071771790737292	0.0	(-0.23071771790737292+0j)
-0.47800000000000004	-0.22848400000000005	-0.00031719537528172734	-0.22880171721910317	0.0	(-0.22880171721910317+0j)
-0.47600000000000003	-0.22657600000000003	-0.0003171859899681852	-0.2268937165932874	0.0	(-0.2268937165932874+0j)
-0.47400000000000003	-0.22467600000000004	-0.00031717648560274493	-0.2249937160324572	0.0	(-0.2249937160324572+0j)
-0.47200000000000003	-0.22278400000000004	-0.00031716686016330876	-0.2231017155392391	0.0	(-0.2231017155392391+0j)
-0.47000000000000003	-0.22090000000000004	-0.00031715711158466424	-0.22121771511634206	0.0	(-0.22121771511634206+0j)
-0.468	-0.21902400000000002	-0.00031714723775737606	-0.21934171476658318	0.0	(-0.21934171476658318+0j)
-0.466	-0.21715600000000002	-0.00031713723652664543	-0.21747371449287473	0.0	(-0.21747371449287473+0j)
-0.464	-0.21529600000000002	-0.00031712710569113396	-0.2156137142982352	0.0	(-0.2156137142982352+0j)
-0.462	-0.21344400000000002	-0.00031711684300175216	-0.2137617141857878	0.0	(-0.2137617141857878+0j)
-0.46	-0.2116	-0.0003171064461604115	-0.21191771415877686	0.0	(-0.21191771415877686+0j)
-0.458	-0.209764	-0.0003170959128187374	-0.2100817142205582	0.0	(-0.2100817142205582+0j)
-0.456	-0.207936	-0.00031708524057674314	-0.2082537143746037	0.0	(-0.2082537143746037+0j)
-0.454	-0.20611600000000002	-0.0003170744269814627	-0.20643371462452326	0.0	(-0.20643371462452326+0j)
-0.452	-0.204304	-0.0003170634695255411	-0.20462171497404563	0.0	(-0.20462171497404563+0j)
-0.45	-0.2025	-0.00031705236564578065	-0.20281771542704385	0.0	(-0.20281771542704385+0j)
-0.448	-0.20070400000000002	-0.00031704111272164224	-0.2010217159875295	0.0	(-0.2010217159875295+0j)
-0.446	-0.198916	-0.00031702970807369877	-0.19923371665965695	0.0	(-0.19923371665965695+0j)
-0.444	-0.197136	-0.00031701814896204004	-0.1974537174477368	0.0	(-0.1974537174477368+0j)
-0.442	-0.195364	-0.00031700643258462686	-0.1956817183562343	0.0	(-0.1956817183562343+0j)
-0.44	-0.1936	-0.0003169945560755932	-0.19391771938978328	0.0	(-0.19391771938978328+0j)
-0.438	-0.191844	-0.00031698251650349297	-0.1921617205531847	0.0	(-0.1921617205531847+0j)
-0.436	-0.190096	-0.0003169703108694914	-0.19041372185141714	0.0	(-0.19041372185141714+0j)
-0.434	-0.188356	-0.00031695793610549724	-0.18867372328964366	0.0	(-0.18867372328964366+0j)
-0.432	-0.18662399999999998	-0.0003169453890722346	-0.18694172487322164	0.0	(-0.18694172487322164+0j)
-0.43	-0.18489999999999998	-0.0003169326665572518	-0.18521772660769933	0.0	(-0.18521772660769933+0j)
-0.428	-0.18318399999999999	-0.00031691976527286486	-0.18350172849884183	0.0	(-0.18350172849884183+0j)
-0.426	-0.181476	-0.0003169066818540334	-0.1817937305526247	0.0	(-0.1817937305526247+0j)
-0.424	-0.179776	-0.0003168934128561661	-0.1800937327752453	0.0	(-0.1800937327752453+0j)
-0.422	-0.178084	-0.00031687995475285344	-0.17840173517313523	0.0	(-0.17840173517313523+0j)
-0.42	-0.17639999999999997	-0.00031686630393352403	-0.17671773775297017	0.0	(-0.17671773775297017+0j)
-0.418	-0.174724	-0.00031685245670102336	-0.17504174052167734	0.0	(-0.17504174052167734+0j)
-0.41600000000000004	-0.17305600000000004	-0.0003168384092691097	-0.17337374348644366	0.0	(-0.17337374348644366+0j)
-0.41400000000000003	-0.17139600000000002	-0.0003168241577598658	-0.17171374665472966	0.0	(-0.17171374665472966+0j)
-0.41200000000000003	-0.16974400000000003	-0.0003168096982010223	-0.17006175003428292	0.0	(-0.17006175003428292+0j)
-0.41000000000000003	-0.16810000000000003	-0.00031679502652318966	-0.16841775363313816	0.0	(-0.16841775363313816+0j)
-0.40800000000000003	-0.16646400000000003	-0.0003167801385569943	-0.16678175745964963	0.0	(-0.16678175745964963+0j)
-0.406	-0.164836	-0.0003167650300301165	-0.16515376152248257	0.0	(-0.16515376152248257+0j)
-0.404	-0.16321600000000003	-0.000316749696564225	-0.1635337658306387	0.0	(-0.1635337658306387+0j)
-0.402	-0.16160400000000003	-0.00031673413367180436	-0.16192177039346806	0.0	(-0.16192177039346806+0j)
-0.4	-0.16000000000000003	-0.0003167183367528717	-0.16031777522068147	0.0	(-0.16031777522068147+0j)
-0.398	-0.15840400000000002	-0.0003167023010915769	-0.1587217803223692	0.0	(-0.1587217803223692+0j)
-0.396	-0.156816	-0.0003166860218526827	-0.15713378570901054	0.0	(-0.15713378570901054+0j)
-0.394	-0.155236	-0.00031666949407791937	-0.1555537913914971	0.0	(-0.1555537913914971+0j)
-0.392	-0.15366400000000002	-0.0003166527126822091	-0.1539817973811467	0.0	(-0.1539817973811467+0j)
-0.39	-0.1521	-0.0003166356724497536	-0.15241780368972213	0.0	(-0.15241780368972213+0j)
-0.388	-0.150544	-0.00031661836802998155	-0.15086181032944873	0.0	(-0.15086181032944873+0j)
-0.386	-0.14899600000000002	-0.00031660079393334745	-0.14931381731303994	0.0	(-0.14931381731303994+0j)
-0.384	-0.147456	-0.0003165829445269776	-0.1477738246537091	0.0	(-0.1477738246537091+0j)
-0.382	-0.145924	-0.0003165648140301557	-0.14624183236519897	0.0	(-0.14624183236519897+0j)
-0.38	-0.1444	-0.0003165463965096423	-0.14471784046180097	0.0	(-0.14471784046180097+0j)
-0.378	-0.142884	-0.00031652768587481955	-0.1432018489583778	0.0	(-0.1432018489583778+0j)
-0.376	-0.141376	-0.00031650867587265565	-0.1416938578703908	0.0	(-0.1416938578703908+0j)
-0.374	-0.139876	-0.0003164893600824792	-0.140193867213931	0.0	(-0.140193867213931+0j)
-0.372	-0.138384	-0.000316469731910558	-0.13870187700573366	0.0	(-0.13870187700573366+0j)
-0.37	-0.1369	-0.0003164497845844697	-0.13721788726321751	0.0	(-0.13721788726321751+0j)
-0.368	-0.135424	-0.0003164295111472607	-0.13574189800451383	0.0	(-0.13574189800451383+0j)
-0.366	-0.133956	-0.0003164089044513783	-0.13427390924849855	0.0	(-0.13427390924849855+0j)
-0.364	-0.132496	-0.0003163879571523706	-0.1328139210148145	0.0	(-0.1328139210148145+0j)
-0.362	-0.131044	-0.0003163666617023414	-0.13136193332392596	0.0	(-0.13136193332392596+0j)
-0.36	-0.1296	-0.00031634501034315	-0.12991794619713606	0.0	(-0.12991794619713606+0j)
-0.358	-0.128164	-0.000316322995099344	-0.1284819596566401	0.0	(-0.1284819596566401+0j)
-0.356	-0.126736	-0.00031630060777081386	-0.12705397372555416	0.0	(-0.12705397372555416+0j)
-0.354	-0.12531599999999998	-0.00031627783992515624	-0.125633988427965	0.0	(-0.125633988427965+0j)
-0.352	-0.12390399999999999	-0.0003162546828897321	-0.12422200378897166	0.0	(-0.12422200378897166+0j)
-0.35000000000000003	-0.12250000000000003	-0.0003162311277434067	-0.12281801983473348	0.0	(-0.12281801983473348+0j)
-0.34800000000000003	-0.12110400000000002	-0.0003162071653079564	-0.12142203659251596	0.0	(-0.12142203659251596+0j)
-0.34600000000000003	-0.11971600000000002	-0.0003161827861391264	-0.12003405409074516	0.0	(-0.12003405409074516+0j)
-0.34400000000000003	-0.11833600000000002	-0.0003161579805173237	-0.11865407235906361	0.0	(-0.11865407235906361+0j)
-0.342	-0.11696400000000001	-0.00031613273843792843	-0.11728209142838196	0.0	(-0.11728209142838196+0j)
-0.34	-0.11560000000000002	-0.0003161070496012039	-0.11591811133094113	0.0	(-0.11591811133094113+0j)
-0.338	-0.11424400000000001	-0.00031608090340178876	-0.11456213210037794	0.0	(-0.11456213210037794+0j)
-0.336	-0.11289600000000001	-0.00031605428891774907	-0.11321415377178717	0.0	(-0.11321415377178717+0j)
-0.334	-0.11155600000000002	-0.000316027194899171	-0.1118741763817936	0.0	(-0.1118741763817936+0j)
-0.332	-0.11022400000000002	-0.0003159996097562701	-0.11054219996862669	0.0	(-0.11054219996862669+0j)
-0.33	-0.10890000000000001	-0.0003159715215469951	-0.10921822457219255	0.0	(-0.10921822457219255+0j)
-0.328	-0.10758400000000001	-0.0003159429179641016	-0.10790225023416136	0.0	(-0.10790225023416136+0j)
-0.326	-0.10627600000000001	-0.0003159137863216672	-0.10659427699804809	0.0	(-0.10659427699804809+0j)
-0.324	-0.104976	-0.00031588411354102446	-0.10529430490930416	0.0	(-0.10529430490930416+0j)
-0.322	-0.10368400000000001	-0.0003158538861360781	-0.10400233401541495	0.0	(-0.10400233401541495+0j)
-0.32	-0.1024	-0.0003158230901979798	-0.1027183643659958	0.0	(-0.1027183643659958+0j)
-0.318	-0.101124	-0.0003157917113791248	-0.10144239601290016	0.0	(-0.10144239601290016+0j)
-0.316	-0.099856	-0.0003157597348764378	-0.10017442901032864	0.0	(-0.10017442901032864+0j)
-0.314	-0.098596	-0.00031572714541391124	-0.09891446341494935	0.0	(-0.09891446341494935+0j)
-0.312	-0.097344	-0.00031569392722435787	-0.09766249928601826	0.0	(-0.09766249928601826+0j)
-0.31	-0.0961	-0.0003156600640303356	-0.09641853668550979	0.0	(-0.09641853668550979+0j)
-0.308	-0.094864	-0.000315625539024204	-0.09518257567826029	0.0	(-0.09518257567826029+0j)
-0.306	-0.093636	-0.0003155903348472638	-0.09395461633210418	0.0	(-0.09395461633210418+0j)
-0.304	-0.092416	-0.00031555443356793373	-0.09273465871803496	0.0	(-0.09273465871803496+0j)
-0.302	-0.091204	-0.000315517816658912	-0.09152270291036148	0.0	(-0.09152270291036148+0j)
-0.3	-0.09	-0.00031548046497326815	-0.09031874898688588	0.0	(-0.09031874898688588+0j)
-0.298	-0.088804	-0.0003154423587194081	-0.08912279702907804	0.0	(-0.08912279702907804+0j)
-0.296	-0.08761599999999999	-0.00031540347743485176	-0.08793484712227015	0.0	(-0.08793484712227015+0j)
-0.294	-0.08643599999999999	-0.0003153637999587567	-0.08675489935585766	0.0	(-0.08675489935585766+0j)
-0.292	-0.08526399999999999	-0.0003153233044031208	-0.08558295382351332	0.0	(-0.08558295382351332+0j)
-0.29	-0.0841	-0.00031528196812258936	-0.08441901062341316	0.0	(-0.08441901062341316+0j)
-0.28800000000000003	-0.08294400000000002	-0.0003152397676827896	-0.08326306985847579	0.0	(-0.08326306985847579+0j)
-0.28600000000000003	-0.08179600000000002	-0.00031519667882711025	-0.08211513163661546	0.0	(-0.08211513163661546+0j)
-0.28400000000000003	-0.08065600000000002	-0.00031515267644183676	-0.0809751960710084	0.0	(-0.0809751960710084+0j)
-0.28200000000000003	-0.07952400000000001	-0.0003151077345195505	-0.07984326328037873	0.0	(-0.07984326328037873+0j)
-0.28	-0.07840000000000001	-0.00031506182612069073	-0.078719333389297	0.0	(-0.078719333389297+0j)
-0.278	-0.07728400000000002	-0.0003150149233331743	-0.07760340652849884	0.0	(-0.07760340652849884+0j)
-0.276	-0.07617600000000001	-0.00031496699722995965	-0.07649548283522219	0.0	(-0.07649548283522219+0j)
-0.274	-0.07507600000000002	-0.0003149180178244344	-0.07539556245356534	0.0	(-0.07539556245356534+0j)
-0.272	-0.07398400000000001	-0.00031486795402349885	-0.07430364553486138	0.0	(-0.07430364553486138+0j)
-0.27	-0.0729	-0.00031481677357820723	-0.07321973223808567	0.0	(-0.07321973223808567+0j)
-0.268	-0.07182400000000001	-0.0003147644430318215	-0.07214382273027974	0.0	(-0.07214382273027974+0j)
-0.266	-0.07075600000000001	-0.0003147109276651204	-0.0710759171869988	0.0	(-0.0710759171869988+0j)
-0.264	-0.06969600000000001	-0.00031465619143879767	-0.07001601579279762	0.0	(-0.07001601579279762+0j)
-0.262	-0.06864400000000001	-0.00031460019693277044	-0.06896411874173657	0.0	(-0.06896411874173657+0j)
-0.26	-0.06760000000000001	-0.0003145429052822074	-0.06792022623792295	0.0	(-0.06792022623792295+0j)
-0.258	-0.066564	-0.0003144842761100716	-0.0668843384960831	0.0	(-0.0668843384960831+0j)
-0.256	-0.065536	-0.0003144242674559612	-0.06585645574217498	0.0	(-0.06585645574217498+0j)
-0.254	-0.064516	-0.0003143628357010107	-0.06483657821403495	0.0	(-0.06483657821403495+0j)
-0.252	-0.063504	-0.0003142999354886056	-0.06382470616206813	0.0	(-0.06382470616206813+0j)
-0.25	-0.0625	-0.0003142355196406382	-0.06282083984997713	0.0	(-0.06282083984997713+0j)
-0.248	-0.061503999999999996	-0.00031416953906901707	-0.06182497955554682	0.0	(-0.06182497955554682+0j)
-0.246	-0.060516	-0.00031410194268212117	-0.06083712557146706	0.0	(-0.06083712557146706+0j)
-0.244	-0.059536	-0.0003140326772858628	-0.059857278206220214	0.0	(-0.059857278206220214+0j)
-0.242	-0.058564	-0.00031396168747900566	-0.05888543778501454	0.0	(-0.05888543778501454+0j)
-0.24	-0.0576	-0.0003138889155423492	-0.057921604650787765	0.0	(-0.057921604650787765+0j)
-0.23800000000000002	-0.05664400000000001	-0.00031381430132136867	-0.05696577916526937	0.0	(-0.05696577916526937+0j)
-0.23600000000000002	-0.05569600000000001	-0.0003137377821018632	-0.056017961710113175	0.0	(-0.056017961710113175+0j)
-0.234	-0.054756000000000006	-0.0003136592924781323	-0.055078152688108235	0.0	(-0.055078152688108235+0j)
-0.232	-0.053824000000000004	-0.0003135787642131636	-0.05414635252446279	0.0	(-0.05414635252446279+0j)
-0.23	-0.0529	-0.000313496126090274	-0.05322256166817965	0.0	(-0.05322256166817965+0j)
-0.228	-0.051984	-0.0003134113037556006	-0.05230678059351678	0.0	(-0.05230678059351678+0j)
-0.226	-0.051076	-0.0003133242195507921	-0.0513990098015511	0.0	(-0.0513990098015511+0j)
-0.224	-0.050176000000000005	-0.0003132347923351971	-0.05049924982184054	0.0	(-0.05049924982184054+0j)
-0.222	-0.049284	-0.0003131429372967882	-0.04960750121420624	0.0	(-0.04960750121420624+0j)
-0.22	-0.0484	-0.00031304856575100075	-0.04872376457062212	0.0	(-0.04872376457062212+0j)
-0.218	-0.047524	-0.0003129515849265936	-0.04784804051724816	0.0	(-0.04784804051724816+0j)
-0.216	-0.046655999999999996	-0.0003128518977375665	-0.04698032971658922	0.0	(-0.04698032971658922+0j)
-0.214	-0.045795999999999996	-0.00031274940254008744	-0.04612063286980408	0.0	(-0.04612063286980408+0j)
-0.212	-0.044944	-0.00031264399287329246	-0.04526895071918104	0.0	(-0.04526895071918104+0j)
-0.21	-0.04409999999999999	-0.0003125355571827242	-0.04442528405076873	0.0	(-0.04442528405076873+0j)
-0.20800000000000002	-0.04326400000000001	-0.00031242397852506673	-0.043589633697202736	0.0	(-0.043589633697202736+0j)
-0.20600000000000002	-0.04243600000000001	-0.0003123091342527172	-0.042762000540719776	0.0	(-0.042762000540719776+0j)
-0.20400000000000001	-0.04161600000000001	-0.0003121908956766051	-0.04194238551638246	0.0	(-0.04194238551638246+0j)
-0.202	-0.04080400000000001	-0.0003120691277055279	-0.0411307896155335	0.0	(-0.0411307896155335+0j)
-0.2	-0.04000000000000001	-0.00031194368846011484	-0.040327213889483016	0.0	(-0.040327213889483016+0j)
-0.198	-0.039204	-0.0003118144288593586	-0.03953165945346641	0.0	(-0.03953165945346641+0j)
-0.196	-0.038416000000000006	-0.0003116811921774644	-0.03874412749086873	0.0	(-0.03874412749086873+0j)
-0.194	-0.037636	-0.0003115438135685544	-0.037964619257758854	0.0	(-0.037964619257758854+0j)
-0.192	-0.036864	-0.00031140211955653824	-0.03719313608773689	0.0	(-0.03719313608773689+0j)
-0.19	-0.0361	-0.000311255927487197	-0.03642967939713028	0.0	(-0.03642967939713028+0j)
-0.188	-0.035344	-0.00031110504493925034	-0.03567425069056168	0.0	(-0.03567425069056168+0j)
-0.186	-0.034596	-0.00031094926909085987	-0.034926851566911235	0.0	(-0.034926851566911235+0j)
-0.184	-0.033856	-0.00031078838603767084	-0.03418748372571159	0.0	(-0.03418748372571159+0j)
-0.182	-0.033124	-0.0003106221700581104	-0.03345614897400008	0.0	(-0.03345614897400008+0j)
-0.18	-0.0324	-0.00031045038282122794	-0.032732849233665616	0.0	(-0.032732849233665616+0j)
-0.178	-0.031684	-0.0003102727725318833	-0.032017586549328604	0.0	(-0.032017586549328604+0j)
-0.176	-0.030975999999999997	-0.0003100890730075564	-0.031310363096792686	0.0	(-0.031310363096792686+0j)
-0.17400000000000002	-0.030276000000000004	-0.00030989900268045366	-0.03061118119210975	0.0	(-0.03061118119210975+0j)
-0.17200000000000001	-0.029584000000000006	-0.0003097022635179229	-0.029920043301306855	0.0	(-0.029920043301306855+0j)
-0.17	-0.028900000000000006	-0.00030949853985344353	-0.02923695205082557	0.0	(-0.02923695205082557+0j)
-0.168	-0.028224000000000003	-0.00030928749711962427	-0.02856191023872338	0.0	(-0.02856191023872338+0j)
-0.166	-0.027556000000000004	-0.0003090687804737082	-0.02789492084670132	0.0	(-0.02789492084670132+0j)
-0.164	-0.026896000000000003	-0.0003088420133050343	-0.027235987053014162	0.0	(-0.027235987053014162+0j)
-0.162	-0.026244	-0.0003086067956127256	-0.026585112246336196	0.0	(-0.026585112246336196+0j)
-0.16	-0.0256	-0.00030836270224054736	-0.02594230004064903	0.0	(-0.02594230004064903+0j)
-0.158	-0.024964	-0.0003081092809543793	-0.025307554291236767	0.0	(-0.025307554291236767+0j)
-0.156	-0.024336	-0.0003078460503460598	-0.024680879111867088	0.0	(-0.024680879111867088+0j)
-0.154	-0.023716	-0.0003075724975454453	-0.02406227889325303	0.0	(-0.02406227889325303+0j)
-0.152	-0.023104	-0.00030728807572036625	-0.023451758322891928	0.0	(-0.023451758322891928+0j)
-0.15	-0.0225	-0.00030699220134170727	-0.02284932240639059	0.0	(-0.02284932240639059+0j)
-0.148	-0.021903999999999996	-0.00030668425118804995	-0.022254976490387664	0.0	(-0.022254976490387664+0j)
-0.146	-0.021315999999999998	-0.00030636355906114344	-0.021668726287202445	0.0	(-0.021668726287202445+0j)
-0.14400000000000002	-0.020736000000000004	-0.00030602941217985436	-0.021090577901339412	0.0	(-0.021090577901339412+0j)
-0.14200000000000002	-0.020164000000000005	-0.00030568104721611804	-0.020520537857999687	0.0	(-0.020520537857999687+0j)
-0.14	-0.019600000000000003	-0.0003053176459316885	-0.019958613133752783	0.0	(-0.019958613133752783+0j)
-0.138	-0.019044000000000002	-0.00030493833036908	-0.01940481118954255	0.0	(-0.01940481118954255+0j)
-0.136	-0.018496000000000002	-0.0003045421575438763	-0.018859140006211264	0.0	(-0.018859140006211264+0j)
-0.134	-0.017956000000000003	-0.00030412811357844914	-0.01884094627147221	0.0	(-0.01884094627147221+0j)
-0.132	-0.017424000000000002	-0.0003036951072088986	-0.01832160812274708	0.0	(-0.01832160812274708+0j)
-0.13	-0.016900000000000002	-0.0003032419625875402	-0.017792224677467716	0.0	(-0.017792224677467716+0j)
-0.128	-0.016384	-0.00030276741129229575	-0.017270999452389187	0.0	(-0.017270999452389187+0j)
-0.126	-0.015876	-0.00030227008344165375	-0.016757942921028265	0.0	(-0.016757942921028265+0j)
-0.124	-0.015375999999999999	-0.00030174849779916225	-0.016253066299932416	0.0	(-0.016253066299932416+0j)
-0.122	-0.014884	-0.0003012010507343684	-0.01575638160423928	0.0	(-0.01575638160423928+0j)
-0.12	-0.0144	-0.00030062600388734966	-0.015267901707609062	0.0	(-0.015267901707609062+0j)
-0.11800000000000001	-0.013924000000000002	-0.00030002147036106827	-0.01478764040689592	0.0	(-0.01478764040689592+0j)
-0.116	-0.013456000000000001	-0.00029938539923925667	-0.014315612491966506	0.0	(-0.014315612491966506+0j)
-0.114	-0.012996	-0.00029871555819693406	-0.0138518338211072	0.0	(-0.0138518338211072+0j)
-0.112	-0.012544000000000001	-0.00029800951393547335	-0.013396321402509244	0.0	(-0.013396321402509244+0j)
-0.11	-0.0121	-0.00029726461013397	-0.012949093482367903	0.0	(-0.012949093482367903+0j)
-0.108	-0.011663999999999999	-0.0002964779425632312	-0.012510169640187694	0.0	(-0.012510169640187694+0j)
-0.106	-0.011236	-0.0002956463309579642	-0.012079570891951174	0.0	(-0.012079570891951174+0j)
-0.10400000000000001	-0.010816000000000003	-0.0002947662871871148	-0.01165731980187848	0.0	(-0.01165731980187848+0j)
-0.10200000000000001	-0.010404000000000002	-0.00029383397920285705	-0.011243440603599475	0.0	(-0.011243440603599475+0j)
-0.1	-0.010000000000000002	-0.0002928451901875312	-0.010837959331659729	0.0	(-0.010837959331659729+0j)
-0.098	-0.009604000000000001	-0.00029179527225837065	-0.010440903964415398	0.0	(-0.010440903964415398+0j)
-0.096	-0.009216	-0.00029067909403757494	-0.010052304579535765	0.0	(-0.010052304579535765+0j)
-0.094	-0.008836	-0.00028949098135820216	-0.009672193523527193	0.0	(-0.009672193523527193+0j)
-0.092	-0.008464	-0.00028822465036578554	-0.009300605596900997	0.0	(-0.009300605596900997+0j)
-0.09	-0.0081	-0.00028687313230689807	-0.00893757825647661	0.0	(-0.00893757825647661+0j)
-0.088	-0.007743999999999999	-0.0002854286893892617	-0.008583151828320377	0.0	(-0.008583151828320377+0j)
-0.08600000000000001	-0.0073960000000000015	-0.00028388272127894884	-0.008387572769854116	0.0	(-0.008387572769854116+0j)
-0.084	-0.007056000000000001	-0.0002822256620998835	-0.008237369891373287	0.0	(-0.008237369891373287+0j)
-0.082	-0.006724000000000001	-0.0002804468682556934	-0.007900279119750768	0.0	(-0.007900279119750768+0j)
-0.08	-0.0064	-0.0002785344980446802	-0.007571930222907907	0.0	(-0.007571930222907907+0j)
-0.078	-0.006084	-0.00027647538492800536	-0.007252377821154054	0.0	(-0.007252377821154054+0j)
-0.076	-0.005776	-0.00027425490748031033	-0.00694168100581695	0.0	(-0.00694168100581695+0j)
-0.074	-0.005475999999999999	-0.0002718568605352611	-0.006639903773324027	0.0	(-0.006639903773324027+0j)
-0.07200000000000001	-0.005184000000000001	-0.0002692633338564716	-0.006347115544303506	0.0	(-0.006347115544303506+0j)
-0.07	-0.004900000000000001	-0.00026645460681482187	-0.006063391766571216	0.0	(-0.006063391766571216+0j)
-0.068	-0.0046240000000000005	-0.0002634090700014826	-0.005788814616729233	0.0	(-0.005788814616729233+0j)
-0.066	-0.0043560000000000005	-0.00026010318737343233	-0.005523473816243405	0.0	(-0.005523473816243405+0j)
-0.064	-0.004096	-0.0002565115152821794	-0.005267467576173024	0.0	(-0.005267467576173024+0j)
-0.062	-0.0038439999999999998	-0.0002526067973813116	-0.005020903678807984	0.0	(-0.005020903678807984+0j)
-0.06	-0.0036	-0.00024836015668154923	-0.004783900691267701	0.0	(-0.004783900691267701+0j)
-0.058	-0.0033640000000000002	-0.00024374140759440352	-0.0045565892804062666	0.0	(-0.0045565892804062666+0j)
-0.056	-0.0031360000000000003	-0.00023871951129247735	-0.004339113550998808	0.0	(-0.004339113550998808+0j)
-0.054	-0.0029159999999999998	-0.00023326319669511307	-0.0041316322430108125	0.0	(-0.0041316322430108125+0j)
-0.052000000000000005	-0.0027040000000000007	-0.0002273417664375266	-0.0039343194632038715	0.0	(-0.0039343194632038715+0j)
-0.05	-0.0025000000000000005	-0.0002209261019140758	-0.003747364305741268	0.0	(-0.003747364305741268+0j)
-0.048	-0.002304	-0.00021398987360910196	-0.003570967983266676	0.0	(-0.003570967983266676+0j)
-0.046	-0.002116	-0.00020651095230232107	-0.0034053349777364173	0.0	(-0.0034053349777364173+0j)
-0.044	-0.0019359999999999998	-0.0001984730034354374	-0.003250646044212439	0.0	(-0.003250646044212439+0j)
-0.042	-0.0017640000000000002	-0.00018986723129834086	-0.003106939301906669	0.0	(-0.003106939301906669+0j)
-0.04	-0.0016	-0.00018069422239374398	-0.0029721181114752576	0.0	(-0.0029721181114752576+0j)
-0.038	-0.001444	-0.00017096581935244678	-0.002930060547370995	0.0	(-0.002930060547370995+0j)
-0.036000000000000004	-0.0012960000000000003	-0.0001607069393920839	-0.0028581670161124317	0.0	(-0.0028581670161124317+0j)
-0.034	-0.0011560000000000001	-0.00014995723608896816	-0.0027477396468660524	0.0	(-0.0027477396468660524+0j)
-0.032	-0.001024	-0.00013877249186997347	-0.002649553283086119	0.0	(-0.002649553283086119+0j)
-0.03	-0.0009	-0.00012722562285075287	-0.0025617864827844595	0.0	(-0.0025617864827844595+0j)
-0.028	-0.0007840000000000001	-0.00011540717901553738	-0.0024827389918473768	0.0	(-0.0024827389918473768+0j)
-0.026000000000000002	-0.0006760000000000002	-0.00010342523247690254	-0.0024097194923947576	0.0	(-0.0024097194923947576+0j)
-0.024	-0.000576	-9.140456536508408e-05	-0.002338554345326626	0.0	(-0.002338554345326626+0j)
-0.022	-0.00048399999999999995	-7.948509677515259e-05	-0.0022630876912993034	0.0	(-0.0022630876912993034+0j)
-0.02	-0.0004	-6.781952433642494e-05	-0.00217481080341752	0.0	(-0.00217481080341752+0j)
-0.018000000000000002	-0.00032400000000000007	-5.6570198696872183e-05	-0.002063333086169059	0.0	(-0.002063333086169059+0j)
-0.016	-0.000256	-4.590529605755662e-05	-0.001918819825231264	0.0	(-0.001918819825231264+0j)
-0.014	-0.00019600000000000002	-3.5994401692014525e-05	-0.0017347160930839942	0.0	(-0.0017347160930839942+0j)
-0.012	-0.000144	-2.7003662535135585e-05	-0.001504570355352412	0.0	(-0.001504570355352412+0j)
-0.01	-0.0001	-1.9090705667468343e-05	-0.0012220242101026956	0.0	(-0.0012220242101026956+0j)
-0.008	-6.4e-05	-1.2399548295490784e-05	-0.0008971711507993685	0.0	(-0.0008971711507993685+0j)
-0.006	-3.6e-05	-7.05574063921007e-06	-0.0005631173069643864	0.0	(-0.0005631173069643864+0j)
-0.004	-1.6e-05	-3.1619838830512087e-06	-0.0002599057199257817	0.0	(-0.0002599057199257817+0j)
-0.002	-4e-06	-7.944500804782373e-07	-1.1189305233229307e-17	-0.00054924984638546	(-1.1189305233229307e-17-0.00054924984638546j)
0.002	4e-06	7.944500804782373e-07	-1.1189305233229307e-17	0.00054924984638546	(-1.1189305233229307e-17+0.00054924984638546j)
0.004	1.6e-05	3.1619838830512087e-06	0.00025990571992576803	0.0	(0.00025990571992576803+0j)
0.006	3.6e-05	7.05574063921007e-06	0.0005631173069643937	0.0	(0.0005631173069643937+0j)
0.008	6.4e-05	1.2399548295490784e-05	0.0008971711507993787	0.0	(0.0008971711507993787+0j)
0.01	0.0001	1.9090705667468343e-05	0.001222024210102718	0.0	(0.001222024210102718+0j)
0.012	0.000144	2.7003662535135585e-05	0.001504570355352416	0.0	(0.001504570355352416+0j)
0.014	0.00019600000000000002	3.5994401692014525e-05	0.0017347160930839772	0.0	(0.0017347160930839772+0j)
0.016	0.000256	4.590529605755662e-05	0.0019188198252312646	0.0	(0.0019188198252312646+0j)
0.018000000000000002	0.00032400000000000007	5.6570198696872183e-05	0.0020633330861690243	0.0	(0.0020633330861690243+0j)
0.02	0.0004	6.781952433642494e-05	0.0021748108034175028	0.0	(0.0021748108034175028+0j)
0.022	0.00048399999999999995	7.948509677515259e-05	0.0022630876912993034	0.0	(0.0022630876912993034+0j)
0.024	0.000576	9.140456536508408e-05	0.002338554345326622	0.0	(0.002338554345326622+0j)
0.026000000000000002	0.0006760000000000002	0.00010342523247690254	0.0024097194923948027	0.0	(0.0024097194923948027+0j)
0.028	0.0007840000000000001	0.00011540717901553738	0.0024827389918473716	0.0	(0.0024827389918473716+0j)
0.03	0.0009	0.00012722562285075287	0.0025617864827844495	0.0	(0.0025617864827844495+0j)
0.032	0.001024	0.00013877249186997347	0.002649553283086093	0.0	(0.002649553283086093+0j)
0.034	0.0011560000000000001	0.00014995723608896816	0.0027477396468660437	0.0	(0.0027477396468660437+0j)
0.036000000000000004	0.0012960000000000003	0.0001607069393920839	0.00285816701611243	0.0	(0.00285816701611243+0j)
0.038	0.001444	0.00017096581935244678	0.002930060547370996	0.0	(0.002930060547370996+0j)
0.04	0.0016	0.00018069422239374398	0.0029721181114752675	0.0	(0.0029721181114752675+0j)
0.042	0.0017640000000000002	0.00018986723129834086	0.0031069393019066715	0.0	(0.0031069393019066715+0j)
0.044	0.0019359999999999998	0.0001984730034354374	0.0032506460442124387	0.0	(0.0032506460442124387+0j)
0.046	0.002116	0.00020651095230232107	0.003405334977736423	0.0	(0.003405334977736423+0j)
0.048	0.002304	0.00021398987360910196	0.0035709679832666478	0.0	(0.0035709679832666478+0j)
0.05	0.0025000000000000005	0.0002209261019140758	0.003747364305741294	0.0	(0.003747364305741294+0j)
0.052000000000000005	0.0027040000000000007	0.0002273417664375266	0.003934319463203852	0.0	(0.003934319463203852+0j)
0.054	0.0029159999999999998	0.00023326319669511307	0.004131632243010792	0.0	(0.004131632243010792+0j)
0.056	0.0031360000000000003	0.00023871951129247735	0.0043391135509988	0.0	(0.0043391135509988+0j)
0.058	0.0033640000000000002	0.00024374140759440352	0.004556589280406261	0.0	(0.004556589280406261+0j)
0.06	0.0036	0.00024836015668154923	0.0047839006912676965	0.0	(0.0047839006912676965+0j)
0.062	0.0038439999999999998	0.0002526067973813116	0.005020903678807972	0.0	(0.005020903678807972+0j)
0.064	0.004096	0.0002565115152821794	0.00526746757617303	0.0	(0.00526746757617303+0j)
0.066	0.0043560000000000005	0.00026010318737343233	0.0055234738162434375	0.0	(0.0055234738162434375+0j)
0.068	0.0046240000000000005	0.0002634090700014826	0.005788814616729233	0.0	(0.005788814616729233+0j)
0.07	0.004900000000000001	0.00026645460681482187	0.00606339176657123	0.0	(0.00606339176657123+0j)
0.07200000000000001	0.005184000000000001	0.0002692633338564716	0.006347115544303481	0.0	(0.006347115544303481+0j)
0.074	0.005475999999999999	0.0002718568605352611	0.006639903773324039	0.0	(0.006639903773324039+0j)
0.076	0.005776	0.00027425490748031033	0.006941681005816976	0.0	(0.006941681005816976+0j)
0.078	0.006084	0.00027647538492800536	0.007252377821154006	0.0	(0.007252377821154006+0j)
0.08	0.0064	0.0002785344980446802	0.00757193022290794	0.0	(0.00757193022290794+0j)
0.082	0.006724000000000001	0.0002804468682556934	0.007900279119750693	0.0	(0.007900279119750693+0j)
0.084	0.007056000000000001	0.0002822256620998835	0.008237369891373204	0.0	(0.008237369891373204+0j)
0.08600000000000001	0.0073960000000000015	0.00028388272127894884	0.008387572769854128	0.0	(0.008387572769854128+0j)
0.088	0.007743999999999999	0.0002854286893892617	0.008583151828320385	0.0	(0.008583151828320385+0j)
0.09	0.0081	0.00028687313230689807	0.008937578256476699	0.0	(0.008937578256476699+0j)
0.092	0.008464	0.00028822465036578554	0.00930060559690096	0.0	(0.00930060559690096+0j)
0.094	0.008836	0.00028949098135820216	0.00967219352352728	0.0	(0.00967219352352728+0j)
0.096	0.009216	0.00029067909403757494	0.010052304579535841	0.0	(0.010052304579535841+0j)
0.098	0.009604000000000001	0.00029179527225837065	0.010440903964415367	0.0	(0.010440903964415367+0j)
0.1	0.010000000000000002	0.0002928451901875312	0.010837959331659826	0.0	(0.010837959331659826+0j)
0.10200000000000001	0.010404000000000002	0.00029383397920285705	0.011243440603599527	0.0	(0.011243440603599527+0j)
0.10400000000000001	0.010816000000000003	0.0002947662871871148	0.011657319801878336	0.0	(0.011657319801878336+0j)
0.106	0.011236	0.0002956463309579642	0.012079570891951066	0.0	(0.012079570891951066+0j)
0.108	0.011663999999999999	0.0002964779425632312	0.012510169640187798	0.0	(0.012510169640187798+0j)
0.11	0.0121	0.00029726461013397	0.012949093482367795	0.0	(0.012949093482367795+0j)
0.112	0.012544000000000001	0.00029800951393547335	0.013396321402509351	0.0	(0.013396321402509351+0j)
0.114	0.012996	0.00029871555819693406	0.013851833821107185	0.0	(0.013851833821107185+0j)
0.116	0.013456000000000001	0.00029938539923925667	0.014315612491966492	0.0	(0.014315612491966492+0j)
0.11800000000000001	0.013924000000000002	0.00030002147036106827	0.014787640406895949	0.0	(0.014787640406895949+0j)
0.12	0.0144	0.00030062600388734966	0.015267901707609029	0.0	(0.015267901707609029+0j)
0.122	0.014884	0.0003012010507343684	0.015756381604239318	0.0	(0.015756381604239318+0j)
0.124	0.015375999999999999	0.00030174849779916225	0.016253066299932464	0.0	(0.016253066299932464+0j)
0.126	0.015876	0.00030227008344165375	0.01675794292102826	0.0	(0.01675794292102826+0j)
0.128	0.016384	0.00030276741129229575	0.017270999452389114	0.0	(0.017270999452389114+0j)
0.13	0.016900000000000002	0.0003032419625875402	0.017792224677467713	0.0	(0.017792224677467713+0j)
0.132	0.017424000000000002	0.0003036951072088986	0.018321608122747003	0.0	(0.018321608122747003+0j)
0.134	0.017956000000000003	0.00030412811357844914	0.01884094627147229	0.0	(0.01884094627147229+0j)
0.136	0.018496000000000002	0.0003045421575438763	0.018859140006211295	0.0	(0.018859140006211295+0j)
0.138	0.019044000000000002	0.00030493833036908	0.0194048111895427	0.0	(0.0194048111895427+0j)
0.14	0.019600000000000003	0.0003053176459316885	0.019958613133753057	0.0	(0.019958613133753057+0j)
0.14200000000000002	0.020164000000000005	0.00030568104721611804	0.020520537857999684	0.0	(0.020520537857999684+0j)
0.14400000000000002	0.020736000000000004	0.00030602941217985436	0.021090577901339436	0.0	(0.021090577901339436+0j)
0.146	0.021315999999999998	0.00030636355906114344	0.021668726287202476	0.0	(0.021668726287202476+0j)
0.148	0.021903999999999996	0.00030668425118804995	0.022254976490387747	0.0	(0.022254976490387747+0j)
0.15	0.0225	0.00030699220134170727	0.02284932240639058	0.0	(0.02284932240639058+0j)
0.152	0.023104	0.00030728807572036625	0.023451758322891918	0.0	(0.023451758322891918+0j)
0.154	0.023716	0.0003075724975454453	0.024062278893252964	0.0	(0.024062278893252964+0j)
0.156	0.024336	0.0003078460503460598	0.024680879111867154	0.0	(0.024680879111867154+0j)
0.158	0.024964	0.0003081092809543793	0.02530755429123665	0.0	(0.02530755429123665+0j)
0.16	0.0256	0.00030836270224054736	0.025942300040649076	0.0	(0.025942300040649076+0j)
0.162	0.026244	0.0003086067956127256	0.026585112246336088	0.0	(0.026585112246336088+0j)
0.164	0.026896000000000003	0.0003088420133050343	0.02723598705301416	0.0	(0.02723598705301416+0j)
0.166	0.027556000000000004	0.0003090687804737082	0.027894920846701053	0.0	(0.027894920846701053+0j)
0.168	0.028224000000000003	0.00030928749711962427	0.028561910238723284	0.0	(0.028561910238723284+0j)
0.17	0.028900000000000006	0.00030949853985344353	0.029236952050825334	0.0	(0.029236952050825334+0j)
0.17200000000000001	0.029584000000000006	0.0003097022635179229	0.02992004330130672	0.0	(0.02992004330130672+0j)
0.17400000000000002	0.030276000000000004	0.00030989900268045366	0.030611181192109607	0.0	(0.030611181192109607+0j)
0.176	0.030975999999999997	0.0003100890730075564	0.03131036309679255	0.0	(0.03131036309679255+0j)
0.178	0.031684	0.0003102727725318833	0.03201758654932863	0.0	(0.03201758654932863+0j)
0.18	0.0324	0.00031045038282122794	0.03273284923366551	0.0	(0.03273284923366551+0j)
0.182	0.033124	0.0003106221700581104	0.033456148973999934	0.0	(0.033456148973999934+0j)
0.184	0.033856	0.00031078838603767084	0.03418748372571176	0.0	(0.03418748372571176+0j)
0.186	0.034596	0.00031094926909085987	0.03492685156691107	0.0	(0.03492685156691107+0j)
0.188	0.035344	0.00031110504493925034	0.03567425069056167	0.0	(0.03567425069056167+0j)
0.19	0.0361	0.000311255927487197	0.036429679397130175	0.0	(0.036429679397130175+0j)
0.192	0.036864	0.00031140211955653824	0.037193136087737236	0.0	(0.037193136087737236+0j)
0.194	0.037636	0.0003115438135685544	0.03796461925775924	0.0	(0.03796461925775924+0j)
0.196	0.038416000000000006	0.0003116811921774644	0.03874412749086917	0.0	(0.03874412749086917+0j)
0.198	0.039204	0.0003118144288593586	0.03953165945346617	0.0	(0.03953165945346617+0j)
0.2	0.04000000000000001	0.00031194368846011484	0.04032721388948336	0.0	(0.04032721388948336+0j)
0.202	0.04080400000000001	0.0003120691277055279	0.04113078961553303	0.0	(0.04113078961553303+0j)
0.20400000000000001	0.04161600000000001	0.0003121908956766051	0.041942385516382796	0.0	(0.041942385516382796+0j)
0.20600000000000002	0.04243600000000001	0.0003123091342527172	0.04276200054071957	0.0	(0.04276200054071957+0j)
0.20800000000000002	0.04326400000000001	0.00031242397852506673	0.04358963369720271	0.0	(0.04358963369720271+0j)
0.21	0.04409999999999999	0.0003125355571827242	0.04442528405076854	0.0	(0.04442528405076854+0j)
0.212	0.044944	0.00031264399287329246	0.04526895071918089	0.0	(0.04526895071918089+0j)
0.214	0.045795999999999996	0.00031274940254008744	0.04612063286980412	0.0	(0.04612063286980412+0j)
0.216	0.046655999999999996	0.0003128518977375665	0.04698032971658936	0.0	(0.04698032971658936+0j)
0.218	0.047524	0.0003129515849265936	0.0478480405172487	0.0	(0.0478480405172487+0j)
0.22	0.0484	0.00031304856575100075	0.04872376457062252	0.0	(0.04872376457062252+0j)
0.222	0.049284	0.0003131429372967882	0.049607501214205915	0.0	(0.049607501214205915+0j)
0.224	0.050176000000000005	0.0003132347923351971	0.05049924982184113	0.0	(0.05049924982184113+0j)
0.226	0.051076	0.0003133242195507921	0.05139900980155081	0.0	(0.05139900980155081+0j)
0.228	0.051984	0.0003134113037556006	0.05230678059351713	0.0	(0.05230678059351713+0j)
0.23	0.0529	0.000313496126090274	0.053222561668179826	0.0	(0.053222561668179826+0j)
0.232	0.053824000000000004	0.0003135787642131636	0.054146352524463245	0.0	(0.054146352524463245+0j)
0.234	0.054756000000000006	0.0003136592924781323	0.05507815268810836	0.0	(0.05507815268810836+0j)
0.23600000000000002	0.05569600000000001	0.0003137377821018632	0.05601796171011363	0.0	(0.05601796171011363+0j)
0.23800000000000002	0.05664400000000001	0.00031381430132136867	0.05696577916526952	0.0	(0.05696577916526952+0j)
0.24	0.0576	0.0003138889155423492	0.05792160465078829	0.0	(0.05792160465078829+0j)
0.242	0.058564	0.00031396168747900566	0.05888543778501455	0.0	(0.05888543778501455+0j)
0.244	0.059536	0.0003140326772858628	0.05985727820622003	0.0	(0.05985727820622003+0j)
0.246	0.060516	0.00031410194268212117	0.06083712557146699	0.0	(0.06083712557146699+0j)
0.248	0.061503999999999996	0.00031416953906901707	0.06182497955554672	0.0	(0.06182497955554672+0j)
0.25	0.0625	0.0003142355196406382	0.06282083984997738	0.0	(0.06282083984997738+0j)
0.252	0.063504	0.0003142999354886056	0.06382470616206787	0.0	(0.06382470616206787+0j)
0.254	0.064516	0.0003143628357010107	0.0648365782140348	0.0	(0.0648365782140348+0j)
0.256	0.065536	0.0003144242674559612	0.06585645574217518	0.0	(0.06585645574217518+0j)
0.258	0.066564	0.0003144842761100716	0.06688433849608251	0.0	(0.06688433849608251+0j)
0.26	0.06760000000000001	0.0003145429052822074	0.0679202262379224	0.0	(0.0679202262379224+0j)
0.262	0.06864400000000001	0.00031460019693277044	0.06896411874173694	0.0	(0.06896411874173694+0j)
0.264	0.06969600000000001	0.00031465619143879767	0.07001601579279715	0.0	(0.07001601579279715+0j)
0.266	0.07075600000000001	0.0003147109276651204	0.0710759171869984	0.0	(0.0710759171869984+0j)
0.268	0.07182400000000001	0.0003147644430318215	0.0721438227302794	0.0	(0.0721438227302794+0j)
0.27	0.0729	0.00031481677357820723	0.07321973223808612	0.0	(0.07321973223808612+0j)
0.272	0.07398400000000001	0.00031486795402349885	0.07430364553486107	0.0	(0.07430364553486107+0j)
0.274	0.07507600000000002	0.0003149180178244344	0.07539556245356528	0.0	(0.07539556245356528+0j)
0.276	0.07617600000000001	0.00031496699722995965	0.07649548283522282	0.0	(0.07649548283522282+0j)
0.278	0.07728400000000002	0.0003150149233331743	0.07760340652849942	0.0	(0.07760340652849942+0j)
0.28	0.07840000000000001	0.00031506182612069073	0.07871933338929707	0.0	(0.07871933338929707+0j)
0.28200000000000003	0.07952400000000001	0.0003151077345195505	0.07984326328037865	0.0	(0.07984326328037865+0j)
0.28400000000000003	0.08065600000000002	0.00031515267644183676	0.08097519607100856	0.0	(0.08097519607100856+0j)
0.28600000000000003	0.08179600000000002	0.00031519667882711025	0.0821151316366154	0.0	(0.0821151316366154+0j)
0.28800000000000003	0.08294400000000002	0.0003152397676827896	0.08326306985847592	0.0	(0.08326306985847592+0j)
0.29	0.0841	0.00031528196812258936	0.08441901062341337	0.0	(0.08441901062341337+0j)
0.292	0.08526399999999999	0.0003153233044031208	0.08558295382351323	0.0	(0.08558295382351323+0j)
0.294	0.08643599999999999	0.0003153637999587567	0.08675489935585753	0.0	(0.08675489935585753+0j)
0.296	0.08761599999999999	0.00031540347743485176	0.08793484712227048	0.0	(0.08793484712227048+0j)
0.298	0.088804	0.0003154423587194081	0.08912279702907785	0.0	(0.08912279702907785+0j)
0.3	0.09	0.00031548046497326815	0.09031874898688572	0.0	(0.09031874898688572+0j)
0.302	0.091204	0.000315517816658912	0.09152270291036174	0.0	(0.09152270291036174+0j)
0.304	0.092416	0.00031555443356793373	0.09273465871803499	0.0	(0.09273465871803499+0j)
0.306	0.093636	0.0003155903348472638	0.09395461633210436	0.0	(0.09395461633210436+0j)
0.308	0.094864	0.000315625539024204	0.09518257567826065	0.0	(0.09518257567826065+0j)
0.31	0.0961	0.0003156600640303356	0.09641853668550956	0.0	(0.09641853668550956+0j)
0.312	0.097344	0.00031569392722435787	0.09766249928601752	0.0	(0.09766249928601752+0j)
0.314	0.098596	0.00031572714541391124	0.09891446341494889	0.0	(0.09891446341494889+0j)
0.316	0.099856	0.0003157597348764378	0.10017442901032872	0.0	(0.10017442901032872+0j)
0.318	0.101124	0.0003157917113791248	0.10144239601289987	0.0	(0.10144239601289987+0j)
0.32	0.1024	0.0003158230901979798	0.10271836436599553	0.0	(0.10271836436599553+0j)
0.322	0.10368400000000001	0.0003158538861360781	0.10400233401541503	0.0	(0.10400233401541503+0j)
0.324	0.104976	0.00031588411354102446	0.10529430490930464	0.0	(0.10529430490930464+0j)
0.326	0.10627600000000001	0.0003159137863216672	0.10659427699804783	0.0	(0.10659427699804783+0j)
0.328	0.10758400000000001	0.0003159429179641016	0.10790225023416128	0.0	(0.10790225023416128+0j)
0.33	0.10890000000000001	0.0003159715215469951	0.10921822457219296	0.0	(0.10921822457219296+0j)
0.332	0.11022400000000002	0.0003159996097562701	0.11054219996862685	0.0	(0.11054219996862685+0j)
0.334	0.11155600000000002	0.000316027194899171	0.11187417638179387	0.0	(0.11187417638179387+0j)
0.336	0.11289600000000001	0.00031605428891774907	0.1132141537717863	0.0	(0.1132141537717863+0j)
0.338	0.11424400000000001	0.00031608090340178876	0.11456213210037815	0.0	(0.11456213210037815+0j)
0.34	0.11560000000000002	0.0003161070496012039	0.11591811133094128	0.0	(0.11591811133094128+0j)
0.342	0.11696400000000001	0.00031613273843792843	0.11728209142838232	0.0	(0.11728209142838232+0j)
0.34400000000000003	0.11833600000000002	0.0003161579805173237	0.11865407235906425	0.0	(0.11865407235906425+0j)
0.34600000000000003	0.11971600000000002	0.0003161827861391264	0.12003405409074598	0.0	(0.12003405409074598+0j)
0.34800000000000003	0.12110400000000002	0.0003162071653079564	0.12142203659251599	0.0	(0.12142203659251599+0j)
0.35000000000000003	0.12250000000000003	0.0003162311277434067	0.12281801983473296	0.0	(0.12281801983473296+0j)
0.352	0.12390399999999999	0.0003162546828897321	0.12422200378897177	0.0	(0.12422200378897177+0j)
0.354	0.12531599999999998	0.00031627783992515624	0.12563398842796492	0.0	(0.12563398842796492+0j)
0.356	0.126736	0.00031630060777081386	0.1270539737255539	0.0	(0.1270539737255539+0j)
0.358	0.128164	0.000316322995099344	0.12848195965663955	0.0	(0.12848195965663955+0j)
0.36	0.1296	0.00031634501034315	0.12991794619713656	0.0	(0.12991794619713656+0j)
0.362	0.131044	0.0003163666617023414	0.13136193332392598	0.0	(0.13136193332392598+0j)
0.364	0.132496	0.0003163879571523706	0.13281392101481573	0.0	(0.13281392101481573+0j)
0.366	0.133956	0.0003164089044513783	0.13427390924849797	0.0	(0.13427390924849797+0j)
0.368	0.135424	0.0003164295111472607	0.13574189800451508	0.0	(0.13574189800451508+0j)
0.37	0.1369	0.0003164497845844697	0.13721788726321762	0.0	(0.13721788726321762+0j)
0.372	0.138384	0.000316469731910558	0.1387018770057333	0.0	(0.1387018770057333+0j)
0.374	0.139876	0.0003164893600824792	0.14019386721393048	0.0	(0.14019386721393048+0j)
0.376	0.141376	0.00031650867587265565	0.14169385787039057	0.0	(0.14169385787039057+0j)
0.378	0.142884	0.00031652768587481955	0.1432018489583776	0.0	(0.1432018489583776+0j)
0.38	0.1444	0.0003165463965096423	0.14471784046180133	0.0	(0.14471784046180133+0j)
0.382	0.145924	0.0003165648140301557	0.14624183236520025	0.0	(0.14624183236520025+0j)
0.384	0.147456	0.0003165829445269776	0.14777382465370967	0.0	(0.14777382465370967+0j)
0.386	0.14899600000000002	0.00031660079393334745	0.14931381731303972	0.0	(0.14931381731303972+0j)
0.388	0.150544	0.00031661836802998155	0.15086181032944884	0.0	(0.15086181032944884+0j)
0.39	0.1521	0.0003166356724497536	0.15241780368972174	0.0	(0.15241780368972174+0j)
0.392	0.15366400000000002	0.0003166527126822091	0.15398179738114579	0.0	(0.15398179738114579+0j)
0.394	0.155236	0.00031666949407791937	0.15555379139149753	0.0	(0.15555379139149753+0j)
0.396	0.156816	0.0003166860218526827	0.15713378570901143	0.0	(0.15713378570901143+0j)
0.398	0.15840400000000002	0.0003167023010915769	0.15872178032236925	0.0	(0.15872178032236925+0j)
0.4	0.16000000000000003	0.0003167183367528717	0.1603177752206821	0.0	(0.1603177752206821+0j)
0.402	0.16160400000000003	0.00031673413367180436	0.16192177039346883	0.0	(0.16192177039346883+0j)
0.404	0.16321600000000003	0.000316749696564225	0.16353376583063928	0.0	(0.16353376583063928+0j)
0.406	0.164836	0.0003167650300301165	0.16515376152248282	0.0	(0.16515376152248282+0j)
0.40800000000000003	0.16646400000000003	0.0003167801385569943	0.16678175745964996	0.0	(0.16678175745964996+0j)
0.41000000000000003	0.16810000000000003	0.00031679502652318966	0.16841775363313907	0.0	(0.16841775363313907+0j)
0.41200000000000003	0.16974400000000003	0.0003168096982010223	0.17006175003428262	0.0	(0.17006175003428262+0j)
0.41400000000000003	0.17139600000000002	0.0003168241577598658	0.17171374665473046	0.0	(0.17171374665473046+0j)
0.41600000000000004	0.17305600000000004	0.0003168384092691097	0.17337374348644322	0.0	(0.17337374348644322+0j)
0.418	0.174724	0.00031685245670102336	0.17504174052167645	0.0	(0.17504174052167645+0j)
0.42	0.17639999999999997	0.00031686630393352403	0.1767177377529703	0.0	(0.1767177377529703+0j)
0.422	0.178084	0.00031687995475285344	0.17840173517313448	0.0	(0.17840173517313448+0j)
0.424	0.179776	0.0003168934128561661	0.18009373277524346	0.0	(0.18009373277524346+0j)
0.426	0.181476	0.0003169066818540334	0.1817937305526231	0.0	(0.1817937305526231+0j)
0.428	0.18318399999999999	0.00031691976527286486	0.1835017284988415	0.0	(0.1835017284988415+0j)
0.43	0.18489999999999998	0.0003169326665572518	0.18521772660769853	0.0	(0.18521772660769853+0j)
0.432	0.18662399999999998	0.0003169453890722346	0.18694172487322083	0.0	(0.18694172487322083+0j)
0.434	0.188356	0.00031695793610549724	0.18867372328964413	0.0	(0.18867372328964413+0j)
0.436	0.190096	0.0003169703108694914	0.19041372185141575	0.0	(0.19041372185141575+0j)
0.438	0.191844	0.00031698251650349297	0.19216172055318503	0.0	(0.19216172055318503+0j)
0.44	0.1936	0.0003169945560755932	0.19391771938978342	0.0	(0.19391771938978342+0j)
0.442	0.195364	0.00031700643258462686	0.1956817183562343	0.0	(0.1956817183562343+0j)
0.444	0.197136	0.00031701814896204004	0.19745371744773627	0.0	(0.19745371744773627+0j)
0.446	0.198916	0.00031702970807369877	0.19923371665965592	0.0	(0.19923371665965592+0j)
0.448	0.20070400000000002	0.00031704111272164224	0.20102171598752938	0.0	(0.20102171598752938+0j)
0.45	0.2025	0.00031705236564578065	0.20281771542704619	0.0	(0.20281771542704619+0j)
0.452	0.204304	0.0003170634695255411	0.20462171497404602	0.0	(0.20462171497404602+0j)
0.454	0.20611600000000002	0.0003170744269814627	0.20643371462452328	0.0	(0.20643371462452328+0j)
0.456	0.207936	0.00031708524057674314	0.20825371437460458	0.0	(0.20825371437460458+0j)
0.458	0.209764	0.0003170959128187374	0.2100817142205572	0.0	(0.2100817142205572+0j)
0.46	0.2116	0.0003171064461604115	0.21191771415877653	0.0	(0.21191771415877653+0j)
0.462	0.21344400000000002	0.00031711684300175216	0.2137617141857878	0.0	(0.2137617141857878+0j)
0.464	0.21529600000000002	0.00031712710569113396	0.21561371429823403	0.0	(0.21561371429823403+0j)
0.466	0.21715600000000002	0.00031713723652664543	0.21747371449287387	0.0	(0.21747371449287387+0j)
0.468	0.21902400000000002	0.00031714723775737606	0.21934171476658282	0.0	(0.21934171476658282+0j)
0.47000000000000003	0.22090000000000004	0.00031715711158466424	0.22121771511634142	0.0	(0.22121771511634142+0j)
0.47200000000000003	0.22278400000000004	0.00031716686016330876	0.22310171553923783	0.0	(0.22310171553923783+0j)
0.47400000000000003	0.22467600000000004	0.00031717648560274493	0.22499371603245866	0.0	(0.22499371603245866+0j)
0.47600000000000003	0.22657600000000003	0.0003171859899681852	0.22689371659328875	0.0	(0.22689371659328875+0j)
0.47800000000000004	0.22848400000000005	0.00031719537528172734	0.2288017172191034	0.0	(0.2288017172191034+0j)
0.48	0.2304	0.0003172046435234303	0.2307177179073744	0.0	(0.2307177179073744+0j)
0.482	0.23232399999999997	0.00031721379663235806	0.23264171865565494	0.0	(0.23264171865565494+0j)
0.484	0.234256	0.0003172228365075944	0.2345737194615853	0.0	(0.2345737194615853+0j)
0.486	0.236196	0.00031723176500922785	0.23651372032288812	0.0	(0.23651372032288812+0j)
0.488	0.238144	0.0003172405839593087	0.23846172123735732	0.0	(0.23846172123735732+0j)
0.49	0.24009999999999998	0.00031724929514277846	0.24041772220286878	0.0	(0.24041772220286878+0j)
0.492	0.242064	0.0003172579003083733	0.24238172321736934	0.0	(0.24238172321736934+0j)
0.494	0.244036	0.00031726640116950167	0.24435372427887503	0.0	(0.24435372427887503+0j)
0.496	0.24601599999999998	0.0003172747994050973	0.246333725385473	0.0	(0.246333725385473+0j)
0.498	0.248004	0.0003172830966604482	0.24832172653530826	0.0	(0.24832172653530826+0j)
0.5	0.25	0.00031729129454800256	0.25031772772659444	0.0	(0.25031772772659444+0j)
0.502	0.252004	0.0003172993946481522	0.2523217289576022	0.0	(0.2523217289576022+0j)
0.504	0.254016	0.0003173073985099944	0.25433373022667166	0.0	(0.25433373022667166+0j)
0.506	0.256036	0.00031731530765207236	0.25635373153218516	0.0	(0.25635373153218516+0j)
0.508	0.258064	0.0003173231235630957	0.2583817328725901	0.0	(0.2583817328725901+0j)
0.51	0.2601	0.000317330847702641	0.260417734246377	0.0	(0.260417734246377+0j)
0.512	0.262144	0.00031733848150183327	0.2624617356520967	0.0	(0.2624617356520967+0j)
0.514	0.264196	0.00031734602636400905	0.26451373708834325	0.0	(0.26451373708834325+0j)
0.516	0.266256	0.00031735348366536094	0.2665737385537628	0.0	(0.2665737385537628+0j)
0.518	0.268324	0.00031736085475556574	0.2686417400470431	0.0	(0.2686417400470431+0j)
0.52	0.27040000000000003	0.00031736814095839486	0.2707177415669179	0.0	(0.2707177415669179+0j)
0.522	0.272484	0.0003173753435723088	0.2728017431121684	0.0	(0.2728017431121684+0j)
0.524	0.27457600000000004	0.0003173824638710356	0.2748937446816089	0.0	(0.2748937446816089+0j)
0.526	0.27667600000000003	0.00031738950310413426	0.2769937462741	0.0	(0.2769937462741+0j)
0.528	0.27878400000000003	0.0003173964624975424	0.27910174788853404	0.0	(0.27910174788853404+0j)
0.53	0.28090000000000004	0.00031740334325411096	0.2812177495238484	0.0	(0.2812177495238484+0j)
0.532	0.28302400000000005	0.0003174101465541231	0.28334175117901556	0.0	(0.28334175117901556+0j)
0.534	0.285156	0.00031741687355580094	0.2854737528530386	0.0	(0.2854737528530386+0j)
0.536	0.28729600000000005	0.00031742352539579843	0.28761375454495425	0.0	(0.28761375454495425+0j)
0.538	0.28944400000000003	0.00031743010318968114	0.2897617562538377	0.0	(0.2897617562538377+0j)
0.54	0.2916	0.0003174366080323948	0.2919177579787861	0.0	(0.2919177579787861+0j)
0.542	0.293764	0.00031744304099872025	0.2940817597189372	0.0	(0.2940817597189372+0j)
0.544	0.29593600000000003	0.0003174494031437177	0.29625376147345683	0.0	(0.29625376147345683+0j)
0.546	0.29811600000000005	0.00031745569550315953	0.29843376324152565	0.0	(0.29843376324152565+0j)
0.548	0.30030400000000007	0.00031746191909395156	0.30062176502236837	0.0	(0.30062176502236837+0j)
0.55	0.30250000000000005	0.0003174680749145443	0.30281776681522815	0.0	(0.30281776681522815+0j)
0.552	0.30470400000000003	0.00031747416394533294	0.30502176861938257	0.0	(0.30502176861938257+0j)
0.554	0.3069160000000001	0.0003174801871490482	0.30723377043411493	0.0	(0.30723377043411493+0j)
0.556	0.3091360000000001	0.0003174861454711366	0.30945377225875564	0.0	(0.30945377225875564+0j)
0.558	0.3113640000000001	0.0003174920398401317	0.3116817740926445	0.0	(0.3116817740926445+0j)
0.56	0.31360000000000005	0.0003174978711680157	0.31391777593513903	0.0	(0.31391777593513903+0j)
0.562	0.31584400000000007	0.0003175036403505723	0.31616177778563265	0.0	(0.31616177778563265+0j)
0.5640000000000001	0.31809600000000005	0.0003175093482677306	0.3184137796435311	0.0	(0.3184137796435311+0j)
0.5660000000000001	0.3203560000000001	0.00031751499578390105	0.32067378150826553	0.0	(0.32067378150826553+0j)
0.5680000000000001	0.3226240000000001	0.0003175205837483022	0.32294178337928403	0.0	(0.32294178337928403+0j)
0.5700000000000001	0.3249000000000001	0.0003175261129952803	0.32521778525605055	0.0	(0.32521778525605055+0j)
0.5720000000000001	0.3271840000000001	0.00031753158434462056	0.32750178713805195	0.0	(0.32750178713805195+0j)
0.5740000000000001	0.3294760000000001	0.0003175369986018514	0.3297937890247907	0.0	(0.3297937890247907+0j)
0.5760000000000001	0.33177600000000007	0.00031754235655854043	0.3320937909157874	0.0	(0.3320937909157874+0j)
0.578	0.33408399999999994	0.0003175476589925842	0.3344017928105763	0.0	(0.3344017928105763+0j)
0.58	0.3364	0.0003175529066684903	0.3367177947087149	0.0	(0.3367177947087149+0j)
0.582	0.33872399999999997	0.0003175581003376533	0.3390417966097683	0.0	(0.3390417966097683+0j)
0.584	0.34105599999999997	0.00031756324073862325	0.341373798513323	0.0	(0.341373798513323+0j)
0.586	0.343396	0.0003175683285973685	0.3437138004189732	0.0	(0.3437138004189732+0j)
0.588	0.34574399999999994	0.0003175733646275322	0.3460618023263364	0.0	(0.3460618023263364+0j)
0.59	0.34809999999999997	0.0003175783495306823	0.3484178042350343	0.0	(0.3484178042350343+0j)
0.592	0.35046399999999994	0.00031758328399655595	0.3507818061447092	0.0	(0.3507818061447092+0j)
0.594	0.352836	0.00031758816870329823	0.3531538080550115	0.0	(0.3531538080550115+0j)
0.596	0.355216	0.000317593004317695	0.3555338099656089	0.0	(0.3555338099656089+0j)
0.598	0.357604	0.00031759779149540066	0.35792181187617333	0.0	(0.35792181187617333+0j)
0.6	0.36	0.00031760253088116005	0.36031781378639804	0.0	(0.36031781378639804+0j)
0.602	0.36240399999999995	0.00031760722310902596	0.36272181569597783	0.0	(0.36272181569597783+0j)
0.604	0.364816	0.000317611868802571	0.3651338176046238	0.0	(0.3651338176046238+0j)
0.606	0.367236	0.0003176164685750948	0.36755381951205995	0.0	(0.36755381951205995+0j)
0.608	0.369664	0.00031762102302982645	0.36998182141801406	0.0	(0.36998182141801406+0j)
0.61	0.3721	0.00031762553276012224	0.3724178233222331	0.0	(0.3724178233222331+0j)
0.612	0.374544	0.00031762999834965896	0.37486182522445644	0.0	(0.37486182522445644+0j)
0.614	0.376996	0.00031763442037262285	0.37731382712445344	0.0	(0.37731382712445344+0j)
0.616	0.379456	0.000317638799393894	0.37977382902199197	0.0	(0.37977382902199197+0j)
0.618	0.381924	0.000317643135969227	0.3822418309168458	0.0	(0.3822418309168458+0j)
0.62	0.3844	0.00031764743064542693	0.3847178328087981	0.0	(0.3847178328087981+0j)
0.622	0.386884	0.00031765168396052213	0.38720183469765296	0.0	(0.38720183469765296+0j)
0.624	0.389376	0.00031765589644393245	0.3896938365832029	0.0	(0.3896938365832029+0j)
0.626	0.391876	0.0003176600686166341	0.3921938384652621	0.0	(0.3921938384652621+0j)
0.628	0.394384	0.00031766420099132086	0.39470184034364436	0.0	(0.39470184034364436+0j)
0.63	0.39690000000000003	0.00031766829407256107	0.3972178422181771	0.0	(0.3972178422181771+0j)
0.632	0.399424	0.00031767234835695246	0.3997418440886885	0.0	(0.3997418440886885+0j)
0.634	0.40195600000000004	0.00031767636433327213	0.4022738459550182	0.0	(0.4022738459550182+0j)
0.636	0.404496	0.0003176803424826242	0.404813847817008	0.0	(0.404813847817008+0j)
0.638	0.407044	0.00031768428327858374	0.4073618496745091	0.0	(0.4073618496745091+0j)
0.64	0.4096	0.000317688187187338	0.4099178515273784	0.0	(0.4099178515273784+0j)
0.642	0.41216400000000003	0.0003176920546678236	0.412481853375477	0.0	(0.412481853375477+0j)
0.644	0.41473600000000005	0.0003176958861718625	0.41505385521867555	0.0	(0.41505385521867555+0j)
0.646	0.417316	0.00031769968214429294	0.41763385705684586	0.0	(0.41763385705684586+0j)
0.648	0.419904	0.0003177034430230991	0.4202218588898614	0.0	(0.4202218588898614+0j)
0.65	0.42250000000000004	0.0003177071692395373	0.422817860717618	0.0	(0.422817860717618+0j)
0.652	0.42510400000000004	0.0003177108612182598	0.4254218625399979	0.0	(0.4254218625399979+0j)
0.654	0.42771600000000004	0.00031771451937743546	0.4280338643568939	0.0	(0.4280338643568939+0j)
0.656	0.43033600000000005	0.0003177181441288684	0.43065386616820717	0.0	(0.43065386616820717+0j)
0.658	0.432964	0.0003177217358781139	0.43328186797384	0.0	(0.43328186797384+0j)
0.66	0.43560000000000004	0.0003177252950245918	0.4359178697736987	0.0	(0.4359178697736987+0j)
0.662	0.438244	0.0003177288219616974	0.43856187156769577	0.0	(0.43856187156769577+0j)
0.664	0.44089600000000007	0.00031773231707691056	0.44121387335574874	0.0	(0.44121387335574874+0j)
0.666	0.44355600000000006	0.0003177357807519015	0.44387387513777704	0.0	(0.44387387513777704+0j)
0.668	0.44622400000000007	0.00031773921336263576	0.44654187691370406	0.0	(0.44654187691370406+0j)
0.67	0.4489000000000001	0.0003177426152794756	0.449217878683456	0.0	(0.449217878683456+0j)
0.672	0.45158400000000004	0.00031774598686728025	0.45190188044696267	0.0	(0.45190188044696267+0j)
0.674	0.45427600000000007	0.00031774932848550365	0.45459388220416375	0.0	(0.45459388220416375+0j)
0.676	0.45697600000000005	0.0003177526404882902	0.45729388395499837	0.0	(0.45729388395499837+0j)
0.678	0.45968400000000004	0.00031775592322456865	0.46000188569939937	0.0	(0.46000188569939937+0j)
0.68	0.4624000000000001	0.00031775917703814394	0.46271788743732023	0.0	(0.46271788743732023+0j)
0.682	0.4651240000000001	0.0003177624022677876	0.46544188916870116	0.0	(0.46544188916870116+0j)
0.684	0.46785600000000005	0.0003177655992473251	0.46817389089349765	0.0	(0.46817389089349765+0j)
0.686	0.47059600000000007	0.00031776876830572325	0.4709138926116604	0.0	(0.4709138926116604+0j)
0.6880000000000001	0.4733440000000001	0.0003177719097671739	0.47366189432314754	0.0	(0.47366189432314754+0j)
0.6900000000000001	0.4761000000000001	0.00031777502395117775	0.4764178960279203	0.0	(0.4764178960279203+0j)
0.6920000000000001	0.47886400000000007	0.0003177781111726246	0.479181897725935	0.0	(0.479181897725935+0j)
0.6940000000000001	0.48163600000000006	0.0003177811717418739	0.48195389941715444	0.0	(0.48195389941715444+0j)
0.6960000000000001	0.48441600000000007	0.0003177842059648321	0.4847339011015519	0.0	(0.4847339011015519+0j)
0.6980000000000001	0.4872040000000001	0.0003177872141430294	0.4875219027790961	0.0	(0.4875219027790961+0j)
0.7000000000000001	0.4900000000000001	0.0003177901965736947	0.4903179044497474	0.0	(0.4903179044497474+0j)
0.7020000000000001	0.4928040000000001	0.00031779315354982864	0.49312190611349427	0.0	(0.49312190611349427+0j)
0.704	0.49561599999999995	0.000317796085360276	0.4959339077703034	0.0	(0.4959339077703034+0j)
0.706	0.49843599999999993	0.00031779899228979617	0.49875390942015246	0.0	(0.49875390942015246+0j)
0.708	0.5012639999999999	0.00031780187461913204	0.5015819110630265	0.0	(0.5015819110630265+0j)
0.71	0.5041	0.0003178047326250781	0.5044179126988984	0.0	(0.5044179126988984+0j)
0.712	0.506944	0.00031780756658054645	0.5072619143277597	0.0	(0.5072619143277597+0j)
0.714	0.5097959999999999	0.00031781037675463267	0.510113915949586	0.0	(0.510113915949586+0j)
0.716	0.512656	0.00031781316341267897	0.5129739175643762	0.0	(0.5129739175643762+0j)
0.718	0.515524	0.0003178159268163373	0.5158419191721101	0.0	(0.5158419191721101+0j)
0.72	0.5184	0.0003178186672236305	0.5187179207727828	0.0	(0.5187179207727828+0j)
0.722	0.521284	0.00031782138488901273	0.521601922366383	0.0	(0.521601922366383+0j)
0.724	0.524176	0.0003178240800634284	0.5244939239529094	0.0	(0.5244939239529094+0j)
0.726	0.527076	0.0003178267529943701	0.5273939255323483	0.0	(0.5273939255323483+0j)
0.728	0.529984	0.0003178294039259356	0.5303019271046968	0.0	(0.5303019271046968+0j)
0.73	0.5328999999999999	0.00031783203309888354	0.5332179286699624	0.0	(0.5332179286699624+0j)
0.732	0.535824	0.00031783464075068755	0.5361419302281353	0.0	(0.5361419302281353+0j)
0.734	0.538756	0.00031783722711559094	0.5390739317792195	0.0	(0.5390739317792195+0j)
0.736	0.541696	0.0003178397924246582	0.5420139333232117	0.0	(0.5420139333232117+0j)
0.738	0.544644	0.0003178423369058274	0.5449619348601216	0.0	(0.5449619348601216+0j)
0.74	0.5476	0.00031784486078396046	0.5479179363899467	0.0	(0.5479179363899467+0j)
0.742	0.5505639999999999	0.00031784736428089284	0.5508819379126961	0.0	(0.5508819379126961+0j)
0.744	0.553536	0.0003178498476154825	0.5538539394283798	0.0	(0.5538539394283798+0j)
0.746	0.556516	0.0003178523110036574	0.5568339409369913	0.0	(0.5568339409369913+0j)
0.748	0.559504	0.0003178547546584628	0.559821942438545	0.0	(0.559821942438545+0j)
0.75	0.5625	0.00031785717879010707	0.5628179439330507	0.0	(0.5628179439330507+0j)
0.752	0.565504	0.0003178595836060069	0.5658219454205217	0.0	(0.5658219454205217+0j)
0.754	0.568516	0.0003178619693108319	0.5688339469009657	0.0	(0.5688339469009657+0j)
0.756	0.571536	0.0003178643361065479	0.5718539483743935	0.0	(0.5718539483743935+0j)
0.758	0.574564	0.00031786668419245983	0.5748819498408233	0.0	(0.5748819498408233+0j)
0.76	0.5776	0.00031786901376525356	0.5779179513002596	0.0	(0.5779179513002596+0j)
0.762	0.580644	0.00031787132501903735	0.5809619527527199	0.0	(0.5809619527527199+0j)
0.764	0.583696	0.000317873618145382	0.5840139541982189	0.0	(0.5840139541982189+0j)
0.766	0.586756	0.0003178758933333604	0.5870739556367732	0.0	(0.5870739556367732+0j)
0.768	0.589824	0.0003178781507695874	0.5901419570684019	0.0	(0.5901419570684019+0j)
0.77	0.5929	0.0003178803906382568	0.5932179584931102	0.0	(0.5932179584931102+0j)
0.772	0.5959840000000001	0.0003178826131211799	0.5963019599109316	0.0	(0.5963019599109316+0j)
0.774	0.599076	0.0003178848183978219	0.5993939613218675	0.0	(0.5993939613218675+0j)
0.776	0.602176	0.0003178870066453384	0.6024939627259484	0.0	(0.6024939627259484+0j)
0.778	0.605284	0.00031788917803861084	0.6056019641231946	0.0	(0.6056019641231946+0j)
0.78	0.6084	0.0003178913327502814	0.6087179655136112	0.0	(0.6087179655136112+0j)
0.782	0.6115240000000001	0.0003178934709507875	0.6118419668972349	0.0	(0.6118419668972349+0j)
0.784	0.6146560000000001	0.00031789559280839526	0.6149739682740792	0.0	(0.6149739682740792+0j)
0.786	0.617796	0.00031789769848923285	0.6181139696441628	0.0	(0.6181139696441628+0j)
0.788	0.620944	0.0003178997881573229	0.6212619710075131	0.0	(0.6212619710075131+0j)
0.79	0.6241000000000001	0.0003179018619746142	0.6244179723641466	0.0	(0.6244179723641466+0j)
0.792	0.627264	0.0003179039201010137	0.627581973714095	0.0	(0.627581973714095+0j)
0.794	0.6304360000000001	0.0003179059626944166	0.6307539750573632	0.0	(0.6307539750573632+0j)
0.796	0.6336160000000001	0.00031790798991073723	0.6339339763939974	0.0	(0.6339339763939974+0j)
0.798	0.636804	0.00031791000190393846	0.6371219777239994	0.0	(0.6371219777239994+0j)
0.8	0.6400000000000001	0.00031791199882606096	0.6403179790474085	0.0	(0.6403179790474085+0j)
0.802	0.6432040000000001	0.0003179139808272521	0.6435219803642401	0.0	(0.6435219803642401+0j)
0.804	0.6464160000000001	0.00031791594805579413	0.6467339816745261	0.0	(0.6467339816745261+0j)
0.806	0.6496360000000001	0.0003179179006581316	0.6499539829782875	0.0	(0.6499539829782875+0j)
0.808	0.6528640000000001	0.00031791983877889926	0.6531819842755511	0.0	(0.6531819842755511+0j)
0.81	0.6561000000000001	0.00031792176256094807	0.656417985566341	0.0	(0.656417985566341+0j)
0.812	0.659344	0.00031792367214537214	0.6596619868506793	0.0	(0.6596619868506793+0j)
0.8140000000000001	0.6625960000000001	0.0003179255676715343	0.6629139881285901	0.0	(0.6629139881285901+0j)
0.8160000000000001	0.6658560000000001	0.0003179274492770916	0.6661739894001071	0.0	(0.6661739894001071+0j)
0.8180000000000001	0.669124	0.00031792931709802026	0.669441990665254	0.0	(0.669441990665254+0j)
0.8200000000000001	0.6724000000000001	0.0003179311712686404	0.6727179919240603	0.0	(0.6727179919240603+0j)
0.8220000000000001	0.6756840000000001	0.00031793301192163995	0.67600199317655	0.0	(0.67600199317655+0j)
0.8240000000000001	0.6789760000000001	0.00031793483918809854	0.6792939944227501	0.0	(0.6792939944227501+0j)
0.8260000000000001	0.6822760000000001	0.00031793665319751084	0.6825939956626835	0.0	(0.6825939956626835+0j)
0.8280000000000001	0.6855840000000001	0.00031793845407780946	0.6859019968963792	0.0	(0.6859019968963792+0j)
0.8300000000000001	0.6889000000000001	0.0003179402419553873	0.6892179981238701	0.0	(0.6892179981238701+0j)
0.8320000000000001	0.6922240000000002	0.00031794201695512045	0.6925419993451805	0.0	(0.6925419993451805+0j)
0.834	0.695556	0.00031794377920038884	0.695874000560332	0.0	(0.695874000560332+0j)
0.836	0.698896	0.00031794552881309887	0.6992140017693639	0.0	(0.6992140017693639+0j)
0.838	0.702244	0.00031794726591370356	0.702562002972295	0.0	(0.702562002972295+0j)
0.84	0.7055999999999999	0.000317948990621224	0.7059180041691593	0.0	(0.7059180041691593+0j)
0.842	0.7089639999999999	0.0003179507030532692	0.7092820053599832	0.0	(0.7092820053599832+0j)
0.844	0.712336	0.00031795240332605634	0.712654006544788	0.0	(0.712654006544788+0j)
0.846	0.7157159999999999	0.00031795409155443066	0.7160340077236175	0.0	(0.7160340077236175+0j)
0.848	0.719104	0.00031795576785188453	0.719422008896483	0.0	(0.719422008896483+0j)
0.85	0.7224999999999999	0.00031795743233057683	0.7228180100634205	0.0	(0.7228180100634205+0j)
0.852	0.725904	0.00031795908510135135	0.7262220112244633	0.0	(0.7262220112244633+0j)
0.854	0.729316	0.00031796072627375576	0.7296340123796239	0.0	(0.7296340123796239+0j)
0.856	0.7327359999999999	0.0003179623559560592	0.7330540135289478	0.0	(0.7330540135289478+0j)
0.858	0.7361639999999999	0.00031796397425527063	0.7364820146724544	0.0	(0.7364820146724544+0j)
0.86	0.7395999999999999	0.000317965581277156	0.7399180158101699	0.0	(0.7399180158101699+0j)
0.862	0.7430439999999999	0.00031796717712625567	0.743362016942132	0.0	(0.743362016942132+0j)
0.864	0.7464959999999999	0.00031796876190590167	0.7468140180683677	0.0	(0.7468140180683677+0j)
0.866	0.749956	0.00031797033571823397	0.7502740191888994	0.0	(0.7502740191888994+0j)
0.868	0.753424	0.0003179718986642173	0.7537420203037615	0.0	(0.7537420203037615+0j)
0.87	0.7569	0.0003179734508436572	0.7572180214129814	0.0	(0.7572180214129814+0j)
0.872	0.760384	0.00031797499235521585	0.7607020225165891	0.0	(0.7607020225165891+0j)
0.874	0.763876	0.00031797652329642803	0.7641940236146018	0.0	(0.7641940236146018+0j)
0.876	0.767376	0.00031797804376371624	0.7676940247070603	0.0	(0.7676940247070603+0j)
0.878	0.770884	0.00031797955385240613	0.7712020257939913	0.0	(0.7712020257939913+0j)
0.88	0.7744	0.00031798105365674127	0.7747180268754147	0.0	(0.7747180268754147+0j)
0.882	0.7779240000000001	0.000317982543269898	0.7782420279513798	0.0	(0.7782420279513798+0j)
0.884	0.781456	0.0003179840227839997	0.7817740290218845	0.0	(0.7817740290218845+0j)
0.886	0.784996	0.0003179854922901313	0.78531403008698	0.0	(0.78531403008698+0j)
0.888	0.788544	0.00031798695187835297	0.7888620311466918	0.0	(0.7888620311466918+0j)
0.89	0.7921	0.00031798840163771436	0.7924180322010481	0.0	(0.7924180322010481+0j)
0.892	0.795664	0.0003179898416562677	0.7959820332500652	0.0	(0.7959820332500652+0j)
0.894	0.7992360000000001	0.00031799127202108155	0.7995540342937786	0.0	(0.7995540342937786+0j)
0.896	0.8028160000000001	0.0003179926928182536	0.8031340353322199	0.0	(0.8031340353322199+0j)
0.898	0.806404	0.00031799410413292406	0.8067220363654235	0.0	(0.8067220363654235+0j)
0.9	0.81	0.00031799550604928815	0.8103180373933985	0.0	(0.8103180373933985+0j)
0.902	0.813604	0.00031799689865060865	0.8139220384161893	0.0	(0.8139220384161893+0j)
0.904	0.817216	0.0003179982820192283	0.8175340394338193	0.0	(0.8175340394338193+0j)
0.906	0.820836	0.0003179996562365819	0.8211540404463122	0.0	(0.8211540404463122+0j)
0.908	0.8244640000000001	0.0003180010213832087	0.8247820414537025	0.0	(0.8247820414537025+0j)
0.91	0.8281000000000001	0.00031800237753876344	0.8284180424559987	0.0	(0.8284180424559987+0j)
0.912	0.831744	0.00031800372478202874	0.8320620434532555	0.0	(0.8320620434532555+0j)
0.914	0.835396	0.0003180050631909262	0.8357140444454852	0.0	(0.8357140444454852+0j)
0.916	0.839056	0.0003180063928425273	0.8393740454327174	0.0	(0.8393740454327174+0j)
0.918	0.842724	0.0003180077138130655	0.8430420464149938	0.0	(0.8430420464149938+0j)
0.92	0.8464	0.0003180090261779459	0.8467180473923069	0.0	(0.8467180473923069+0j)
0.922	0.8500840000000001	0.00031801033001175704	0.8504020483647183	0.0	(0.8504020483647183+0j)
0.924	0.8537760000000001	0.000318011625388281	0.8540940493322411	0.0	(0.8540940493322411+0j)
0.926	0.8574760000000001	0.00031801291238050405	0.8577940502948967	0.0	(0.8577940502948967+0j)
0.928	0.8611840000000001	0.0003180141910606265	0.8615020512527269	0.0	(0.8615020512527269+0j)
0.93	0.8649000000000001	0.00031801546150007345	0.8652180522057447	0.0	(0.8652180522057447+0j)
0.932	0.8686240000000001	0.00031801672376950436	0.8689420531539851	0.0	(0.8689420531539851+0j)
0.934	0.8723560000000001	0.000318017977938823	0.872674054097475	0.0	(0.872674054097475+0j)
0.936	0.8760960000000001	0.00031801922407718704	0.8764140550362274	0.0	(0.8764140550362274+0j)
0.9380000000000001	0.8798440000000001	0.0003180204622530177	0.8801620559702873	0.0	(0.8801620559702873+0j)
0.9400000000000001	0.8836000000000002	0.000318021692534009	0.8839180568996647	0.0	(0.8839180568996647+0j)
0.9420000000000001	0.8873640000000002	0.00031802291498713743	0.8876820578244068	0.0	(0.8876820578244068+0j)
0.9440000000000001	0.8911360000000002	0.00031802412967867023	0.8914540587445194	0.0	(0.8914540587445194+0j)
0.9460000000000001	0.8949160000000002	0.0003180253366741752	0.8952340596600525	0.0	(0.8952340596600525+0j)
0.9480000000000001	0.8987040000000002	0.0003180265360385292	0.8990220605710371	0.0	(0.8990220605710371+0j)
0.9500000000000001	0.9025000000000001	0.0003180277278359269	0.9028180614775453	0.0	(0.9028180614775453+0j)
0.9520000000000001	0.9063040000000001	0.0003180289121298893	0.9066220623796869	0.0	(0.9066220623796869+0j)
0.9540000000000001	0.9101160000000001	0.00031803008898327226	0.9104340632777262	0.0	(0.9104340632777262+0j)
0.9560000000000001	0.9139360000000002	0.00031803125845827483	0.9142540641722106	0.0	(0.9142540641722106+0j)
0.9580000000000001	0.9177640000000001	0.00031803242061644764	0.9180820650643947	0.0	(0.9180820650643947+0j)
0.96	0.9216	0.0003180335755187006	0.9219180659570171	0.0	(0.9219180659570171+0j)
0.962	0.9254439999999999	0.00031803472322531126	0.9257620668559613	0.0	(0.9257620668559613+0j)
0.964	0.9292959999999999	0.0003180358637959325	0.9296140677734179	0.0	(0.9296140677734179+0j)
0.966	0.933156	0.00031803699728960035	0.9334740687338549	0.0	(0.9334740687338549+0j)
0.968	0.937024	0.0003180381237647416	0.9373420697845954	0.0	(0.9373420697845954+0j)
0.97	0.9409	0.0003180392432791812	0.941218071013891	0.0	(0.941218071013891+0j)
0.972	0.944784	0.00031804035589015	0.9451020725801386	0.0	(0.9451020725801386+0j)
0.974	0.948676	0.00031804146165429164	0.9489940747570353	0.0	(0.9489940747570353+0j)
0.976	0.952576	0.0003180425606276702	0.9528940779997356	0.0	(0.9528940779997356+0j)
0.978	0.956484	0.00031804365286577696	0.9568020830370617	0.0	(0.9568020830370617+0j)
0.98	0.9603999999999999	0.00031804473842353767	0.96071809099395	0.0	(0.96071809099395+0j)
0.982	0.964324	0.00031804581735531904	0.9646421035473738	0.0	(0.9646421035473738+0j)
0.984	0.968256	0.0003180468897149364	0.9685741231206203	0.0	(0.9685741231206203+0j)
0.986	0.972196	0.000318047955555659	0.9725141531291179	0.0	(0.9725141531291179+0j)
0.988	0.976144	0.00031804901493021846	0.9764621983184449	0.0	(0.9764621983184449+0j)
0.99	0.9801	0.00031805006789081337	0.9804182653066694	0.0	(0.9804182653066694+0j)
0.992	0.9840639999999999	0.00031805111448911737	0.9843823636337968	0.0	(0.9843823636337968+0j)
0.994	0.988036	0.0003180521547762842	0.9883545081816005	0.0	(0.9883545081816005+0j)
0.996	0.992016	0.00031805318880295504	0.9923347258364826	0.0	(0.9923347258364826+0j)
0.998	0.996004	0.00031805421661926383	0.9963230791246204	0.0	(0.9963230791246204+0j)
1.0	1.0	0.0003180552382748436	1.0003198059035772	0.0	(1.0003198059035772+0j)
