-1.0	-1.0	-0.01695488108410624	-1.0169557586544316	0.0	-1.0169557586544316
-0.998	-0.996004	-0.01689747627069829	-1.0129021837004368	0.0	-1.0129021837004368
-0.996	-0.992016	-0.01684011336550252	-1.008856733153566	0.0	-1.008856733153566
-0.994	-0.988036	-0.016782792701474036	-1.0048193528343135	0.0	-1.0048193528343135
-0.992	-0.9840639999999999	-0.016725514611798234	-1.0007900292417802	0.0	-1.0007900292417802
-0.99	-0.9801	-0.01666827942988748	-0.9967687571273356	0.0	-0.9967687571273356
-0.988	-0.976144	-0.016611087489377743	-0.992755534015124	0.0	-0.992755534015124
-0.986	-0.972196	-0.016553939124125172	-0.988750358624705	0.0	-0.988750358624705
-0.984	-0.968256	-0.016496834668202787	-0.9847532302762748	0.0	-0.9847532302762748
-0.982	-0.964324	-0.016439774455896977	-0.9807641486252118	0.0	-0.9807641486252118
-0.98	-0.9603999999999999	-0.016382758821704188	-0.9767831135288234	0.0	-0.9767831135288234
-0.978	-0.956484	-0.016325788100327504	-0.9728101249733995	0.0	-0.9728101249733995
-0.976	-0.952576	-0.016268862626673153	-0.9688451830315976	0.0	-0.9688451830315976
-0.974	-0.948676	-0.01621198273584712	-0.96488828783606	0.0	-0.96488828783606
-0.972	-0.944784	-0.016155148763151744	-0.9609394395624984	0.0	-0.9609394395624984
-0.97	-0.9409	-0.016098361044082188	-0.9569986384182929	0.0	-0.9569986384182929
-0.968	-0.937024	-0.016041619914323013	-0.9530658846347174	0.0	-0.9530658846347174
-0.966	-0.933156	-0.01598492570974476	-0.9491411784613876	0.0	-0.9491411784613876
-0.964	-0.9292959999999999	-0.015928278766400378	-0.9452245201622628	0.0	-0.9452245201622628
-0.962	-0.9254439999999999	-0.01587167942052184	-0.9413159100126929	0.0	-0.9413159100126929
-0.96	-0.9216	-0.015815128008516546	-0.9374153482971688	0.0	-0.9374153482971688
-0.9580000000000001	-0.9177640000000001	-0.015758624866963847	-0.9335228353076654	0.0	-0.9335228353076654
-0.9560000000000001	-0.9139360000000002	-0.015702170332611662	-0.92963837134229	0.0	-0.92963837134229
-0.9540000000000001	-0.9101160000000001	-0.01564576474237271	-0.9257619567042649	0.0	-0.9257619567042649
-0.9520000000000001	-0.9063040000000001	-0.015589408433321225	-0.9218935917011207	0.0	-0.9218935917011207
-0.9500000000000001	-0.9025000000000001	-0.015533101742689251	-0.9180332766439955	0.0	-0.9180332766439955
-0.9480000000000001	-0.8987040000000002	-0.015476845007863185	-0.9141810118471567	0.0	-0.9141810118471567
-0.9460000000000001	-0.8949160000000002	-0.01542063856638018	-0.9103367976275356	0.0	-0.9103367976275356
-0.9440000000000001	-0.8911360000000002	-0.015364482755924586	-0.9065006343043587	0.0	-0.9065006343043587
-0.9420000000000001	-0.8873640000000002	-0.015308377914324364	-0.9026725221988947	0.0	-0.9026725221988947
-0.9400000000000001	-0.8836000000000002	-0.015252324379547613	-0.8988524616341428	0.0	-0.8988524616341428
-0.9380000000000001	-0.8798440000000001	-0.015196322489698738	-0.89504045293466	0.0	-0.89504045293466
-0.936	-0.8760960000000001	-0.015140372583015163	-0.8912364964263852	0.0	-0.8912364964263852
-0.934	-0.8723560000000001	-0.0150844749978635	-0.8874405924364763	0.0	-0.8874405924364763
-0.932	-0.8686240000000001	-0.015028630072735999	-0.8836527412931804	0.0	-0.8836527412931804
-0.93	-0.8649000000000001	-0.014972838146246933	-0.8798729433257375	0.0	-0.8798729433257375
-0.928	-0.8611840000000001	-0.014917099557129027	-0.8761011988642357	0.0	-0.8761011988642357
-0.926	-0.8574760000000001	-0.014861414644229673	-0.87233750823959	0.0	-0.87233750823959
-0.924	-0.8537760000000001	-0.014805783746507456	-0.8685818717834218	0.0	-0.8685818717834218
-0.922	-0.8500840000000001	-0.014750207203028345	-0.8648342898280147	0.0	-0.8648342898280147
-0.92	-0.8464	-0.014694685352962214	-0.861094762706251	0.0	-0.861094762706251
-0.918	-0.842724	-0.014639218535578924	-0.8573632907515653	0.0	-0.8573632907515653
-0.916	-0.839056	-0.014583807090244913	-0.8536398742978837	0.0	-0.8536398742978837
-0.914	-0.835396	-0.014528451356419322	-0.8499245136795905	0.0	-0.8499245136795905
-0.912	-0.831744	-0.014473151673650389	-0.8462172092315139	0.0	-0.8462172092315139
-0.91	-0.8281000000000001	-0.01441790838157174	-0.8425179612888611	0.0	-0.8425179612888611
-0.908	-0.8244640000000001	-0.014362721819898658	-0.8388267701871885	0.0	-0.8388267701871885
-0.906	-0.820836	-0.014307592328424365	-0.8351436362624088	0.0	-0.8351436362624088
-0.904	-0.817216	-0.014252520247016384	-0.8314685598507313	0.0	-0.8314685598507313
-0.902	-0.813604	-0.014197505915612682	-0.8278015412886679	0.0	-0.8278015412886679
-0.9	-0.81	-0.014142549674218033	-0.8241425809129637	0.0	-0.8241425809129637
-0.898	-0.806404	-0.014087651862900244	-0.8204916790606492	0.0	-0.8204916790606492
-0.896	-0.8028160000000001	-0.01403281282178638	-0.8168488360689532	0.0	-0.8168488360689532
-0.894	-0.7992360000000001	-0.01397803289105902	-0.8132140522753433	0.0	-0.8132140522753433
-0.892	-0.795664	-0.013923312410952557	-0.8095873280174554	0.0	-0.8095873280174554
-0.89	-0.7921	-0.013868651721749323	-0.805968663633145	0.0	-0.805968663633145
-0.888	-0.788544	-0.013814051163775862	-0.80235805946039	0.0	-0.80235805946039
-0.886	-0.784996	-0.013759511077399242	-0.79875551583738	0.0	-0.79875551583738
-0.884	-0.781456	-0.013705031803023002	-0.7951610331024134	0.0	-0.7951610331024134
-0.882	-0.7779240000000001	-0.013650613681083612	-0.7915746115939397	0.0	-0.7915746115939397
-0.88	-0.7744	-0.013596257052046562	-0.7879962516505156	0.0	-0.7879962516505156
-0.878	-0.770884	-0.013541962256402584	-0.7844259536108286	0.0	-0.7844259536108286
-0.876	-0.767376	-0.01348772963466377	-0.7808637178136771	0.0	-0.7808637178136771
-0.874	-0.763876	-0.013433559527359834	-0.7773095445979261	0.0	-0.7773095445979261
-0.872	-0.760384	-0.013379452275034204	-0.7737634343025472	0.0	-0.7737634343025472
-0.87	-0.7569	-0.013325408218240214	-0.7702253872666047	0.0	-0.7702253872666047
-0.868	-0.753424	-0.013271427697537364	-0.7666954038291931	0.0	-0.7666954038291931
-0.866	-0.749956	-0.013217511053487146	-0.7631734843295088	0.0	-0.7631734843295088
-0.864	-0.7464959999999999	-0.013163658626649699	-0.7596596291067863	0.0	-0.7596596291067863
-0.862	-0.7430439999999999	-0.013109870757579467	-0.7561538385003128	0.0	-0.7561538385003128
-0.86	-0.7395999999999999	-0.01305614778682157	-0.7526561128494169	0.0	-0.7526561128494169
-0.858	-0.7361639999999999	-0.013002490054907945	-0.7491664524934565	0.0	-0.7491664524934565
-0.856	-0.7327359999999999	-0.012948897902353346	-0.74568485777182	0.0	-0.74568485777182
-0.854	-0.729316	-0.01289537166965149	-0.7422113290239195	0.0	-0.7422113290239195
-0.852	-0.725904	-0.01284191169727128	-0.738745866589192	0.0	-0.738745866589192
-0.85	-0.7224999999999999	-0.012788518325652809	-0.7352884708070623	0.0	-0.7352884708070623
-0.848	-0.719104	-0.012735191895203501	-0.7318391420169772	0.0	-0.7318391420169772
-0.846	-0.7157159999999999	-0.012681932746294033	-0.7283978805583753	0.0	-0.7283978805583753
-0.844	-0.712336	-0.012628741219254697	-0.7249646867706803	0.0	-0.7249646867706803
-0.842	-0.7089639999999999	-0.012575617654371263	-0.721539560993317	0.0	-0.721539560993317
-0.84	-0.7055999999999999	-0.01252256239188132	-0.7181225035656864	0.0	-0.7181225035656864
-0.838	-0.702244	-0.01246957577196986	-0.7147135148271505	0.0	-0.7147135148271505
-0.836	-0.698896	-0.012416658134765918	-0.7113125951170632	0.0	-0.7113125951170632
-0.834	-0.695556	-0.012363809820338273	-0.7079197447747311	0.0	-0.7079197447747311
-0.8320000000000001	-0.6922240000000002	-0.012311031168691478	-0.7045349641394205	0.0	-0.7045349641394205
-0.8300000000000001	-0.6889000000000001	-0.012258322519762166	-0.7011582535503634	0.0	-0.7011582535503634
-0.8280000000000001	-0.6855840000000001	-0.012205684213414891	-0.6977896133467247	0.0	-0.6977896133467247
-0.8260000000000001	-0.6822760000000001	-0.012153116589438212	-0.6944290438676185	0.0	-0.6944290438676185
-0.8240000000000001	-0.6789760000000001	-0.012100619987540834	-0.6910765454521168	0.0	-0.6910765454521168
-0.8220000000000001	-0.6756840000000001	-0.012048194747347446	-0.6877321184392002	0.0	-0.6877321184392002
-0.8200000000000001	-0.6724000000000001	-0.011995841208394836	-0.6843957631677987	0.0	-0.6843957631677987
-0.8180000000000001	-0.669124	-0.011943559710127921	-0.6810674799767579	0.0	-0.6810674799767579
-0.8160000000000001	-0.6658560000000001	-0.011891350591895888	-0.6777472692048421	0.0	-0.6777472692048421
-0.8140000000000001	-0.6625960000000001	-0.01183921419294795	-0.6744351311907419	0.0	-0.6744351311907419
-0.812	-0.659344	-0.011787150852429484	-0.6711310662730577	0.0	-0.6711310662730577
-0.81	-0.6561000000000001	-0.011735160909378095	-0.6678350747902797	0.0	-0.6678350747902797
-0.808	-0.6528640000000001	-0.01168324470271953	-0.6645471570808159	0.0	-0.6645471570808159
-0.806	-0.6496360000000001	-0.011631402571263633	-0.6612673134829662	0.0	-0.6612673134829662
-0.804	-0.6464160000000001	-0.011579634853700532	-0.657995544334927	0.0	-0.657995544334927
-0.802	-0.6432040000000001	-0.011527941888596238	-0.6547318499747824	0.0	-0.6547318499747824
-0.8	-0.6400000000000001	-0.011476324014389139	-0.6514762307404877	0.0	-0.6514762307404877
-0.798	-0.636804	-0.011424781569385534	-0.648228686969895	0.0	-0.648228686969895
-0.796	-0.6336160000000001	-0.011373314891755915	-0.6449892190007168	0.0	-0.6449892190007168
-0.794	-0.6304360000000001	-0.011321924319530635	-0.6417578271705436	0.0	-0.6417578271705436
-0.792	-0.627264	-0.011270610190596247	-0.638534511816832	0.0	-0.638534511816832
-0.79	-0.6241000000000001	-0.011219372842691033	-0.6353192732768974	0.0	-0.6353192732768974
-0.788	-0.620944	-0.011168212613401424	-0.6321121118879061	0.0	-0.6321121118879061
-0.786	-0.617796	-0.011117129840157558	-0.6289130279868859	0.0	-0.6289130279868859
-0.784	-0.6146560000000001	-0.011066124860229426	-0.6257220219107036	0.0	-0.6257220219107036
-0.782	-0.6115240000000001	-0.01101519801072287	-0.6225390939960814	0.0	-0.6225390939960814
-0.78	-0.6084	-0.010964349628575343	-0.6193642445795705	0.0	-0.6193642445795705
-0.778	-0.605284	-0.010913580050551958	-0.6161974739975536	0.0	-0.6161974739975536
-0.776	-0.602176	-0.010862889613241555	-0.6130387825862625	0.0	-0.6130387825862625
-0.774	-0.599076	-0.010812278653052287	-0.609888170681739	0.0	-0.609888170681739
-0.772	-0.5959840000000001	-0.01076174750620798	-0.6067456386198435	0.0	-0.6067456386198435
-0.77	-0.5929	-0.010711296508743612	-0.6036111867362649	0.0	-0.6036111867362649
-0.768	-0.589824	-0.01066092599650173	-0.6004848153665028	0.0	-0.6004848153665028
-0.766	-0.586756	-0.010610636305127985	-0.5973665248458621	0.0	-0.5973665248458621
-0.764	-0.583696	-0.010560427770067132	-0.5942563155094499	0.0	-0.5942563155094499
-0.762	-0.580644	-0.010510300726559035	-0.5911541876921829	0.0	-0.5911541876921829
-0.76	-0.5776	-0.010460255509634614	-0.5880601417287638	0.0	-0.5880601417287638
-0.758	-0.574564	-0.010410292454111625	-0.584974177953693	0.0	-0.584974177953693
-0.756	-0.571536	-0.010360411894590665	-0.5818962967012573	0.0	-0.5818962967012573
-0.754	-0.568516	-0.010310614165450954	-0.5788264983055225	0.0	-0.5788264983055225
-0.752	-0.565504	-0.010260899600846446	-0.5757647831003321	0.0	-0.5757647831003321
-0.75	-0.5625	-0.010211268534701556	-0.5727111514193197	0.0	-0.5727111514193197
-0.748	-0.559504	-0.01016172130070711	-0.5696656035958688	0.0	-0.5696656035958688
-0.746	-0.556516	-0.010112258232316318	-0.5666281399631399	0.0	-0.5666281399631399
-0.744	-0.553536	-0.010062879662740554	-0.56359876085405	0.0	-0.56359876085405
-0.742	-0.5505639999999999	-0.01001358592494525	-0.5605774666012804	0.0	-0.5605774666012804
-0.74	-0.5476	-0.009964377351645959	-0.5575642575372624	0.0	-0.5575642575372624
-0.738	-0.544644	-0.009915254275303986	-0.5545591339941685	0.0	-0.5545591339941685
-0.736	-0.541696	-0.009866217028122543	-0.5515620963039253	0.0	-0.5515620963039253
-0.734	-0.538756	-0.009817265942042464	-0.5485731447982054	0.0	-0.5485731447982054
-0.732	-0.535824	-0.00976840134873802	-0.5455922798084001	0.0	-0.5455922798084001
-0.73	-0.5328999999999999	-0.009719623579613063	-0.5426195016656497	0.0	-0.5426195016656497
-0.728	-0.529984	-0.009670932965796797	-0.5396548107008106	0.0	-0.5396548107008106
-0.726	-0.527076	-0.009622329838139349	-0.536698207244463	0.0	-0.536698207244463
-0.724	-0.524176	-0.00957381452720829	-0.5337496916269203	0.0	-0.5337496916269203
-0.722	-0.521284	-0.009525387363283816	-0.5308092641781978	0.0	-0.5308092641781978
-0.72	-0.5184	-0.009477048676355126	-0.5278769252280257	0.0	-0.5278769252280257
-0.718	-0.515524	-0.009428798796116106	-0.5249526751058418	0.0	-0.5249526751058418
-0.716	-0.512656	-0.009380638051961154	-0.5220365141407796	0.0	-0.5220365141407796
-0.714	-0.5097959999999999	-0.009332566772981221	-0.5191284426616853	0.0	-0.5191284426616853
-0.712	-0.506944	-0.009284585287959474	-0.5162284609970887	0.0	-0.5162284609970887
-0.71	-0.5041	-0.009236693925367329	-0.513336569475211	0.0	-0.513336569475211
-0.708	-0.5012639999999999	-0.009188893013360289	-0.5104527684239549	0.0	-0.5104527684239549
-0.706	-0.49843599999999993	-0.009141182879773752	-0.507577058170922	0.0	-0.507577058170922
-0.704	-0.49561599999999995	-0.009093563852118902	-0.5047094390433657	0.0	-0.5047094390433657
-0.7020000000000001	-0.4928040000000001	-0.009046036257578716	-0.5018499113682316	0.0	-0.5018499113682316
-0.7000000000000001	-0.4900000000000001	-0.008998600423003655	-0.49899847547212256	0.0	-0.49899847547212256
-0.6980000000000001	-0.4872040000000001	-0.008951256674907426	-0.4961551316813246	0.0	-0.4961551316813246
-0.6960000000000001	-0.48441600000000007	-0.008904005339463283	-0.4933198803217644	0.0	-0.4933198803217644
-0.6940000000000001	-0.48163600000000006	-0.008856846742499425	-0.4904927217190342	0.0	-0.4904927217190342
-0.6920000000000001	-0.47886400000000007	-0.008809781209495271	-0.4876736561983793	0.0	-0.4876736561983793
-0.6900000000000001	-0.4761000000000001	-0.008762809065576915	-0.4848626840846819	0.0	-0.4848626840846819
-0.6880000000000001	-0.4733440000000001	-0.008715930635513347	-0.48205980570248147	0.0	-0.48205980570248147
-0.686	-0.47059600000000007	-0.008669146243712123	-0.4792650213759581	0.0	-0.4792650213759581
-0.684	-0.46785600000000005	-0.008622456214215257	-0.4764783314289117	0.0	-0.4764783314289117
-0.682	-0.4651240000000001	-0.008575860870695229	-0.4736997361848027	0.0	-0.4736997361848027
-0.68	-0.4624000000000001	-0.008529360536450592	-0.47092923596668246	0.0	-0.47092923596668246
-0.678	-0.45968400000000004	-0.008482955534402148	-0.468166831097246	0.0	-0.468166831097246
-0.676	-0.45697600000000005	-0.008436646187088503	-0.4654125218988071	0.0	-0.4654125218988071
-0.674	-0.45427600000000007	-0.008390432816662297	-0.4626663086932893	0.0	-0.4626663086932893
-0.672	-0.45158400000000004	-0.0083443157448857	-0.45992819180223393	0.0	-0.45992819180223393
-0.67	-0.4489000000000001	-0.008298295293126479	-0.4571981715467823	0.0	-0.4571981715467823
-0.668	-0.44622400000000007	-0.008252371782354051	-0.45447624824767435	0.0	-0.45447624824767435
-0.666	-0.44355600000000006	-0.008206545533134824	-0.4517624222252598	0.0	-0.4517624222252598
-0.664	-0.44089600000000007	-0.008160816865628806	-0.4490566937994714	0.0	-0.4490566937994714
-0.662	-0.438244	-0.008115186099584615	-0.4463590632898341	0.0	-0.4463590632898341
-0.66	-0.43560000000000004	-0.008069653554336198	-0.4436695310154662	0.0	-0.4436695310154662
-0.658	-0.432964	-0.008024219548798117	-0.44098809729506405	0.0	-0.44098809729506405
-0.656	-0.43033600000000005	-0.007978884401461828	-0.4383147624468927	0.0	-0.4383147624468927
-0.654	-0.42771600000000004	-0.007933648430391238	-0.4356495267888017	0.0	-0.4356495267888017
-0.652	-0.42510400000000004	-0.007888511953218602	-0.43299239063820255	0.0	-0.43299239063820255
-0.65	-0.42250000000000004	-0.0078434752871408	-0.4303433543120776	0.0	-0.4303433543120776
-0.648	-0.419904	-0.007798538748914785	-0.4277024181269634	0.0	-0.4277024181269634
-0.646	-0.417316	-0.007753702654853645	-0.4250695823989628	0.0	-0.4250695823989628
-0.644	-0.41473600000000005	-0.007708967320822491	-0.4224448474437197	0.0	-0.4224448474437197
-0.642	-0.41216400000000003	-0.007664333062234352	-0.4198282135764375	0.0	-0.4198282135764375
-0.64	-0.4096	-0.007619800194046122	-0.4172196811118545	0.0	-0.4172196811118545
-0.638	-0.407044	-0.00757536903075412	-0.4146192503642593	0.0	-0.4146192503642593
-0.636	-0.404496	-0.007531039886390534	-0.4120269216474652	0.0	-0.4120269216474652
-0.634	-0.40195600000000004	-0.007486813074518928	-0.4094426952748272	0.0	-0.4094426952748272
-0.632	-0.399424	-0.007442688908230188	-0.4068665715592246	0.0	-0.4068665715592246
-0.63	-0.39690000000000003	-0.007398667700138584	-0.4042985508130635	0.0	-0.4042985508130635
-0.628	-0.394384	-0.007354749762377488	-0.40173863334826526	0.0	-0.40173863334826526
-0.626	-0.391876	-0.007310935406595387	-0.3991868194762669	0.0	-0.3991868194762669
-0.624	-0.389376	-0.007267224943951822	-0.3966431095080213	0.0	-0.3966431095080213
-0.622	-0.386884	-0.007223618685113176	-0.39410750375398795	0.0	-0.39410750375398795
-0.62	-0.3844	-0.007180116940248726	-0.391580002524124	0.0	-0.391580002524124
-0.618	-0.381924	-0.007136720019026543	-0.38906060612789795	0.0	-0.38906060612789795
-0.616	-0.379456	-0.007093428230609156	-0.3865493148742605	0.0	-0.3865493148742605
-0.614	-0.376996	-0.007050241883649999	-0.38404612907166424	0.0	-0.38404612907166424
-0.612	-0.374544	-0.0070071612862887545	-0.3815510490280438	0.0	-0.3815510490280438
-0.61	-0.3721	-0.0069641867461477935	-0.37906407505081224	0.0	-0.37906407505081224
-0.608	-0.369664	-0.006921318570327573	-0.37658520744687435	0.0	-0.37658520744687435
-0.606	-0.367236	-0.006878557065403246	-0.374114446522598	0.0	-0.374114446522598
-0.604	-0.364816	-0.006835902537419836	-0.3716517925838302	0.0	-0.3716517925838302
-0.602	-0.36240399999999995	-0.006793355291888903	-0.36919724593587594	0.0	-0.36919724593587594
-0.6	-0.36	-0.006750915633783938	-0.366750806883514	0.0	-0.366750806883514
-0.598	-0.357604	-0.006708583867536644	-0.3643124757309749	0.0	-0.3643124757309749
-0.596	-0.355216	-0.0066663602970327696	-0.3618822527819451	0.0	-0.3618822527819451
-0.594	-0.352836	-0.00662424522560795	-0.35946013833956186	0.0	-0.35946013833956186
-0.592	-0.35046399999999994	-0.00658223895604404	-0.3570461327064114	0.0	-0.3570461327064114
-0.59	-0.34809999999999997	-0.006540341790564563	-0.3546402361845192	0.0	-0.3546402361845192
-0.588	-0.34574399999999994	-0.006498554030831105	-0.35224244907535557	0.0	-0.35224244907535557
-0.586	-0.343396	-0.006456875977939147	-0.34985277167981904	0.0	-0.34985277167981904
-0.584	-0.34105599999999997	-0.006415307932413905	-0.3474712042982382	0.0	-0.3474712042982382
-0.582	-0.33872399999999997	-0.006373850194206554	-0.34509774723037523	0.0	-0.34509774723037523
-0.58	-0.3364	-0.006332503062690009	-0.34273240077541	0.0	-0.34273240077541
-0.578	-0.33408399999999994	-0.006291266836655096	-0.34037516523193906	0.0	-0.34037516523193906
-0.5760000000000001	-0.33177600000000007	-0.006250141814306331	-0.33802604089798327	0.0	-0.33802604089798327
-0.5740000000000001	-0.3294760000000001	-0.006209128293258093	-0.33568502807096684	0.0	-0.33568502807096684
-0.5720000000000001	-0.3271840000000001	-0.006168226570530622	-0.33335212704771505	0.0	-0.33335212704771505
-0.5700000000000001	-0.3249000000000001	-0.006127436942545916	-0.33102733812446916	0.0	-0.33102733812446916
-0.5680000000000001	-0.3226240000000001	-0.006086759705123845	-0.3287106615968607	0.0	-0.3287106615968607
-0.5660000000000001	-0.3203560000000001	-0.00604619515347804	-0.32640209775991785	0.0	-0.32640209775991785
-0.5640000000000001	-0.31809600000000005	-0.00600574358221212	-0.32410164690806265	0.0	-0.32410164690806265
-0.562	-0.31584400000000007	-0.005965405285315584	-0.32180930933509844	0.0	-0.32180930933509844
-0.56	-0.31360000000000005	-0.005925180556159759	-0.31952508533421065	0.0	-0.31952508533421065
-0.558	-0.3113640000000001	-0.005885069687494082	-0.3172489751979782	0.0	-0.3172489751979782
-0.556	-0.3091360000000001	-0.005845072971441878	-0.3149809792183353	0.0	-0.3149809792183353
-0.554	-0.3069160000000001	-0.005805190699496754	-0.3127210976866005	0.0	-0.3127210976866005
-0.552	-0.30470400000000003	-0.005765423162518157	-0.31046933089345613	0.0	-0.31046933089345613
-0.55	-0.30250000000000005	-0.005725770650727768	-0.3082256791289459	0.0	-0.3082256791289459
-0.548	-0.30030400000000007	-0.00568623345370578	-0.3059901426824751	0.0	-0.3059901426824751
-0.546	-0.29811600000000005	-0.005646811860386403	-0.30376272184280456	0.0	-0.30376272184280456
-0.544	-0.29593600000000003	-0.00560750615905431	-0.3015434168980449	0.0	-0.3015434168980449
-0.542	-0.293764	-0.005568316637340753	-0.29933222813565913	0.0	-0.29933222813565913
-0.54	-0.2916	-0.00552924358221929	-0.29712915584244604	0.0	-0.29712915584244604
-0.538	-0.28944400000000003	-0.005490287280002504	-0.2949342003045496	0.0	-0.2949342003045496
-0.536	-0.28729600000000005	-0.005451448016337401	-0.2927473618074517	0.0	-0.2927473618074517
-0.534	-0.285156	-0.005412726076201968	-0.29056864063596066	0.0	-0.29056864063596066
-0.532	-0.28302400000000005	-0.005374121743901283	-0.28839803707422074	0.0	-0.28839803707422074
-0.53	-0.28090000000000004	-0.005335635303063302	-0.2862355514056912	0.0	-0.2862355514056912
-0.528	-0.27878400000000003	-0.005297267036635245	-0.2840811839131591	0.0	-0.2840811839131591
-0.526	-0.27667600000000003	-0.005259017226879881	-0.28193493487872645	0.0	-0.28193493487872645
-0.524	-0.27457600000000004	-0.005220886155371085	-0.27979680458380923	0.0	-0.27979680458380923
-0.522	-0.272484	-0.0051828741029907865	-0.2776667933091236	0.0	-0.2776667933091236
-0.52	-0.27040000000000003	-0.00514498134992436	-0.2755449013347099	0.0	-0.2755449013347099
-0.518	-0.268324	-0.005107208175657352	-0.27343112893988797	0.0	-0.27343112893988797
-0.516	-0.266256	-0.005069554858971315	-0.2713254764032905	0.0	-0.2713254764032905
-0.514	-0.264196	-0.005032021677939924	-0.26922794400283834	0.0	-0.26922794400283834
-0.512	-0.262144	-0.004994608909925535	-0.2671385320157424	0.0	-0.2671385320157424
-0.51	-0.2601	-0.004957316831574965	-0.2650572407185008	0.0	-0.2650572407185008
-0.508	-0.258064	-0.004920145718816049	-0.26298407038689536	0.0	-0.26298407038689536
-0.506	-0.256036	-0.004883095846853425	-0.26091902129597944	0.0	-0.26091902129597944
-0.504	-0.254016	-0.0048461674901650875	-0.2588620937200898	0.0	-0.2588620937200898
-0.502	-0.252004	-0.004809360922498618	-0.2568132879328323	0.0	-0.2568132879328323
-0.5	-0.25	-0.004772676416867072	-0.25477260420707815	0.0	-0.25477260420707815
-0.498	-0.248004	-0.00473611424554532	-0.25274004281495976	0.0	-0.25274004281495976
-0.496	-0.24601599999999998	-0.004699674680066601	-0.2507156040278755	0.0	-0.2507156040278755
-0.494	-0.244036	-0.004663357991218531	-0.24869928811647557	0.0	-0.24869928811647557
-0.492	-0.242064	-0.00462716444903899	-0.2466910953506633	0.0	-0.2466910953506633
-0.49	-0.24009999999999998	-0.004591094322813349	-0.24469102599959044	0.0	-0.24469102599959044
-0.488	-0.238144	-0.004555147881069699	-0.24269908033165472	0.0	-0.24269908033165472
-0.486	-0.236196	-0.004519325391575624	-0.24071525861449342	0.0	-0.24071525861449342
-0.484	-0.234256	-0.004483627121334655	-0.2387395611149825	0.0	-0.2387395611149825
-0.482	-0.23232399999999997	-0.004448053336581936	-0.23677198809923336	0.0	-0.23677198809923336
-0.48	-0.2304	-0.004412604302781342	-0.23481253983258416	0.0	-0.23481253983258416
-0.47800000000000004	-0.22848400000000005	-0.004377280284621254	-0.23286121657959932	0.0	-0.23286121657959932
-0.47600000000000003	-0.22657600000000003	-0.00434208154601079	-0.23091801860406777	0.0	-0.23091801860406777
-0.47400000000000003	-0.22467600000000004	-0.00430700835007658	-0.2289829461689965	0.0	-0.2289829461689965
-0.47200000000000003	-0.22278400000000004	-0.004272060959158663	-0.22705599953661268	0.0	-0.22705599953661268
-0.47000000000000003	-0.22090000000000004	-0.004237239634807155	-0.22513717896834587	0.0	-0.22513717896834587
-0.468	-0.21902400000000002	-0.00420254463777836	-0.22322648472484638	0.0	-0.22322648472484638
-0.466	-0.21715600000000002	-0.004167976228031334	-0.2213239170659547	0.0	-0.2213239170659547
-0.464	-0.21529600000000002	-0.004133534664724103	-0.21942947625072146	0.0	-0.21942947625072146
-0.462	-0.21344400000000002	-0.004099220206210119	-0.21754316253739497	0.0	-0.21754316253739497
-0.46	-0.2116	-0.004065033110034588	-0.21566497618341232	0.0	-0.21566497618341232
-0.458	-0.209764	-0.004030973632930812	-0.21379491744540058	0.0	-0.21379491744540058
-0.456	-0.207936	-0.003997042030816744	-0.21193298657918164	0.0	-0.21193298657918164
-0.454	-0.20611600000000002	-0.00396323855879166	-0.21007918383974797	0.0	-0.21007918383974797
-0.452	-0.204304	-0.003929563471131603	-0.2082335094812826	0.0	-0.2082335094812826
-0.45	-0.2025	-0.003896017021286946	-0.20639596375713812	0.0	-0.20639596375713812
-0.448	-0.20070400000000002	-0.00386259946187828	-0.20456654691983922	0.0	-0.20456654691983922
-0.446	-0.198916	-0.0038293110446928624	-0.20274525922108141	0.0	-0.20274525922108141
-0.444	-0.197136	-0.003796152020681176	-0.20093210091172806	0.0	-0.20093210091172806
-0.442	-0.195364	-0.0037631226399533757	-0.19912707224179627	0.0	-0.19912707224179627
-0.44	-0.1936	-0.0037302231517758466	-0.19733017346046658	0.0	-0.19733017346046658
-0.438	-0.191844	-0.003697453804567652	-0.19554140481607588	0.0	-0.19554140481607588
-0.436	-0.190096	-0.0036648148458967578	-0.1937607665561079	0.0	-0.1937607665561079
-0.434	-0.188356	-0.0036323065224769246	-0.19198825892719731	0.0	-0.19198825892719731
-0.432	-0.18662399999999998	-0.003599929080164266	-0.1902238821751197	0.0	-0.1902238821751197
-0.43	-0.18489999999999998	-0.0035676827639533615	-0.18846763654479276	0.0	-0.18846763654479276
-0.428	-0.18318399999999999	-0.003535567817974261	-0.18671952228027275	0.0	-0.18671952228027275
-0.426	-0.181476	-0.003503584485488598	-0.1849795396247491	0.0	-0.1849795396247491
-0.424	-0.179776	-0.0034717330088863685	-0.1832476888205373	0.0	-0.1832476888205373
-0.422	-0.178084	-0.0034400136296826034	-0.18152397010908808	0.0	-0.18152397010908808
-0.42	-0.17639999999999997	-0.003408426588513924	-0.1798083837309699	0.0	-0.1798083837309699
-0.418	-0.174724	-0.0033769721251347695	-0.1781009299258704	0.0	-0.1781009299258704
-0.41600000000000004	-0.17305600000000004	-0.003345650478414619	-0.17640160893259796	0.0	-0.17640160893259796
-0.41400000000000003	-0.17139600000000002	-0.003314461886334108	-0.17471042098907114	0.0	-0.17471042098907114
-0.41200000000000003	-0.16974400000000003	-0.0032834065859815853	-0.17302736633231994	0.0	-0.17302736633231994
-0.41000000000000003	-0.16810000000000003	-0.003252484813550449	-0.17135244519848083	0.0	-0.17135244519848083
-0.40800000000000003	-0.16646400000000003	-0.003221696804334928	-0.169685657822791	0.0	-0.169685657822791
-0.406	-0.164836	-0.0031910427927273055	-0.16802700443959231	0.0	-0.16802700443959231
-0.404	-0.16321600000000003	-0.003160523012214589	-0.16637648528231777	0.0	-0.16637648528231777
-0.402	-0.16160400000000003	-0.003130137695374291	-0.16473410058349744	0.0	-0.16473410058349744
-0.4	-0.16000000000000003	-0.0030998870738727646	-0.1630998505747482	0.0	-0.1630998505747482
-0.398	-0.15840400000000002	-0.0030697713784604286	-0.16147373548677754	0.0	-0.16147373548677754
-0.396	-0.156816	-0.003039790838969103	-0.1598557555493724	0.0	-0.1598557555493724
-0.394	-0.155236	-0.003009945684308568	-0.1582459109913992	0.0	-0.1582459109913992
-0.392	-0.15366400000000002	-0.002980236142463899	-0.15664420204080745	0.0	-0.15664420204080745
-0.39	-0.1521	-0.0029506624404909143	-0.15505062892461044	0.0	-0.15505062892461044
-0.388	-0.150544	-0.0029212248045142886	-0.1534651918688989	0.0	-0.1534651918688989
-0.386	-0.14899600000000002	-0.0028919234597235555	-0.15188789109882794	0.0	-0.15188789109882794
-0.384	-0.147456	-0.0028627586303699992	-0.1503187268386171	0.0	-0.1503187268386171
-0.382	-0.145924	-0.002833730539764101	-0.14875769931154534	0.0	-0.14875769931154534
-0.38	-0.1444	-0.0028048394102708762	-0.1472048087399501	0.0	-0.1472048087399501
-0.378	-0.142884	-0.0027760854633078758	-0.14566005534522092	0.0	-0.14566005534522092
-0.376	-0.141376	-0.0027474689193425217	-0.144123439347801	0.0	-0.144123439347801
-0.374	-0.139876	-0.0027189899978870002	-0.14259496096717728	0.0	-0.14259496096717728
-0.372	-0.138384	-0.0026906489174971515	-0.14107462042188706	0.0	-0.14107462042188706
-0.37	-0.1369	-0.0026624458957678065	-0.1395624179295052	0.0	-0.1395624179295052
-0.368	-0.135424	-0.002634381149330789	-0.13805835370664277	0.0	-0.13805835370664277
-0.366	-0.133956	-0.002606454893851362	-0.1365624279689515	0.0	-0.1365624279689515
-0.364	-0.132496	-0.0025786673440242325	-0.13507464093111102	0.0	-0.13507464093111102
-0.362	-0.131044	-0.0025510187135726614	-0.13359499280683076	0.0	-0.13359499280683076
-0.36	-0.1296	-0.002523509215243136	-0.13212348380884642	0.0	-0.13212348380884642
-0.358	-0.128164	-0.0024961390608031486	-0.1306601141489172	0.0	-0.1306601141489172
-0.356	-0.126736	-0.0024689084610389767	-0.12920488403782177	0.0	-0.12920488403782177
-0.354	-0.12531599999999998	-0.0024418176257516855	-0.12775779368535314	0.0	-0.12775779368535314
-0.352	-0.12390399999999999	-0.002414866763753576	-0.12631884330031964	0.0	-0.12631884330031964
-0.35000000000000003	-0.12250000000000003	-0.0023880560828666297	-0.1248880330905422	0.0	-0.1248880330905422
-0.34800000000000003	-0.12110400000000002	-0.002361385789918735	-0.1234653632628457	0.0	-0.1234653632628457
-0.34600000000000003	-0.11971600000000002	-0.002334856090740578	-0.12205083402306018	0.0	-0.12205083402306018
-0.34400000000000003	-0.11833600000000002	-0.0023084671901631992	-0.1206444455760203	0.0	-0.1206444455760203
-0.342	-0.11696400000000001	-0.0022822192920144424	-0.119246198125557	0.0	-0.119246198125557
-0.34	-0.11560000000000002	-0.002256112599116067	-0.11785609187449611	0.0	-0.11785609187449611
-0.338	-0.11424400000000001	-0.0022301473132815275	-0.11647412702465781	0.0	-0.11647412702465781
-0.336	-0.11289600000000001	-0.0022043236353121998	-0.11510030377685124	0.0	-0.11510030377685124
-0.334	-0.11155600000000002	-0.0021786417649947154	-0.11373462233087268	0.0	-0.11373462233087268
-0.332	-0.11022400000000002	-0.0021531019010987418	-0.11237708288550022	0.0	-0.11237708288550022
-0.33	-0.10890000000000001	-0.002127704241372763	-0.1110276856384976	0.0	-0.1110276856384976
-0.328	-0.10758400000000001	-0.0021024489825427484	-0.10968643078660277	0.0	-0.10968643078660277
-0.326	-0.10627600000000001	-0.002077336320308154	-0.10835331852552986	0.0	-0.10835331852552986
-0.324	-0.104976	-0.002052366449339482	-0.10702834904996485	0.0	-0.10702834904996485
-0.322	-0.10368400000000001	-0.0020275395632753934	-0.10571152255356517	0.0	-0.10571152255356517
-0.32	-0.1024	-0.0020028558547204867	-0.10440283922895333	0.0	-0.10440283922895333
-0.318	-0.101124	-0.0019783155152410803	-0.10310229926771579	0.0	-0.10310229926771579
-0.316	-0.099856	-0.001953918735364324	-0.10180990286040163	0.0	-0.10180990286040163
-0.314	-0.098596	-0.0019296657045735355	-0.1005256501965151	0.0	-0.1005256501965151
-0.312	-0.097344	-0.001905556611306869	-0.09924954146451952	0.0	-0.09924954146451952
-0.31	-0.0961	-0.0018815916429542057	-0.09798157685182902	0.0	-0.09798157685182902
-0.308	-0.094864	-0.0018577709858538238	-0.09672175654480801	0.0	-0.09672175654480801
-0.306	-0.093636	-0.0018340948252901779	-0.09547008072876827	0.0	-0.09547008072876827
-0.304	-0.092416	-0.001810563345491456	-0.0942265495879656	0.0	-0.0942265495879656
-0.302	-0.091204	-0.0017871767296264718	-0.09299116330559903	0.0	-0.09299116330559903
-0.3	-0.09	-0.0017639351598024433	-0.09176392206380497	0.0	-0.09176392206380497
-0.298	-0.088804	-0.0017408388170609967	-0.09054482604365773	0.0	-0.09054482604365773
-0.296	-0.08761599999999999	-0.0017178878813779441	-0.08933387542516455	0.0	-0.08933387542516455
-0.294	-0.08643599999999999	-0.0016950825316581764	-0.08813107038726414	0.0	-0.08813107038726414
-0.292	-0.08526399999999999	-0.001672422945734775	-0.08693641110782399	0.0	-0.08693641110782399
-0.29	-0.0841	-0.0016499093003654597	-0.08574989776363728	0.0	-0.08574989776363728
-0.28800000000000003	-0.08294400000000002	-0.0016275417712305895	-0.08457153053041978	0.0	-0.08457153053041978
-0.28600000000000003	-0.08179600000000002	-0.0016053205329300546	-0.083401309582809	0.0	-0.083401309582809
-0.28400000000000003	-0.08065600000000002	-0.0015832457589812776	-0.08223923509436071	0.0	-0.08223923509436071
-0.28200000000000003	-0.07952400000000001	-0.0015613176218161051	-0.08108530723754476	0.0	-0.08108530723754476
-0.28	-0.07840000000000001	-0.0015395362927792533	-0.07993952618374549	0.0	-0.07993952618374549
-0.278	-0.07728400000000002	-0.0015179019421243112	-0.07880189210325778	0.0	-0.07880189210325778
-0.276	-0.07617600000000001	-0.0014964147390124083	-0.07767240516528262	0.0	-0.07767240516528262
-0.274	-0.07507600000000002	-0.0014750748515095502	-0.07655106553792912	0.0	-0.07655106553792912
-0.272	-0.07398400000000001	-0.001453882446584398	-0.07543787338820751	0.0	-0.07543787338820751
-0.27	-0.0729	-0.0014328376901042716	-0.07433282888202904	0.0	-0.07433282888202904
-0.268	-0.07182400000000001	-0.0014119407468351497	-0.07323593218420368	0.0	-0.07323593218420368
-0.266	-0.07075600000000001	-0.0013911917804367846	-0.07214718345843554	0.0	-0.07214718345843554
-0.264	-0.06969600000000001	-0.0013705909534631466	-0.0710665828673235	0.0	-0.0710665828673235
-0.262	-0.06864400000000001	-0.0013501384273566508	-0.06999413057235564	0.0	-0.06999413057235564
-0.26	-0.06760000000000001	-0.0013298343624481568	-0.06892982673390956	0.0	-0.06892982673390956
-0.258	-0.066564	-0.0013096789179547486	-0.06787367151124932	0.0	-0.06787367151124932
-0.256	-0.065536	-0.0012896722519757375	-0.0668256650625212	0.0	-0.0668256650625212
-0.254	-0.064516	-0.0012698145214917744	-0.06578580754475462	0.0	-0.06578580754475462
-0.252	-0.063504	-0.0012501058823621847	-0.06475409911385664	0.0	-0.06475409911385664
-0.25	-0.0625	-0.0012305464893214157	-0.06373053992460988	0.0	-0.06373053992460988
-0.248	-0.061503999999999996	-0.0012111364959790372	-0.06271513013067431	0.0	-0.06271513013067431
-0.246	-0.060516	-0.0011918760548157437	-0.061707869884579276	0.0	-0.061707869884579276
-0.244	-0.059536	-0.0011727653171815788	-0.060708759337725356	0.0	-0.060708759337725356
-0.242	-0.058564	-0.001153804433294603	-0.05971779864038132	0.0	-0.05971779864038132
-0.24	-0.0576	-0.001134993552236896	-0.05873498794167933	0.0	-0.05873498794167933
-0.23800000000000002	-0.05664400000000001	-0.0011163328219536695	-0.0577603273896161	0.0	-0.0577603273896161
-0.23600000000000002	-0.05569600000000001	-0.0010978223892514904	-0.056793817131048904	0.0	-0.056793817131048904
-0.234	-0.054756000000000006	-0.0010794623997942843	-0.05583545731169361	0.0	-0.05583545731169361
-0.232	-0.053824000000000004	-0.0010612529981020025	-0.05488524807612221	0.0	-0.05488524807612221
-0.23	-0.0529	-0.0010431943275510669	-0.05394318956776209	0.0	-0.05394318956776209
-0.228	-0.051984	-0.0010252865303672642	-0.05300928192889261	0.0	-0.05300928192889261
-0.226	-0.051076	-0.0010075297476284106	-0.05208352530064352	0.0	-0.05208352530064352
-0.224	-0.050176000000000005	-0.0009899241192590225	-0.051165919822991825	0.0	-0.051165919822991825
-0.222	-0.049284	-0.0009724697840289842	-0.05025646563476004	0.0	-0.05025646563476004
-0.22	-0.0484	-0.0009551668795539925	-0.04935516287361671	0.0	-0.04935516287361671
-0.218	-0.047524	-0.0009380155422897829	-0.04846201167607022	0.0	-0.04846201167607022
-0.216	-0.046655999999999996	-0.0009210159075316859	-0.04757701217746958	0.0	-0.04757701217746958
-0.214	-0.045795999999999996	-0.0009041681094141829	-0.046700164512001735	0.0	-0.046700164512001735
-0.212	-0.044944	-0.000887472280906465	-0.04583146881268968	0.0	-0.04583146881268968
-0.21	-0.04409999999999999	-0.0008709285538115452	-0.04497092521138847	0.0	-0.04497092521138847
-0.20800000000000002	-0.04326400000000001	-0.0008545370587644818	-0.0441185338387873	0.0	-0.0441185338387873
-0.20600000000000002	-0.04243600000000001	-0.0008382979252306022	-0.04327429482440419	0.0	-0.04327429482440419
-0.20400000000000001	-0.04161600000000001	-0.00082221128150195	-0.0424382082965843	0.0	-0.0424382082965843
-0.202	-0.04080400000000001	-0.0008062772546986174	-0.041610274382500895	0.0	-0.041610274382500895
-0.2	-0.04000000000000001	-0.0007904959707625281	-0.04079049320814843	0.0	-0.04079049320814843
-0.198	-0.039204	-0.0007748675544605454	-0.039978864898346976	0.0	-0.039978864898346976
-0.196	-0.038416000000000006	-0.0007593921293782557	-0.039175389576734956	0.0	-0.039175389576734956
-0.194	-0.037636	-0.0007440698179204119	-0.03838006736576954	0.0	-0.03838006736576954
-0.192	-0.036864	-0.0007289007413078252	-0.03759289838672435	0.0	-0.03759289838672435
-0.19	-0.0361	-0.000713885019577809	-0.03681388275968877	0.0	-0.03681388275968877
-0.188	-0.035344	-0.0006990227715801822	-0.03604302060356486	0.0	-0.03604302060356486
-0.186	-0.034596	-0.000684314114976381	-0.035280312036065936	0.0	-0.035280312036065936
-0.184	-0.033856	-0.0006697591662367941	-0.034525757173714824	0.0	-0.034525757173714824
-0.182	-0.033124	-0.0006553580406416515	-0.03377935613184238	0.0	-0.03377935613184238
-0.18	-0.0324	-0.0006411108522756948	-0.03304110902458563	0.0	-0.03304110902458563
-0.178	-0.031684	-0.0006270177140299538	-0.03231101596488638	0.0	-0.03231101596488638
-0.176	-0.030975999999999997	-0.0006130787375964175	-0.03158907706448703	0.0	-0.03158907706448703
-0.17400000000000002	-0.030276000000000004	-0.0005992940334698105	-0.03087529243393379	0.0	-0.03087529243393379
-0.17200000000000001	-0.029584000000000006	-0.0005856637109440399	-0.0301696621825705	0.0	-0.0301696621825705
-0.17	-0.028900000000000006	-0.0005721878781113077	-0.029472186418539298	0.0	-0.029472186418539298
-0.168	-0.028224000000000003	-0.0005588666418603339	-0.0287828652487785	0.0	-0.0287828652487785
-0.166	-0.027556000000000004	-0.0005457001078736923	-0.028101698779020176	0.0	-0.028101698779020176
-0.164	-0.026896000000000003	-0.0005326883806295868	-0.027428687113791927	0.0	-0.027428687113791927
-0.162	-0.026244	-0.0005198315633938577	-0.02676383035640788	0.0	-0.02676383035640788
-0.16	-0.0256	-0.0005071297582261991	-0.02610712860897647	0.0	-0.02610712860897647
-0.158	-0.024964	-0.0004945830659748296	-0.0254585819723936	0.0	-0.0254585819723936
-0.156	-0.024336	-0.0004821915862720516	-0.0248181905463396	0.0	-0.0248181905463396
-0.154	-0.023716	-0.0004699554175386922	-0.024185954429282116	0.0	-0.024185954429282116
-0.152	-0.023104	-0.0004578746569796621	-0.02356187371847331	0.0	-0.02356187371847331
-0.15	-0.0225	-0.0004459494005804032	-0.02294594850994438	0.0	-0.02294594850994438
-0.148	-0.021903999999999996	-0.0004341797431086647	-0.022338178898509906	0.0	-0.022338178898509906
-0.146	-0.021315999999999998	-0.00042256577811450313	-0.021738564977765103	0.0	-0.021738564977765103
-0.14400000000000002	-0.020736000000000004	-0.00041110759792406526	-0.021147106840081472	0.0	-0.021147106840081472
-0.14200000000000002	-0.020164000000000005	-0.0003998052936404761	-0.020563804576606462	0.0	-0.020563804576606462
-0.14	-0.019600000000000003	-0.0003886589551438391	-0.01998865827726491	0.0	-0.01998865827726491
-0.138	-0.019044000000000002	-0.00037766867108857127	-0.019421668030754565	0.0	-0.019421668030754565
-0.136	-0.018496000000000002	-0.00036683452889896273	-0.01886283392454355	0.0	-0.01886283392454355
-0.134	-0.017956000000000003	-0.0003561566147798345	-0.018312156044879152	0.0	-0.018312156044879152
-0.132	-0.017424000000000002	-0.00034563501369433425	-0.017769634476766917	0.0	-0.017769634476766917
-0.13	-0.016900000000000002	-0.0003352698093852524	-0.0172352693039919	0.0	-0.0172352693039919
-0.128	-0.016384	-0.0003250610843572588	-0.016709060609099553	0.0	-0.016709060609099553
-0.126	-0.015876	-0.00031500891988578417	-0.01619100847340653	0.0	-0.01619100847340653
-0.124	-0.015375999999999999	-0.00030511339600991505	-0.015681112976991974	0.0	-0.015681112976991974
-0.122	-0.014884	-0.00029537459153239354	-0.015179374198698808	0.0	-0.015179374198698808
-0.12	-0.0144	-0.00028579258402139374	-0.01468579221613425	0.0	-0.01468579221613425
-0.11800000000000001	-0.013924000000000002	-0.00027636744980163996	-0.014200367105661882	0.0	-0.014200367105661882
-0.116	-0.013456000000000001	-0.0002670992639686176	-0.013723098942415461	0.0	-0.013723098942415461
-0.114	-0.012996	-0.00025798810036725683	-0.013253987800277476	0.0	-0.013253987800277476
-0.112	-0.012544000000000001	-0.0002490340316079198	-0.012793033751895371	0.0	-0.012793033751895371
-0.11	-0.0121	-0.00024023712905574257	-0.012340236868670956	0.0	-0.012340236868670956
-0.108	-0.011663999999999999	-0.00023159746283596405	-0.011895597220765355	0.0	-0.011895597220765355
-0.106	-0.011236	-0.000223115101823268	-0.011459114877088825	0.0	-0.011459114877088825
-0.10400000000000001	-0.010816000000000003	-0.00021479011364888834	-0.011030789905307406	0.0	-0.011030789905307406
-0.10200000000000001	-0.010404000000000002	-0.00020662256470060925	-0.010610622371843232	0.0	-0.010610622371843232
-0.1	-0.010000000000000002	-0.00019861252011921238	-0.010198612341870718	0.0	-0.010198612341870718
-0.098	-0.009604000000000001	-0.0001907600437895951	-0.00979475987930785	0.0	-0.00979475987930785
-0.096	-0.009216	-0.00018306519835675772	-0.009399065046832251	0.0	-0.009399065046832251
-0.094	-0.008836	-0.00017552804520448717	-0.009011527905859594	0.0	-0.009011527905859594
-0.092	-0.008464	-0.00016814864447667333	-0.008632148516565099	0.0	-0.008632148516565099
-0.09	-0.0081	-0.0001609270550559927	-0.008260926937862192	0.0	-0.008260926937862192
-0.088	-0.007743999999999999	-0.00015386333457456658	-0.007897863227413184	0.0	-0.007897863227413184
-0.08600000000000001	-0.0073960000000000015	-0.00014695753941751377	-0.007542957441632596	0.0	-0.007542957441632596
-0.084	-0.007056000000000001	-0.000140209724705187	-0.007196209635669853	0.0	-0.007196209635669853
-0.082	-0.006724000000000001	-0.0001336199443109365	-0.006857619863426467	0.0	-0.006857619863426467
-0.08	-0.0064	-0.00012718825083624097	-0.006527188177531614	0.0	-0.006527188177531614
-0.078	-0.006084	-0.0001209146956462348	-0.006204914629377518	0.0	-0.006204914629377518
-0.076	-0.005776	-0.00011479932883418087	-0.005890799269083857	0.0	-0.005890799269083857
-0.074	-0.005475999999999999	-0.0001088421992392341	-0.005584842145515542	0.0	-0.005584842145515542
-0.07200000000000001	-0.005184000000000001	-0.0001030433544393361	-0.005287043306275761	0.0	-0.005287043306275761
-0.07	-0.004900000000000001	-9.740284075121508e-05	-0.004997402797705728	0.0	-0.004997402797705728
-0.068	-0.0046240000000000005	-9.192070323393864e-05	-0.004715920664888388	0.0	-0.004715920664888388
-0.066	-0.0043560000000000005	-8.659698568891372e-05	-0.004442596951648415	0.0	-0.004442596951648415
-0.064	-0.004096	-8.143173064922848e-05	-0.004177431700541529	0.0	-0.004177431700541529
-0.062	-0.0038439999999999998	-7.64249793760996e-05	-0.003920424952850876	0.0	-0.003920424952850876
-0.06	-0.0036	-7.157677188729394e-05	-0.003671576748615569	0.0	-0.003671576748615569
-0.058	-0.0033640000000000002	-6.688714691449604e-05	-0.0034308871265879303	0.0	-0.0034308871265879303
-0.056	-0.0031360000000000003	-6.235614195304606e-05	-0.0031983561242833573	0.0	-0.0031983561242833573
-0.054	-0.0029159999999999998	-5.798379321220182e-05	-0.0029739837779304236	0.0	-0.0029739837779304236
-0.052000000000000005	-0.0027040000000000007	-5.37701356222442e-05	-0.002757770122478166	0.0	-0.002757770122478166
-0.05	-0.0025000000000000005	-4.971520289132059e-05	-0.002549715191652731	0.0	-0.002549715191652731
-0.048	-0.002304	-4.5819027420179737e-05	-0.002349819017872277	0.0	-0.002349819017872277
-0.046	-0.002116	-4.208164034480433e-05	-0.0021580816322894747	0.0	-0.0021580816322894747
-0.044	-0.0019359999999999998	-3.850307156483268e-05	-0.00197450306482008	0.0	-0.00197450306482008
-0.042	-0.0017640000000000002	-3.508334968671534e-05	-0.0017990833440858689	0.0	-0.0017990833440858689
-0.04	-0.0016	-3.182250205213677e-05	-0.0016318224974432778	0.0	-0.0016318224974432778
-0.038	-0.001444	-2.8720554723804526e-05	-0.001472720550969051	0.0	-0.001472720550969051
-0.036000000000000004	-0.0012960000000000003	-2.5777532528081792e-05	-0.0013217775295029288	0.0	-0.0013217775295029288
-0.034	-0.0011560000000000001	-2.299345899814398e-05	-0.0011789934565908024	0.0	-0.0011789934565908024
-0.032	-0.001024	-2.036835635976786e-05	-0.0010443683544704577	0.0	-0.0010443683544704577
-0.03	-0.0009	-1.790224567344012e-05	-0.0009179022442137336	0.0	-0.0009179022442137336
-0.028	-0.0007840000000000001	-1.559514660698369e-05	-0.0007995951454991262	0.0	-0.0007995951454991262
-0.026000000000000002	-0.0006760000000000002	-1.3447077606087987e-05	-0.0006894470767823095	0.0	-0.0006894470767823095
-0.024	-0.000576	-1.1458055951152346e-05	-0.0005874580553529679	0.0	-0.0005874580553529679
-0.022	-0.00048399999999999995	-9.6280974162255e-06	-0.0004936280969938162	0.0	-0.0004936280969938162
-0.02	-0.0004	-7.957216723752936e-06	-0.0004079572164351939	0.0	-0.0004079572164351939
-0.018000000000000002	-0.00032400000000000007	-6.445427118251246e-06	-0.0003304454269289053	0.0	-0.0003304454269289053
-0.016	-0.000256	-5.092740821055486e-06	-0.00026109274070284415	0.0	-0.00026109274070284415
-0.014	-0.00019600000000000002	-3.89916863241524e-06	-0.00019989916856311932	0.0	-0.00019989916856311932
-0.012	-0.000144	-2.8647202725551324e-06	-0.0001468647202351355	0.0	-0.0001468647202351355
-0.01	-0.0001	-1.989403472180129e-06	-0.00010198940345413134	0.0	-0.00010198940345413134
-0.008	-6.4e-05	-1.2732261893688701e-06	-6.527322618197554e-05	0.0	-6.527322618197554e-05
-0.006	-3.6e-05	-7.161934263422154e-07	-3.671619342399928e-05	0.0	-3.671619342399928e-05
-0.004	-1.6e-05	-3.1831041269470006e-07	-1.631831041223057e-05	0.0	-1.631831041223057e-05
-0.002	-4e-06	-7.957714842632413e-08	-4.079577148402947e-06	0.0	-4.079577148402947e-06
0.002	4e-06	7.957714842632413e-08	4.079577148397448e-06	0.0	4.079577148397448e-06
0.004	1.6e-05	3.1831041269470006e-07	1.6318310412235404e-05	0.0	1.6318310412235404e-05
0.006	3.6e-05	7.161934263422154e-07	3.6716193424000604e-05	0.0	3.6716193424000604e-05
0.008	6.4e-05	1.2732261893688701e-06	6.527322618196809e-05	0.0	6.527322618196809e-05
0.01	0.0001	1.989403472180129e-06	0.00010198940345413493	0.0	0.00010198940345413493
0.012	0.000144	2.8647202725551324e-06	0.0001468647202351475	0.0	0.0001468647202351475
0.014	0.00019600000000000002	3.89916863241524e-06	0.0001998991685631077	0.0	0.0001998991685631077
0.016	0.000256	5.092740821055486e-06	0.00026109274070281954	0.0	0.00026109274070281954
0.018000000000000002	0.00032400000000000007	6.445427118251246e-06	0.00033044542692893286	0.0	0.00033044542692893286
0.02	0.0004	7.957216723752936e-06	0.0004079572164352045	0.0	0.0004079572164352045
0.022	0.00048399999999999995	9.6280974162255e-06	0.0004936280969938137	0.0	0.0004936280969938137
0.024	0.000576	1.1458055951152346e-05	0.0005874580553529995	0.0	0.0005874580553529995
0.026000000000000002	0.0006760000000000002	1.3447077606087987e-05	0.000689447076782336	0.0	0.000689447076782336
0.028	0.0007840000000000001	1.559514660698369e-05	0.0007995951454991255	0.0	0.0007995951454991255
0.03	0.0009	1.790224567344012e-05	0.0009179022442137469	0.0	0.0009179022442137469
0.032	0.001024	2.036835635976786e-05	0.0010443683544704612	0.0	0.0010443683544704612
0.034	0.0011560000000000001	2.299345899814398e-05	0.001178993456590803	0.0	0.001178993456590803
0.036000000000000004	0.0012960000000000003	2.5777532528081792e-05	0.0013217775295029655	0.0	0.0013217775295029655
0.038	0.001444	2.8720554723804526e-05	0.0014727205509690504	0.0	0.0014727205509690504
0.04	0.0016	3.182250205213677e-05	0.0016318224974432786	0.0	0.0016318224974432786
0.042	0.0017640000000000002	3.508334968671534e-05	0.0017990833440858695	0.0	0.0017990833440858695
0.044	0.0019359999999999998	3.850307156483268e-05	0.001974503064820092	0.0	0.001974503064820092
0.046	0.002116	4.208164034480433e-05	0.002158081632289491	0.0	0.002158081632289491
0.048	0.002304	4.5819027420179737e-05	0.0023498190178722882	0.0	0.0023498190178722882
0.05	0.0025000000000000005	4.971520289132059e-05	0.0025497151916527576	0.0	0.0025497151916527576
0.052000000000000005	0.0027040000000000007	5.37701356222442e-05	0.0027577701224781493	0.0	0.0027577701224781493
0.054	0.0029159999999999998	5.798379321220182e-05	0.002973983777930443	0.0	0.002973983777930443
0.056	0.0031360000000000003	6.235614195304606e-05	0.0031983561242833517	0.0	0.0031983561242833517
0.058	0.0033640000000000002	6.688714691449604e-05	0.0034308871265879165	0.0	0.0034308871265879165
0.06	0.0036	7.157677188729394e-05	0.0036715767486155656	0.0	0.0036715767486155656
0.062	0.0038439999999999998	7.64249793760996e-05	0.003920424952850861	0.0	0.003920424952850861
0.064	0.004096	8.143173064922848e-05	0.004177431700541505	0.0	0.004177431700541505
0.066	0.0043560000000000005	8.659698568891372e-05	0.004442596951648394	0.0	0.004442596951648394
0.068	0.0046240000000000005	9.192070323393864e-05	0.004715920664888393	0.0	0.004715920664888393
0.07	0.004900000000000001	9.740284075121508e-05	0.004997402797705725	0.0	0.004997402797705725
0.07200000000000001	0.005184000000000001	0.0001030433544393361	0.005287043306275784	0.0	0.005287043306275784
0.074	0.005475999999999999	0.0001088421992392341	0.005584842145515541	0.0	0.005584842145515541
0.076	0.005776	0.00011479932883418087	0.005890799269083853	0.0	0.005890799269083853
0.078	0.006084	0.0001209146956462348	0.0062049146293775125	0.0	0.0062049146293775125
0.08	0.0064	0.00012718825083624097	0.006527188177531629	0.0	0.006527188177531629
0.082	0.006724000000000001	0.0001336199443109365	0.006857619863426454	0.0	0.006857619863426454
0.084	0.007056000000000001	0.000140209724705187	0.007196209635669816	0.0	0.007196209635669816
0.08600000000000001	0.0073960000000000015	0.00014695753941751377	0.007542957441632644	0.0	0.007542957441632644
0.088	0.007743999999999999	0.00015386333457456658	0.00789786322741316	0.0	0.00789786322741316
0.09	0.0081	0.0001609270550559927	0.008260926937862203	0.0	0.008260926937862203
0.092	0.008464	0.00016814864447667333	0.008632148516565111	0.0	0.008632148516565111
0.094	0.008836	0.00017552804520448717	0.009011527905859521	0.0	0.009011527905859521
0.096	0.009216	0.00018306519835675772	0.00939906504683222	0.0	0.00939906504683222
0.098	0.009604000000000001	0.0001907600437895951	0.009794759879307821	0.0	0.009794759879307821
0.1	0.010000000000000002	0.00019861252011921238	0.010198612341870649	0.0	0.010198612341870649
0.10200000000000001	0.010404000000000002	0.00020662256470060925	0.010610622371843199	0.0	0.010610622371843199
0.10400000000000001	0.010816000000000003	0.00021479011364888834	0.011030789905307427	0.0	0.011030789905307427
0.106	0.011236	0.000223115101823268	0.011459114877088821	0.0	0.011459114877088821
0.108	0.011663999999999999	0.00023159746283596405	0.011895597220765379	0.0	0.011895597220765379
0.11	0.0121	0.00024023712905574257	0.012340236868670841	0.0	0.012340236868670841
0.112	0.012544000000000001	0.0002490340316079198	0.01279303375189531	0.0	0.01279303375189531
0.114	0.012996	0.00025798810036725683	0.013253987800277435	0.0	0.013253987800277435
0.116	0.013456000000000001	0.0002670992639686176	0.013723098942415439	0.0	0.013723098942415439
0.11800000000000001	0.013924000000000002	0.00027636744980163996	0.014200367105661969	0.0	0.014200367105661969
0.12	0.0144	0.00028579258402139374	0.014685792216134301	0.0	0.014685792216134301
0.122	0.014884	0.00029537459153239354	0.015179374198698794	0.0	0.015179374198698794
0.124	0.015375999999999999	0.00030511339600991505	0.015681112976992023	0.0	0.015681112976992023
0.126	0.015876	0.00031500891988578417	0.016191008473406425	0.0	0.016191008473406425
0.128	0.016384	0.0003250610843572588	0.01670906060909961	0.0	0.01670906060909961
0.13	0.016900000000000002	0.0003352698093852524	0.017235269303991985	0.0	0.017235269303991985
0.132	0.017424000000000002	0.00034563501369433425	0.017769634476767132	0.0	0.017769634476767132
0.134	0.017956000000000003	0.0003561566147798345	0.018312156044879097	0.0	0.018312156044879097
0.136	0.018496000000000002	0.00036683452889896273	0.018862833924543583	0.0	0.018862833924543583
0.138	0.019044000000000002	0.00037766867108857127	0.0194216680307547	0.0	0.0194216680307547
0.14	0.019600000000000003	0.0003886589551438391	0.01998865827726482	0.0	0.01998865827726482
0.14200000000000002	0.020164000000000005	0.0003998052936404761	0.020563804576606372	0.0	0.020563804576606372
0.14400000000000002	0.020736000000000004	0.00041110759792406526	0.021147106840081326	0.0	0.021147106840081326
0.146	0.021315999999999998	0.00042256577811450313	0.021738564977765037	0.0	0.021738564977765037
0.148	0.021903999999999996	0.0004341797431086647	0.022338178898509867	0.0	0.022338178898509867
0.15	0.0225	0.0004459494005804032	0.02294594850994454	0.0	0.02294594850994454
0.152	0.023104	0.0004578746569796621	0.023561873718473163	0.0	0.023561873718473163
0.154	0.023716	0.0004699554175386922	0.02418595442928201	0.0	0.02418595442928201
0.156	0.024336	0.0004821915862720516	0.024818190546339422	0.0	0.024818190546339422
0.158	0.024964	0.0004945830659748296	0.025458581972393705	0.0	0.025458581972393705
0.16	0.0256	0.0005071297582261991	0.026107128608976547	0.0	0.026107128608976547
0.162	0.026244	0.0005198315633938577	0.02676383035640785	0.0	0.02676383035640785
0.164	0.026896000000000003	0.0005326883806295868	0.02742868711379181	0.0	0.02742868711379181
0.166	0.027556000000000004	0.0005457001078736923	0.028101698779020155	0.0	0.028101698779020155
0.168	0.028224000000000003	0.0005588666418603339	0.02878286524877832	0.0	0.02878286524877832
0.17	0.028900000000000006	0.0005721878781113077	0.029472186418539045	0.0	0.029472186418539045
0.17200000000000001	0.029584000000000006	0.0005856637109440399	0.030169662182570375	0.0	0.030169662182570375
0.17400000000000002	0.030276000000000004	0.0005992940334698105	0.030875292433933933	0.0	0.030875292433933933
0.176	0.030975999999999997	0.0006130787375964175	0.03158907706448737	0.0	0.03158907706448737
0.178	0.031684	0.0006270177140299538	0.03231101596488618	0.0	0.03231101596488618
0.18	0.0324	0.0006411108522756948	0.033041109024585485	0.0	0.033041109024585485
0.182	0.033124	0.0006553580406416515	0.03377935613184251	0.0	0.03377935613184251
0.184	0.033856	0.0006697591662367941	0.03452575717371485	0.0	0.03452575717371485
0.186	0.034596	0.000684314114976381	0.035280312036065915	0.0	0.035280312036065915
0.188	0.035344	0.0006990227715801822	0.036043020603564825	0.0	0.036043020603564825
0.19	0.0361	0.000713885019577809	0.03681388275968876	0.0	0.03681388275968876
0.192	0.036864	0.0007289007413078252	0.03759289838672417	0.0	0.03759289838672417
0.194	0.037636	0.0007440698179204119	0.03838006736576963	0.0	0.03838006736576963
0.196	0.038416000000000006	0.0007593921293782557	0.03917538957673508	0.0	0.03917538957673508
0.198	0.039204	0.0007748675544605454	0.03997886489834723	0.0	0.03997886489834723
0.2	0.04000000000000001	0.0007904959707625281	0.040790493208148336	0.0	0.040790493208148336
0.202	0.04080400000000001	0.0008062772546986174	0.04161027438250096	0.0	0.04161027438250096
0.20400000000000001	0.04161600000000001	0.00082221128150195	0.042438208296584394	0.0	0.042438208296584394
0.20600000000000002	0.04243600000000001	0.0008382979252306022	0.04327429482440415	0.0	0.04327429482440415
0.20800000000000002	0.04326400000000001	0.0008545370587644818	0.044118533838787444	0.0	0.044118533838787444
0.21	0.04409999999999999	0.0008709285538115452	0.044970925211388665	0.0	0.044970925211388665
0.212	0.044944	0.000887472280906465	0.045831468812689354	0.0	0.045831468812689354
0.214	0.045795999999999996	0.0009041681094141829	0.04670016451200201	0.0	0.04670016451200201
0.216	0.046655999999999996	0.0009210159075316859	0.047577012177469805	0.0	0.047577012177469805
0.218	0.047524	0.0009380155422897829	0.04846201167607001	0.0	0.04846201167607001
0.22	0.0484	0.0009551668795539925	0.04935516287361624	0.0	0.04935516287361624
0.222	0.049284	0.0009724697840289842	0.05025646563476017	0.0	0.05025646563476017
0.224	0.050176000000000005	0.0009899241192590225	0.05116591982299174	0.0	0.05116591982299174
0.226	0.051076	0.0010075297476284106	0.05208352530064356	0.0	0.05208352530064356
0.228	0.051984	0.0010252865303672642	0.05300928192889279	0.0	0.05300928192889279
0.23	0.0529	0.0010431943275510669	0.053943189567762374	0.0	0.053943189567762374
0.232	0.053824000000000004	0.0010612529981020025	0.054885248076122176	0.0	0.054885248076122176
0.234	0.054756000000000006	0.0010794623997942843	0.05583545731169382	0.0	0.05583545731169382
0.23600000000000002	0.05569600000000001	0.0010978223892514904	0.05679381713104901	0.0	0.05679381713104901
0.23800000000000002	0.05664400000000001	0.0011163328219536695	0.05776032738961621	0.0	0.05776032738961621
0.24	0.0576	0.001134993552236896	0.058734987941679584	0.0	0.058734987941679584
0.242	0.058564	0.001153804433294603	0.05971779864038116	0.0	0.05971779864038116
0.244	0.059536	0.0011727653171815788	0.060708759337725585	0.0	0.060708759337725585
0.246	0.060516	0.0011918760548157437	0.06170786988457929	0.0	0.06170786988457929
0.248	0.061503999999999996	0.0012111364959790372	0.0627151301306744	0.0	0.0627151301306744
0.25	0.0625	0.0012305464893214157	0.06373053992461028	0.0	0.06373053992461028
0.252	0.063504	0.0012501058823621847	0.06475409911385578	0.0	0.06475409911385578
0.254	0.064516	0.0012698145214917744	0.06578580754475438	0.0	0.06578580754475438
0.256	0.065536	0.0012896722519757375	0.06682566506252152	0.0	0.06682566506252152
0.258	0.066564	0.0013096789179547486	0.06787367151124943	0.0	0.06787367151124943
0.26	0.06760000000000001	0.0013298343624481568	0.06892982673390957	0.0	0.06892982673390957
0.262	0.06864400000000001	0.0013501384273566508	0.06999413057235537	0.0	0.06999413057235537
0.264	0.06969600000000001	0.0013705909534631466	0.07106658286732247	0.0	0.07106658286732247
0.266	0.07075600000000001	0.0013911917804367846	0.07214718345843497	0.0	0.07214718345843497
0.268	0.07182400000000001	0.0014119407468351497	0.07323593218420381	0.0	0.07323593218420381
0.27	0.0729	0.0014328376901042716	0.07433282888202934	0.0	0.07433282888202934
0.272	0.07398400000000001	0.001453882446584398	0.07543787338820823	0.0	0.07543787338820823
0.274	0.07507600000000002	0.0014750748515095502	0.07655106553792934	0.0	0.07655106553792934
0.276	0.07617600000000001	0.0014964147390124083	0.07767240516528316	0.0	0.07767240516528316
0.278	0.07728400000000002	0.0015179019421243112	0.07880189210325739	0.0	0.07880189210325739
0.28	0.07840000000000001	0.0015395362927792533	0.07993952618374534	0.0	0.07993952618374534
0.28200000000000003	0.07952400000000001	0.0015613176218161051	0.08108530723754441	0.0	0.08108530723754441
0.28400000000000003	0.08065600000000002	0.0015832457589812776	0.08223923509436035	0.0	0.08223923509436035
0.28600000000000003	0.08179600000000002	0.0016053205329300546	0.08340130958280895	0.0	0.08340130958280895
0.28800000000000003	0.08294400000000002	0.0016275417712305895	0.08457153053041967	0.0	0.08457153053041967
0.29	0.0841	0.0016499093003654597	0.08574989776363766	0.0	0.08574989776363766
0.292	0.08526399999999999	0.001672422945734775	0.08693641110782407	0.0	0.08693641110782407
0.294	0.08643599999999999	0.0016950825316581764	0.08813107038726373	0.0	0.08813107038726373
0.296	0.08761599999999999	0.0017178878813779441	0.08933387542516426	0.0	0.08933387542516426
0.298	0.088804	0.0017408388170609967	0.09054482604365785	0.0	0.09054482604365785
0.3	0.09	0.0017639351598024433	0.09176392206380483	0.0	0.09176392206380483
0.302	0.091204	0.0017871767296264718	0.09299116330559906	0.0	0.09299116330559906
0.304	0.092416	0.001810563345491456	0.09422654958796625	0.0	0.09422654958796625
0.306	0.093636	0.0018340948252901779	0.0954700807287686	0.0	0.0954700807287686
0.308	0.094864	0.0018577709858538238	0.09672175654480768	0.0	0.09672175654480768
0.31	0.0961	0.0018815916429542057	0.09798157685182937	0.0	0.09798157685182937
0.312	0.097344	0.001905556611306869	0.09924954146451956	0.0	0.09924954146451956
0.314	0.098596	0.0019296657045735355	0.10052565019651523	0.0	0.10052565019651523
0.316	0.099856	0.001953918735364324	0.10180990286040044	0.0	0.10180990286040044
0.318	0.101124	0.0019783155152410803	0.10310229926771598	0.0	0.10310229926771598
0.32	0.1024	0.0020028558547204867	0.10440283922895266	0.0	0.10440283922895266
0.322	0.10368400000000001	0.0020275395632753934	0.10571152255356453	0.0	0.10571152255356453
0.324	0.104976	0.002052366449339482	0.10702834904996444	0.0	0.10702834904996444
0.326	0.10627600000000001	0.002077336320308154	0.1083533185255289	0.0	0.1083533185255289
0.328	0.10758400000000001	0.0021024489825427484	0.10968643078660267	0.0	0.10968643078660267
0.33	0.10890000000000001	0.002127704241372763	0.11102768563849802	0.0	0.11102768563849802
0.332	0.11022400000000002	0.0021531019010987418	0.11237708288550091	0.0	0.11237708288550091
0.334	0.11155600000000002	0.0021786417649947154	0.11373462233087205	0.0	0.11373462233087205
0.336	0.11289600000000001	0.0022043236353121998	0.11510030377685079	0.0	0.11510030377685079
0.338	0.11424400000000001	0.0022301473132815275	0.11647412702465809	0.0	0.11647412702465809
0.34	0.11560000000000002	0.002256112599116067	0.1178560918744959	0.0	0.1178560918744959
0.342	0.11696400000000001	0.0022822192920144424	0.11924619812555781	0.0	0.11924619812555781
0.34400000000000003	0.11833600000000002	0.0023084671901631992	0.12064444557602111	0.0	0.12064444557602111
0.34600000000000003	0.11971600000000002	0.002334856090740578	0.1220508340230606	0.0	0.1220508340230606
0.34800000000000003	0.12110400000000002	0.002361385789918735	0.12346536326284487	0.0	0.12346536326284487
0.35000000000000003	0.12250000000000003	0.0023880560828666297	0.12488803309054175	0.0	0.12488803309054175
0.352	0.12390399999999999	0.002414866763753576	0.12631884330031992	0.0	0.12631884330031992
0.354	0.12531599999999998	0.0024418176257516855	0.12775779368535256	0.0	0.12775779368535256
0.356	0.126736	0.0024689084610389767	0.1292048840378218	0.0	0.1292048840378218
0.358	0.128164	0.0024961390608031486	0.13066011414891746	0.0	0.13066011414891746
0.36	0.1296	0.002523509215243136	0.13212348380884745	0.0	0.13212348380884745
0.362	0.131044	0.0025510187135726614	0.13359499280683118	0.0	0.13359499280683118
0.364	0.132496	0.0025786673440242325	0.13507464093111088	0.0	0.13507464093111088
0.366	0.133956	0.002606454893851362	0.13656242796895157	0.0	0.13656242796895157
0.368	0.135424	0.002634381149330789	0.1380583537066435	0.0	0.1380583537066435
0.37	0.1369	0.0026624458957678065	0.13956241792950422	0.0	0.13956241792950422
0.372	0.138384	0.0026906489174971515	0.1410746204218867	0.0	0.1410746204218867
0.374	0.139876	0.0027189899978870002	0.14259496096717794	0.0	0.14259496096717794
0.376	0.141376	0.0027474689193425217	0.14412343934779998	0.0	0.14412343934779998
0.378	0.142884	0.0027760854633078758	0.1456600553452203	0.0	0.1456600553452203
0.38	0.1444	0.0028048394102708762	0.14720480873995018	0.0	0.14720480873995018
0.382	0.145924	0.002833730539764101	0.1487576993115448	0.0	0.1487576993115448
0.384	0.147456	0.0028627586303699992	0.15031872683861686	0.0	0.15031872683861686
0.386	0.14899600000000002	0.0028919234597235555	0.15188789109882878	0.0	0.15188789109882878
0.388	0.150544	0.0029212248045142886	0.15346519186889962	0.0	0.15346519186889962
0.39	0.1521	0.0029506624404909143	0.15505062892461016	0.0	0.15505062892461016
0.392	0.15366400000000002	0.002980236142463899	0.1566442020408069	0.0	0.1566442020408069
0.394	0.155236	0.003009945684308568	0.15824591099140028	0.0	0.15824591099140028
0.396	0.156816	0.003039790838969103	0.15985575554937217	0.0	0.15985575554937217
0.398	0.15840400000000002	0.0030697713784604286	0.16147373548677782	0.0	0.16147373548677782
0.4	0.16000000000000003	0.0030998870738727646	0.1630998505747496	0.0	0.1630998505747496
0.402	0.16160400000000003	0.003130137695374291	0.16473410058349724	0.0	0.16473410058349724
0.404	0.16321600000000003	0.003160523012214589	0.1663764852823178	0.0	0.1663764852823178
0.406	0.164836	0.0031910427927273055	0.16802700443959312	0.0	0.16802700443959312
0.40800000000000003	0.16646400000000003	0.003221696804334928	0.16968565782279174	0.0	0.16968565782279174
0.41000000000000003	0.16810000000000003	0.003252484813550449	0.1713524451984811	0.0	0.1713524451984811
0.41200000000000003	0.16974400000000003	0.0032834065859815853	0.17302736633232052	0.0	0.17302736633232052
0.41400000000000003	0.17139600000000002	0.003314461886334108	0.17471042098907086	0.0	0.17471042098907086
0.41600000000000004	0.17305600000000004	0.003345650478414619	0.17640160893259765	0.0	0.17640160893259765
0.418	0.174724	0.0033769721251347695	0.17810092992587076	0.0	0.17810092992587076
0.42	0.17639999999999997	0.003408426588513924	0.1798083837309703	0.0	0.1798083837309703
0.422	0.178084	0.0034400136296826034	0.1815239701090886	0.0	0.1815239701090886
0.424	0.179776	0.0034717330088863685	0.18324768882053788	0.0	0.18324768882053788
0.426	0.181476	0.003503584485488598	0.1849795396247501	0.0	0.1849795396247501
0.428	0.18318399999999999	0.003535567817974261	0.18671952228027258	0.0	0.18671952228027258
0.43	0.18489999999999998	0.0035676827639533615	0.1884676365447931	0.0	0.1884676365447931
0.432	0.18662399999999998	0.003599929080164266	0.19022388217511985	0.0	0.19022388217511985
0.434	0.188356	0.0036323065224769246	0.1919882589271965	0.0	0.1919882589271965
0.436	0.190096	0.0036648148458967578	0.1937607665561094	0.0	0.1937607665561094
0.438	0.191844	0.003697453804567652	0.1955414048160775	0.0	0.1955414048160775
0.44	0.1936	0.0037302231517758466	0.1973301734604695	0.0	0.1973301734604695
0.442	0.195364	0.0037631226399533757	0.1991270722417962	0.0	0.1991270722417962
0.444	0.197136	0.003796152020681176	0.20093210091172828	0.0	0.20093210091172828
0.446	0.198916	0.0038293110446928624	0.20274525922108239	0.0	0.20274525922108239
0.448	0.20070400000000002	0.00386259946187828	0.20456654691983875	0.0	0.20456654691983875
0.45	0.2025	0.003896017021286946	0.20639596375713687	0.0	0.20639596375713687
0.452	0.204304	0.003929563471131603	0.20823350948128255	0.0	0.20823350948128255
0.454	0.20611600000000002	0.00396323855879166	0.2100791838397474	0.0	0.2100791838397474
0.456	0.207936	0.003997042030816744	0.21193298657918114	0.0	0.21193298657918114
0.458	0.209764	0.004030973632930812	0.21379491744540147	0.0	0.21379491744540147
0.46	0.2116	0.004065033110034588	0.21566497618341235	0.0	0.21566497618341235
0.462	0.21344400000000002	0.004099220206210119	0.21754316253739528	0.0	0.21754316253739528
0.464	0.21529600000000002	0.004133534664724103	0.219429476250724	0.0	0.219429476250724
0.466	0.21715600000000002	0.004167976228031334	0.221323917065956	0.0	0.221323917065956
0.468	0.21902400000000002	0.00420254463777836	0.22322648472484552	0.0	0.22322648472484552
0.47000000000000003	0.22090000000000004	0.004237239634807155	0.2251371789683483	0.0	0.2251371789683483
0.47200000000000003	0.22278400000000004	0.004272060959158663	0.22705599953661265	0.0	0.22705599953661265
0.47400000000000003	0.22467600000000004	0.00430700835007658	0.22898294616899745	0.0	0.22898294616899745
0.47600000000000003	0.22657600000000003	0.00434208154601079	0.23091801860406655	0.0	0.23091801860406655
0.47800000000000004	0.22848400000000005	0.004377280284621254	0.23286121657959752	0.0	0.23286121657959752
0.48	0.2304	0.004412604302781342	0.23481253983258332	0.0	0.23481253983258332
0.482	0.23232399999999997	0.004448053336581936	0.23677198809923383	0.0	0.23677198809923383
0.484	0.234256	0.004483627121334655	0.23873956111498285	0.0	0.23873956111498285
0.486	0.236196	0.004519325391575624	0.24071525861449344	0.0	0.24071525861449344
0.488	0.238144	0.004555147881069699	0.24269908033165394	0.0	0.24269908033165394
0.49	0.24009999999999998	0.004591094322813349	0.24469102599958983	0.0	0.24469102599958983
0.492	0.242064	0.00462716444903899	0.24669109535066255	0.0	0.24669109535066255
0.494	0.244036	0.004663357991218531	0.2486992881164748	0.0	0.2486992881164748
0.496	0.24601599999999998	0.004699674680066601	0.250715604027875	0.0	0.250715604027875
0.498	0.248004	0.00473611424554532	0.2527400428149611	0.0	0.2527400428149611
0.5	0.25	0.004772676416867072	0.25477260420707704	0.0	0.25477260420707704
0.502	0.252004	0.004809360922498618	0.25681328793283464	0.0	0.25681328793283464
0.504	0.254016	0.0048461674901650875	0.25886209372009145	0.0	0.25886209372009145
0.506	0.256036	0.004883095846853425	0.26091902129598066	0.0	0.26091902129598066
0.508	0.258064	0.004920145718816049	0.262984070386896	0.0	0.262984070386896
0.51	0.2601	0.004957316831574965	0.26505724071850284	0.0	0.26505724071850284
0.512	0.262144	0.004994608909925535	0.26713853201574367	0.0	0.26713853201574367
0.514	0.264196	0.005032021677939924	0.26922794400283934	0.0	0.26922794400283934
0.516	0.266256	0.005069554858971315	0.27132547640329063	0.0	0.27132547640329063
0.518	0.268324	0.005107208175657352	0.27343112893988675	0.0	0.27343112893988675
0.52	0.27040000000000003	0.00514498134992436	0.27554490133471	0.0	0.27554490133471
0.522	0.272484	0.0051828741029907865	0.27766679330912625	0.0	0.27766679330912625
0.524	0.27457600000000004	0.005220886155371085	0.279796804583808	0.0	0.279796804583808
0.526	0.27667600000000003	0.005259017226879881	0.28193493487872767	0.0	0.28193493487872767
0.528	0.27878400000000003	0.005297267036635245	0.28408118391315873	0.0	0.28408118391315873
0.53	0.28090000000000004	0.005335635303063302	0.2862355514056909	0.0	0.2862355514056909
0.532	0.28302400000000005	0.005374121743901283	0.2883980370742214	0.0	0.2883980370742214
0.534	0.285156	0.005412726076201968	0.2905686406359608	0.0	0.2905686406359608
0.536	0.28729600000000005	0.005451448016337401	0.2927473618074555	0.0	0.2927473618074555
0.538	0.28944400000000003	0.005490287280002504	0.29493420030455	0.0	0.29493420030455
0.54	0.2916	0.00552924358221929	0.29712915584244526	0.0	0.29712915584244526
0.542	0.293764	0.005568316637340753	0.29933222813565763	0.0	0.29933222813565763
0.544	0.29593600000000003	0.00560750615905431	0.30154341689804554	0.0	0.30154341689804554
0.546	0.29811600000000005	0.005646811860386403	0.30376272184280345	0.0	0.30376272184280345
0.548	0.30030400000000007	0.00568623345370578	0.3059901426824754	0.0	0.3059901426824754
0.55	0.30250000000000005	0.005725770650727768	0.3082256791289462	0.0	0.3082256791289462
0.552	0.30470400000000003	0.005765423162518157	0.3104693308934596	0.0	0.3104693308934596
0.554	0.3069160000000001	0.005805190699496754	0.31272109768660267	0.0	0.31272109768660267
0.556	0.3091360000000001	0.005845072971441878	0.31498097921833806	0.0	0.31498097921833806
0.558	0.3113640000000001	0.005885069687494082	0.3172489751979773	0.0	0.3172489751979773
0.56	0.31360000000000005	0.005925180556159759	0.31952508533421126	0.0	0.31952508533421126
0.562	0.31584400000000007	0.005965405285315584	0.32180930933509627	0.0	0.32180930933509627
0.5640000000000001	0.31809600000000005	0.00600574358221212	0.3241016469080633	0.0	0.3241016469080633
0.5660000000000001	0.3203560000000001	0.00604619515347804	0.32640209775991863	0.0	0.32640209775991863
0.5680000000000001	0.3226240000000001	0.006086759705123845	0.32871066159686146	0.0	0.32871066159686146
0.5700000000000001	0.3249000000000001	0.006127436942545916	0.331027338124469	0.0	0.331027338124469
0.5720000000000001	0.3271840000000001	0.006168226570530622	0.3333521270477153	0.0	0.3333521270477153
0.5740000000000001	0.3294760000000001	0.006209128293258093	0.3356850280709646	0.0	0.3356850280709646
0.5760000000000001	0.33177600000000007	0.006250141814306331	0.33802604089798394	0.0	0.33802604089798394
0.578	0.33408399999999994	0.006291266836655096	0.3403751652319411	0.0	0.3403751652319411
0.58	0.3364	0.006332503062690009	0.34273240077541145	0.0	0.34273240077541145
0.582	0.33872399999999997	0.006373850194206554	0.34509774723037695	0.0	0.34509774723037695
0.584	0.34105599999999997	0.006415307932413905	0.3474712042982403	0.0	0.3474712042982403
0.586	0.343396	0.006456875977939147	0.34985277167982026	0.0	0.34985277167982026
0.588	0.34574399999999994	0.006498554030831105	0.3522424490753573	0.0	0.3522424490753573
0.59	0.34809999999999997	0.006540341790564563	0.3546402361845208	0.0	0.3546402361845208
0.592	0.35046399999999994	0.00658223895604404	0.35704613270641183	0.0	0.35704613270641183
0.594	0.352836	0.00662424522560795	0.3594601383395602	0.0	0.3594601383395602
0.596	0.355216	0.0066663602970327696	0.3618822527819432	0.0	0.3618822527819432
0.598	0.357604	0.006708583867536644	0.36431247573097486	0.0	0.36431247573097486
0.6	0.36	0.006750915633783938	0.36675080688351525	0.0	0.36675080688351525
0.602	0.36240399999999995	0.006793355291888903	0.3691972459358764	0.0	0.3691972459358764
0.604	0.364816	0.006835902537419836	0.3716517925838301	0.0	0.3716517925838301
0.606	0.367236	0.006878557065403246	0.3741144465225995	0.0	0.3741144465225995
0.608	0.369664	0.006921318570327573	0.37658520744687307	0.0	0.37658520744687307
0.61	0.3721	0.0069641867461477935	0.3790640750508127	0.0	0.3790640750508127
0.612	0.374544	0.0070071612862887545	0.38155104902804227	0.0	0.38155104902804227
0.614	0.376996	0.007050241883649999	0.3840461290716637	0.0	0.3840461290716637
0.616	0.379456	0.007093428230609156	0.3865493148742623	0.0	0.3865493148742623
0.618	0.381924	0.007136720019026543	0.38906060612789845	0.0	0.38906060612789845
0.62	0.3844	0.007180116940248726	0.3915800025241227	0.0	0.3915800025241227
0.622	0.386884	0.007223618685113176	0.39410750375398595	0.0	0.39410750375398595
0.624	0.389376	0.007267224943951822	0.3966431095080225	0.0	0.3966431095080225
0.626	0.391876	0.007310935406595387	0.3991868194762674	0.0	0.3991868194762674
0.628	0.394384	0.007354749762377488	0.40173863334826526	0.0	0.40173863334826526
0.63	0.39690000000000003	0.007398667700138584	0.40429855081306476	0.0	0.40429855081306476
0.632	0.399424	0.007442688908230188	0.40686657155922534	0.0	0.40686657155922534
0.634	0.40195600000000004	0.007486813074518928	0.4094426952748301	0.0	0.4094426952748301
0.636	0.404496	0.007531039886390534	0.41202692164746574	0.0	0.41202692164746574
0.638	0.407044	0.00757536903075412	0.4146192503642585	0.0	0.4146192503642585
0.64	0.4096	0.007619800194046122	0.41721968111185614	0.0	0.41721968111185614
0.642	0.41216400000000003	0.007664333062234352	0.41982821357643607	0.0	0.41982821357643607
0.644	0.41473600000000005	0.007708967320822491	0.42244484744371924	0.0	0.42244484744371924
0.646	0.417316	0.007753702654853645	0.425069582398961	0.0	0.425069582398961
0.648	0.419904	0.007798538748914785	0.42770241812696524	0.0	0.42770241812696524
0.65	0.42250000000000004	0.0078434752871408	0.4303433543120753	0.0	0.4303433543120753
0.652	0.42510400000000004	0.007888511953218602	0.43299239063820244	0.0	0.43299239063820244
0.654	0.42771600000000004	0.007933648430391238	0.4356495267888018	0.0	0.4356495267888018
0.656	0.43033600000000005	0.007978884401461828	0.43831476244689216	0.0	0.43831476244689216
0.658	0.432964	0.008024219548798117	0.4409880972950655	0.0	0.4409880972950655
0.66	0.43560000000000004	0.008069653554336198	0.4436695310154693	0.0	0.4436695310154693
0.662	0.438244	0.008115186099584615	0.4463590632898334	0.0	0.4463590632898334
0.664	0.44089600000000007	0.008160816865628806	0.4490566937994708	0.0	0.4490566937994708
0.666	0.44355600000000006	0.008206545533134824	0.45176242222525764	0.0	0.45176242222525764
0.668	0.44622400000000007	0.008252371782354051	0.4544762482476751	0.0	0.4544762482476751
0.67	0.4489000000000001	0.008298295293126479	0.4571981715467808	0.0	0.4571981715467808
0.672	0.45158400000000004	0.0083443157448857	0.459928191802234	0.0	0.459928191802234
0.674	0.45427600000000007	0.008390432816662297	0.46266630869329334	0.0	0.46266630869329334
0.676	0.45697600000000005	0.008436646187088503	0.46541252189880655	0.0	0.46541252189880655
0.678	0.45968400000000004	0.008482955534402148	0.4681668310972438	0.0	0.4681668310972438
0.68	0.4624000000000001	0.008529360536450592	0.47092923596668107	0.0	0.47092923596668107
0.682	0.4651240000000001	0.008575860870695229	0.47369973618480116	0.0	0.47369973618480116
0.684	0.46785600000000005	0.008622456214215257	0.476478331428918	0.0	0.476478331428918
0.686	0.47059600000000007	0.008669146243712123	0.4792650213759599	0.0	0.4792650213759599
0.6880000000000001	0.4733440000000001	0.008715930635513347	0.48205980570248447	0.0	0.48205980570248447
0.6900000000000001	0.4761000000000001	0.008762809065576915	0.48486268408468036	0.0	0.48486268408468036
0.6920000000000001	0.47886400000000007	0.008809781209495271	0.48767365619837544	0.0	0.48767365619837544
0.6940000000000001	0.48163600000000006	0.008856846742499425	0.49049272171903513	0.0	0.49049272171903513
0.6960000000000001	0.48441600000000007	0.008904005339463283	0.49331988032176816	0.0	0.49331988032176816
0.6980000000000001	0.4872040000000001	0.008951256674907426	0.49615513168132885	0.0	0.49615513168132885
0.7000000000000001	0.4900000000000001	0.008998600423003655	0.49899847547212833	0.0	0.49899847547212833
0.7020000000000001	0.4928040000000001	0.009046036257578716	0.5018499113682329	0.0	0.5018499113682329
0.704	0.49561599999999995	0.009093563852118902	0.504709439043363	0.0	0.504709439043363
0.706	0.49843599999999993	0.009141182879773752	0.50757705817092	0.0	0.50757705817092
0.708	0.5012639999999999	0.009188893013360289	0.5104527684239551	0.0	0.5104527684239551
0.71	0.5041	0.009236693925367329	0.5133365694752084	0.0	0.5133365694752084
0.712	0.506944	0.009284585287959474	0.5162284609970907	0.0	0.5162284609970907
0.714	0.5097959999999999	0.009332566772981221	0.5191284426616878	0.0	0.5191284426616878
0.716	0.512656	0.009380638051961154	0.5220365141407826	0.0	0.5220365141407826
0.718	0.515524	0.009428798796116106	0.5249526751058435	0.0	0.5249526751058435
0.72	0.5184	0.009477048676355126	0.5278769252280266	0.0	0.5278769252280266
0.722	0.521284	0.009525387363283816	0.5308092641781996	0.0	0.5308092641781996
0.724	0.524176	0.00957381452720829	0.5337496916269198	0.0	0.5337496916269198
0.726	0.527076	0.009622329838139349	0.5366982072444666	0.0	0.5366982072444666
0.728	0.529984	0.009670932965796797	0.5396548107008081	0.0	0.5396548107008081
0.73	0.5328999999999999	0.009719623579613063	0.5426195016656457	0.0	0.5426195016656457
0.732	0.535824	0.00976840134873802	0.5455922798083976	0.0	0.5455922798083976
0.734	0.538756	0.009817265942042464	0.5485731447982021	0.0	0.5485731447982021
0.736	0.541696	0.009866217028122543	0.5515620963039284	0.0	0.5515620963039284
0.738	0.544644	0.009915254275303986	0.5545591339941681	0.0	0.5545591339941681
0.74	0.5476	0.009964377351645959	0.5575642575372597	0.0	0.5575642575372597
0.742	0.5505639999999999	0.01001358592494525	0.5605774666012819	0.0	0.5605774666012819
0.744	0.553536	0.010062879662740554	0.5635987608540534	0.0	0.5635987608540534
0.746	0.556516	0.010112258232316318	0.5666281399631427	0.0	0.5666281399631427
0.748	0.559504	0.01016172130070711	0.569665603595871	0.0	0.569665603595871
0.75	0.5625	0.010211268534701556	0.5727111514193244	0.0	0.5727111514193244
0.752	0.565504	0.010260899600846446	0.5757647831003349	0.0	0.5757647831003349
0.754	0.568516	0.010310614165450954	0.578826498305521	0.0	0.578826498305521
0.756	0.571536	0.010360411894590665	0.5818962967012525	0.0	0.5818962967012525
0.758	0.574564	0.010410292454111625	0.5849741779536917	0.0	0.5849741779536917
0.76	0.5776	0.010460255509634614	0.5880601417287644	0.0	0.5880601417287644
0.762	0.580644	0.010510300726559035	0.591154187692181	0.0	0.591154187692181
0.764	0.583696	0.010560427770067132	0.5942563155094496	0.0	0.5942563155094496
0.766	0.586756	0.010610636305127985	0.597366524845861	0.0	0.597366524845861
0.768	0.589824	0.01066092599650173	0.6004848153665017	0.0	0.6004848153665017
0.77	0.5929	0.010711296508743612	0.6036111867362657	0.0	0.6036111867362657
0.772	0.5959840000000001	0.01076174750620798	0.6067456386198432	0.0	0.6067456386198432
0.774	0.599076	0.010812278653052287	0.6098881706817386	0.0	0.6098881706817386
0.776	0.602176	0.010862889613241555	0.6130387825862647	0.0	0.6130387825862647
0.778	0.605284	0.010913580050551958	0.616197473997555	0.0	0.616197473997555
0.78	0.6084	0.010964349628575343	0.6193642445795682	0.0	0.6193642445795682
0.782	0.6115240000000001	0.01101519801072287	0.6225390939960797	0.0	0.6225390939960797
0.784	0.6146560000000001	0.011066124860229426	0.6257220219107027	0.0	0.6257220219107027
0.786	0.617796	0.011117129840157558	0.6289130279868814	0.0	0.6289130279868814
0.788	0.620944	0.011168212613401424	0.6321121118879053	0.0	0.6321121118879053
0.79	0.6241000000000001	0.011219372842691033	0.6353192732768972	0.0	0.6353192732768972
0.792	0.627264	0.011270610190596247	0.6385345118168326	0.0	0.6385345118168326
0.794	0.6304360000000001	0.011321924319530635	0.6417578271705447	0.0	0.6417578271705447
0.796	0.6336160000000001	0.011373314891755915	0.6449892190007162	0.0	0.6449892190007162
0.798	0.636804	0.011424781569385534	0.6482286869698931	0.0	0.6482286869698931
0.8	0.6400000000000001	0.011476324014389139	0.6514762307404862	0.0	0.6514762307404862
0.802	0.6432040000000001	0.011527941888596238	0.6547318499747806	0.0	0.6547318499747806
0.804	0.6464160000000001	0.011579634853700532	0.6579955443349286	0.0	0.6579955443349286
0.806	0.6496360000000001	0.011631402571263633	0.6612673134829679	0.0	0.6612673134829679
0.808	0.6528640000000001	0.01168324470271953	0.6645471570808129	0.0	0.6645471570808129
0.81	0.6561000000000001	0.011735160909378095	0.6678350747902775	0.0	0.6678350747902775
0.812	0.659344	0.011787150852429484	0.6711310662730556	0.0	0.6711310662730556
0.8140000000000001	0.6625960000000001	0.01183921419294795	0.6744351311907435	0.0	0.6744351311907435
0.8160000000000001	0.6658560000000001	0.011891350591895888	0.6777472692048461	0.0	0.6777472692048461
0.8180000000000001	0.669124	0.011943559710127921	0.6810674799767537	0.0	0.6810674799767537
0.8200000000000001	0.6724000000000001	0.011995841208394836	0.6843957631678	0.0	0.6843957631678
0.8220000000000001	0.6756840000000001	0.012048194747347446	0.6877321184391986	0.0	0.6877321184391986
0.8240000000000001	0.6789760000000001	0.012100619987540834	0.6910765454521158	0.0	0.6910765454521158
0.8260000000000001	0.6822760000000001	0.012153116589438212	0.6944290438676204	0.0	0.6944290438676204
0.8280000000000001	0.6855840000000001	0.012205684213414891	0.6977896133467262	0.0	0.6977896133467262
0.8300000000000001	0.6889000000000001	0.012258322519762166	0.7011582535503654	0.0	0.7011582535503654
0.8320000000000001	0.6922240000000002	0.012311031168691478	0.7045349641394276	0.0	0.7045349641394276
0.834	0.695556	0.012363809820338273	0.707919744774731	0.0	0.707919744774731
0.836	0.698896	0.012416658134765918	0.7113125951170648	0.0	0.7113125951170648
0.838	0.702244	0.01246957577196986	0.7147135148271525	0.0	0.7147135148271525
0.84	0.7055999999999999	0.01252256239188132	0.718122503565682	0.0	0.718122503565682
0.842	0.7089639999999999	0.012575617654371263	0.7215395609933167	0.0	0.7215395609933167
0.844	0.712336	0.012628741219254697	0.7249646867706866	0.0	0.7249646867706866
0.846	0.7157159999999999	0.012681932746294033	0.7283978805583753	0.0	0.7283978805583753
0.848	0.719104	0.012735191895203501	0.731839142016979	0.0	0.731839142016979
0.85	0.7224999999999999	0.012788518325652809	0.7352884708070616	0.0	0.7352884708070616
0.852	0.725904	0.01284191169727128	0.7387458665891924	0.0	0.7387458665891924
0.854	0.729316	0.01289537166965149	0.7422113290239232	0.0	0.7422113290239232
0.856	0.7327359999999999	0.012948897902353346	0.7456848577718181	0.0	0.7456848577718181
0.858	0.7361639999999999	0.013002490054907945	0.7491664524934557	0.0	0.7491664524934557
0.86	0.7395999999999999	0.01305614778682157	0.752656112849415	0.0	0.752656112849415
0.862	0.7430439999999999	0.013109870757579467	0.7561538385003156	0.0	0.7561538385003156
0.864	0.7464959999999999	0.013163658626649699	0.7596596291067885	0.0	0.7596596291067885
0.866	0.749956	0.013217511053487146	0.7631734843295085	0.0	0.7631734843295085
0.868	0.753424	0.013271427697537364	0.7666954038291972	0.0	0.7666954038291972
0.87	0.7569	0.013325408218240214	0.7702253872666003	0.0	0.7702253872666003
0.872	0.760384	0.013379452275034204	0.7737634343025495	0.0	0.7737634343025495
0.874	0.763876	0.013433559527359834	0.7773095445979324	0.0	0.7773095445979324
0.876	0.767376	0.01348772963466377	0.7808637178136782	0.0	0.7808637178136782
0.878	0.770884	0.013541962256402584	0.7844259536108344	0.0	0.7844259536108344
0.88	0.7744	0.013596257052046562	0.787996251650518	0.0	0.787996251650518
0.882	0.7779240000000001	0.013650613681083612	0.79157461159394	0.0	0.79157461159394
0.884	0.781456	0.013705031803023002	0.7951610331024156	0.0	0.7951610331024156
0.886	0.784996	0.013759511077399242	0.7987555158373826	0.0	0.7987555158373826
0.888	0.788544	0.013814051163775862	0.8023580594603937	0.0	0.8023580594603937
0.89	0.7921	0.013868651721749323	0.805968663633142	0.0	0.805968663633142
0.892	0.795664	0.013923312410952557	0.8095873280174575	0.0	0.8095873280174575
0.894	0.7992360000000001	0.01397803289105902	0.8132140522753405	0.0	0.8132140522753405
0.896	0.8028160000000001	0.01403281282178638	0.8168488360689562	0.0	0.8168488360689562
0.898	0.806404	0.014087651862900244	0.8204916790606489	0.0	0.8204916790606489
0.9	0.81	0.014142549674218033	0.82414258091297	0.0	0.82414258091297
0.902	0.813604	0.014197505915612682	0.8278015412886699	0.0	0.8278015412886699
0.904	0.817216	0.014252520247016384	0.8314685598507379	0.0	0.8314685598507379
0.906	0.820836	0.014307592328424365	0.8351436362624116	0.0	0.8351436362624116
0.908	0.8244640000000001	0.014362721819898658	0.8388267701871819	0.0	0.8388267701871819
0.91	0.8281000000000001	0.01441790838157174	0.842517961288859	0.0	0.842517961288859
0.912	0.831744	0.014473151673650389	0.8462172092315124	0.0	0.8462172092315124
0.914	0.835396	0.014528451356419322	0.8499245136795877	0.0	0.8499245136795877
0.916	0.839056	0.014583807090244913	0.8536398742978843	0.0	0.8536398742978843
0.918	0.842724	0.014639218535578924	0.8573632907515657	0.0	0.8573632907515657
0.92	0.8464	0.014694685352962214	0.8610947627062544	0.0	0.8610947627062544
0.922	0.8500840000000001	0.014750207203028345	0.8648342898280195	0.0	0.8648342898280195
0.924	0.8537760000000001	0.014805783746507456	0.8685818717834198	0.0	0.8685818717834198
0.926	0.8574760000000001	0.014861414644229673	0.8723375082395919	0.0	0.8723375082395919
0.928	0.8611840000000001	0.014917099557129027	0.8761011988642349	0.0	0.8761011988642349
0.93	0.8649000000000001	0.014972838146246933	0.8798729433257386	0.0	0.8798729433257386
0.932	0.8686240000000001	0.015028630072735999	0.8836527412931852	0.0	0.8836527412931852
0.934	0.8723560000000001	0.0150844749978635	0.8874405924364799	0.0	0.8874405924364799
0.936	0.8760960000000001	0.015140372583015163	0.8912364964263844	0.0	0.8912364964263844
0.9380000000000001	0.8798440000000001	0.015196322489698738	0.8950404529346564	0.0	0.8950404529346564
0.9400000000000001	0.8836000000000002	0.015252324379547613	0.8988524616341398	0.0	0.8988524616341398
0.9420000000000001	0.8873640000000002	0.015308377914324364	0.902672522198896	0.0	0.902672522198896
0.9440000000000001	0.8911360000000002	0.015364482755924586	0.9065006343043613	0.0	0.9065006343043613
0.9460000000000001	0.8949160000000002	0.01542063856638018	0.9103367976275324	0.0	0.9103367976275324
0.9480000000000001	0.8987040000000002	0.015476845007863185	0.9141810118471563	0.0	0.9141810118471563
0.9500000000000001	0.9025000000000001	0.015533101742689251	0.9180332766439954	0.0	0.9180332766439954
0.9520000000000001	0.9063040000000001	0.015589408433321225	0.9218935917011191	0.0	0.9218935917011191
0.9540000000000001	0.9101160000000001	0.01564576474237271	0.9257619567042671	0.0	0.9257619567042671
0.9560000000000001	0.9139360000000002	0.015702170332611662	0.9296383713422874	0.0	0.9296383713422874
0.9580000000000001	0.9177640000000001	0.015758624866963847	0.9335228353076666	0.0	0.9335228353076666
0.96	0.9216	0.015815128008516546	0.9374153482971708	0.0	0.9374153482971708
0.962	0.9254439999999999	0.01587167942052184	0.9413159100126927	0.0	0.9413159100126927
0.964	0.9292959999999999	0.015928278766400378	0.9452245201622653	0.0	0.9452245201622653
0.966	0.933156	0.01598492570974476	0.9491411784613879	0.0	0.9491411784613879
0.968	0.937024	0.016041619914323013	0.9530658846347184	0.0	0.9530658846347184
0.97	0.9409	0.016098361044082188	0.9569986384182925	0.0	0.9569986384182925
0.972	0.944784	0.016155148763151744	0.960939439562503	0.0	0.960939439562503
0.974	0.948676	0.01621198273584712	0.9648882878360627	0.0	0.9648882878360627
0.976	0.952576	0.016268862626673153	0.9688451830315941	0.0	0.9688451830315941
0.978	0.956484	0.016325788100327504	0.9728101249733989	0.0	0.9728101249733989
0.98	0.9603999999999999	0.016382758821704188	0.9767831135288232	0.0	0.9767831135288232
0.982	0.964324	0.016439774455896977	0.9807641486252139	0.0	0.9807641486252139
0.984	0.968256	0.016496834668202787	0.9847532302762773	0.0	0.9847532302762773
0.986	0.972196	0.016553939124125172	0.9887503586247012	0.0	0.9887503586247012
0.988	0.976144	0.016611087489377743	0.9927555340151234	0.0	0.9927555340151234
0.99	0.9801	0.01666827942988748	0.996768757127336	0.0	0.996768757127336
0.992	0.9840639999999999	0.016725514611798234	1.0007900292417797	0.0	1.0007900292417797
0.994	0.988036	0.016782792701474036	1.004819352834315	0.0	1.004819352834315
0.996	0.992016	0.01684011336550252	1.0088567331535652	0.0	1.0088567331535652
0.998	0.996004	0.01689747627069829	1.0129021837004355	0.0	1.0129021837004355
1.0	1.0	0.01695488108410624	1.0169557586544349	0.0	1.0169557586544349
