-1.0	-1.0	-0.00029284519018753116	-1.0002928814444465	0.0	(-1.0002928814444465+0j)
-0.998	-0.996004	-0.00029274302989034176	-0.9962967718950311	0.0	(-0.9962967718950311+0j)
-0.996	-0.992016	-0.00029264025380217913	-0.992308665470099	0.0	(-0.992308665470099+0j)
-0.994	-0.988036	-0.00029253685697428226	-0.9883285596688743	0.0	(-0.9883285596688743+0j)
-0.992	-0.9840639999999999	-0.0002924328344085275	-0.9843564538624691	0.0	(-0.9843564538624691+0j)
-0.99	-0.9801	-0.00029232818105685534	-0.9803923477966401	0.0	(-0.9803923477966401+0j)
-0.988	-0.976144	-0.0002922228918206897	-0.976436241341947	0.0	(-0.976436241341947+0j)
-0.986	-0.972196	-0.00029211696155035017	-0.972488134422327	0.0	(-0.972488134422327+0j)
-0.984	-0.968256	-0.00029201038504445676	-0.9685480269883714	0.0	(-0.9685480269883714+0j)
-0.982	-0.964324	-0.00029190315704932796	-0.9646159190054068	0.0	(-0.9646159190054068+0j)
-0.98	-0.9603999999999999	-0.00029179527225837065	-0.9606918104475989	0.0	(-0.9606918104475989+0j)
-0.978	-0.956484	-0.00029168672531146316	-0.9567757012946868	0.0	(-0.9567757012946868+0j)
-0.976	-0.952576	-0.0002915775107943305	-0.9528675915301031	0.0	(-0.9528675915301031+0j)
-0.974	-0.948676	-0.0002914676232379118	-0.9489674811398422	0.0	(-0.9489674811398422+0j)
-0.972	-0.944784	-0.00029135705711772056	-0.9450753701116736	0.0	(-0.9450753701116736+0j)
-0.97	-0.9409	-0.000291245806853197	-0.941191258434656	0.0	(-0.941191258434656+0j)
-0.968	-0.937024	-0.0002911338668070517	-0.9373151460988276	0.0	(-0.9373151460988276+0j)
-0.966	-0.933156	-0.0002910212312846034	-0.9334470330949238	0.0	(-0.9334470330949238+0j)
-0.964	-0.9292959999999999	-0.000290907894533106	-0.9295869194142323	0.0	(-0.9295869194142323+0j)
-0.962	-0.9254439999999999	-0.0002907938507410701	-0.9257348050484637	0.0	(-0.9257348050484637+0j)
-0.96	-0.9216	-0.00029067909403757494	-0.9218906899896284	0.0	(-0.9218906899896284+0j)
-0.9580000000000001	-0.9177640000000001	-0.00029056361849157255	-0.9180545742299878	0.0	(-0.9180545742299878+0j)
-0.9560000000000001	-0.9139360000000002	-0.00029044741811118347	-0.9142264577619994	0.0	(-0.9142264577619994+0j)
-0.9540000000000001	-0.9101160000000001	-0.00029033048684298465	-0.9104063405782586	0.0	(-0.9104063405782586+0j)
-0.9520000000000001	-0.9063040000000001	-0.00029021281857128837	-0.9065942226714652	0.0	(-0.9065942226714652+0j)
-0.9500000000000001	-0.9025000000000001	-0.0002900944071174127	-0.9027901040344142	0.0	(-0.9027901040344142+0j)
-0.9480000000000001	-0.8987040000000002	-0.000289975246238944	-0.8989939846599374	0.0	(-0.8989939846599374+0j)
-0.9460000000000001	-0.8949160000000002	-0.00028985532962899017	-0.895205864540922	0.0	(-0.895205864540922+0j)
-0.9440000000000001	-0.8911360000000002	-0.00028973465091542555	-0.8914257436702635	0.0	(-0.8914257436702635+0j)
-0.9420000000000001	-0.8873640000000002	-0.0002896132036601273	-0.8876536220408824	0.0	(-0.8876536220408824+0j)
-0.9400000000000001	-0.8836000000000002	-0.00028949098135820216	-0.8838894996456771	0.0	(-0.8838894996456771+0j)
-0.9380000000000001	-0.8798440000000001	-0.00028936797743720546	-0.88013337647756	0.0	(-0.88013337647756+0j)
-0.936	-0.8760960000000001	-0.0002892441852563504	-0.8763852525293986	0.0	(-0.8763852525293986+0j)
-0.934	-0.8723560000000001	-0.0002891195981057087	-0.8726451277940642	0.0	(-0.8726451277940642+0j)
-0.932	-0.8686240000000001	-0.0002889942092054021	-0.8689130022643666	0.0	(-0.8689130022643666+0j)
-0.93	-0.8649000000000001	-0.00028886801170478494	-0.865188875933093	0.0	(-0.865188875933093+0j)
-0.928	-0.8611840000000001	-0.0002887409986816174	-0.8614727487929925	0.0	(-0.8614727487929925+0j)
-0.926	-0.8574760000000001	-0.0002886131631412296	-0.8577646208367607	0.0	(-0.8577646208367607+0j)
-0.924	-0.8537760000000001	-0.0002884844980156767	-0.8540644920570399	0.0	(-0.8540644920570399+0j)
-0.922	-0.8500840000000001	-0.0002883549961628845	-0.8503723624464342	0.0	(-0.8503723624464342+0j)
-0.92	-0.8464	-0.0002882246503657856	-0.8466882319974777	0.0	(-0.8466882319974777+0j)
-0.918	-0.842724	-0.00028809345333144645	-0.8430121007026514	0.0	(-0.8430121007026514+0j)
-0.916	-0.839056	-0.0002879613976901852	-0.8393439685543727	0.0	(-0.8393439685543727+0j)
-0.914	-0.835396	-0.0002878284759946793	-0.8356838355450044	0.0	(-0.8356838355450044+0j)
-0.912	-0.831744	-0.00028769468071906446	-0.8320317016668352	0.0	(-0.8320317016668352+0j)
-0.91	-0.8281000000000001	-0.0002875600042580241	-0.8283875669120732	0.0	(-0.8283875669120732+0j)
-0.908	-0.8244640000000001	-0.00028742443892586814	-0.8247514312728872	0.0	(-0.8247514312728872+0j)
-0.906	-0.820836	-0.0002872879769556042	-0.8211232947413382	0.0	(-0.8211232947413382+0j)
-0.904	-0.817216	-0.00028715061049799706	-0.8175031573094561	0.0	(-0.8175031573094561+0j)
-0.902	-0.813604	-0.00028701233162062057	-0.8138910189691514	0.0	(-0.8138910189691514+0j)
-0.9	-0.81	-0.00028687313230689807	-0.8102868797122913	0.0	(-0.8102868797122913+0j)
-0.898	-0.806404	-0.00028673300445513494	-0.8066907395306472	0.0	(-0.8066907395306472+0j)
-0.896	-0.8028160000000001	-0.0002865919398775403	-0.8031025984159166	0.0	(-0.8031025984159166+0j)
-0.894	-0.7992360000000001	-0.0002864499302992396	-0.799522456359712	0.0	(-0.799522456359712+0j)
-0.892	-0.795664	-0.00028630696735727746	-0.7959503133535707	0.0	(-0.7959503133535707+0j)
-0.89	-0.7921	-0.00028616304259961137	-0.7923861693889318	0.0	(-0.7923861693889318+0j)
-0.888	-0.788544	-0.000286018147484095	-0.7888300244571708	0.0	(-0.7888300244571708+0j)
-0.886	-0.784996	-0.0002858722733774526	-0.785281878549546	0.0	(-0.785281878549546+0j)
-0.884	-0.781456	-0.0002857254115542438	-0.7817417316572667	0.0	(-0.7817417316572667+0j)
-0.882	-0.7779240000000001	-0.0002855775531958182	-0.7782095837714171	0.0	(-0.7782095837714171+0j)
-0.88	-0.7744	-0.0002854286893892617	-0.7746854348830079	0.0	(-0.7746854348830079+0j)
-0.878	-0.770884	-0.00028527881112633247	-0.7711692849829548	0.0	(-0.7711692849829548+0j)
-0.876	-0.767376	-0.00028512790930238744	-0.767661134062078	0.0	(-0.767661134062078+0j)
-0.874	-0.763876	-0.0002849759747153004	-0.7641609821111145	0.0	(-0.7641609821111145+0j)
-0.872	-0.760384	-0.0002848229980643697	-0.7606688291206893	0.0	(-0.7606688291206893+0j)
-0.87	-0.7569	-0.0002846689699492177	-0.7571846750813258	0.0	(-0.7571846750813258+0j)
-0.868	-0.753424	-0.0002845138808686803	-0.7537085199834866	0.0	(-0.7537085199834866+0j)
-0.866	-0.749956	-0.0002843577212196879	-0.7502403638174928	0.0	(-0.7502403638174928+0j)
-0.864	-0.7464959999999999	-0.0002842004812961373	-0.7467802065735842	0.0	(-0.7467802065735842+0j)
-0.862	-0.7430439999999999	-0.00028404215128775443	-0.7433280482418971	0.0	(-0.7433280482418971+0j)
-0.86	-0.7395999999999999	-0.00028388272127894884	-0.7398838888124589	0.0	(-0.7398838888124589+0j)
-0.858	-0.7361639999999999	-0.00028372218124765895	-0.7364477282752013	0.0	(-0.7364477282752013+0j)
-0.856	-0.7327359999999999	-0.00028356052106418906	-0.7330195666199377	0.0	(-0.7330195666199377+0j)
-0.854	-0.729316	-0.0002833977304900381	-0.7295994038363948	0.0	(-0.7295994038363948+0j)
-0.852	-0.725904	-0.0002832337991767194	-0.7261872399141694	0.0	(-0.7261872399141694+0j)
-0.85	-0.7224999999999999	-0.0002830687166645733	-0.7227830748427571	0.0	(-0.7227830748427571+0j)
-0.848	-0.719104	-0.00028290247238157106	-0.7193869086115549	0.0	(-0.7193869086115549+0j)
-0.846	-0.7157159999999999	-0.0002827350556421109	-0.7159987412098264	0.0	(-0.7159987412098264+0j)
-0.844	-0.712336	-0.0002825664556458071	-0.7126185726267301	0.0	(-0.7126185726267301+0j)
-0.842	-0.7089639999999999	-0.00028239666147627065	-0.7092464028513171	0.0	(-0.7092464028513171+0j)
-0.84	-0.7055999999999999	-0.0002822256620998835	-0.7058822318725211	0.0	(-0.7058822318725211+0j)
-0.838	-0.702244	-0.00028205344636456504	-0.7025260596791539	0.0	(-0.7025260596791539+0j)
-0.836	-0.698896	-0.0002818800029985325	-0.6991778862599015	0.0	(-0.6991778862599015+0j)
-0.834	-0.695556	-0.0002817053206090535	-0.6958377116033483	0.0	(-0.6958377116033483+0j)
-0.8320000000000001	-0.6922240000000002	-0.0002815293876811937	-0.6925055356979475	0.0	(-0.6925055356979475+0j)
-0.8300000000000001	-0.6889000000000001	-0.0002813521925765573	-0.6891813585320339	0.0	(-0.6891813585320339+0j)
-0.8280000000000001	-0.6855840000000001	-0.0002811737235320215	-0.685865180093811	0.0	(-0.685865180093811+0j)
-0.8260000000000001	-0.6822760000000001	-0.00028099396865846653	-0.6825570003713571	0.0	(-0.6825570003713571+0j)
-0.8240000000000001	-0.6789760000000001	-0.0002808129159394989	-0.6792568193526417	0.0	(-0.6792568193526417+0j)
-0.8220000000000001	-0.6756840000000001	-0.00028063055323017063	-0.6759646370254953	0.0	(-0.6759646370254953+0j)
-0.8200000000000001	-0.6724000000000001	-0.0002804468682556934	-0.6726804533776078	0.0	(-0.6726804533776078+0j)
-0.8180000000000001	-0.669124	-0.00028026184861014864	-0.6694042683965661	0.0	(-0.6694042683965661+0j)
-0.8160000000000001	-0.6658560000000001	-0.0002800754817551926	-0.6661360820697935	0.0	(-0.6661360820697935+0j)
-0.8140000000000001	-0.6625960000000001	-0.00027988775501875925	-0.6628758943846103	0.0	(-0.6628758943846103+0j)
-0.812	-0.659344	-0.00027969865559375874	-0.6596237053281941	0.0	(-0.6596237053281941+0j)
-0.81	-0.6561000000000001	-0.000279508170536773	-0.6563795148875657	0.0	(-0.6563795148875657+0j)
-0.808	-0.6528640000000001	-0.0002793162867667495	-0.6531433230496396	0.0	(-0.6531433230496396+0j)
-0.806	-0.6496360000000001	-0.0002791229910636923	-0.6499151298011793	0.0	(-0.6499151298011793+0j)
-0.804	-0.6464160000000001	-0.0002789282700673516	-0.646694935128804	0.0	(-0.646694935128804+0j)
-0.802	-0.6432040000000001	-0.00027873211027591195	-0.6434827390190067	0.0	(-0.6434827390190067+0j)
-0.8	-0.6400000000000001	-0.0002785344980446802	-0.6402785414581151	0.0	(-0.6402785414581151+0j)
-0.798	-0.636804	-0.00027833541958477225	-0.6370823424323434	0.0	(-0.6370823424323434+0j)
-0.796	-0.6336160000000001	-0.00027813486096180107	-0.6338941419277329	0.0	(-0.6338941419277329+0j)
-0.794	-0.6304360000000001	-0.00027793280809456457	-0.6307139399302006	0.0	(-0.6307139399302006+0j)
-0.792	-0.627264	-0.00027772924675373566	-0.6275417364255022	0.0	(-0.6275417364255022+0j)
-0.79	-0.6241000000000001	-0.0002775241625605528	-0.6243775313992512	0.0	(-0.6243775313992512+0j)
-0.788	-0.620944	-0.00027731754098551486	-0.6212213248369195	0.0	(-0.6212213248369195+0j)
-0.786	-0.617796	-0.00027710936734707696	-0.6180731167238015	0.0	(-0.6180731167238015+0j)
-0.784	-0.6146560000000001	-0.00027689962681035155	-0.6149329070450644	0.0	(-0.6149329070450644+0j)
-0.782	-0.6115240000000001	-0.0002766883043858125	-0.6118006957857131	0.0	(-0.6118006957857131+0j)
-0.78	-0.6084	-0.00027647538492800536	-0.6086764829306003	0.0	(-0.6086764829306003+0j)
-0.778	-0.605284	-0.00027626085313426214	-0.6055602684644195	0.0	(-0.6055602684644195+0j)
-0.776	-0.602176	-0.00027604469354342254	-0.6024520523716941	0.0	(-0.6024520523716941+0j)
-0.774	-0.599076	-0.0002758268905345629	-0.5993518346368188	0.0	(-0.5993518346368188+0j)
-0.772	-0.5959840000000001	-0.00027560742832573196	-0.5962596152439962	0.0	(-0.5962596152439962+0j)
-0.77	-0.5929	-0.0002753862909726955	-0.593175394177289	0.0	(-0.593175394177289+0j)
-0.768	-0.589824	-0.00027516346236769066	-0.5900991714205843	0.0	(-0.5900991714205843+0j)
-0.766	-0.586756	-0.0002749389262381894	-0.5870309469576163	0.0	(-0.5870309469576163+0j)
-0.764	-0.583696	-0.00027471266614567387	-0.5839707207719401	0.0	(-0.5839707207719401+0j)
-0.762	-0.580644	-0.0002744846654844227	-0.5809184928469542	0.0	(-0.5809184928469542+0j)
-0.76	-0.5776	-0.0002742549074803104	-0.5778742631658922	0.0	(-0.5778742631658922+0j)
-0.758	-0.574564	-0.00027402337518962023	-0.5748380317118088	0.0	(-0.5748380317118088+0j)
-0.756	-0.571536	-0.00027379005149787155	-0.5718097984675958	0.0	(-0.5718097984675958+0j)
-0.754	-0.568516	-0.0002735549191186622	-0.5687895634159732	0.0	(-0.5687895634159732+0j)
-0.752	-0.565504	-0.00027331796059252764	-0.5657773265394855	0.0	(-0.5657773265394855+0j)
-0.75	-0.5625	-0.0002730791582858175	-0.5627730878205032	0.0	(-0.5627730878205032+0j)
-0.748	-0.559504	-0.00027283849438959005	-0.5597768472412231	0.0	(-0.5597768472412231+0j)
-0.746	-0.556516	-0.0002725959509185267	-0.5567886047836691	0.0	(-0.5567886047836691+0j)
-0.744	-0.553536	-0.0002723515097098665	-0.55380836042969	0.0	(-0.55380836042969+0j)
-0.742	-0.5505639999999999	-0.00027210515242236257	-0.550836114160952	0.0	(-0.550836114160952+0j)
-0.74	-0.5476	-0.00027185686053526117	-0.5478718659589377	0.0	(-0.5478718659589377+0j)
-0.738	-0.544644	-0.00027160661534730444	-0.5449156158049631	0.0	(-0.5449156158049631+0j)
-0.736	-0.541696	-0.00027135439797575876	-0.5419673636801544	0.0	(-0.5419673636801544+0j)
-0.734	-0.538756	-0.00027110018935546856	-0.5390271095654535	0.0	(-0.5390271095654535+0j)
-0.732	-0.535824	-0.00027084397023793854	-0.5360948534416288	0.0	(-0.5360948534416288+0j)
-0.73	-0.5328999999999999	-0.00027058572119044395	-0.5331705952892558	0.0	(-0.5331705952892558+0j)
-0.728	-0.529984	-0.0002703254225951711	-0.5302543350887369	0.0	(-0.5302543350887369+0j)
-0.726	-0.527076	-0.00027006305464838957	-0.5273460728202731	0.0	(-0.5273460728202731+0j)
-0.724	-0.524176	-0.00026979859735965644	-0.5244458084638943	0.0	(-0.5244458084638943+0j)
-0.722	-0.521284	-0.00026953203055105567	-0.5215535419994342	0.0	(-0.5215535419994342+0j)
-0.72	-0.5184	-0.0002692633338564716	-0.5186692734065457	0.0	(-0.5186692734065457+0j)
-0.718	-0.515524	-0.0002689924867209005	-0.5157930026646856	0.0	(-0.5157930026646856+0j)
-0.716	-0.512656	-0.00026871946839979996	-0.5129247297531309	0.0	(-0.5129247297531309+0j)
-0.714	-0.5097959999999999	-0.0002684442579584779	-0.510064454650961	0.0	(-0.510064454650961+0j)
-0.712	-0.506944	-0.0002681668342715237	-0.5072121773370608	0.0	(-0.5072121773370608+0j)
-0.71	-0.5041	-0.0002678871760222814	-0.5043678977901528	0.0	(-0.5043678977901528+0j)
-0.708	-0.5012639999999999	-0.00026760526170236797	-0.5015316159887216	0.0	(-0.5015316159887216+0j)
-0.706	-0.49843599999999993	-0.00026732106961123697	-0.49870333191111565	0.0	(-0.49870333191111565+0j)
-0.704	-0.49561599999999995	-0.00026703457785579076	-0.49588304553543316	0.0	(-0.49588304553543316+0j)
-0.7020000000000001	-0.4928040000000001	-0.0002667457643500412	-0.49307075683962504	0.0	(-0.49307075683962504+0j)
-0.7000000000000001	-0.4900000000000001	-0.00026645460681482187	-0.4902664658014381	0.0	(-0.4902664658014381+0j)
-0.6980000000000001	-0.4872040000000001	-0.000266161082777553	-0.4874701723984044	0.0	(-0.4874701723984044+0j)
-0.6960000000000001	-0.48441600000000007	-0.00026586516957206044	-0.4846818766078913	0.0	(-0.4846818766078913+0j)
-0.6940000000000001	-0.48163600000000006	-0.00026556684433845127	-0.481901578407063	0.0	(-0.481901578407063+0j)
-0.6920000000000001	-0.47886400000000007	-0.0002652660840230472	-0.4791292777728882	0.0	(-0.4791292777728882+0j)
-0.6900000000000001	-0.4761000000000001	-0.00026496286537837805	-0.47636497468214134	0.0	(-0.47636497468214134+0j)
-0.6880000000000001	-0.4733440000000001	-0.00026465716496323644	-0.47360866911141547	0.0	(-0.47360866911141547+0j)
-0.686	-0.47059600000000007	-0.00026434895914279635	-0.4708603610370904	0.0	(-0.4708603610370904+0j)
-0.684	-0.46785600000000005	-0.0002640382240887972	-0.4681200504353638	0.0	(-0.4681200504353638+0j)
-0.682	-0.4651240000000001	-0.0002637249357797949	-0.46538773728224997	0.0	(-0.46538773728224997+0j)
-0.68	-0.4624000000000001	-0.0002634090700014826	-0.4626634215535556	0.0	(-0.4626634215535556+0j)
-0.678	-0.45968400000000004	-0.0002630906023470824	-0.45994710322490473	0.0	(-0.45994710322490473+0j)
-0.676	-0.45697600000000005	-0.0002627695082178107	-0.45723878227172954	0.0	(-0.45723878227172954+0j)
-0.674	-0.45427600000000007	-0.00026244576282341835	-0.4545384586692638	0.0	(-0.4545384586692638+0j)
-0.672	-0.45158400000000004	-0.0002621193411828086	-0.4518461323925594	0.0	(-0.4518461323925594+0j)
-0.67	-0.4489000000000001	-0.0002617902181247344	-0.44916180341647854	0.0	(-0.44916180341647854+0j)
-0.668	-0.44622400000000007	-0.0002614583682885768	-0.44648547171569164	0.0	(-0.44648547171569164+0j)
-0.666	-0.44355600000000006	-0.0002611237661252075	-0.44381713726467625	0.0	(-0.44381713726467625+0j)
-0.664	-0.44089600000000007	-0.0002607863858979368	-0.4411568000377343	0.0	(-0.4411568000377343+0j)
-0.662	-0.438244	-0.00026044620168354986	-0.4385044600089779	0.0	(-0.4385044600089779+0j)
-0.66	-0.43560000000000004	-0.00026010318737343233	-0.43586011715232237	0.0	(-0.43586011715232237+0j)
-0.658	-0.432964	-0.0002597573166747892	-0.4332237714415228	0.0	(-0.4332237714415228+0j)
-0.656	-0.43033600000000005	-0.0002594085631119573	-0.43059542285013125	0.0	(-0.43059542285013125+0j)
-0.654	-0.42771600000000004	-0.00025905690002781516	-0.4279750713515319	0.0	(-0.4279750713515319+0j)
-0.652	-0.42510400000000004	-0.00025870230058529155	-0.42536271691891897	0.0	(-0.42536271691891897+0j)
-0.65	-0.42250000000000004	-0.00025834473776897523	-0.4227583595253194	0.0	(-0.4227583595253194+0j)
-0.648	-0.419904	-0.00025798418438682856	-0.42016199914358277	0.0	(-0.42016199914358277+0j)
-0.646	-0.417316	-0.00025762061307200654	-0.41757363574637407	0.0	(-0.41757363574637407+0j)
-0.644	-0.41473600000000005	-0.00025725399628478426	-0.41499326930620123	0.0	(-0.41499326930620123+0j)
-0.642	-0.41216400000000003	-0.0002568843063145947	-0.4124208997953911	0.0	(-0.4124208997953911+0j)
-0.64	-0.4096	-0.0002565115152821794	-0.40985652718611004	0.0	(-0.40985652718611004+0j)
-0.638	-0.407044	-0.0002561355951418542	-0.40730015145035126	0.0	(-0.40730015145035126+0j)
-0.636	-0.404496	-0.00025575651768389233	-0.4047517725599542	0.0	(-0.4047517725599542+0j)
-0.634	-0.40195600000000004	-0.0002553742545370278	-0.40221139048658666	0.0	(-0.40221139048658666+0j)
-0.632	-0.399424	-0.0002549887771710805	-0.39967900520176697	0.0	(-0.39967900520176697+0j)
-0.63	-0.39690000000000003	-0.00025460005689970604	-0.3971546166768538	0.0	(-0.3971546166768538+0j)
-0.628	-0.394384	-0.00025420806488327276	-0.3946382248830584	0.0	(-0.3946382248830584+0j)
-0.626	-0.391876	-0.0002538127721318678	-0.39212982979143524	0.0	(-0.39212982979143524+0j)
-0.624	-0.389376	-0.00025341414950843486	-0.3896294313729022	0.0	(-0.3896294313729022+0j)
-0.622	-0.386884	-0.0002530121677320463	-0.38713702959822344	0.0	(-0.38713702959822344+0j)
-0.62	-0.3844	-0.0002526067973813116	-0.38465262443802817	0.0	(-0.38465262443802817+0j)
-0.618	-0.381924	-0.00025219800889792425	-0.3821762158628153	0.0	(-0.3821762158628153+0j)
-0.616	-0.379456	-0.0002517857725903506	-0.37970780384294334	0.0	(-0.37970780384294334+0j)
-0.614	-0.376996	-0.0002513700586376616	-0.37724738834864924	0.0	(-0.37724738834864924+0j)
-0.612	-0.374544	-0.00025095083709351056	-0.3747949693500385	0.0	(-0.3747949693500385+0j)
-0.61	-0.3721	-0.00025052807789025937	-0.37235054681710095	0.0	(-0.37235054681710095+0j)
-0.608	-0.369664	-0.00025010175084325516	-0.36991412071971363	0.0	(-0.36991412071971363+0j)
-0.606	-0.367236	-0.00024967182565525996	-0.3674856910276328	0.0	(-0.3674856910276328+0j)
-0.604	-0.364816	-0.0002492382719210347	-0.36506525771051745	0.0	(-0.36506525771051745+0j)
-0.602	-0.36240399999999995	-0.0002488010591320824	-0.3626528207379204	0.0	(-0.3626528207379204+0j)
-0.6	-0.36	-0.0002483601566815492	-0.3602483800792954	0.0	(-0.3602483800792954+0j)
-0.598	-0.357604	-0.00024791553386928816	-0.3578519357040037	0.0	(-0.3578519357040037+0j)
-0.596	-0.355216	-0.00024746715990708765	-0.35546348758132684	0.0	(-0.35546348758132684+0j)
-0.594	-0.352836	-0.00024701500392406507	-0.3530830356804604	0.0	(-0.3530830356804604+0j)
-0.592	-0.35046399999999994	-0.00024655903497223006	-0.350710579970521	0.0	(-0.350710579970521+0j)
-0.59	-0.34809999999999997	-0.0002460992220322175	-0.34834612042056007	0.0	(-0.34834612042056007+0j)
-0.588	-0.34574399999999994	-0.0002456355340191935	-0.34598965699956435	0.0	(-0.34598965699956435+0j)
-0.586	-0.343396	-0.00024516793978893674	-0.3436411896764592	0.0	(-0.3436411896764592+0j)
-0.584	-0.34105599999999997	-0.00024469640814409575	-0.34130071842012144	0.0	(-0.34130071842012144+0j)
-0.582	-0.33872399999999997	-0.00024422090784062523	-0.33896824319938346	0.0	(-0.33896824319938346+0j)
-0.58	-0.3364	-0.00024374140759440352	-0.3366437639830333	0.0	(-0.3366437639830333+0j)
-0.578	-0.33408399999999994	-0.00024325787608803207	-0.3343272807398342	0.0	(-0.3343272807398342+0j)
-0.5760000000000001	-0.33177600000000007	-0.00024277028197781985	-0.3320187934385238	0.0	(-0.3320187934385238+0j)
-0.5740000000000001	-0.3294760000000001	-0.00024227859390095385	-0.3297183020478146	0.0	(-0.3297183020478146+0j)
-0.5720000000000001	-0.3271840000000001	-0.00024178278048285744	-0.3274258065364195	0.0	(-0.3274258065364195+0j)
-0.5700000000000001	-0.3249000000000001	-0.00024128281034473876	-0.3251413068730423	0.0	(-0.3251413068730423+0j)
-0.5680000000000001	-0.3226240000000001	-0.00024077865211133035	-0.3228648030263951	0.0	(-0.3228648030263951+0j)
-0.5660000000000001	-0.3203560000000001	-0.00024027027441882152	-0.32059629496519615	0.0	(-0.32059629496519615+0j)
-0.5640000000000001	-0.31809600000000005	-0.0002397576459229853	-0.3183357826581985	0.0	(-0.3183357826581985+0j)
-0.562	-0.31584400000000007	-0.00023924073530750165	-0.3160832660741714	0.0	(-0.3160832660741714+0j)
-0.56	-0.31360000000000005	-0.00023871951129247733	-0.31383874518192895	0.0	(-0.31383874518192895+0j)
-0.558	-0.3113640000000001	-0.00023819394264316474	-0.31160221995033244	0.0	(-0.31160221995033244+0j)
-0.556	-0.3091360000000001	-0.00023766399817888053	-0.30937369034829665	0.0	(-0.30937369034829665+0j)
-0.554	-0.3069160000000001	-0.00023712964678212543	-0.30715315634480406	0.0	(-0.30715315634480406+0j)
-0.552	-0.30470400000000003	-0.00023659085740790572	-0.30494061790890725	0.0	(-0.30494061790890725+0j)
-0.55	-0.30250000000000005	-0.00023604759909325837	-0.3027360750097485	0.0	(-0.3027360750097485+0j)
-0.548	-0.30030400000000007	-0.0002354998409669797	-0.3005395276165631	0.0	(-0.3005395276165631+0j)
-0.546	-0.29811600000000005	-0.00023494755225955926	-0.2983509756986845	0.0	(-0.2983509756986845+0j)
-0.544	-0.29593600000000003	-0.00023439070231331917	-0.2961704192255655	0.0	(-0.2961704192255655+0j)
-0.542	-0.293764	-0.00023382926059276009	-0.29399785816678436	0.0	(-0.29399785816678436+0j)
-0.54	-0.2916	-0.00023326319669511312	-0.2918332924920463	0.0	(-0.2918332924920463+0j)
-0.538	-0.28944400000000003	-0.00023269248036110018	-0.2896767221712111	0.0	(-0.2896767221712111+0j)
-0.536	-0.28729600000000005	-0.00023211708148590128	-0.2875281471742894	0.0	(-0.2875281471742894+0j)
-0.534	-0.285156	-0.00023153697013032984	-0.2853875674714638	0.0	(-0.2853875674714638+0j)
-0.532	-0.28302400000000005	-0.0002309521165322162	-0.2832549830330995	0.0	(-0.2832549830330995+0j)
-0.53	-0.28090000000000004	-0.00023036249111799934	-0.2811303938297397	0.0	(-0.2811303938297397+0j)
-0.528	-0.27878400000000003	-0.00022976806451452628	-0.27901379983214253	0.0	(-0.27901379983214253+0j)
-0.526	-0.27667600000000003	-0.00022916880756105974	-0.27690520101128113	0.0	(-0.27690520101128113+0j)
-0.524	-0.27457600000000004	-0.0002285646913214932	-0.27480459733834545	0.0	(-0.27480459733834545+0j)
-0.522	-0.272484	-0.00022795568709677285	-0.27271198878477715	0.0	(-0.27271198878477715+0j)
-0.52	-0.27040000000000003	-0.00022734176643752666	-0.2706273753222602	0.0	(-0.2706273753222602+0j)
-0.518	-0.268324	-0.00022672290115689883	-0.2685507569227529	0.0	(-0.2685507569227529+0j)
-0.516	-0.266256	-0.00022609906334358985	-0.2664821335584862	0.0	(-0.2664821335584862+0j)
-0.514	-0.264196	-0.00022547022537510028	-0.26442150520198227	0.0	(-0.26442150520198227+0j)
-0.512	-0.262144	-0.00022483635993117792	-0.2623688718260713	0.0	(-0.2623688718260713+0j)
-0.51	-0.2601	-0.00022419744000746686	-0.26032423340390176	0.0	(-0.26032423340390176+0j)
-0.508	-0.258064	-0.00022355343892935709	-0.25828758990895295	0.0	(-0.25828758990895295+0j)
-0.506	-0.256036	-0.000222904330366033	-0.2562589413150529	0.0	(-0.2562589413150529+0j)
-0.504	-0.254016	-0.00022225008834471992	-0.2542382875963917	0.0	(-0.2542382875963917+0j)
-0.502	-0.252004	-0.0002215906872651256	-0.25222562872752985	0.0	(-0.25222562872752985+0j)
-0.5	-0.25	-0.0002209261019140758	-0.2502209646834255	0.0	(-0.2502209646834255+0j)
-0.498	-0.248004	-0.00022025630748034173	-0.24822429543943583	0.0	(-0.24822429543943583+0j)
-0.496	-0.24601599999999998	-0.00021958127956965684	-0.24623562097134333	0.0	(-0.24623562097134333+0j)
-0.494	-0.244036	-0.0002189009942199202	-0.2442549412553609	0.0	(-0.2442549412553609+0j)
-0.492	-0.242064	-0.0002182154279165853	-0.24228225626815525	0.0	(-0.24228225626815525+0j)
-0.49	-0.24009999999999998	-0.00021752455760822974	-0.2403175659868613	0.0	(-0.2403175659868613+0j)
-0.488	-0.238144	-0.00021682836072230453	-0.23836087038909134	0.0	(-0.23836087038909134+0j)
-0.486	-0.236196	-0.00021612681518105902	-0.23641216945296148	0.0	(-0.23641216945296148+0j)
-0.484	-0.234256	-0.00021541989941763854	-0.23447146315709802	0.0	(-0.23447146315709802+0j)
-0.482	-0.23232399999999997	-0.00021470759239235147	-0.2325387514806622	0.0	(-0.2325387514806622+0j)
-0.48	-0.2304	-0.00021398987360910198	-0.2306140344033606	0.0	(-0.2306140344033606+0j)
-0.47800000000000004	-0.22848400000000005	-0.00021326672313198505	-0.22869731190545944	0.0	(-0.22869731190545944+0j)
-0.47600000000000003	-0.22657600000000003	-0.0002125381216020395	-0.2267885839678126	0.0	(-0.2267885839678126+0j)
-0.47400000000000003	-0.22467600000000004	-0.00021180405025415553	-0.22488785057186697	0.0	(-0.22488785057186697+0j)
-0.47200000000000003	-0.22278400000000004	-0.00021106449093413163	-0.22299511169968822	0.0	(-0.22299511169968822+0j)
-0.47000000000000003	-0.22090000000000004	-0.00021031942611587736	-0.22111036733396958	0.0	(-0.22111036733396958+0j)
-0.468	-0.21902400000000002	-0.00020956883891875712	-0.21923361745805875	0.0	(-0.21923361745805875+0j)
-0.466	-0.21715600000000002	-0.00020881271312506988	-0.21736486205596325	0.0	(-0.21736486205596325+0j)
-0.464	-0.21529600000000002	-0.00020805103319766007	-0.2155041011123822	0.0	(-0.2155041011123822+0j)
-0.462	-0.21344400000000002	-0.00020728378429765468	-0.21365133461271485	0.0	(-0.21365133461271485+0j)
-0.46	-0.2116	-0.00020651095230232112	-0.21180656254307684	0.0	(-0.21180656254307684+0j)
-0.458	-0.209764	-0.00020573252382303999	-0.20996978489032986	0.0	(-0.20996978489032986+0j)
-0.456	-0.207936	-0.00020494848622338807	-0.20814100164208454	0.0	(-0.20814100164208454+0j)
-0.454	-0.20611600000000002	-0.00020415882763732425	-0.2063202127867305	0.0	(-0.2063202127867305+0j)
-0.452	-0.204304	-0.0002033635369874736	-0.20450741831344693	0.0	(-0.20450741831344693+0j)
-0.45	-0.2025	-0.00020256260400350296	-0.20270261821222768	0.0	(-0.20270261821222768+0j)
-0.448	-0.20070400000000002	-0.00020175601924058087	-0.20090581247389608	0.0	(-0.20090581247389608+0j)
-0.446	-0.198916	-0.00020094377409791663	-0.19911700109011876	0.0	(-0.19911700109011876+0j)
-0.444	-0.197136	-0.00020012586083737068	-0.19733618405343623	0.0	(-0.19733618405343623+0j)
-0.442	-0.195364	-0.00019930227260212932	-0.195563361357269	0.0	(-0.195563361357269+0j)
-0.44	-0.1936	-0.0001984730034354374	-0.19379853299595043	0.0	(-0.19379853299595043+0j)
-0.438	-0.191844	-0.00019763804829938102	-0.19204169896472303	0.0	(-0.19204169896472303+0j)
-0.436	-0.190096	-0.00019679740309371256	-0.19029285925978565	0.0	(-0.19029285925978565+0j)
-0.434	-0.188356	-0.00019595106467471102	-0.1885520138782872	0.0	(-0.1885520138782872+0j)
-0.432	-0.18662399999999998	-0.00019509903087406915	-0.1868191628183623	0.0	(-0.1868191628183623+0j)
-0.43	-0.18489999999999998	-0.0001942413005178	-0.1850943060791439	0.0	(-0.1850943060791439+0j)
-0.428	-0.18318399999999999	-0.00019337787344515358	-0.18337744366077816	0.0	(-0.18337744366077816+0j)
-0.426	-0.181476	-0.0001925087505275366	-0.18166857556445368	0.0	(-0.18166857556445368+0j)
-0.424	-0.179776	-0.00019163393368742547	-0.179967701792409	0.0	(-0.179967701792409+0j)
-0.422	-0.178084	-0.00019075342591726456	-0.17827482234795916	0.0	(-0.17827482234795916+0j)
-0.42	-0.17639999999999997	-0.00018986723129834086	-0.17658993723551172	0.0	(-0.17658993723551172+0j)
-0.418	-0.174724	-0.00018897535501962508	-0.17491304646058772	0.0	(-0.17491304646058772+0j)
-0.41600000000000004	-0.17305600000000004	-0.00018807780339657112	-0.17324415002983545	0.0	(-0.17324415002983545+0j)
-0.41400000000000003	-0.17139600000000002	-0.00018717458388986378	-0.1715832479510532	0.0	(-0.1715832479510532+0j)
-0.41200000000000003	-0.16974400000000003	-0.00018626570512410507	-0.16993034023320944	0.0	(-0.16993034023320944+0j)
-0.41000000000000003	-0.16810000000000003	-0.00018535117690642998	-0.1682854268864565	0.0	(-0.1682854268864565+0j)
-0.40800000000000003	-0.16646400000000003	-0.0001844310102450414	-0.16664850792215047	0.0	(-0.16664850792215047+0j)
-0.406	-0.164836	-0.000183505217367654	-0.16501958335287273	0.0	(-0.16501958335287273+0j)
-0.404	-0.16321600000000003	-0.00018257381173983778	-0.16339865319244717	0.0	(-0.16339865319244717+0j)
-0.402	-0.16160400000000003	-0.0001816368080832497	-0.16178571745595305	0.0	(-0.16178571745595305+0j)
-0.4	-0.16000000000000003	-0.00018069422239374398	-0.1601807761597487	0.0	(-0.1601807761597487+0j)
-0.398	-0.15840400000000002	-0.0001797460719593503	-0.15858382932149095	0.0	(-0.15858382932149095+0j)
-0.396	-0.156816	-0.0001787923753781087	-0.15699487696014547	0.0	(-0.15699487696014547+0j)
-0.394	-0.155236	-0.00017783315257575088	-0.15541391909600813	0.0	(-0.15541391909600813+0j)
-0.392	-0.15366400000000002	-0.00017686842482321694	-0.15384095575072582	0.0	(-0.15384095575072582+0j)
-0.39	-0.1521	-0.00017589821475399582	-0.15227598694730904	0.0	(-0.15227598694730904+0j)
-0.388	-0.150544	-0.00017492254638127932	-0.1507190127101502	0.0	(-0.1507190127101502+0j)
-0.386	-0.14899600000000002	-0.00017394144511491776	-0.1491700330650415	0.0	(-0.1491700330650415+0j)
-0.384	-0.147456	-0.00017295493777816568	-0.14762904803918717	0.0	(-0.14762904803918717+0j)
-0.382	-0.145924	-0.0001719630526242069	-0.14609605766122727	0.0	(-0.14609605766122727+0j)
-0.38	-0.1444	-0.0001709658193524468	-0.1445710619612497	0.0	(-0.1445710619612497+0j)
-0.378	-0.142884	-0.00016996326912456028	-0.14305406097080134	0.0	(-0.14305406097080134+0j)
-0.376	-0.141376	-0.00016895543458028358	-0.14154505472291457	0.0	(-0.14154505472291457+0j)
-0.374	-0.139876	-0.00016794234985293896	-0.1400440432521118	0.0	(-0.1400440432521118+0j)
-0.372	-0.138384	-0.00016692405058467888	-0.1385510265944269	0.0	(-0.1385510265944269+0j)
-0.37	-0.1369	-0.00016590057394143937	-0.13706600478741882	0.0	(-0.13706600478741882+0j)
-0.368	-0.135424	-0.0001648719586275896	-0.13558897787018498	0.0	(-0.13558897787018498+0j)
-0.366	-0.133956	-0.00016383824490026633	-0.13411994588337364	0.0	(-0.13411994588337364+0j)
-0.364	-0.132496	-0.00016279947458338012	-0.13265890886920564	0.0	(-0.13265890886920564+0j)
-0.362	-0.131044	-0.00016175569108128302	-0.13120586687147523	0.0	(-0.13120586687147523+0j)
-0.36	-0.1296	-0.00016070693939208383	-0.12976081993557545	0.0	(-0.12976081993557545+0j)
-0.358	-0.128164	-0.0001596532661206	-0.12832376810850274	0.0	(-0.12832376810850274+0j)
-0.356	-0.126736	-0.00015859471949093335	-0.12689471143887493	0.0	(-0.12689471143887493+0j)
-0.354	-0.12531599999999998	-0.0001575313493586587	-0.1254736499769372	0.0	(-0.1254736499769372+0j)
-0.352	-0.12390399999999999	-0.0001564632072226115	-0.12406058377457987	0.0	(-0.12406058377457987+0j)
-0.35000000000000003	-0.12250000000000003	-0.0001553903462362637	-0.12265551288534804	0.0	(-0.12265551288534804+0j)
-0.34800000000000003	-0.12110400000000002	-0.00015431282121867583	-0.12125843736444666	0.0	(-0.12125843736444666+0j)
-0.34600000000000003	-0.11971600000000002	-0.00015323068866501268	-0.11986935726876152	0.0	(-0.11986935726876152+0j)
-0.34400000000000003	-0.11833600000000002	-0.00015214400675661073	-0.11848827265686021	0.0	(-0.11848827265686021+0j)
-0.342	-0.11696400000000001	-0.00015105283537058568	-0.1171151835890062	0.0	(-0.1171151835890062+0j)
-0.34	-0.11560000000000002	-0.0001499572360889682	-0.11575009012716488	0.0	(-0.11575009012716488+0j)
-0.338	-0.11424400000000001	-0.00014885727220735558	-0.11439299233501934	0.0	(-0.11439299233501934+0j)
-0.336	-0.11289600000000001	-0.0001477530087430688	-0.11304389027797	0.0	(-0.11304389027797+0j)
-0.334	-0.11155600000000002	-0.00014664451244280154	-0.11170278402314547	0.0	(-0.11170278402314547+0j)
-0.332	-0.11022400000000002	-0.0001455318517897512	-0.11036967363941576	0.0	(-0.11036967363941576+0j)
-0.33	-0.10890000000000001	-0.00014441509701022012	-0.10904455919738638	0.0	(-0.10904455919738638+0j)
-0.328	-0.10758400000000001	-0.00014329432007967495	-0.10772744076942034	0.0	(-0.10772744076942034+0j)
-0.326	-0.10627600000000001	-0.00014216959472825385	-0.10641831842963108	0.0	(-0.10641831842963108+0j)
-0.324	-0.104976	-0.00014104099644571028	-0.10511719225389628	0.0	(-0.10511719225389628+0j)
-0.322	-0.10368400000000001	-0.00013990860248578164	-0.1038240623198591	0.0	(-0.1038240623198591+0j)
-0.32	-0.1024	-0.00013877249186997344	-0.10253892870693067	0.0	(-0.10253892870693067+0j)
-0.318	-0.101124	-0.0001376327453907472	-0.10126179149630138	0.0	(-0.10126179149630138+0j)
-0.316	-0.099856	-0.00013648944561410207	-0.099992650770937	0.0	(-0.099992650770937+0j)
-0.314	-0.098596	-0.00013534267688153966	-0.09873150661558515	0.0	(-0.09873150661558515+0j)
-0.312	-0.097344	-0.000134192525311403	-0.09747835911677769	0.0	(-0.09747835911677769+0j)
-0.31	-0.0961	-0.00013303907879957792	-0.09623320836283086	0.0	(-0.09623320836283086+0j)
-0.308	-0.094864	-0.00013188242701954898	-0.09499605444384951	0.0	(-0.09499605444384951+0j)
-0.306	-0.093636	-0.00013072266142179938	-0.09376689745172466	0.0	(-0.09376689745172466+0j)
-0.304	-0.092416	-0.0001295598752325463	-0.09254573748013782	0.0	(-0.09254573748013782+0j)
-0.302	-0.091204	-0.00012839416345180208	-0.09133257462455777	0.0	(-0.09133257462455777+0j)
-0.3	-0.09	-0.00012722562285075284	-0.09012740898224018	0.0	(-0.09012740898224018+0j)
-0.298	-0.088804	-0.00012605435196844602	-0.08893024065222897	0.0	(-0.08893024065222897+0j)
-0.296	-0.08761599999999999	-0.00012488045110777867	-0.0877410697353517	0.0	(-0.0877410697353517+0j)
-0.294	-0.08643599999999999	-0.00012370402233077808	-0.08655989633421898	0.0	(-0.08655989633421898+0j)
-0.292	-0.08526399999999999	-0.000122525169453168	-0.08538672055321879	0.0	(-0.08538672055321879+0j)
-0.29	-0.0841	-0.00012134399803821188	-0.08422154249851857	0.0	(-0.08422154249851857+0j)
-0.28800000000000003	-0.08294400000000002	-0.00012016061538982699	-0.08306436227805479	0.0	(-0.08306436227805479+0j)
-0.28600000000000003	-0.08179600000000002	-0.00011897513054496203	-0.08191518000153442	0.0	(-0.08191518000153442+0j)
-0.28400000000000003	-0.08065600000000002	-0.00011778765426523243	-0.08077399578042435	0.0	(-0.08077399578042435+0j)
-0.28200000000000003	-0.07952400000000001	-0.00011659829902780668	-0.07964080972795076	0.0	(-0.07964080972795076+0j)
-0.28	-0.07840000000000001	-0.00011540717901553733	-0.07851562195908725	0.0	(-0.07851562195908725+0j)
-0.278	-0.07728400000000002	-0.00011421441010633313	-0.07739843259055387	0.0	(-0.07739843259055387+0j)
-0.276	-0.07617600000000001	-0.0001130201098617647	-0.07628924174080526	0.0	(-0.07628924174080526+0j)
-0.274	-0.07507600000000002	-0.00011182439751490118	-0.07518804953002362	0.0	(-0.07518804953002362+0j)
-0.272	-0.07398400000000001	-0.00011062739395737178	-0.07409485608010982	0.0	(-0.07409485608010982+0j)
-0.27	-0.0729	-0.00010942922172564971	-0.07300966151467486	0.0	(-0.07300966151467486+0j)
-0.268	-0.07182400000000001	-0.00010823000498655319	-0.07193246595902644	0.0	(-0.07193246595902644+0j)
-0.266	-0.07075600000000001	-0.00010702986952196216	-0.07086326954016273	0.0	(-0.07086326954016273+0j)
-0.264	-0.06969600000000001	-0.00010582894271274641	-0.06980207238675643	0.0	(-0.06980207238675643+0j)
-0.262	-0.06864400000000001	-0.00010462735352190325	-0.06874887462914331	0.0	(-0.06874887462914331+0j)
-0.26	-0.06760000000000001	-0.00010342523247690254	-0.06770367639930921	0.0	(-0.06770367639930921+0j)
-0.258	-0.066564	-0.00010222271165123794	-0.06666647783087544	0.0	(-0.06666647783087544+0j)
-0.256	-0.065536	-0.00010101992464518247	-0.0656372790590832	0.0	(-0.0656372790590832+0j)
-0.254	-0.064516	-9.981700656574824e-05	-0.0646160802207776	0.0	(-0.0646160802207776+0j)
-0.252	-0.063504	-9.861409400584944e-05	-0.06360288145439025	0.0	(-0.06360288145439025+0j)
-0.25	-0.0625	-9.741132502266955e-05	-0.06259768289992003	0.0	(-0.06259768289992003+0j)
-0.248	-0.061503999999999996	-9.620883911523223e-05	-0.061600484698914146	0.0	(-0.061600484698914146+0j)
-0.246	-0.060516	-9.500677720117807e-05	-0.060611286994447414	0.0	(-0.060611286994447414+0j)
-0.244	-0.059536	-9.380528159274763e-05	-0.059630089931099604	0.0	(-0.059630089931099604+0j)
-0.242	-0.058564	-9.260449597197365e-05	-0.058656893654931375	0.0	(-0.058656893654931375+0j)
-0.24	-0.0576	-9.140456536508406e-05	-0.05769169831346038	0.0	(-0.05769169831346038+0j)
-0.23800000000000002	-0.05664400000000001	-9.020563611611904e-05	-0.056734504055633274	0.0	(-0.056734504055633274+0j)
-0.23600000000000002	-0.05569600000000001	-8.90078558597656e-05	-0.05578531103179629	0.0	(-0.05578531103179629+0j)
-0.234	-0.054756000000000006	-8.781137349341277e-05	-0.05484411939366819	0.0	(-0.05484411939366819+0j)
-0.232	-0.053824000000000004	-8.661633914843321e-05	-0.05391092929430324	0.0	(-0.05391092929430324+0j)
-0.23	-0.0529	-8.542290416069382e-05	-0.0529857408880614	0.0	(-0.0529857408880614+0j)
-0.228	-0.051984	-8.423122104030324e-05	-0.05206855433056751	0.0	(-0.05206855433056751+0j)
-0.226	-0.051076	-8.304144344059897e-05	-0.051159369778674274	0.0	(-0.051159369778674274+0j)
-0.224	-0.050176000000000005	-8.185372612638351e-05	-0.05025818739041909	0.0	(-0.05025818739041909+0j)
-0.222	-0.049284	-8.06682249414139e-05	-0.049365007324979816	0.0	(-0.049365007324979816+0j)
-0.22	-0.0484	-7.948509677515258e-05	-0.04847982974262699	0.0	(-0.04847982974262699+0j)
-0.218	-0.047524	-7.830449952878805e-05	-0.047602654804671796	0.0	(-0.047602654804671796+0j)
-0.216	-0.046655999999999996	-7.712659208053202e-05	-0.046733482673412735	0.0	(-0.046733482673412735+0j)
-0.214	-0.045795999999999996	-7.595153425020342e-05	-0.045872313512074964	0.0	(-0.045872313512074964+0j)
-0.212	-0.044944	-7.47794867631069e-05	-0.04501914748474982	0.0	(-0.04501914748474982+0j)
-0.21	-0.04409999999999999	-7.361061121321667e-05	-0.04417398475632596	0.0	(-0.04417398475632596+0j)
-0.20800000000000002	-0.04326400000000001	-7.244507002567522e-05	-0.043336825492420086	0.0	(-0.043336825492420086+0j)
-0.20600000000000002	-0.04243600000000001	-7.128302641861776e-05	-0.04250766985929646	0.0	(-0.04250766985929646+0j)
-0.20400000000000001	-0.04161600000000001	-7.012464436433304e-05	-0.04168651802378739	0.0	(-0.04168651802378739+0j)
-0.202	-0.04080400000000001	-6.897008854977347e-05	-0.04087337015320322	0.0	(-0.04087337015320322+0j)
-0.2	-0.04000000000000001	-6.781952433642493e-05	-0.04006822641523878	0.0	(-0.04006822641523878+0j)
-0.198	-0.039204	-6.667311771954995e-05	-0.03927108697787105	0.0	(-0.03927108697787105+0j)
-0.196	-0.038416000000000006	-6.553103528681676e-05	-0.03848195200925016	0.0	(-0.03848195200925016+0j)
-0.194	-0.037636	-6.439344417632867e-05	-0.03770082167758284	0.0	(-0.03770082167758284+0j)
-0.192	-0.036864	-6.326051203406611e-05	-0.036927696151006384	0.0	(-0.036927696151006384+0j)
-0.19	-0.0361	-6.213240697075704e-05	-0.03616257559745397	0.0	(-0.03616257559745397+0j)
-0.188	-0.035344	-6.100929751819027e-05	-0.03540546018451105	0.0	(-0.03540546018451105+0j)
-0.186	-0.034596	-5.989135258498771e-05	-0.03465635007925847	0.0	(-0.03465635007925847+0j)
-0.184	-0.033856	-5.8778741411848716e-05	-0.03391524544810646	0.0	(-0.03391524544810646+0j)
-0.182	-0.033124	-5.767163352628684e-05	-0.03318214645661459	0.0	(-0.03318214645661459+0j)
-0.18	-0.0324	-5.657019869687212e-05	-0.03245705326930007	0.0	(-0.03245705326930007+0j)
-0.178	-0.031684	-5.547460688699732e-05	-0.03173996604943061	0.0	(-0.03173996604943061+0j)
-0.176	-0.030975999999999997	-5.438502820818633e-05	-0.03103088495880161	0.0	(-0.03103088495880161+0j)
-0.17400000000000002	-0.030276000000000004	-5.330163287296094e-05	-0.030329810157497562	0.0	(-0.030329810157497562+0j)
-0.17200000000000001	-0.029584000000000006	-5.2224591147286355e-05	-0.029636741803637276	0.0	(-0.029636741803637276+0j)
-0.17	-0.028900000000000006	-5.1154073302611334e-05	-0.028951680053095077	0.0	(-0.028951680053095077+0j)
-0.168	-0.028224000000000003	-5.0090249567525184e-05	-0.028274625059208327	0.0	(-0.028274625059208327+0j)
-0.166	-0.027556000000000004	-4.903329007904861e-05	-0.027605576972457174	0.0	(-0.027605576972457174+0j)
-0.164	-0.026896000000000003	-4.7983364833579286e-05	-0.026944535940125264	0.0	(-0.026944535940125264+0j)
-0.162	-0.026244	-4.694064363751248e-05	-0.02629150210593339	0.0	(-0.02629150210593339+0j)
-0.16	-0.0256	-4.590529605755659e-05	-0.025646475609646634	0.0	(-0.025646475609646634+0j)
-0.158	-0.024964	-4.4877491370764245e-05	-0.02500945658665375	0.0	(-0.02500945658665375+0j)
-0.156	-0.024336	-4.385739851430126e-05	-0.02438044516751594	0.0	(-0.02438044516751594+0j)
-0.154	-0.023716	-4.284518603497444e-05	-0.02375944147748318	0.0	(-0.02375944147748318+0j)
-0.152	-0.023104	-4.1841022038538456e-05	-0.02314644563597643	0.0	(-0.02314644563597643+0j)
-0.15	-0.0225	-4.084507413880615e-05	-0.02254145775603374	0.0	(-0.02254145775603374+0j)
-0.148	-0.021903999999999996	-3.9857509406583845e-05	-0.021944477943716716	0.0	(-0.021944477943716716+0j)
-0.146	-0.021315999999999998	-3.8878494318452324e-05	-0.021355506297477345	0.0	(-0.021355506297477345+0j)
-0.14400000000000002	-0.020736000000000004	-3.79081947054204e-05	-0.020774542907479703	0.0	(-0.020774542907479703+0j)
-0.14200000000000002	-0.020164000000000005	-3.694677570146941e-05	-0.020201587854876853	0.0	(-0.020201587854876853+0j)
-0.14	-0.019600000000000003	-3.5994401692014505e-05	-0.019636641211039457	0.0	(-0.019636641211039457+0j)
-0.138	-0.019044000000000002	-3.5051236262307644e-05	-0.01907970303673169	0.0	(-0.01907970303673169+0j)
-0.136	-0.018496000000000002	-3.411744214580244e-05	-0.01853077338123523	0.0	(-0.01853077338123523+0j)
-0.134	-0.017956000000000003	-3.319318117250593e-05	-0.017989852281413914	0.0	(-0.017989852281413914+0j)
-0.132	-0.017424000000000002	-3.227861421734469e-05	-0.017456939760720554	0.0	(-0.017456939760720554+0j)
-0.13	-0.016900000000000002	-3.137390114856323e-05	-0.01693203582814057	0.0	(-0.01693203582814057+0j)
-0.128	-0.016384	-3.047920077618449e-05	-0.016415140477069958	0.0	(-0.016415140477069958+0j)
-0.126	-0.015876	-2.9594670800554316e-05	-0.015906253684123517	0.0	(-0.015906253684123517+0j)
-0.124	-0.015375999999999999	-2.8720467760995003e-05	-0.015405375407873867	0.0	(-0.015405375407873867+0j)
-0.122	-0.014884	-2.7856746984591084e-05	-0.014912505587512606	0.0	(-0.014912505587512606+0j)
-0.12	-0.0144	-2.7003662535135707e-05	-0.014427644141438035	0.0	(-0.014427644141438035+0j)
-0.11800000000000001	-0.013924000000000002	-2.6161367162258302e-05	-0.013950790965759973	0.0	(-0.013950790965759973+0j)
-0.116	-0.013456000000000001	-2.5330012250759926e-05	-0.013481945932726142	0.0	(-0.013481945932726142+0j)
-0.114	-0.012996	-2.4509747770183612e-05	-0.01302110888906273	0.0	(-0.01302110888906273+0j)
-0.112	-0.012544000000000001	-2.3700722224638886e-05	-0.01256827965423498	0.0	(-0.01256827965423498+0j)
-0.11	-0.0121	-2.290308260291113e-05	-0.012123458018622286	0.0	(-0.012123458018622286+0j)
-0.108	-0.011663999999999999	-2.2116974328877104e-05	-0.011686643741616501	0.0	(-0.011686643741616501+0j)
-0.106	-0.011236	-2.134254121225268e-05	-0.01125783654964353	0.0	(-0.01125783654964353+0j)
-0.10400000000000001	-0.010816000000000003	-2.057992539969758e-05	-0.010837036134120744	0.0	(-0.010837036134120744+0j)
-0.10200000000000001	-0.010404000000000002	-1.9829267326300015e-05	-0.010424242149360071	0.0	(-0.010424242149360071+0j)
-0.1	-0.010000000000000002	-1.9090705667467943e-05	-0.010019454210438162	0.0	(-0.010019454210438162+0j)
-0.098	-0.009604000000000001	-1.836437729125333e-05	-0.009622671891059737	0.0	(-0.009622671891059737+0j)
-0.096	-0.009216	-1.7650417211125675e-05	-0.009233894721453008	0.0	(-0.009233894721453008+0j)
-0.094	-0.008836	-1.694895853922851e-05	-0.008853122186350553	0.0	(-0.008853122186350553+0j)
-0.092	-0.008464	-1.6260132440138256e-05	-0.008480353723127658	0.0	(-0.008480353723127658+0j)
-0.09	-0.0081	-1.5584068085147673e-05	-0.00811558872019774	0.0	(-0.00811558872019774+0j)
-0.088	-0.007743999999999999	-1.4920892607103373e-05	-0.00775882651579903	0.0	(-0.00775882651579903+0j)
-0.08600000000000001	-0.0073960000000000015	-1.427073105581371e-05	-0.007410066397351299	0.0	(-0.007410066397351299+0j)
-0.084	-0.007056000000000001	-1.3633706354055504e-05	-0.007069307601624554	0.0	(-0.007069307601624554+0j)
-0.082	-0.006724000000000001	-1.300993925420213e-05	-0.006736549316042898	0.0	(-0.006736549316042898+0j)
-0.08	-0.0064	-1.2399548295491393e-05	-0.006411790681553451	0.0	(-0.006411790681553451+0j)
-0.078	-0.006084	-1.1802649761964019e-05	-0.00609503079763229	0.0	(-0.00609503079763229+0j)
-0.076	-0.005776	-1.1219357641083227e-05	-0.005786268730189759	0.0	(-0.005786268730189759+0j)
-0.074	-0.005475999999999999	-1.0649783583072115e-05	-0.005485503523382973	0.0	(-0.005485503523382973+0j)
-0.07200000000000001	-0.005184000000000001	-1.009403686097199e-05	-0.005192734216667698	0.0	(-0.005192734216667698+0j)
-0.07	-0.004900000000000001	-9.55222433146677e-06	-0.00490795986884968	0.0	(-0.00490795986884968+0j)
-0.068	-0.0046240000000000005	-9.0244503964651e-06	-0.004631179591441833	0.0	(-0.004631179591441833+0j)
-0.066	-0.0043560000000000005	-8.510816965491552e-06	-0.0043623925943431854	0.0	(-0.0043623925943431854+0j)
-0.064	-0.004096	-8.01142341888203e-06	-0.004101598247752898	0.0	(-0.004101598247752898+0j)
-0.062	-0.0038439999999999998	-7.526366571816712e-06	-0.0038487961653446987	0.0	(-0.0038487961653446987+0j)
-0.06	-0.0036	-7.05574063920994e-06	-0.0036039863150779047	0.0	(-0.0036039863150779047+0j)
-0.058	-0.0033640000000000002	-6.599637201461228e-06	-0.003367169165578283	0.0	(-0.003367169165578283+0j)
-0.056	-0.0031360000000000003	-6.158145171117346e-06	-0.0031383458776982395	0.0	(-0.0031383458776982395+0j)
-0.054	-0.0029159999999999998	-5.7313507604170316e-06	-0.0029175185524347937	0.0	(-0.0029175185524347937+0j)
-0.052000000000000005	-0.0027040000000000007	-5.319337449792572e-06	-0.0027046905473835947	0.0	(-0.0027046905473835947+0j)
-0.05	-0.0025000000000000005	-4.922185957285941e-06	-0.002499866873524566	0.0	(-0.002499866873524566+0j)
-0.048	-0.002304	-4.539974208947473e-06	-0.002303054681004457	0.0	(-0.002303054681004457+0j)
-0.046	-0.002116	-4.172777310203213e-06	-0.002114263834644552	0.0	(-0.002114263834644552+0j)
-0.044	-0.0019359999999999998	-3.820667518214527e-06	-0.0019335075643405657	0.0	(-0.0019335075643405657+0j)
-0.042	-0.0017640000000000002	-3.4837142152466253e-06	-0.001760803149086552	0.0	(-0.001760803149086552+0j)
-0.04	-0.0016	-3.161983883051556e-06	-0.0015961725534282278	0.0	(-0.0015961725534282278+0j)
-0.038	-0.001444	-2.855540078311458e-06	-0.001439642882056269	0.0	(-0.001439642882056269+0j)
-0.036000000000000004	-0.0012960000000000003	-2.5644434091032234e-06	-0.0012912464588984128	0.0	(-0.0012912464588984128+0j)
-0.034	-0.0011560000000000001	-2.2887515124442314e-06	-0.0011510202889260242	0.0	(-0.0011510202889260242+0j)
-0.032	-0.001024	-2.0285190329066837e-06	-0.0010190046528532723	0.0	(-0.0010190046528532723+0j)
-0.03	-0.0009	-1.7837976023227231e-06	-0.000895240649496794	0.0	(-0.000895240649496794+0j)
-0.028	-0.0007840000000000001	-1.5546358205775768e-06	-0.0007797666530853881	0.0	(-0.0007797666530853881+0j)
-0.026000000000000002	-0.0006760000000000002	-1.3410792375434522e-06	-0.0006726138623645349	0.0	(-0.0006726138623645349+0j)
-0.024	-0.000576	-1.1431703360820223e-06	-0.0005738012906290668	0.0	(-0.0005738012906290668+0j)
-0.022	-0.00048399999999999995	-9.60948516226523e-07	-0.0004833305425297398	0.0	(-0.0004833305425297398+0j)
-0.02	-0.0004	-7.944500804768495e-07	-0.0004011804185214408	0.0	(-0.0004011804185214408+0j)
-0.018000000000000002	-0.00032400000000000007	-6.43708220204875e-07	-0.00032730071458352515	0.0	(-0.00032730071458352515+0j)
-0.016	-0.000256	-5.087530033365262e-07	-0.00026160351068472737	0.0	(-0.00026160351068472737+0j)
-0.014	-0.00019600000000000002	-3.896113630164067e-07	-0.00020394865166789485	0.0	(-0.00020394865166789485+0j)
-0.012	-0.000144	-2.8630708757138026e-07	-0.00015411768997205567	0.0	(-0.00015411768997205567+0j)
-0.01	-0.0001	-1.988608115510715e-07	-0.00011176680216186375	0.0	(-0.00011176680216186375+0j)
-0.008	-6.4e-05	-1.27290008178349e-07	-7.634437927395977e-05	0.0	(-7.634437927395977e-05+0j)
-0.006	-3.6e-05	-7.160898265468064e-08	-4.695783372862596e-05	0.0	(-4.695783372862596e-05+0j)
-0.004	-1.6e-05	-3.182886665342721e-08	-2.2196007227737152e-05	0.0	(-2.2196007227737152e-05+0j)
-0.002	-4e-06	-7.95761465610667e-09	3.266159044612582e-18	-0.001300542757880378	(3.266159044612582e-18-0.001300542757880378j)
0.002	4e-06	7.95761465610667e-09	3.266159044612582e-18	0.001300542757880378	(3.266159044612582e-18+0.001300542757880378j)
0.004	1.6e-05	3.182886665342721e-08	2.2196007227720252e-05	0.0	(2.2196007227720252e-05+0j)
0.006	3.6e-05	7.160898265468064e-08	4.695783372864042e-05	0.0	(4.695783372864042e-05+0j)
0.008	6.4e-05	1.27290008178349e-07	7.634437927390644e-05	0.0	(7.634437927390644e-05+0j)
0.01	0.0001	1.988608115510715e-07	0.00011176680216187478	0.0	(0.00011176680216187478+0j)
0.012	0.000144	2.8630708757138026e-07	0.0001541176899720887	0.0	(0.0001541176899720887+0j)
0.014	0.00019600000000000002	3.896113630164067e-07	0.00020394865166789144	0.0	(0.00020394865166789144+0j)
0.016	0.000256	5.087530033365262e-07	0.0002616035106846981	0.0	(0.0002616035106846981+0j)
0.018000000000000002	0.00032400000000000007	6.43708220204875e-07	0.00032730071458355567	0.0	(0.00032730071458355567+0j)
0.02	0.0004	7.944500804768495e-07	0.0004011804185214317	0.0	(0.0004011804185214317+0j)
0.022	0.00048399999999999995	9.60948516226523e-07	0.0004833305425297355	0.0	(0.0004833305425297355+0j)
0.024	0.000576	1.1431703360820223e-06	0.0005738012906290116	0.0	(0.0005738012906290116+0j)
0.026000000000000002	0.0006760000000000002	1.3410792375434522e-06	0.000672613862364518	0.0	(0.000672613862364518+0j)
0.028	0.0007840000000000001	1.5546358205775768e-06	0.0007797666530853579	0.0	(0.0007797666530853579+0j)
0.03	0.0009	1.7837976023227231e-06	0.0008952406494967581	0.0	(0.0008952406494967581+0j)
0.032	0.001024	2.0285190329066837e-06	0.0010190046528532645	0.0	(0.0010190046528532645+0j)
0.034	0.0011560000000000001	2.2887515124442314e-06	0.0011510202889260129	0.0	(0.0011510202889260129+0j)
0.036000000000000004	0.0012960000000000003	2.5644434091032234e-06	0.0012912464588984228	0.0	(0.0012912464588984228+0j)
0.038	0.001444	2.855540078311458e-06	0.0014396428820562474	0.0	(0.0014396428820562474+0j)
0.04	0.0016	3.161983883051556e-06	0.001596172553428257	0.0	(0.001596172553428257+0j)
0.042	0.0017640000000000002	3.4837142152466253e-06	0.0017608031490865743	0.0	(0.0017608031490865743+0j)
0.044	0.0019359999999999998	3.820667518214527e-06	0.0019335075643406082	0.0	(0.0019335075643406082+0j)
0.046	0.002116	4.172777310203213e-06	0.002114263834644573	0.0	(0.002114263834644573+0j)
0.048	0.002304	4.539974208947473e-06	0.0023030546810044903	0.0	(0.0023030546810044903+0j)
0.05	0.0025000000000000005	4.922185957285941e-06	0.00249986687352458	0.0	(0.00249986687352458+0j)
0.052000000000000005	0.0027040000000000007	5.319337449792572e-06	0.002704690547383638	0.0	(0.002704690547383638+0j)
0.054	0.0029159999999999998	5.7313507604170316e-06	0.002917518552434802	0.0	(0.002917518552434802+0j)
0.056	0.0031360000000000003	6.158145171117346e-06	0.0031383458776982477	0.0	(0.0031383458776982477+0j)
0.058	0.0033640000000000002	6.599637201461228e-06	0.003367169165578282	0.0	(0.003367169165578282+0j)
0.06	0.0036	7.05574063920994e-06	0.0036039863150779386	0.0	(0.0036039863150779386+0j)
0.062	0.0038439999999999998	7.526366571816712e-06	0.003848796165344666	0.0	(0.003848796165344666+0j)
0.064	0.004096	8.01142341888203e-06	0.004101598247752883	0.0	(0.004101598247752883+0j)
0.066	0.0043560000000000005	8.510816965491552e-06	0.004362392594343221	0.0	(0.004362392594343221+0j)
0.068	0.0046240000000000005	9.0244503964651e-06	0.004631179591441779	0.0	(0.004631179591441779+0j)
0.07	0.004900000000000001	9.55222433146677e-06	0.004907959868849719	0.0	(0.004907959868849719+0j)
0.07200000000000001	0.005184000000000001	1.009403686097199e-05	0.005192734216667725	0.0	(0.005192734216667725+0j)
0.074	0.005475999999999999	1.0649783583072115e-05	0.005485503523382956	0.0	(0.005485503523382956+0j)
0.076	0.005776	1.1219357641083227e-05	0.005786268730189814	0.0	(0.005786268730189814+0j)
0.078	0.006084	1.1802649761964019e-05	0.006095030797632287	0.0	(0.006095030797632287+0j)
0.08	0.0064	1.2399548295491393e-05	0.006411790681553435	0.0	(0.006411790681553435+0j)
0.082	0.006724000000000001	1.300993925420213e-05	0.006736549316042941	0.0	(0.006736549316042941+0j)
0.084	0.007056000000000001	1.3633706354055504e-05	0.007069307601624584	0.0	(0.007069307601624584+0j)
0.08600000000000001	0.0073960000000000015	1.427073105581371e-05	0.007410066397351341	0.0	(0.007410066397351341+0j)
0.088	0.007743999999999999	1.4920892607103373e-05	0.007758826515799101	0.0	(0.007758826515799101+0j)
0.09	0.0081	1.5584068085147673e-05	0.008115588720197702	0.0	(0.008115588720197702+0j)
0.092	0.008464	1.6260132440138256e-05	0.008480353723127646	0.0	(0.008480353723127646+0j)
0.094	0.008836	1.694895853922851e-05	0.008853122186350548	0.0	(0.008853122186350548+0j)
0.096	0.009216	1.7650417211125675e-05	0.00923389472145301	0.0	(0.00923389472145301+0j)
0.098	0.009604000000000001	1.836437729125333e-05	0.009622671891059748	0.0	(0.009622671891059748+0j)
0.1	0.010000000000000002	1.9090705667467943e-05	0.010019454210438164	0.0	(0.010019454210438164+0j)
0.10200000000000001	0.010404000000000002	1.9829267326300015e-05	0.010424242149360134	0.0	(0.010424242149360134+0j)
0.10400000000000001	0.010816000000000003	2.057992539969758e-05	0.01083703613412076	0.0	(0.01083703613412076+0j)
0.106	0.011236	2.134254121225268e-05	0.01125783654964356	0.0	(0.01125783654964356+0j)
0.108	0.011663999999999999	2.2116974328877104e-05	0.011686643741616466	0.0	(0.011686643741616466+0j)
0.11	0.0121	2.290308260291113e-05	0.012123458018622347	0.0	(0.012123458018622347+0j)
0.112	0.012544000000000001	2.3700722224638886e-05	0.012568279654234966	0.0	(0.012568279654234966+0j)
0.114	0.012996	2.4509747770183612e-05	0.013021108889062794	0.0	(0.013021108889062794+0j)
0.116	0.013456000000000001	2.5330012250759926e-05	0.013481945932726166	0.0	(0.013481945932726166+0j)
0.11800000000000001	0.013924000000000002	2.6161367162258302e-05	0.013950790965760091	0.0	(0.013950790965760091+0j)
0.12	0.0144	2.7003662535135707e-05	0.014427644141438142	0.0	(0.014427644141438142+0j)
0.122	0.014884	2.7856746984591084e-05	0.014912505587512653	0.0	(0.014912505587512653+0j)
0.124	0.015375999999999999	2.8720467760995003e-05	0.015405375407873878	0.0	(0.015405375407873878+0j)
0.126	0.015876	2.9594670800554316e-05	0.015906253684123656	0.0	(0.015906253684123656+0j)
0.128	0.016384	3.047920077618449e-05	0.01641514047706992	0.0	(0.01641514047706992+0j)
0.13	0.016900000000000002	3.137390114856323e-05	0.01693203582814061	0.0	(0.01693203582814061+0j)
0.132	0.017424000000000002	3.227861421734469e-05	0.01745693976072038	0.0	(0.01745693976072038+0j)
0.134	0.017956000000000003	3.319318117250593e-05	0.017989852281413844	0.0	(0.017989852281413844+0j)
0.136	0.018496000000000002	3.411744214580244e-05	0.018530773381235356	0.0	(0.018530773381235356+0j)
0.138	0.019044000000000002	3.5051236262307644e-05	0.019079703036731697	0.0	(0.019079703036731697+0j)
0.14	0.019600000000000003	3.5994401692014505e-05	0.01963664121103928	0.0	(0.01963664121103928+0j)
0.14200000000000002	0.020164000000000005	3.694677570146941e-05	0.02020158785487677	0.0	(0.02020158785487677+0j)
0.14400000000000002	0.020736000000000004	3.79081947054204e-05	0.020774542907479807	0.0	(0.020774542907479807+0j)
0.146	0.021315999999999998	3.8878494318452324e-05	0.02135550629747749	0.0	(0.02135550629747749+0j)
0.148	0.021903999999999996	3.9857509406583845e-05	0.021944477943716848	0.0	(0.021944477943716848+0j)
0.15	0.0225	4.084507413880615e-05	0.022541457756033736	0.0	(0.022541457756033736+0j)
0.152	0.023104	4.1841022038538456e-05	0.0231464456359765	0.0	(0.0231464456359765+0j)
0.154	0.023716	4.284518603497444e-05	0.02375944147748318	0.0	(0.02375944147748318+0j)
0.156	0.024336	4.385739851430126e-05	0.024380445167515946	0.0	(0.024380445167515946+0j)
0.158	0.024964	4.4877491370764245e-05	0.025009456586653683	0.0	(0.025009456586653683+0j)
0.16	0.0256	4.590529605755659e-05	0.02564647560964665	0.0	(0.02564647560964665+0j)
0.162	0.026244	4.694064363751248e-05	0.026291502105933513	0.0	(0.026291502105933513+0j)
0.164	0.026896000000000003	4.7983364833579286e-05	0.026944535940125296	0.0	(0.026944535940125296+0j)
0.166	0.027556000000000004	4.903329007904861e-05	0.027605576972457222	0.0	(0.027605576972457222+0j)
0.168	0.028224000000000003	5.0090249567525184e-05	0.028274625059208365	0.0	(0.028274625059208365+0j)
0.17	0.028900000000000006	5.1154073302611334e-05	0.028951680053095306	0.0	(0.028951680053095306+0j)
0.17200000000000001	0.029584000000000006	5.2224591147286355e-05	0.02963674180363743	0.0	(0.02963674180363743+0j)
0.17400000000000002	0.030276000000000004	5.330163287296094e-05	0.030329810157497694	0.0	(0.030329810157497694+0j)
0.176	0.030975999999999997	5.438502820818633e-05	0.031030884958801186	0.0	(0.031030884958801186+0j)
0.178	0.031684	5.547460688699732e-05	0.03173996604943049	0.0	(0.03173996604943049+0j)
0.18	0.0324	5.657019869687212e-05	0.03245705326930024	0.0	(0.03245705326930024+0j)
0.182	0.033124	5.767163352628684e-05	0.0331821464566147	0.0	(0.0331821464566147+0j)
0.184	0.033856	5.8778741411848716e-05	0.0339152454481065	0.0	(0.0339152454481065+0j)
0.186	0.034596	5.989135258498771e-05	0.03465635007925873	0.0	(0.03465635007925873+0j)
0.188	0.035344	6.100929751819027e-05	0.035405460184511114	0.0	(0.035405460184511114+0j)
0.19	0.0361	6.213240697075704e-05	0.03616257559745394	0.0	(0.03616257559745394+0j)
0.192	0.036864	6.326051203406611e-05	0.03692769615100619	0.0	(0.03692769615100619+0j)
0.194	0.037636	6.439344417632867e-05	0.037700821677582604	0.0	(0.037700821677582604+0j)
0.196	0.038416000000000006	6.553103528681676e-05	0.03848195200925016	0.0	(0.03848195200925016+0j)
0.198	0.039204	6.667311771954995e-05	0.03927108697787117	0.0	(0.03927108697787117+0j)
0.2	0.04000000000000001	6.781952433642493e-05	0.040068226415238974	0.0	(0.040068226415238974+0j)
0.202	0.04080400000000001	6.897008854977347e-05	0.04087337015320324	0.0	(0.04087337015320324+0j)
0.20400000000000001	0.04161600000000001	7.012464436433304e-05	0.04168651802378748	0.0	(0.04168651802378748+0j)
0.20600000000000002	0.04243600000000001	7.128302641861776e-05	0.04250766985929657	0.0	(0.04250766985929657+0j)
0.20800000000000002	0.04326400000000001	7.244507002567522e-05	0.043336825492420177	0.0	(0.043336825492420177+0j)
0.21	0.04409999999999999	7.361061121321667e-05	0.04417398475632577	0.0	(0.04417398475632577+0j)
0.212	0.044944	7.47794867631069e-05	0.0450191474847498	0.0	(0.0450191474847498+0j)
0.214	0.045795999999999996	7.595153425020342e-05	0.045872313512074915	0.0	(0.045872313512074915+0j)
0.216	0.046655999999999996	7.712659208053202e-05	0.04673348267341249	0.0	(0.04673348267341249+0j)
0.218	0.047524	7.830449952878805e-05	0.047602654804671775	0.0	(0.047602654804671775+0j)
0.22	0.0484	7.948509677515258e-05	0.048479829742626844	0.0	(0.048479829742626844+0j)
0.222	0.049284	8.06682249414139e-05	0.049365007324979976	0.0	(0.049365007324979976+0j)
0.224	0.050176000000000005	8.185372612638351e-05	0.050258187390418936	0.0	(0.050258187390418936+0j)
0.226	0.051076	8.304144344059897e-05	0.05115936977867421	0.0	(0.05115936977867421+0j)
0.228	0.051984	8.423122104030324e-05	0.05206855433056809	0.0	(0.05206855433056809+0j)
0.23	0.0529	8.542290416069382e-05	0.05298574088806143	0.0	(0.05298574088806143+0j)
0.232	0.053824000000000004	8.661633914843321e-05	0.05391092929430304	0.0	(0.05391092929430304+0j)
0.234	0.054756000000000006	8.781137349341277e-05	0.05484411939366796	0.0	(0.05484411939366796+0j)
0.23600000000000002	0.05569600000000001	8.90078558597656e-05	0.05578531103179625	0.0	(0.05578531103179625+0j)
0.23800000000000002	0.05664400000000001	9.020563611611904e-05	0.056734504055632934	0.0	(0.056734504055632934+0j)
0.24	0.0576	9.140456536508406e-05	0.05769169831346064	0.0	(0.05769169831346064+0j)
0.242	0.058564	9.260449597197365e-05	0.05865689365493124	0.0	(0.05865689365493124+0j)
0.244	0.059536	9.380528159274763e-05	0.05963008993109946	0.0	(0.05963008993109946+0j)
0.246	0.060516	9.500677720117807e-05	0.06061128699444787	0.0	(0.06061128699444787+0j)
0.248	0.061503999999999996	9.620883911523223e-05	0.0616004846989144	0.0	(0.0616004846989144+0j)
0.25	0.0625	9.741132502266955e-05	0.06259768289991986	0.0	(0.06259768289991986+0j)
0.252	0.063504	9.861409400584944e-05	0.0636028814543902	0.0	(0.0636028814543902+0j)
0.254	0.064516	9.981700656574824e-05	0.0646160802207775	0.0	(0.0646160802207775+0j)
0.256	0.065536	0.00010101992464518247	0.0656372790590831	0.0	(0.0656372790590831+0j)
0.258	0.066564	0.00010222271165123794	0.0666664778308758	0.0	(0.0666664778308758+0j)
0.26	0.06760000000000001	0.00010342523247690254	0.06770367639930937	0.0	(0.06770367639930937+0j)
0.262	0.06864400000000001	0.00010462735352190325	0.06874887462914334	0.0	(0.06874887462914334+0j)
0.264	0.06969600000000001	0.00010582894271274641	0.06980207238675659	0.0	(0.06980207238675659+0j)
0.266	0.07075600000000001	0.00010702986952196216	0.07086326954016285	0.0	(0.07086326954016285+0j)
0.268	0.07182400000000001	0.00010823000498655319	0.07193246595902668	0.0	(0.07193246595902668+0j)
0.27	0.0729	0.00010942922172564971	0.07300966151467465	0.0	(0.07300966151467465+0j)
0.272	0.07398400000000001	0.00011062739395737178	0.07409485608011057	0.0	(0.07409485608011057+0j)
0.274	0.07507600000000002	0.00011182439751490118	0.07518804953002316	0.0	(0.07518804953002316+0j)
0.276	0.07617600000000001	0.0001130201098617647	0.07628924174080554	0.0	(0.07628924174080554+0j)
0.278	0.07728400000000002	0.00011421441010633313	0.0773984325905542	0.0	(0.0773984325905542+0j)
0.28	0.07840000000000001	0.00011540717901553733	0.07851562195908757	0.0	(0.07851562195908757+0j)
0.28200000000000003	0.07952400000000001	0.00011659829902780668	0.0796408097279502	0.0	(0.0796408097279502+0j)
0.28400000000000003	0.08065600000000002	0.00011778765426523243	0.08077399578042409	0.0	(0.08077399578042409+0j)
0.28600000000000003	0.08179600000000002	0.00011897513054496203	0.08191518000153418	0.0	(0.08191518000153418+0j)
0.28800000000000003	0.08294400000000002	0.00012016061538982699	0.08306436227805465	0.0	(0.08306436227805465+0j)
0.29	0.0841	0.00012134399803821188	0.08422154249851838	0.0	(0.08422154249851838+0j)
0.292	0.08526399999999999	0.000122525169453168	0.08538672055321891	0.0	(0.08538672055321891+0j)
0.294	0.08643599999999999	0.00012370402233077808	0.08655989633421912	0.0	(0.08655989633421912+0j)
0.296	0.08761599999999999	0.00012488045110777867	0.08774106973535274	0.0	(0.08774106973535274+0j)
0.298	0.088804	0.00012605435196844602	0.08893024065222957	0.0	(0.08893024065222957+0j)
0.3	0.09	0.00012722562285075284	0.09012740898224025	0.0	(0.09012740898224025+0j)
0.302	0.091204	0.00012839416345180208	0.09133257462455752	0.0	(0.09133257462455752+0j)
0.304	0.092416	0.0001295598752325463	0.09254573748013799	0.0	(0.09254573748013799+0j)
0.306	0.093636	0.00013072266142179938	0.09376689745172469	0.0	(0.09376689745172469+0j)
0.308	0.094864	0.00013188242701954898	0.09499605444384954	0.0	(0.09499605444384954+0j)
0.31	0.0961	0.00013303907879957792	0.0962332083628313	0.0	(0.0962332083628313+0j)
0.312	0.097344	0.000134192525311403	0.09747835911677813	0.0	(0.09747835911677813+0j)
0.314	0.098596	0.00013534267688153966	0.09873150661558604	0.0	(0.09873150661558604+0j)
0.316	0.099856	0.00013648944561410207	0.09999265077093704	0.0	(0.09999265077093704+0j)
0.318	0.101124	0.0001376327453907472	0.10126179149630149	0.0	(0.10126179149630149+0j)
0.32	0.1024	0.00013877249186997344	0.10253892870693083	0.0	(0.10253892870693083+0j)
0.322	0.10368400000000001	0.00013990860248578164	0.10382406231985854	0.0	(0.10382406231985854+0j)
0.324	0.104976	0.00014104099644571028	0.10511719225389647	0.0	(0.10511719225389647+0j)
0.326	0.10627600000000001	0.00014216959472825385	0.10641831842963205	0.0	(0.10641831842963205+0j)
0.328	0.10758400000000001	0.00014329432007967495	0.10772744076942063	0.0	(0.10772744076942063+0j)
0.33	0.10890000000000001	0.00014441509701022012	0.1090445591973867	0.0	(0.1090445591973867+0j)
0.332	0.11022400000000002	0.0001455318517897512	0.11036967363941518	0.0	(0.11036967363941518+0j)
0.334	0.11155600000000002	0.00014664451244280154	0.11170278402314655	0.0	(0.11170278402314655+0j)
0.336	0.11289600000000001	0.0001477530087430688	0.11304389027797042	0.0	(0.11304389027797042+0j)
0.338	0.11424400000000001	0.00014885727220735558	0.11439299233501975	0.0	(0.11439299233501975+0j)
0.34	0.11560000000000002	0.0001499572360889682	0.11575009012716553	0.0	(0.11575009012716553+0j)
0.342	0.11696400000000001	0.00015105283537058568	0.11711518358900508	0.0	(0.11711518358900508+0j)
0.34400000000000003	0.11833600000000002	0.00015214400675661073	0.11848827265685989	0.0	(0.11848827265685989+0j)
0.34600000000000003	0.11971600000000002	0.00015323068866501268	0.11986935726876168	0.0	(0.11986935726876168+0j)
0.34800000000000003	0.12110400000000002	0.00015431282121867583	0.12125843736444639	0.0	(0.12125843736444639+0j)
0.35000000000000003	0.12250000000000003	0.0001553903462362637	0.12265551288534755	0.0	(0.12265551288534755+0j)
0.352	0.12390399999999999	0.0001564632072226115	0.12406058377458008	0.0	(0.12406058377458008+0j)
0.354	0.12531599999999998	0.0001575313493586587	0.12547364997693736	0.0	(0.12547364997693736+0j)
0.356	0.126736	0.00015859471949093335	0.1268947114388742	0.0	(0.1268947114388742+0j)
0.358	0.128164	0.0001596532661206	0.12832376810850324	0.0	(0.12832376810850324+0j)
0.36	0.1296	0.00016070693939208383	0.1297608199355749	0.0	(0.1297608199355749+0j)
0.362	0.131044	0.00016175569108128302	0.13120586687147617	0.0	(0.13120586687147617+0j)
0.364	0.132496	0.00016279947458338012	0.13265890886920578	0.0	(0.13265890886920578+0j)
0.366	0.133956	0.00016383824490026633	0.13411994588337467	0.0	(0.13411994588337467+0j)
0.368	0.135424	0.0001648719586275896	0.13558897787018473	0.0	(0.13558897787018473+0j)
0.37	0.1369	0.00016590057394143937	0.13706600478741868	0.0	(0.13706600478741868+0j)
0.372	0.138384	0.00016692405058467888	0.13855102659442697	0.0	(0.13855102659442697+0j)
0.374	0.139876	0.00016794234985293896	0.14004404325211114	0.0	(0.14004404325211114+0j)
0.376	0.141376	0.00016895543458028358	0.1415450547229138	0.0	(0.1415450547229138+0j)
0.378	0.142884	0.00016996326912456028	0.1430540609708028	0.0	(0.1430540609708028+0j)
0.38	0.1444	0.0001709658193524468	0.14457106196124955	0.0	(0.14457106196124955+0j)
0.382	0.145924	0.0001719630526242069	0.1460960576612281	0.0	(0.1460960576612281+0j)
0.384	0.147456	0.00017295493777816568	0.14762904803918717	0.0	(0.14762904803918717+0j)
0.386	0.14899600000000002	0.00017394144511491776	0.14917003306504206	0.0	(0.14917003306504206+0j)
0.388	0.150544	0.00017492254638127932	0.15071901271014984	0.0	(0.15071901271014984+0j)
0.39	0.1521	0.00017589821475399582	0.15227598694730796	0.0	(0.15227598694730796+0j)
0.392	0.15366400000000002	0.00017686842482321694	0.15384095575072546	0.0	(0.15384095575072546+0j)
0.394	0.155236	0.00017783315257575088	0.15541391909600796	0.0	(0.15541391909600796+0j)
0.396	0.156816	0.0001787923753781087	0.15699487696014447	0.0	(0.15699487696014447+0j)
0.398	0.15840400000000002	0.0001797460719593503	0.15858382932149145	0.0	(0.15858382932149145+0j)
0.4	0.16000000000000003	0.00018069422239374398	0.16018077615974954	0.0	(0.16018077615974954+0j)
0.402	0.16160400000000003	0.0001816368080832497	0.16178571745595333	0.0	(0.16178571745595333+0j)
0.404	0.16321600000000003	0.00018257381173983778	0.1633986531924463	0.0	(0.1633986531924463+0j)
0.406	0.164836	0.000183505217367654	0.16501958335287387	0.0	(0.16501958335287387+0j)
0.40800000000000003	0.16646400000000003	0.0001844310102450414	0.16664850792215075	0.0	(0.16664850792215075+0j)
0.41000000000000003	0.16810000000000003	0.00018535117690642998	0.16828542688645556	0.0	(0.16828542688645556+0j)
0.41200000000000003	0.16974400000000003	0.00018626570512410507	0.16993034023321088	0.0	(0.16993034023321088+0j)
0.41400000000000003	0.17139600000000002	0.00018717458388986378	0.17158324795105379	0.0	(0.17158324795105379+0j)
0.41600000000000004	0.17305600000000004	0.00018807780339657112	0.173244150029835	0.0	(0.173244150029835+0j)
0.418	0.174724	0.00018897535501962508	0.17491304646058953	0.0	(0.17491304646058953+0j)
0.42	0.17639999999999997	0.00018986723129834086	0.1765899372355116	0.0	(0.1765899372355116+0j)
0.422	0.178084	0.00019075342591726456	0.1782748223479589	0.0	(0.1782748223479589+0j)
0.424	0.179776	0.00019163393368742547	0.17996770179240842	0.0	(0.17996770179240842+0j)
0.426	0.181476	0.0001925087505275366	0.18166857556445445	0.0	(0.18166857556445445+0j)
0.428	0.18318399999999999	0.00019337787344515358	0.1833774436607793	0.0	(0.1833774436607793+0j)
0.43	0.18489999999999998	0.0001942413005178	0.1850943060791434	0.0	(0.1850943060791434+0j)
0.432	0.18662399999999998	0.00019509903087406915	0.18681916281836158	0.0	(0.18681916281836158+0j)
0.434	0.188356	0.00019595106467471102	0.1885520138782866	0.0	(0.1885520138782866+0j)
0.436	0.190096	0.00019679740309371256	0.1902928592597839	0.0	(0.1902928592597839+0j)
0.438	0.191844	0.00019763804829938102	0.1920416989647235	0.0	(0.1920416989647235+0j)
0.44	0.1936	0.0001984730034354374	0.1937985329959507	0.0	(0.1937985329959507+0j)
0.442	0.195364	0.00019930227260212932	0.19556336135727087	0.0	(0.19556336135727087+0j)
0.444	0.197136	0.00020012586083737068	0.19733618405343725	0.0	(0.19733618405343725+0j)
0.446	0.198916	0.00020094377409791663	0.19911700109011968	0.0	(0.19911700109011968+0j)
0.448	0.20070400000000002	0.00020175601924058087	0.20090581247389483	0.0	(0.20090581247389483+0j)
0.45	0.2025	0.00020256260400350296	0.20270261821222804	0.0	(0.20270261821222804+0j)
0.452	0.204304	0.0002033635369874736	0.20450741831344632	0.0	(0.20450741831344632+0j)
0.454	0.20611600000000002	0.00020415882763732425	0.20632021278672966	0.0	(0.20632021278672966+0j)
0.456	0.207936	0.00020494848622338807	0.2081410016420835	0.0	(0.2081410016420835+0j)
0.458	0.209764	0.00020573252382303999	0.2099697848903281	0.0	(0.2099697848903281+0j)
0.46	0.2116	0.00020651095230232112	0.2118065625430781	0.0	(0.2118065625430781+0j)
0.462	0.21344400000000002	0.00020728378429765468	0.2136513346127144	0.0	(0.2136513346127144+0j)
0.464	0.21529600000000002	0.00020805103319766007	0.21550410111238266	0.0	(0.21550410111238266+0j)
0.466	0.21715600000000002	0.00020881271312506988	0.21736486205596317	0.0	(0.21736486205596317+0j)
0.468	0.21902400000000002	0.00020956883891875712	0.21923361745805764	0.0	(0.21923361745805764+0j)
0.47000000000000003	0.22090000000000004	0.00021031942611587736	0.22111036733397005	0.0	(0.22111036733397005+0j)
0.47200000000000003	0.22278400000000004	0.00021106449093413163	0.22299511169968766	0.0	(0.22299511169968766+0j)
0.47400000000000003	0.22467600000000004	0.00021180405025415553	0.2248878505718673	0.0	(0.2248878505718673+0j)
0.47600000000000003	0.22657600000000003	0.0002125381216020395	0.22678858396781212	0.0	(0.22678858396781212+0j)
0.47800000000000004	0.22848400000000005	0.00021326672313198505	0.22869731190545844	0.0	(0.22869731190545844+0j)
0.48	0.2304	0.00021398987360910198	0.23061403440336045	0.0	(0.23061403440336045+0j)
0.482	0.23232399999999997	0.00021470759239235147	0.23253875148066291	0.0	(0.23253875148066291+0j)
0.484	0.234256	0.00021541989941763854	0.23447146315710016	0.0	(0.23447146315710016+0j)
0.486	0.236196	0.00021612681518105902	0.23641216945296173	0.0	(0.23641216945296173+0j)
0.488	0.238144	0.00021682836072230453	0.23836087038909193	0.0	(0.23836087038909193+0j)
0.49	0.24009999999999998	0.00021752455760822974	0.24031756598685997	0.0	(0.24031756598685997+0j)
0.492	0.242064	0.0002182154279165853	0.24228225626815483	0.0	(0.24228225626815483+0j)
0.494	0.244036	0.0002189009942199202	0.24425494125535885	0.0	(0.24425494125535885+0j)
0.496	0.24601599999999998	0.00021958127956965684	0.24623562097134252	0.0	(0.24623562097134252+0j)
0.498	0.248004	0.00022025630748034173	0.24822429543943714	0.0	(0.24822429543943714+0j)
0.5	0.25	0.0002209261019140758	0.250220964683426	0.0	(0.250220964683426+0j)
0.502	0.252004	0.0002215906872651256	0.25222562872752885	0.0	(0.25222562872752885+0j)
0.504	0.254016	0.00022225008834471992	0.2542382875963897	0.0	(0.2542382875963897+0j)
0.506	0.256036	0.000222904330366033	0.2562589413150528	0.0	(0.2562589413150528+0j)
0.508	0.258064	0.00022355343892935709	0.25828758990895234	0.0	(0.25828758990895234+0j)
0.51	0.2601	0.00022419744000746686	0.26032423340390015	0.0	(0.26032423340390015+0j)
0.512	0.262144	0.00022483635993117792	0.2623688718260723	0.0	(0.2623688718260723+0j)
0.514	0.264196	0.00022547022537510028	0.26442150520198293	0.0	(0.26442150520198293+0j)
0.516	0.266256	0.00022609906334358985	0.26648213355848455	0.0	(0.26648213355848455+0j)
0.518	0.268324	0.00022672290115689883	0.2685507569227525	0.0	(0.2685507569227525+0j)
0.52	0.27040000000000003	0.00022734176643752666	0.2706273753222605	0.0	(0.2706273753222605+0j)
0.522	0.272484	0.00022795568709677285	0.2727119887847767	0.0	(0.2727119887847767+0j)
0.524	0.27457600000000004	0.0002285646913214932	0.27480459733834706	0.0	(0.27480459733834706+0j)
0.526	0.27667600000000003	0.00022916880756105974	0.27690520101128246	0.0	(0.27690520101128246+0j)
0.528	0.27878400000000003	0.00022976806451452628	0.2790137998321455	0.0	(0.2790137998321455+0j)
0.53	0.28090000000000004	0.00023036249111799934	0.2811303938297402	0.0	(0.2811303938297402+0j)
0.532	0.28302400000000005	0.0002309521165322162	0.2832549830330982	0.0	(0.2832549830330982+0j)
0.534	0.285156	0.00023153697013032984	0.28538756747146543	0.0	(0.28538756747146543+0j)
0.536	0.28729600000000005	0.00023211708148590128	0.28752814717428876	0.0	(0.28752814717428876+0j)
0.538	0.28944400000000003	0.00023269248036110018	0.289676722171207	0.0	(0.289676722171207+0j)
0.54	0.2916	0.00023326319669511312	0.2918332924920458	0.0	(0.2918332924920458+0j)
0.542	0.293764	0.00023382926059276009	0.29399785816678525	0.0	(0.29399785816678525+0j)
0.544	0.29593600000000003	0.00023439070231331917	0.29617041922556586	0.0	(0.29617041922556586+0j)
0.546	0.29811600000000005	0.00023494755225955926	0.2983509756986865	0.0	(0.2983509756986865+0j)
0.548	0.30030400000000007	0.0002354998409669797	0.30053952761656216	0.0	(0.30053952761656216+0j)
0.55	0.30250000000000005	0.00023604759909325837	0.302736075009751	0.0	(0.302736075009751+0j)
0.552	0.30470400000000003	0.00023659085740790572	0.30494061790890875	0.0	(0.30494061790890875+0j)
0.554	0.3069160000000001	0.00023712964678212543	0.307153156344804	0.0	(0.307153156344804+0j)
0.556	0.3091360000000001	0.00023766399817888053	0.30937369034829876	0.0	(0.30937369034829876+0j)
0.558	0.3113640000000001	0.00023819394264316474	0.31160221995033277	0.0	(0.31160221995033277+0j)
0.56	0.31360000000000005	0.00023871951129247733	0.31383874518193083	0.0	(0.31383874518193083+0j)
0.562	0.31584400000000007	0.00023924073530750165	0.3160832660741734	0.0	(0.3160832660741734+0j)
0.5640000000000001	0.31809600000000005	0.0002397576459229853	0.3183357826581998	0.0	(0.3183357826581998+0j)
0.5660000000000001	0.3203560000000001	0.00024027027441882152	0.3205962949651973	0.0	(0.3205962949651973+0j)
0.5680000000000001	0.3226240000000001	0.00024077865211133035	0.32286480302639425	0.0	(0.32286480302639425+0j)
0.5700000000000001	0.3249000000000001	0.00024128281034473876	0.3251413068730425	0.0	(0.3251413068730425+0j)
0.5720000000000001	0.3271840000000001	0.00024178278048285744	0.32742580653642084	0.0	(0.32742580653642084+0j)
0.5740000000000001	0.3294760000000001	0.00024227859390095385	0.32971830204781616	0.0	(0.32971830204781616+0j)
0.5760000000000001	0.33177600000000007	0.00024277028197781985	0.3320187934385229	0.0	(0.3320187934385229+0j)
0.578	0.33408399999999994	0.00024325787608803207	0.33432728073983486	0.0	(0.33432728073983486+0j)
0.58	0.3364	0.00024374140759440352	0.3366437639830327	0.0	(0.3366437639830327+0j)
0.582	0.33872399999999997	0.00024422090784062523	0.3389682431993818	0.0	(0.3389682431993818+0j)
0.584	0.34105599999999997	0.00024469640814409575	0.34130071842012144	0.0	(0.34130071842012144+0j)
0.586	0.343396	0.00024516793978893674	0.34364118967645946	0.0	(0.34364118967645946+0j)
0.588	0.34574399999999994	0.0002456355340191935	0.345989656999565	0.0	(0.345989656999565+0j)
0.59	0.34809999999999997	0.0002460992220322175	0.34834612042056184	0.0	(0.34834612042056184+0j)
0.592	0.35046399999999994	0.00024655903497223006	0.3507105799705221	0.0	(0.3507105799705221+0j)
0.594	0.352836	0.00024701500392406507	0.35308303568046046	0.0	(0.35308303568046046+0j)
0.596	0.355216	0.00024746715990708765	0.3554634875813285	0.0	(0.3554634875813285+0j)
0.598	0.357604	0.00024791553386928816	0.3578519357040033	0.0	(0.3578519357040033+0j)
0.6	0.36	0.0002483601566815492	0.36024838007929266	0.0	(0.36024838007929266+0j)
0.602	0.36240399999999995	0.0002488010591320824	0.3626528207379227	0.0	(0.3626528207379227+0j)
0.604	0.364816	0.0002492382719210347	0.3650652577105178	0.0	(0.3650652577105178+0j)
0.606	0.367236	0.00024967182565525996	0.36748569102763134	0.0	(0.36748569102763134+0j)
0.608	0.369664	0.00025010175084325516	0.3699141207197127	0.0	(0.3699141207197127+0j)
0.61	0.3721	0.00025052807789025937	0.37235054681710306	0.0	(0.37235054681710306+0j)
0.612	0.374544	0.00025095083709351056	0.37479496935003764	0.0	(0.37479496935003764+0j)
0.614	0.376996	0.0002513700586376616	0.3772473883486473	0.0	(0.3772473883486473+0j)
0.616	0.379456	0.0002517857725903506	0.37970780384294284	0.0	(0.37970780384294284+0j)
0.618	0.381924	0.00025219800889792425	0.3821762158628151	0.0	(0.3821762158628151+0j)
0.62	0.3844	0.0002526067973813116	0.3846526244380271	0.0	(0.3846526244380271+0j)
0.622	0.386884	0.0002530121677320463	0.38713702959822205	0.0	(0.38713702959822205+0j)
0.624	0.389376	0.00025341414950843486	0.38962943137290196	0.0	(0.38962943137290196+0j)
0.626	0.391876	0.0002538127721318678	0.39212982979143585	0.0	(0.39212982979143585+0j)
0.628	0.394384	0.00025420806488327276	0.3946382248830588	0.0	(0.3946382248830588+0j)
0.63	0.39690000000000003	0.00025460005689970604	0.3971546166768565	0.0	(0.3971546166768565+0j)
0.632	0.399424	0.0002549887771710805	0.3996790052017665	0.0	(0.3996790052017665+0j)
0.634	0.40195600000000004	0.0002553742545370278	0.40221139048658494	0.0	(0.40221139048658494+0j)
0.636	0.404496	0.00025575651768389233	0.40475177255995354	0.0	(0.40475177255995354+0j)
0.638	0.407044	0.0002561355951418542	0.4073001514503515	0.0	(0.4073001514503515+0j)
0.64	0.4096	0.0002565115152821794	0.4098565271861089	0.0	(0.4098565271861089+0j)
0.642	0.41216400000000003	0.0002568843063145947	0.4124208997953907	0.0	(0.4124208997953907+0j)
0.644	0.41473600000000005	0.00025725399628478426	0.4149932693062032	0.0	(0.4149932693062032+0j)
0.646	0.417316	0.00025762061307200654	0.4175736357463762	0.0	(0.4175736357463762+0j)
0.648	0.419904	0.00025798418438682856	0.4201619991435819	0.0	(0.4201619991435819+0j)
0.65	0.42250000000000004	0.00025834473776897523	0.4227583595253211	0.0	(0.4227583595253211+0j)
0.652	0.42510400000000004	0.00025870230058529155	0.4253627169189174	0.0	(0.4253627169189174+0j)
0.654	0.42771600000000004	0.00025905690002781516	0.42797507135153035	0.0	(0.42797507135153035+0j)
0.656	0.43033600000000005	0.0002594085631119573	0.43059542285013286	0.0	(0.43059542285013286+0j)
0.658	0.432964	0.0002597573166747892	0.43322377144152285	0.0	(0.43322377144152285+0j)
0.66	0.43560000000000004	0.00026010318737343233	0.4358601171523247	0.0	(0.4358601171523247+0j)
0.662	0.438244	0.00026044620168354986	0.43850446000897625	0.0	(0.43850446000897625+0j)
0.664	0.44089600000000007	0.0002607863858979368	0.44115680003773194	0.0	(0.44115680003773194+0j)
0.666	0.44355600000000006	0.0002611237661252075	0.4438171372646764	0.0	(0.4438171372646764+0j)
0.668	0.44622400000000007	0.0002614583682885768	0.4464854717156915	0.0	(0.4464854717156915+0j)
0.67	0.4489000000000001	0.0002617902181247344	0.4491618034164783	0.0	(0.4491618034164783+0j)
0.672	0.45158400000000004	0.0002621193411828086	0.45184613239256166	0.0	(0.45184613239256166+0j)
0.674	0.45427600000000007	0.00026244576282341835	0.4545384586692624	0.0	(0.4545384586692624+0j)
0.676	0.45697600000000005	0.0002627695082178107	0.45723878227172826	0.0	(0.45723878227172826+0j)
0.678	0.45968400000000004	0.0002630906023470824	0.45994710322490456	0.0	(0.45994710322490456+0j)
0.68	0.4624000000000001	0.0002634090700014826	0.4626634215535521	0.0	(0.4626634215535521+0j)
0.682	0.4651240000000001	0.0002637249357797949	0.4653877372822497	0.0	(0.4653877372822497+0j)
0.684	0.46785600000000005	0.0002640382240887972	0.46812005043536353	0.0	(0.46812005043536353+0j)
0.686	0.47059600000000007	0.00026434895914279635	0.47086036103708584	0.0	(0.47086036103708584+0j)
0.6880000000000001	0.4733440000000001	0.00026465716496323644	0.47360866911141136	0.0	(0.47360866911141136+0j)
0.6900000000000001	0.4761000000000001	0.00026496286537837805	0.4763649746821435	0.0	(0.4763649746821435+0j)
0.6920000000000001	0.47886400000000007	0.0002652660840230472	0.47912927777288783	0.0	(0.47912927777288783+0j)
0.6940000000000001	0.48163600000000006	0.00026556684433845127	0.48190157840706105	0.0	(0.48190157840706105+0j)
0.6960000000000001	0.48441600000000007	0.00026586516957206044	0.4846818766078939	0.0	(0.4846818766078939+0j)
0.6980000000000001	0.4872040000000001	0.000266161082777553	0.4874701723984035	0.0	(0.4874701723984035+0j)
0.7000000000000001	0.4900000000000001	0.00026645460681482187	0.4902664658014344	0.0	(0.4902664658014344+0j)
0.7020000000000001	0.4928040000000001	0.0002667457643500412	0.49307075683963075	0.0	(0.49307075683963075+0j)
0.704	0.49561599999999995	0.00026703457785579076	0.495883045535431	0.0	(0.495883045535431+0j)
0.706	0.49843599999999993	0.00026732106961123697	0.49870333191111293	0.0	(0.49870333191111293+0j)
0.708	0.5012639999999999	0.00026760526170236797	0.501531615988729	0.0	(0.501531615988729+0j)
0.71	0.5041	0.0002678871760222814	0.5043678977901526	0.0	(0.5043678977901526+0j)
0.712	0.506944	0.0002681668342715237	0.5072121773370626	0.0	(0.5072121773370626+0j)
0.714	0.5097959999999999	0.0002684442579584779	0.5100644546509586	0.0	(0.5100644546509586+0j)
0.716	0.512656	0.00026871946839979996	0.5129247297531322	0.0	(0.5129247297531322+0j)
0.718	0.515524	0.0002689924867209005	0.5157930026646881	0.0	(0.5157930026646881+0j)
0.72	0.5184	0.0002692633338564716	0.5186692734065446	0.0	(0.5186692734065446+0j)
0.722	0.521284	0.00026953203055105567	0.5215535419994345	0.0	(0.5215535419994345+0j)
0.724	0.524176	0.00026979859735965644	0.5244458084638919	0.0	(0.5244458084638919+0j)
0.726	0.527076	0.00027006305464838957	0.5273460728202751	0.0	(0.5273460728202751+0j)
0.728	0.529984	0.0002703254225951711	0.5302543350887361	0.0	(0.5302543350887361+0j)
0.73	0.5328999999999999	0.00027058572119044395	0.5331705952892556	0.0	(0.5331705952892556+0j)
0.732	0.535824	0.00027084397023793854	0.5360948534416277	0.0	(0.5360948534416277+0j)
0.734	0.538756	0.00027110018935546856	0.5390271095654535	0.0	(0.5390271095654535+0j)
0.736	0.541696	0.00027135439797575876	0.541967363680154	0.0	(0.541967363680154+0j)
0.738	0.544644	0.00027160661534730444	0.5449156158049628	0.0	(0.5449156158049628+0j)
0.74	0.5476	0.00027185686053526117	0.547871865958939	0.0	(0.547871865958939+0j)
0.742	0.5505639999999999	0.00027210515242236257	0.5508361141609505	0.0	(0.5508361141609505+0j)
0.744	0.553536	0.0002723515097098665	0.5538083604296905	0.0	(0.5538083604296905+0j)
0.746	0.556516	0.0002725959509185267	0.5567886047836719	0.0	(0.5567886047836719+0j)
0.748	0.559504	0.00027283849438959005	0.5597768472412182	0.0	(0.5597768472412182+0j)
0.75	0.5625	0.0002730791582858175	0.5627730878204975	0.0	(0.5627730878204975+0j)
0.752	0.565504	0.00027331796059252764	0.5657773265394832	0.0	(0.5657773265394832+0j)
0.754	0.568516	0.0002735549191186622	0.5687895634159704	0.0	(0.5687895634159704+0j)
0.756	0.571536	0.00027379005149787155	0.571809798467596	0.0	(0.571809798467596+0j)
0.758	0.574564	0.00027402337518962023	0.5748380317118089	0.0	(0.5748380317118089+0j)
0.76	0.5776	0.0002742549074803104	0.5778742631658971	0.0	(0.5778742631658971+0j)
0.762	0.580644	0.0002744846654844227	0.5809184928469561	0.0	(0.5809184928469561+0j)
0.764	0.583696	0.00027471266614567387	0.583970720771939	0.0	(0.583970720771939+0j)
0.766	0.586756	0.0002749389262381894	0.5870309469576175	0.0	(0.5870309469576175+0j)
0.768	0.589824	0.00027516346236769066	0.5900991714205877	0.0	(0.5900991714205877+0j)
0.77	0.5929	0.0002753862909726955	0.5931753941772894	0.0	(0.5931753941772894+0j)
0.772	0.5959840000000001	0.00027560742832573196	0.5962596152439985	0.0	(0.5962596152439985+0j)
0.774	0.599076	0.0002758268905345629	0.5993518346368207	0.0	(0.5993518346368207+0j)
0.776	0.602176	0.00027604469354342254	0.6024520523716975	0.0	(0.6024520523716975+0j)
0.778	0.605284	0.00027626085313426214	0.6055602684644174	0.0	(0.6055602684644174+0j)
0.78	0.6084	0.00027647538492800536	0.608676482930604	0.0	(0.608676482930604+0j)
0.782	0.6115240000000001	0.0002766883043858125	0.6118006957857178	0.0	(0.6118006957857178+0j)
0.784	0.6146560000000001	0.00027689962681035155	0.6149329070450692	0.0	(0.6149329070450692+0j)
0.786	0.617796	0.00027710936734707696	0.6180731167238005	0.0	(0.6180731167238005+0j)
0.788	0.620944	0.00027731754098551486	0.6212213248369182	0.0	(0.6212213248369182+0j)
0.79	0.6241000000000001	0.0002775241625605528	0.6243775313992533	0.0	(0.6243775313992533+0j)
0.792	0.627264	0.00027772924675373566	0.6275417364255031	0.0	(0.6275417364255031+0j)
0.794	0.6304360000000001	0.00027793280809456457	0.6307139399302018	0.0	(0.6307139399302018+0j)
0.796	0.6336160000000001	0.00027813486096180107	0.6338941419277332	0.0	(0.6338941419277332+0j)
0.798	0.636804	0.00027833541958477225	0.6370823424323451	0.0	(0.6370823424323451+0j)
0.8	0.6400000000000001	0.0002785344980446802	0.6402785414581167	0.0	(0.6402785414581167+0j)
0.802	0.6432040000000001	0.00027873211027591195	0.6434827390190119	0.0	(0.6434827390190119+0j)
0.804	0.6464160000000001	0.0002789282700673516	0.6466949351288029	0.0	(0.6466949351288029+0j)
0.806	0.6496360000000001	0.0002791229910636923	0.649915129801176	0.0	(0.649915129801176+0j)
0.808	0.6528640000000001	0.0002793162867667495	0.6531433230496412	0.0	(0.6531433230496412+0j)
0.81	0.6561000000000001	0.000279508170536773	0.656379514887566	0.0	(0.656379514887566+0j)
0.812	0.659344	0.00027969865559375874	0.659623705328195	0.0	(0.659623705328195+0j)
0.8140000000000001	0.6625960000000001	0.00027988775501875925	0.6628758943846127	0.0	(0.6628758943846127+0j)
0.8160000000000001	0.6658560000000001	0.0002800754817551926	0.6661360820697957	0.0	(0.6661360820697957+0j)
0.8180000000000001	0.669124	0.00028026184861014864	0.6694042683965683	0.0	(0.6694042683965683+0j)
0.8200000000000001	0.6724000000000001	0.0002804468682556934	0.672680453377611	0.0	(0.672680453377611+0j)
0.8220000000000001	0.6756840000000001	0.00028063055323017063	0.6759646370254968	0.0	(0.6759646370254968+0j)
0.8240000000000001	0.6789760000000001	0.0002808129159394989	0.6792568193526489	0.0	(0.6792568193526489+0j)
0.8260000000000001	0.6822760000000001	0.00028099396865846653	0.6825570003713591	0.0	(0.6825570003713591+0j)
0.8280000000000001	0.6855840000000001	0.0002811737235320215	0.685865180093809	0.0	(0.685865180093809+0j)
0.8300000000000001	0.6889000000000001	0.0002813521925765573	0.6891813585320344	0.0	(0.6891813585320344+0j)
0.8320000000000001	0.6922240000000002	0.0002815293876811937	0.6925055356979548	0.0	(0.6925055356979548+0j)
0.834	0.695556	0.0002817053206090535	0.695837711603351	0.0	(0.695837711603351+0j)
0.836	0.698896	0.0002818800029985325	0.6991778862599004	0.0	(0.6991778862599004+0j)
0.838	0.702244	0.00028205344636456504	0.702526059679154	0.0	(0.702526059679154+0j)
0.84	0.7055999999999999	0.0002822256620998835	0.7058822318725224	0.0	(0.7058822318725224+0j)
0.842	0.7089639999999999	0.00028239666147627065	0.7092464028513216	0.0	(0.7092464028513216+0j)
0.844	0.712336	0.0002825664556458071	0.7126185726267299	0.0	(0.7126185726267299+0j)
0.846	0.7157159999999999	0.0002827350556421109	0.7159987412098239	0.0	(0.7159987412098239+0j)
0.848	0.719104	0.00028290247238157106	0.7193869086115505	0.0	(0.7193869086115505+0j)
0.85	0.7224999999999999	0.0002830687166645733	0.7227830748427612	0.0	(0.7227830748427612+0j)
0.852	0.725904	0.0002832337991767194	0.7261872399141694	0.0	(0.7261872399141694+0j)
0.854	0.729316	0.0002833977304900381	0.7295994038363914	0.0	(0.7295994038363914+0j)
0.856	0.7327359999999999	0.00028356052106418906	0.7330195666199407	0.0	(0.7330195666199407+0j)
0.858	0.7361639999999999	0.00028372218124765895	0.7364477282751986	0.0	(0.7364477282751986+0j)
0.86	0.7395999999999999	0.00028388272127894884	0.7398838888124579	0.0	(0.7398838888124579+0j)
0.862	0.7430439999999999	0.00028404215128775443	0.7433280482419011	0.0	(0.7433280482419011+0j)
0.864	0.7464959999999999	0.0002842004812961373	0.746780206573589	0.0	(0.746780206573589+0j)
0.866	0.749956	0.0002843577212196879	0.7502403638174934	0.0	(0.7502403638174934+0j)
0.868	0.753424	0.0002845138808686803	0.7537085199834905	0.0	(0.7537085199834905+0j)
0.87	0.7569	0.0002846689699492177	0.7571846750813295	0.0	(0.7571846750813295+0j)
0.872	0.760384	0.0002848229980643697	0.7606688291206859	0.0	(0.7606688291206859+0j)
0.874	0.763876	0.0002849759747153004	0.7641609821111168	0.0	(0.7641609821111168+0j)
0.876	0.767376	0.00028512790930238744	0.7676611340620805	0.0	(0.7676611340620805+0j)
0.878	0.770884	0.00028527881112633247	0.7711692849829509	0.0	(0.7711692849829509+0j)
0.88	0.7744	0.0002854286893892617	0.7746854348830045	0.0	(0.7746854348830045+0j)
0.882	0.7779240000000001	0.0002855775531958182	0.7782095837714157	0.0	(0.7782095837714157+0j)
0.884	0.781456	0.0002857254115542438	0.7817417316572657	0.0	(0.7817417316572657+0j)
0.886	0.784996	0.0002858722733774526	0.7852818785495466	0.0	(0.7852818785495466+0j)
0.888	0.788544	0.000286018147484095	0.7888300244571674	0.0	(0.7888300244571674+0j)
0.89	0.7921	0.00028616304259961137	0.7923861693889309	0.0	(0.7923861693889309+0j)
0.892	0.795664	0.00028630696735727746	0.795950313353567	0.0	(0.795950313353567+0j)
0.894	0.7992360000000001	0.0002864499302992396	0.7995224563597144	0.0	(0.7995224563597144+0j)
0.896	0.8028160000000001	0.0002865919398775403	0.8031025984159145	0.0	(0.8031025984159145+0j)
0.898	0.806404	0.00028673300445513494	0.8066907395306475	0.0	(0.8066907395306475+0j)
0.9	0.81	0.00028687313230689807	0.8102868797122882	0.0	(0.8102868797122882+0j)
0.902	0.813604	0.00028701233162062057	0.8138910189691521	0.0	(0.8138910189691521+0j)
0.904	0.817216	0.00028715061049799706	0.8175031573094521	0.0	(0.8175031573094521+0j)
0.906	0.820836	0.0002872879769556042	0.8211232947413407	0.0	(0.8211232947413407+0j)
0.908	0.8244640000000001	0.00028742443892586814	0.8247514312728831	0.0	(0.8247514312728831+0j)
0.91	0.8281000000000001	0.0002875600042580241	0.8283875669120748	0.0	(0.8283875669120748+0j)
0.912	0.831744	0.00028769468071906446	0.8320317016668362	0.0	(0.8320317016668362+0j)
0.914	0.835396	0.0002878284759946793	0.8356838355450051	0.0	(0.8356838355450051+0j)
0.916	0.839056	0.0002879613976901852	0.8393439685543856	0.0	(0.8393439685543856+0j)
0.918	0.842724	0.00028809345333144645	0.8430121007026515	0.0	(0.8430121007026515+0j)
0.92	0.8464	0.0002882246503657856	0.8466882319974752	0.0	(0.8466882319974752+0j)
0.922	0.8500840000000001	0.0002883549961628845	0.8503723624464358	0.0	(0.8503723624464358+0j)
0.924	0.8537760000000001	0.0002884844980156767	0.8540644920570415	0.0	(0.8540644920570415+0j)
0.926	0.8574760000000001	0.0002886131631412296	0.8577646208367565	0.0	(0.8577646208367565+0j)
0.928	0.8611840000000001	0.0002887409986816174	0.8614727487929935	0.0	(0.8614727487929935+0j)
0.93	0.8649000000000001	0.00028886801170478494	0.8651888759330921	0.0	(0.8651888759330921+0j)
0.932	0.8686240000000001	0.0002889942092054021	0.8689130022643642	0.0	(0.8689130022643642+0j)
0.934	0.8723560000000001	0.0002891195981057087	0.8726451277940606	0.0	(0.8726451277940606+0j)
0.936	0.8760960000000001	0.0002892441852563504	0.8763852525293998	0.0	(0.8763852525293998+0j)
0.9380000000000001	0.8798440000000001	0.00028936797743720546	0.8801333764775587	0.0	(0.8801333764775587+0j)
0.9400000000000001	0.8836000000000002	0.00028949098135820216	0.8838894996456731	0.0	(0.8838894996456731+0j)
0.9420000000000001	0.8873640000000002	0.0002896132036601273	0.8876536220408773	0.0	(0.8876536220408773+0j)
0.9440000000000001	0.8911360000000002	0.00028973465091542555	0.8914257436702653	0.0	(0.8914257436702653+0j)
0.9460000000000001	0.8949160000000002	0.00028985532962899017	0.8952058645409225	0.0	(0.8952058645409225+0j)
0.9480000000000001	0.8987040000000002	0.000289975246238944	0.8989939846599428	0.0	(0.8989939846599428+0j)
0.9500000000000001	0.9025000000000001	0.0002900944071174127	0.9027901040344187	0.0	(0.9027901040344187+0j)
0.9520000000000001	0.9063040000000001	0.00029021281857128837	0.9065942226714703	0.0	(0.9065942226714703+0j)
0.9540000000000001	0.9101160000000001	0.00029033048684298465	0.9104063405782572	0.0	(0.9104063405782572+0j)
0.9560000000000001	0.9139360000000002	0.00029044741811118347	0.9142264577619983	0.0	(0.9142264577619983+0j)
0.9580000000000001	0.9177640000000001	0.00029056361849157255	0.9180545742299869	0.0	(0.9180545742299869+0j)
0.96	0.9216	0.00029067909403757494	0.921890689989626	0.0	(0.921890689989626+0j)
0.962	0.9254439999999999	0.0002907938507410701	0.9257348050484634	0.0	(0.9257348050484634+0j)
0.964	0.9292959999999999	0.000290907894533106	0.9295869194142368	0.0	(0.9295869194142368+0j)
0.966	0.933156	0.0002910212312846034	0.9334470330949233	0.0	(0.9334470330949233+0j)
0.968	0.937024	0.0002911338668070517	0.9373151460988249	0.0	(0.9373151460988249+0j)
0.97	0.9409	0.000291245806853197	0.9411912584346547	0.0	(0.9411912584346547+0j)
0.972	0.944784	0.00029135705711772056	0.9450753701116696	0.0	(0.9450753701116696+0j)
0.974	0.948676	0.0002914676232379118	0.9489674811398432	0.0	(0.9489674811398432+0j)
0.976	0.952576	0.0002915775107943305	0.9528675915301021	0.0	(0.9528675915301021+0j)
0.978	0.956484	0.00029168672531146316	0.9567757012946824	0.0	(0.9567757012946824+0j)
0.98	0.9603999999999999	0.00029179527225837065	0.9606918104475962	0.0	(0.9606918104475962+0j)
0.982	0.964324	0.00029190315704932796	0.9646159190054086	0.0	(0.9646159190054086+0j)
0.984	0.968256	0.00029201038504445676	0.9685480269883692	0.0	(0.9685480269883692+0j)
0.986	0.972196	0.00029211696155035017	0.9724881344223328	0.0	(0.9724881344223328+0j)
0.988	0.976144	0.0002922228918206897	0.9764362413419508	0.0	(0.9764362413419508+0j)
0.99	0.9801	0.00029232818105685534	0.9803923477966429	0.0	(0.9803923477966429+0j)
0.992	0.9840639999999999	0.0002924328344085275	0.9843564538624684	0.0	(0.9843564538624684+0j)
0.994	0.988036	0.00029253685697428226	0.9883285596688748	0.0	(0.9883285596688748+0j)
0.996	0.992016	0.00029264025380217913	0.992308665470102	0.0	(0.992308665470102+0j)
0.998	0.996004	0.00029274302989034176	0.9962967718950307	0.0	(0.9962967718950307+0j)
1.0	1.0	0.00029284519018753116	1.0002928814444474	0.0	(1.0002928814444474+0j)
