-1.0	-1.0	-0.00038992961057514357	-1.0003902089724581	0.0	(-1.0003902089724581+0j)
-0.9966666666666667	-0.9933444444444445	-0.0003898762924853504	-0.9937345224489297	0.0	(-0.9937345224489297+0j)
-0.9933333333333334	-0.9867111111111112	-0.00038982243673616227	-0.9871010968595021	0.0	(-0.9871010968595021+0j)
-0.9900000000000001	-0.9801000000000002	-0.00038976803607419834	-0.9804899061197724	0.0	(-0.9804899061197724+0j)
-0.9866666666666667	-0.9735111111111112	-0.00038971308312334764	-0.9739009436891861	0.0	(-0.9739009436891861+0j)
-0.9833333333333334	-0.9669444444444446	-0.0003896575703822689	-0.9673342069492058	0.0	(-0.9673342069492058+0j)
-0.9800000000000001	-0.9604000000000001	-0.0003896014902218304	-0.9607896945880708	0.0	(-0.9607896945880708+0j)
-0.9766666666666667	-0.9538777777777778	-0.00038954483488248874	-0.9542674058529035	0.0	(-0.9542674058529035+0j)
-0.9733333333333334	-0.9473777777777779	-0.0003894875964716044	-0.9477673402693415	0.0	(-0.9477673402693415+0j)
-0.9700000000000001	-0.9409000000000002	-0.000389429766960693	-0.9412894975170358	0.0	(-0.9412894975170358+0j)
-0.9666666666666667	-0.9344444444444444	-0.0003893713381826096	-0.9348338773674947	0.0	(-0.9348338773674947+0j)
-0.9633333333333334	-0.9280111111111112	-0.0003893123018286652	-0.9284004796503323	0.0	(-0.9284004796503323+0j)
-0.9600000000000001	-0.9216000000000002	-0.00038925264944567284	-0.9219893042335728	0.0	(-0.9219893042335728+0j)
-0.9566666666666668	-0.9152111111111113	-0.0003891923724329212	-0.9156003510116627	0.0	(-0.9156003510116627+0j)
-0.9533333333333334	-0.9088444444444445	-0.0003891314620390746	-0.909233619897774	0.0	(-0.909233619897774+0j)
-0.9500000000000001	-0.9025000000000001	-0.0003890699093589962	-0.9028891108187453	0.0	(-0.9028891108187453+0j)
-0.9466666666666668	-0.896177777777778	-0.00038900770533049304	-0.8965668237115987	0.0	(-0.8965668237115987+0j)
-0.9433333333333334	-0.8898777777777778	-0.00038894484073098034	-0.8902667585211926	0.0	(-0.8902667585211926+0j)
-0.9400000000000001	-0.8836000000000002	-0.000388881306174063	-0.883988915198456	0.0	(-0.883988915198456+0j)
-0.9366666666666668	-0.8773444444444446	-0.0003888170921060313	-0.8777332936992123	0.0	(-0.8777332936992123+0j)
-0.9333333333333333	-0.8711111111111112	-0.00038875218880226985	-0.8714998939831942	0.0	(-0.8714998939831942+0j)
-0.93	-0.8649000000000001	-0.0003886865863635749	-0.8652887160134269	0.0	(-0.8652887160134269+0j)
-0.9266666666666667	-0.8587111111111113	-0.0003886202747123799	-0.8590997597556997	0.0	(-0.8590997597556997+0j)
-0.9233333333333333	-0.8525444444444444	-0.0003885532435888851	-0.8529330251781191	0.0	(-0.8529330251781191+0j)
-0.92	-0.8464	-0.00038848548254708854	-0.8467885122508416	0.0	(-0.8467885122508416+0j)
-0.9166666666666667	-0.8402777777777779	-0.0003884169809507165	-0.8406662209458048	0.0	(-0.8406662209458048+0j)
-0.9133333333333334	-0.834177777777778	-0.0003883477279690488	-0.8345661512364919	0.0	(-0.8345661512364919+0j)
-0.91	-0.8281000000000001	-0.000388277712572638	-0.8284883030977986	0.0	(-0.8284883030977986+0j)
-0.9066666666666667	-0.8220444444444446	-0.0003882069235289175	-0.8224326765058705	0.0	(-0.8224326765058705+0j)
-0.9033333333333334	-0.8160111111111112	-0.0003881353493976959	-0.8163992714379325	0.0	(-0.8163992714379325+0j)
-0.9	-0.81	-0.0003880629785265349	-0.8103880878722325	0.0	(-0.8103880878722325+0j)
-0.8966666666666667	-0.8040111111111112	-0.0003879897990460064	-0.804399125787887	0.0	(-0.804399125787887+0j)
-0.8933333333333334	-0.7980444444444446	-0.0003879157988648251	-0.7984323851647965	0.0	(-0.7984323851647965+0j)
-0.89	-0.7921	-0.00038784096566485415	-0.792487865983564	0.0	(-0.792487865983564+0j)
-0.8866666666666667	-0.7861777777777779	-0.00038776528689597826	-0.7865655682253864	0.0	(-0.7865655682253864+0j)
-0.8833333333333334	-0.780277777777778	-0.0003876887497708415	-0.7806654918719925	0.0	(-0.7806654918719925+0j)
-0.88	-0.7744	-0.0003876113412594455	-0.7747876369055626	0.0	(-0.7747876369055626+0j)
-0.8766666666666667	-0.7685444444444445	-0.0003875330480836031	-0.7689320033086476	0.0	(-0.7689320033086476+0j)
-0.8733333333333334	-0.7627111111111112	-0.00038745385671124394	-0.7630985910641085	0.0	(-0.7630985910641085+0j)
-0.8700000000000001	-0.7569000000000002	-0.00038737375335056703	-0.7572874001550456	0.0	(-0.7572874001550456+0j)
-0.8666666666666667	-0.7511111111111112	-0.00038729272394403527	-0.7514984305647504	0.0	(-0.7514984305647504+0j)
-0.8633333333333334	-0.7453444444444446	-0.0003872107541622076	-0.7457316822766303	0.0	(-0.7457316822766303+0j)
-0.8600000000000001	-0.7396000000000001	-0.0003871278293974036	-0.7399871552741839	0.0	(-0.7399871552741839+0j)
-0.8566666666666667	-0.7338777777777779	-0.00038704393475719477	-0.7342648495409081	0.0	(-0.7342648495409081+0j)
-0.8533333333333334	-0.7281777777777779	-0.0003869590550577179	-0.7285647650603143	0.0	(-0.7285647650603143+0j)
-0.8500000000000001	-0.7225000000000001	-0.0003868731748168044	-0.7228869018158329	0.0	(-0.7228869018158329+0j)
-0.8466666666666667	-0.7168444444444445	-0.00038678627824691967	-0.7172312597908023	0.0	(-0.7172312597908023+0j)
-0.8433333333333334	-0.7112111111111112	-0.0003866983492479072	-0.7115978389684248	0.0	(-0.7115978389684248+0j)
-0.8400000000000001	-0.7056000000000001	-0.0003866093713995303	-0.7059866393317367	0.0	(-0.7059866393317367+0j)
-0.8366666666666667	-0.7000111111111111	-0.00038651932795380576	-0.700397660863584	0.0	(-0.700397660863584+0j)
-0.8333333333333334	-0.6944444444444445	-0.0003864282018271219	-0.6948309035465897	0.0	(-0.6948309035465897+0j)
-0.8300000000000001	-0.6889000000000001	-0.00038633597559213526	-0.6892863673631211	0.0	(-0.6892863673631211+0j)
-0.8266666666666668	-0.683377777777778	-0.00038624263146943774	-0.6837640522952896	0.0	(-0.6837640522952896+0j)
-0.8233333333333334	-0.6778777777777778	-0.00038614815131898697	-0.6782639583249025	0.0	(-0.6782639583249025+0j)
-0.8200000000000001	-0.6724000000000001	-0.0003860525166312929	-0.6727860854334734	0.0	(-0.6727860854334734+0j)
-0.8166666666666668	-0.6669444444444446	-0.000385955708518351	-0.6673304336021713	0.0	(-0.6673304336021713+0j)
-0.8133333333333334	-0.6615111111111112	-0.0003858577077043163	-0.661897002811833	0.0	(-0.661897002811833+0j)
-0.81	-0.6561000000000001	-0.000385758494515907	-0.6564857930429401	0.0	(-0.6564857930429401+0j)
-0.8066666666666668	-0.6507111111111112	-0.00038565804887253047	-0.6510968042755814	0.0	(-0.6510968042755814+0j)
-0.8033333333333333	-0.6453444444444445	-0.00038555635027612143	-0.6457300364894601	0.0	(-0.6457300364894601+0j)
-0.8	-0.6400000000000001	-0.0003854533778006842	-0.640385489663889	0.0	(-0.640385489663889+0j)
-0.7966666666666667	-0.6346777777777779	-0.00038534911008152636	-0.6350631637777471	0.0	(-0.6350631637777471+0j)
-0.7933333333333333	-0.6293777777777778	-0.0003852435253041767	-0.6297630588094933	0.0	(-0.6297630588094933+0j)
-0.79	-0.6241000000000001	-0.00038513660119297415	-0.6244851747371343	0.0	(-0.6244851747371343+0j)
-0.7866666666666667	-0.6188444444444445	-0.0003850283149993178	-0.6192295115382327	0.0	(-0.6192295115382327+0j)
-0.7833333333333334	-0.6136111111111112	-0.00038491864348956636	-0.6139960691898632	0.0	(-0.6139960691898632+0j)
-0.78	-0.6084	-0.0003848075629325748	-0.6087848476686293	0.0	(-0.6087848476686293+0j)
-0.7766666666666667	-0.6032111111111113	-0.00038469504908685535	-0.6035958469506327	0.0	(-0.6035958469506327+0j)
-0.7733333333333334	-0.5980444444444446	-0.000384581077187351	-0.5984290670114644	0.0	(-0.5984290670114644+0j)
-0.77	-0.5929	-0.00038446562193180663	-0.5932845078261844	0.0	(-0.5932845078261844+0j)
-0.7666666666666667	-0.5877777777777778	-0.000384348657466725	-0.5881621693693404	0.0	(-0.5881621693693404+0j)
-0.7633333333333334	-0.582677777777778	-0.00038423015737289217	-0.5830620516148957	0.0	(-0.5830620516148957+0j)
-0.76	-0.5776	-0.0003841100946504577	-0.5779841545362598	0.0	(-0.5779841545362598+0j)
-0.7566666666666667	-0.5725444444444445	-0.00038398844170355376	-0.5729284781062559	0.0	(-0.5729284781062559+0j)
-0.7533333333333334	-0.5675111111111112	-0.0003838651703244367	-0.5678950222971176	0.0	(-0.5678950222971176+0j)
-0.75	-0.5625	-0.00038374025167713403	-0.5628837870804563	0.0	(-0.5628837870804563+0j)
-0.7466666666666667	-0.5575111111111112	-0.00038361365628058	-0.5578947724272452	0.0	(-0.5578947724272452+0j)
-0.7433333333333334	-0.5525444444444445	-0.0003834853539912194	-0.5529279783078291	0.0	(-0.5529279783078291+0j)
-0.7400000000000001	-0.5476000000000002	-0.00038335531398506244	-0.5479834046918692	0.0	(-0.5479834046918692+0j)
-0.7366666666666667	-0.5426777777777778	-0.0003832235047391699	-0.5430610515483475	0.0	(-0.5430610515483475+0j)
-0.7333333333333334	-0.5377777777777779	-0.0003830898940125477	-0.538160918845554	0.0	(-0.538160918845554+0j)
-0.7300000000000001	-0.5329000000000002	-0.00038295444882642917	-0.5332830065510451	0.0	(-0.5332830065510451+0j)
-0.7266666666666667	-0.5280444444444444	-0.00038281713544392314	-0.5284273146316366	0.0	(-0.5284273146316366+0j)
-0.7233333333333334	-0.5232111111111112	-0.0003826779193490037	-0.5235938430533986	0.0	(-0.5235938430533986+0j)
-0.7200000000000001	-0.5184000000000001	-0.00038253676522481797	-0.518782591781597	0.0	(-0.518782591781597+0j)
-0.7166666666666667	-0.5136111111111111	-0.0003823936369312853	-0.5139935607807112	0.0	(-0.5139935607807112+0j)
-0.7133333333333334	-0.5088444444444445	-0.00038224849748196265	-0.5092267500143771	0.0	(-0.5092267500143771+0j)
-0.7100000000000001	-0.5041000000000001	-0.00038210130902014756	-0.5044821594453969	0.0	(-0.5044821594453969+0j)
-0.7066666666666667	-0.49937777777777775	-0.00038195203279419034	-0.499759789035692	0.0	(-0.499759789035692+0j)
-0.7033333333333334	-0.4946777777777778	-0.0003818006291319856	-0.4950596387462835	0.0	(-0.4950596387462835+0j)
-0.7000000000000001	-0.4900000000000001	-0.0003816470574146107	-0.4903817085372706	0.0	(-0.4903817085372706+0j)
-0.6966666666666667	-0.4853444444444444	-0.00038149127604908016	-0.48572599836780056	0.0	(-0.48572599836780056+0j)
-0.6933333333333334	-0.48071111111111114	-0.0003813332424401803	-0.4810925081960454	0.0	(-0.4810925081960454+0j)
-0.6900000000000001	-0.4761000000000001	-0.00038117291296135006	-0.4764812379791672	0.0	(-0.4764812379791672+0j)
-0.6866666666666668	-0.4715111111111112	-0.0003810102429245683	-0.47189218767329555	0.0	(-0.47189218767329555+0j)
-0.6833333333333333	-0.46694444444444444	-0.0003808451865492126	-0.46732535723349855	0.0	(-0.46732535723349855+0j)
-0.68	-0.4624000000000001	-0.00038067769692984543	-0.46278074661374397	0.0	(-0.46278074661374397+0j)
-0.6766666666666667	-0.4578777777777779	-0.00038050772600288724	-0.4582583557668661	0.0	(-0.4582583557668661+0j)
-0.6733333333333333	-0.45337777777777777	-0.0003803352245121326	-0.4537581846445421	0.0	(-0.4537581846445421+0j)
-0.67	-0.4489000000000001	-0.00038016014197306145	-0.4492802331972547	0.0	(-0.4492802331972547+0j)
-0.6666666666666667	-0.44444444444444453	-0.0003799824266358994	-0.44482450137424956	0.0	(-0.44482450137424956+0j)
-0.6633333333333333	-0.44001111111111113	-0.00037980202544737527	-0.4403909891235123	0.0	(-0.4403909891235123+0j)
-0.66	-0.43560000000000004	-0.0003796188840111232	-0.4359796963917058	0.0	(-0.4359796963917058+0j)
-0.6566666666666667	-0.4312111111111112	-0.0003794329465466751	-0.43159062312416047	0.0	(-0.43159062312416047+0j)
-0.6533333333333333	-0.4268444444444444	-0.000379244155846985	-0.42722376926481187	0.0	(-0.42722376926481187+0j)
-0.65	-0.42250000000000004	-0.00037905245323442525	-0.42287913475615907	0.0	(-0.42287913475615907+0j)
-0.6466666666666667	-0.41817777777777787	-0.000378857778515192	-0.41855671953924173	0.0	(-0.41855671953924173+0j)
-0.6433333333333334	-0.4138777777777779	-0.00037866006993205305	-0.4142565235535703	0.0	(-0.4142565235535703+0j)
-0.64	-0.4096	-0.0003784592641153697	-0.40997854673708534	0.0	(-0.40997854673708534+0j)
-0.6366666666666667	-0.4053444444444445	-0.0003782552960323205	-0.40572278902611825	0.0	(-0.40572278902611825+0j)
-0.6333333333333334	-0.4011111111111112	-0.0003780480989342505	-0.401489250355324	0.0	(-0.401489250355324+0j)
-0.63	-0.39690000000000003	-0.0003778376043020672	-0.3972779306576479	0.0	(-0.3972779306576479+0j)
-0.6266666666666667	-0.3927111111111112	-0.00037762374178960045	-0.3930888298642567	0.0	(-0.3930888298642567+0j)
-0.6233333333333334	-0.3885444444444445	-0.000377406439164839	-0.388921947904485	0.0	(-0.388921947904485+0j)
-0.62	-0.3844	-0.0003771856222489528	-0.3847772847057782	0.0	(-0.3847772847057782+0j)
-0.6166666666666667	-0.3802777777777778	-0.00037696121485300587	-0.3806548401936359	0.0	(-0.3806548401936359+0j)
-0.6133333333333334	-0.37617777777777783	-0.0003767331387122593	-0.3765546142915409	0.0	(-0.3765546142915409+0j)
-0.61	-0.3721	-0.00037650131341796043	-0.3724766069208928	0.0	(-0.3724766069208928+0j)
-0.6066666666666667	-0.36804444444444445	-0.0003762656563465077	-0.3684208180009513	0.0	(-0.3684208180009513+0j)
-0.6033333333333334	-0.3640111111111112	-0.0003760260825858769	-0.3643872474487603	0.0	(-0.3643872474487603+0j)
-0.6000000000000001	-0.3600000000000001	-0.00037578250485918713	-0.3603758951790574	0.0	(-0.3603758951790574+0j)
-0.5966666666666667	-0.3560111111111111	-0.0003755348334452818	-0.35638676110422357	0.0	(-0.35638676110422357+0j)
-0.5933333333333334	-0.3520444444444445	-0.00037528297609619086	-0.35241984513419916	0.0	(-0.35241984513419916+0j)
-0.5900000000000001	-0.3481000000000001	-0.00037502683795133536	-0.3484751471763827	0.0	(-0.3484751471763827+0j)
-0.5866666666666667	-0.3441777777777778	-0.0003747663214483305	-0.34455266713556126	0.0	(-0.34455266713556126+0j)
-0.5833333333333334	-0.34027777777777785	-0.0003745013262302324	-0.34065240491382687	0.0	(-0.34065240491382687+0j)
-0.5800000000000001	-0.3364000000000001	-0.00037423174904907075	-0.33677436041046727	0.0	(-0.33677436041046727+0j)
-0.5766666666666667	-0.3325444444444444	-0.00037395748366549894	-0.3329185335218766	0.0	(-0.3329185335218766+0j)
-0.5733333333333334	-0.3287111111111111	-0.0003736784207443859	-0.3290849241414649	0.0	(-0.3290849241414649+0j)
-0.5700000000000001	-0.3249000000000001	-0.0003733944477461676	-0.32527353215953525	0.0	(-0.32527353215953525+0j)
-0.5666666666666667	-0.32111111111111107	-0.00037310544881376354	-0.32148435746319964	0.0	(-0.32148435746319964+0j)
-0.5633333333333334	-0.3173444444444445	-0.00037281130465485914	-0.3177173999362425	0.0	(-0.3177173999362425+0j)
-0.56	-0.31360000000000005	-0.0003725118924193416	-0.3139726594590168	0.0	(-0.3139726594590168+0j)
-0.5566666666666668	-0.30987777777777786	-0.00037220708557167013	-0.3102501359083227	0.0	(-0.3102501359083227+0j)
-0.5533333333333333	-0.30617777777777777	-0.0003718967537579487	-0.3065498291572689	0.0	(-0.3065498291572689+0j)
-0.55	-0.30250000000000005	-0.0003715807626674625	-0.3028717390751614	0.0	(-0.3028717390751614+0j)
-0.5466666666666667	-0.2988444444444445	-0.0003712589738884246	-0.2992158655273432	0.0	(-0.2992158655273432+0j)
-0.5433333333333333	-0.2952111111111111	-0.00037093124475767253	-0.29558220837506	0.0	(-0.29558220837506+0j)
-0.54	-0.2916	-0.00037059742820403903	-0.29197076747532213	0.0	(-0.29197076747532213+0j)
-0.5366666666666667	-0.28801111111111116	-0.0003702573725851143	-0.28838154268072747	0.0	(-0.28838154268072747+0j)
-0.5333333333333333	-0.28444444444444444	-0.000369910921517101	-0.28481453383932087	0.0	(-0.28481453383932087+0j)
-0.53	-0.28090000000000004	-0.0003695579136974552	-0.281269740794403	0.0	(-0.281269740794403+0j)
-0.5266666666666667	-0.27737777777777783	-0.00036919818271999224	-0.2777471633843723	0.0	(-0.2777471633843723+0j)
-0.5233333333333333	-0.2738777777777778	-0.0003688315568821253	-0.2742468014425355	0.0	(-0.2742468014425355+0j)
-0.52	-0.27040000000000003	-0.00036845785898389355	-0.2707686547969189	0.0	(-0.2707686547969189+0j)
-0.5166666666666667	-0.2669444444444445	-0.0003680769061184236	-0.2673127232700638	0.0	(-0.2673127232700638+0j)
-0.5133333333333334	-0.2635111111111112	-0.0003676885094534579	-0.26387900667882197	0.0	(-0.26387900667882197+0j)
-0.51	-0.2601	-0.00036729247400357133	-0.26046750483413983	0.0	(-0.26046750483413983+0j)
-0.5066666666666667	-0.25671111111111117	-0.00036688859839268946	-0.2570782175408368	0.0	(-0.2570782175408368+0j)
-0.5033333333333334	-0.25334444444444454	-0.0003664766746065089	-0.25371114459736	0.0	(-0.25371114459736+0j)
-0.5	-0.25	-0.00036605648773441397	-0.25036628579555426	0.0	(-0.25036628579555426+0j)
-0.4966666666666667	-0.2466777777777778	-0.0003656278157004748	-0.24704364092039513	0.0	(-0.24704364092039513+0j)
-0.49333333333333335	-0.2433777777777778	-0.0003651904289831064	-0.2437432097497321	0.0	(-0.2437432097497321+0j)
-0.49000000000000005	-0.24010000000000004	-0.0003647440903229633	-0.2404649920540051	0.0	(-0.2404649920540051+0j)
-0.4866666666666667	-0.23684444444444447	-0.00036428855441864076	-0.23720898759596712	0.0	(-0.23720898759596712+0j)
-0.48333333333333334	-0.2336111111111111	-0.00036382356760975406	-0.233975196130368	0.0	(-0.233975196130368+0j)
-0.48000000000000004	-0.23040000000000005	-0.00036334886754696866	-0.2307636174036737	0.0	(-0.2307636174036737+0j)
-0.4766666666666667	-0.2272111111111111	-0.0003628641828485587	-0.2275742511537052	0.0	(-0.2275742511537052+0j)
-0.4733333333333334	-0.2240444444444445	-0.00036236923274307945	-0.22440709710933218	0.0	(-0.22440709710933218+0j)
-0.47000000000000003	-0.22090000000000004	-0.0003618637266977527	-0.2212621549901081	0.0	(-0.2212621549901081+0j)
-0.4666666666666667	-0.2177777777777778	-0.0003613473640321776	-0.2181394245059151	0.0	(-0.2181394245059151+0j)
-0.4633333333333334	-0.21467777777777783	-0.0003608198335170045	-0.21503890535658665	0.0	(-0.21503890535658665+0j)
-0.46	-0.2116	-0.00036028081295723195	-0.21196059723151334	0.0	(-0.21196059723151334+0j)
-0.4566666666666667	-0.2085444444444445	-0.0003597299687598231	-0.20890449980923972	0.0	(-0.20890449980923972+0j)
-0.45333333333333337	-0.20551111111111114	-0.000359166955485375	-0.20587061275705282	0.0	(-0.20587061275705282+0j)
-0.45	-0.2025	-0.0003585914153836226	-0.20285893573054084	0.0	(-0.20285893573054084+0j)
-0.4466666666666667	-0.19951111111111114	-0.00035800297791261244	-0.1998694683731522	0.0	(-0.1998694683731522+0j)
-0.44333333333333336	-0.19654444444444447	-0.0003574012592414477	-0.19690221031572705	0.0	(-0.19690221031572705+0j)
-0.44	-0.1936	-0.00035678586173657715	-0.1939571611760309	0.0	(-0.1939571611760309+0j)
-0.4366666666666667	-0.1906777777777778	-0.000356156373431687	-0.1910343205582525	0.0	(-0.1910343205582525+0j)
-0.43333333333333335	-0.1877777777777778	-0.0003555123674813487	-0.18813368805251326	0.0	(-0.18813368805251326+0j)
-0.43000000000000005	-0.18490000000000004	-0.00035485340159868603	-0.1852552632343407	0.0	(-0.1852552632343407+0j)
-0.4266666666666667	-0.18204444444444448	-0.0003541790174774446	-0.18239904566414214	0.0	(-0.18239904566414214+0j)
-0.42333333333333334	-0.17921111111111113	-0.00035348874019898257	-0.17956503488666134	0.0	(-0.17956503488666134+0j)
-0.42000000000000004	-0.17640000000000003	-0.00035278207762485435	-0.17675323043042815	0.0	(-0.17675323043042815+0j)
-0.4166666666666667	-0.17361111111111113	-0.00035205851977582376	-0.17396363180719107	0.0	(-0.17396363180719107+0j)
-0.4133333333333334	-0.1708444444444445	-0.000351317538198328	-0.17119623851134777	0.0	(-0.17119623851134777+0j)
-0.41000000000000003	-0.16810000000000003	-0.0003505585853196168	-0.16845105001936692	0.0	(-0.16845105001936692+0j)
-0.4066666666666667	-0.1653777777777778	-0.0003497810937930098	-0.1657280657891973	0.0	(-0.1657280657891973+0j)
-0.4033333333333334	-0.1626777777777778	-0.0003489844758349576	-0.16302728525968435	0.0	(-0.16302728525968435+0j)
-0.4	-0.16000000000000003	-0.0003481681225558502	-0.1603487078499771	0.0	(-0.1603487078499771+0j)
-0.39666666666666667	-0.15734444444444445	-0.00034733140328680026	-0.15769233295893745	0.0	(-0.15769233295893745+0j)
-0.39333333333333337	-0.15471111111111113	-0.0003464736649049286	-0.15505815996455738	0.0	(-0.15505815996455738+0j)
-0.39	-0.1521	-0.0003455942311600067	-0.15244618822337688	0.0	(-0.15244618822337688+0j)
-0.3866666666666667	-0.14951111111111115	-0.0003446924020056542	-0.14985641706991967	0.0	(-0.14985641706991967+0j)
-0.38333333333333336	-0.14694444444444446	-0.0003437674529386605	-0.14728884581614005	0.0	(-0.14728884581614005+0j)
-0.38	-0.1444	-0.00034281863435038797	-0.144743473750884	0.0	(-0.144743473750884+0j)
-0.3766666666666667	-0.1418777777777778	-0.0003418451708946259	-0.14222030013938514	0.0	(-0.14222030013938514+0j)
-0.37333333333333335	-0.1393777777777778	-0.00034084626087669797	-0.13971932422278407	0.0	(-0.13971932422278407+0j)
-0.37000000000000005	-0.13690000000000005	-0.00033982107566907644	-0.13724054521768098	0.0	(-0.13724054521768098+0j)
-0.3666666666666667	-0.13444444444444448	-0.000338768759159228	-0.13478396231573103	0.0	(-0.13478396231573103+0j)
-0.36333333333333334	-0.1320111111111111	-0.0003376884272359038	-0.13234957468329298	0.0	(-0.13234957468329298+0j)
-0.36000000000000004	-0.12960000000000002	-0.0003365791673205895	-0.12993738146112752	0.0	(-0.12993738146112752+0j)
-0.3566666666666667	-0.12721111111111114	-0.00033544003795134454	-0.12754738176416242	0.0	(-0.12754738176416242+0j)
-0.35333333333333333	-0.12484444444444444	-0.00033427006842678915	-0.12517957468132718	0.0	(-0.12517957468132718+0j)
-0.35000000000000003	-0.12250000000000003	-0.00033306825851852734	-0.122833959275478	0.0	(-0.122833959275478+0j)
-0.3466666666666667	-0.12017777777777779	-0.00033183357826082883	-0.12051053458339533	0.0	(-0.12051053458339533+0j)
-0.3433333333333334	-0.1178777777777778	-0.0003305649678269318	-0.11820929961591024	0.0	(-0.11820929961591024+0j)
-0.34	-0.11560000000000002	-0.00032926133750185325	-0.11593025335811614	0.0	(-0.11593025335811614+0j)
-0.33666666666666667	-0.11334444444444444	-0.0003279215677621146	-0.11367339476971978	0.0	(-0.11367339476971978+0j)
-0.33333333333333337	-0.11111111111111113	-0.0003265445094732934	-0.11143872278552788	0.0	(-0.11143872278552788+0j)
-0.33	-0.10890000000000001	-0.0003251289842167904	-0.10922623631607523	0.0	(-0.10922623631607523+0j)
-0.32666666666666666	-0.1067111111111111	-0.00032367378475765476	-0.10703593424842324	0.0	(-0.10703593424842324+0j)
-0.32333333333333336	-0.10454444444444447	-0.0003221776756657263	-0.104867815447125	0.0	(-0.104867815447125+0j)
-0.32	-0.1024	-0.00032063939410272425	-0.10272187875538834	0.0	(-0.10272187875538834+0j)
-0.3166666666666667	-0.1002777777777778	-0.0003190576507882364	-0.10059812299643568	0.0	(-0.10059812299643568+0j)
-0.31333333333333335	-0.0981777777777778	-0.0003174311311578222	-0.09849654697508967	0.0	(-0.09849654697508967+0j)
-0.31	-0.0961	-0.00031575849672663944	-0.09641714947958444	0.0	(-0.09641714947958444+0j)
-0.3066666666666667	-0.09404444444444446	-0.0003140383866721195	-0.09435992928363736	0.0	(-0.09435992928363736+0j)
-0.30333333333333334	-0.09201111111111111	-0.0003122694196492469	-0.09232488514877053	0.0	(-0.09232488514877053+0j)
-0.30000000000000004	-0.09000000000000002	-0.00031045019585193654	-0.0903120158269281	0.0	(-0.0903120158269281+0j)
-0.2966666666666667	-0.08801111111111112	-0.00030857929933382836	-0.08832132006336994	0.0	(-0.08832132006336994+0j)
-0.29333333333333333	-0.08604444444444445	-0.00030665530060153967	-0.08635279659989692	0.0	(-0.08635279659989692+0j)
-0.29000000000000004	-0.08410000000000002	-0.00030467675949300444	-0.08440644417838046	0.0	(-0.08440644417838046+0j)
-0.2866666666666667	-0.08217777777777778	-0.00030264222835299113	-0.08248226154464236	0.0	(-0.08248226154464236+0j)
-0.2833333333333333	-0.08027777777777777	-0.00030055025551721124	-0.08058024745268037	0.0	(-0.08058024745268037+0j)
-0.28	-0.07840000000000001	-0.00029839938911559665	-0.07870040066925638	0.0	(-0.07870040066925638+0j)
-0.27666666666666667	-0.07654444444444444	-0.00029618818120434376	-0.07684271997886652	0.0	(-0.07684271997886652+0j)
-0.2733333333333334	-0.07471111111111113	-0.0002939151922351671	-0.07500720418907997	0.0	(-0.07500720418907997+0j)
-0.27	-0.0729	-0.0002915789958688914	-0.07319385213628324	0.0	(-0.07319385213628324+0j)
-0.26666666666666666	-0.07111111111111111	-0.0002891781841390158	-0.07140266269181422	0.0	(-0.07140266269181422+0j)
-0.26333333333333336	-0.06934444444444446	-0.0002867113729692171	-0.06963363476849929	0.0	(-0.06963363476849929+0j)
-0.26	-0.06760000000000001	-0.0002841772080469083	-0.06788676732758746	0.0	(-0.06788676732758746+0j)
-0.2566666666666667	-0.0658777777777778	-0.00028157437105294346	-0.06616205938609038	0.0	(-0.06616205938609038+0j)
-0.25333333333333335	-0.06417777777777779	-0.00027890158624535084	-0.0644595100245112	0.0	(-0.0644595100245112+0j)
-0.25	-0.0625	-0.0002761576273925947	-0.06277911839496304	0.0	(-0.06277911839496304+0j)
-0.24666666666666667	-0.06084444444444445	-0.0002733413250493153	-0.061120883729656975	0.0	(-0.061120883729656975+0j)
-0.24333333333333335	-0.05921111111111112	-0.0002704515741647756	-0.05948480534974523	0.0	(-0.05948480534974523+0j)
-0.24000000000000002	-0.05760000000000001	-0.00026748734201137745	-0.05787088267449984	0.0	(-0.05787088267449984+0j)
-0.2366666666666667	-0.05601111111111112	-0.0002644476764175905	-0.05627911523079658	0.0	(-0.05627911523079658+0j)
-0.23333333333333334	-0.05444444444444445	-0.00026133171428649785	-0.05470950266287054	0.0	(-0.05470950266287054+0j)
-0.23	-0.0529	-0.00025813869037790137	-0.05316204474231405	0.0	(-0.05316204474231405+0j)
-0.22666666666666668	-0.051377777777777786	-0.0002548679463285819	-0.0516367413782575	0.0	(-0.0516367413782575+0j)
-0.22333333333333336	-0.049877777777777785	-0.00025151893988188104	-0.05013359262770665	0.0	(-0.05013359262770665+0j)
-0.22	-0.0484	-0.00024809125429429675	-0.04865259870595869	0.0	(-0.04865259870595869+0j)
-0.21666666666666667	-0.04694444444444445	-0.0002445846078832852	-0.04719375999706106	0.0	(-0.04719375999706106+0j)
-0.21333333333333335	-0.04551111111111112	-0.0002409988636769609	-0.04575707706423916	0.0	(-0.04575707706423916+0j)
-0.21000000000000002	-0.04410000000000001	-0.00023733403912292608	-0.04434255066023903	0.0	(-0.04434255066023903+0j)
-0.2066666666666667	-0.04271111111111112	-0.00023359031581005768	-0.04295018173752492	0.0	(-0.04295018173752492+0j)
-0.20333333333333334	-0.04134444444444445	-0.00022976804915377945	-0.04157997145828199	0.0	(-0.04157997145828199+0j)
-0.2	-0.04000000000000001	-0.00022586777799217997	-0.04023192120418573	0.0	(-0.04023192120418573+0j)
-0.19666666666666668	-0.03867777777777778	-0.00022189023403733577	-0.038906032585920326	0.0	(-0.038906032585920326+0j)
-0.19333333333333336	-0.03737777777777779	-0.00021783635112341166	-0.037602307452455914	0.0	(-0.037602307452455914+0j)
-0.19	-0.0361	-0.0002137072741905585	-0.036320747900139574	0.0	(-0.036320747900139574+0j)
-0.18666666666666668	-0.03484444444444445	-0.00020950436794136835	-0.03506135628171048	0.0	(-0.03506135628171048+0j)
-0.18333333333333335	-0.03361111111111112	-0.00020522922510470015	-0.033824135215427244	0.0	(-0.033824135215427244+0j)
-0.18000000000000002	-0.032400000000000005	-0.00020088367424010484	-0.03260908759459371	0.0	(-0.03260908759459371+0j)
-0.17666666666666667	-0.03121111111111111	-0.00019646978701488488	-0.031416216597889714	0.0	(-0.031416216597889714+0j)
-0.17333333333333334	-0.030044444444444447	-0.0001919898848850604	-0.030245525701077393	0.0	(-0.030245525701077393+0j)
-0.17	-0.028900000000000006	-0.0001874465451112102	-0.0290970186908284	0.0	(-0.0290970186908284+0j)
-0.16666666666666669	-0.027777777777777783	-0.00018284260604034688	-0.027970699681646033	0.0	(-0.027970699681646033+0j)
-0.16333333333333333	-0.026677777777777776	-0.00017818117158569175	-0.026866573137106255	0.0	(-0.026866573137106255+0j)
-0.16	-0.0256	-0.0001734656148374668	-0.025784643896923212	0.0	(-0.025784643896923212+0j)
-0.15666666666666668	-0.02454444444444445	-0.00016869958073963717	-0.024724917211651896	0.0	(-0.024724917211651896+0j)
-0.15333333333333335	-0.023511111111111115	-0.00016388698776992984	-0.023687398787151776	0.0	(-0.023687398787151776+0j)
-0.15000000000000002	-0.022500000000000006	-0.00015903202856344111	-0.02267209484123922	0.0	(-0.02267209484123922+0j)
-0.14666666666666667	-0.021511111111111113	-0.00015413916942372605	-0.02167901217522456	0.0	(-0.02167901217522456+0j)
-0.14333333333333334	-0.020544444444444445	-0.00014921314866944634	-0.02070815826322726	0.0	(-0.02070815826322726+0j)
-0.14	-0.019600000000000003	-0.00014425897376942165	-0.01975954136225226	0.0	(-0.01975954136225226+0j)
-0.1366666666666667	-0.018677777777777783	-0.00013928191722429329	-0.018833170645952843	0.0	(-0.018833170645952843+0j)
-0.13333333333333333	-0.017777777777777778	-0.00013428751115892372	-0.01792905636474709	0.0	(-0.01792905636474709+0j)
-0.13	-0.016900000000000002	-0.00012928154059612816	-0.017047210034465625	0.0	(-0.017047210034465625+0j)
-0.12666666666666668	-0.016044444444444448	-0.00012427003538930659	-0.016187644654951823	0.0	(-0.016187644654951823+0j)
-0.12333333333333334	-0.015211111111111113	-0.00011925926079900905	-0.015350374959003755	0.0	(-0.015350374959003755+0j)
-0.12000000000000001	-0.014400000000000003	-0.00011425570670635512	-0.014535417690749224	0.0	(-0.014535417690749224+0j)
-0.11666666666666667	-0.013611111111111112	-0.00010926607546451203	-0.013742791911006818	0.0	(-0.013742791911006818+0j)
-0.11333333333333334	-0.012844444444444447	-0.00010429726839805768	-0.012972519325488341	0.0	(-0.012972519325488341+0j)
-0.11	-0.0121	-9.935637096894072e-05	-0.012224624629861753	0.0	(-0.012224624629861753+0j)
-0.10666666666666667	-0.01137777777777778	-9.445063663686323e-05	-0.011499135863788494	0.0	(-0.011499135863788494+0j)
-0.10333333333333335	-0.01067777777777778	-8.958746945115489e-05	-0.010796084763992709	0.0	(-0.010796084763992709+0j)
-0.1	-0.010000000000000002	-8.477440542053116e-05	-0.010115507104030532	0.0	(-0.010115507104030532+0j)
-0.09666666666666668	-0.009344444444444447	-8.001909271644121e-05	-0.009457443005219841	0.0	(-0.009457443005219841+0j)
-0.09333333333333334	-0.008711111111111112	-7.532927077493986e-05	-0.008821937198344074	0.0	(-0.008821937198344074+0j)
-0.09000000000000001	-0.008100000000000001	-7.071274837109026e-05	-0.008209039207907243	0.0	(-0.008209039207907243+0j)
-0.08666666666666667	-0.007511111111111112	-6.617738074871202e-05	-0.007618803417975408	0.0	(-0.007618803417975408+0j)
-0.08333333333333334	-0.006944444444444446	-6.173104589679275e-05	-0.007051288958431592	0.0	(-0.007051288958431592+0j)
-0.08	-0.0064	-5.738162007194573e-05	-0.006506559319827265	0.0	(-0.006506559319827265+0j)
-0.07666666666666667	-0.005877777777777779	-5.3136952673893834e-05	-0.005984681561036081	0.0	(-0.005984681561036081+0j)
-0.07333333333333333	-0.005377777777777778	-4.9004840587973204e-05	-0.005485724915053034	0.0	(-0.005485724915053034+0j)
-0.07	-0.004900000000000001	-4.499300211501813e-05	-0.005009758526471598	0.0	(-0.005009758526471598+0j)
-0.06666666666666667	-0.0044444444444444444	-4.1109050614653204e-05	-0.004556847978101879	0.0	(-0.004556847978101879+0j)
-0.06333333333333334	-0.004011111111111112	-3.736046799288507e-05	-0.004127050202804722	0.0	(-0.004127050202804722+0j)
-0.060000000000000005	-0.0036000000000000008	-3.375457816891963e-05	-0.0037204063604602505	0.0	(-0.0037204063604602505+0j)
-0.05666666666666667	-0.0032111111111111116	-3.029852065926722e-05	-0.0033369323260936746	0.0	(-0.0033369323260936746+0j)
-0.05333333333333334	-0.002844444444444445	-2.6999224419387794e-05	-0.0029766066107167408	0.0	(-0.0029766066107167408+0j)
-0.05	-0.0025000000000000005	-2.3863382084334927e-05	-0.002639355811481012	0.0	(-0.002639355811481012+0j)
-0.04666666666666667	-0.002177777777777778	-2.0897424750064737e-05	-0.0023250379886914398	0.0	(-0.0023250379886914398+0j)
-0.043333333333333335	-0.001877777777777778	-1.81074974362227e-05	-0.0020334245549671064	0.0	(-0.0020334245549671064+0j)
-0.04	-0.0016	-1.549943536936424e-05	-0.0017641811762527018	0.0	(-0.0017641811762527018+0j)
-0.03666666666666667	-0.0013444444444444445	-1.3078741222604696e-05	-0.0015168477297696698	0.0	(-0.0015168477297696698+0j)
-0.03333333333333333	-0.0011111111111111111	-1.0850563443758413e-05	-0.0012908165914302533	0.0	(-0.0012908165914302533+0j)
-0.030000000000000002	-0.0009000000000000002	-8.81967579901069e-06	-0.0010853076600394953	0.0	(-0.0010853076600394953+0j)
-0.02666666666666667	-0.0007111111111111113	-6.990458253190723e-06	-0.0008993379313506836	0.0	(-0.0008993379313506836+0j)
-0.023333333333333334	-0.0005444444444444445	-5.36687930076038e-06	-0.0007316835640944878	0.0	(-0.0007316835640944878+0j)
-0.02	-0.0004	-3.9524798538144446e-06	-0.0005808337626282916	0.0	(-0.0005808337626282916+0j)
-0.016666666666666666	-0.0002777777777777778	-2.7503587846089417e-06	-0.0004449390368462179	0.0	(-0.0004449390368462179+0j)
-0.013333333333333334	-0.0001777777777777778	-1.7631602107145983e-06	-0.00032176196919698807	0.0	(-0.00032176196919698807+0j)
-0.01	-0.0001	-9.930626005960619e-07	-0.00020864617857585955	0.0	(-0.00020864617857585955+0j)
-0.006666666666666667	-4.444444444444445e-05	-4.41769766684752e-07	-0.00010252608783195684	0.0	(-0.00010252608783195684+0j)
-0.0033333333333333335	-1.1111111111111113e-05	-1.1050380144261851e-07	1.0191500421363742e-17	-0.004013585283831597	(1.0191500421363742e-17-0.004013585283831597j)
0.0033333333333333335	1.1111111111111113e-05	1.1050380144261851e-07	1.0191500421363742e-17	0.004013585283831597	(1.0191500421363742e-17+0.004013585283831597j)
0.006666666666666667	4.444444444444445e-05	4.41769766684752e-07	0.00010252608783195032	0.0	(0.00010252608783195032+0j)
0.01	0.0001	9.930626005960619e-07	0.00020864617857586107	0.0	(0.00020864617857586107+0j)
0.013333333333333334	0.0001777777777777778	1.7631602107145983e-06	0.00032176196919698444	0.0	(0.00032176196919698444+0j)
0.016666666666666666	0.0002777777777777778	2.7503587846089417e-06	0.00044493903684623975	0.0	(0.00044493903684623975+0j)
0.02	0.0004	3.9524798538144446e-06	0.0005808337626282536	0.0	(0.0005808337626282536+0j)
0.023333333333333334	0.0005444444444444445	5.36687930076038e-06	0.000731683564094491	0.0	(0.000731683564094491+0j)
0.02666666666666667	0.0007111111111111113	6.990458253190723e-06	0.0008993379313507097	0.0	(0.0008993379313507097+0j)
0.030000000000000002	0.0009000000000000002	8.81967579901069e-06	0.0010853076600394946	0.0	(0.0010853076600394946+0j)
0.03333333333333333	0.0011111111111111111	1.0850563443758413e-05	0.0012908165914302843	0.0	(0.0012908165914302843+0j)
0.03666666666666667	0.0013444444444444445	1.3078741222604696e-05	0.0015168477297696676	0.0	(0.0015168477297696676+0j)
0.04	0.0016	1.549943536936424e-05	0.001764181176252743	0.0	(0.001764181176252743+0j)
0.043333333333333335	0.001877777777777778	1.81074974362227e-05	0.002033424554967081	0.0	(0.002033424554967081+0j)
0.04666666666666667	0.002177777777777778	2.0897424750064737e-05	0.002325037988691463	0.0	(0.002325037988691463+0j)
0.05	0.0025000000000000005	2.3863382084334927e-05	0.002639355811481021	0.0	(0.002639355811481021+0j)
0.05333333333333334	0.002844444444444445	2.6999224419387794e-05	0.00297660661071674	0.0	(0.00297660661071674+0j)
0.05666666666666667	0.0032111111111111116	3.029852065926722e-05	0.003336932326093652	0.0	(0.003336932326093652+0j)
0.060000000000000005	0.0036000000000000008	3.375457816891963e-05	0.003720406360460247	0.0	(0.003720406360460247+0j)
0.06333333333333334	0.004011111111111112	3.736046799288507e-05	0.00412705020280464	0.0	(0.00412705020280464+0j)
0.06666666666666667	0.0044444444444444444	4.1109050614653204e-05	0.004556847978101879	0.0	(0.004556847978101879+0j)
0.07	0.004900000000000001	4.499300211501813e-05	0.005009758526471566	0.0	(0.005009758526471566+0j)
0.07333333333333333	0.005377777777777778	4.9004840587973204e-05	0.005485724915053037	0.0	(0.005485724915053037+0j)
0.07666666666666667	0.005877777777777779	5.3136952673893834e-05	0.005984681561036032	0.0	(0.005984681561036032+0j)
0.08	0.0064	5.738162007194573e-05	0.006506559319827247	0.0	(0.006506559319827247+0j)
0.08333333333333334	0.006944444444444446	6.173104589679275e-05	0.007051288958431585	0.0	(0.007051288958431585+0j)
0.08666666666666667	0.007511111111111112	6.617738074871202e-05	0.00761880341797537	0.0	(0.00761880341797537+0j)
0.09000000000000001	0.008100000000000001	7.071274837109026e-05	0.00820903920790721	0.0	(0.00820903920790721+0j)
0.09333333333333334	0.008711111111111112	7.532927077493986e-05	0.008821937198344041	0.0	(0.008821937198344041+0j)
0.09666666666666668	0.009344444444444447	8.001909271644121e-05	0.009457443005219888	0.0	(0.009457443005219888+0j)
0.1	0.010000000000000002	8.477440542053116e-05	0.010115507104030516	0.0	(0.010115507104030516+0j)
0.10333333333333335	0.01067777777777778	8.958746945115489e-05	0.010796084763992755	0.0	(0.010796084763992755+0j)
0.10666666666666667	0.01137777777777778	9.445063663686323e-05	0.01149913586378842	0.0	(0.01149913586378842+0j)
0.11	0.0121	9.935637096894072e-05	0.012224624629861744	0.0	(0.012224624629861744+0j)
0.11333333333333334	0.012844444444444447	0.00010429726839805768	0.012972519325488275	0.0	(0.012972519325488275+0j)
0.11666666666666667	0.013611111111111112	0.00010926607546451203	0.013742791911006838	0.0	(0.013742791911006838+0j)
0.12000000000000001	0.014400000000000003	0.00011425570670635512	0.014535417690749234	0.0	(0.014535417690749234+0j)
0.12333333333333334	0.015211111111111113	0.00011925926079900905	0.015350374959003765	0.0	(0.015350374959003765+0j)
0.12666666666666668	0.016044444444444448	0.00012427003538930659	0.01618764465495177	0.0	(0.01618764465495177+0j)
0.13	0.016900000000000002	0.00012928154059612816	0.017047210034465538	0.0	(0.017047210034465538+0j)
0.13333333333333333	0.017777777777777778	0.00013428751115892372	0.017929056364747124	0.0	(0.017929056364747124+0j)
0.1366666666666667	0.018677777777777783	0.00013928191722429329	0.018833170645952864	0.0	(0.018833170645952864+0j)
0.14	0.019600000000000003	0.00014425897376942165	0.019759541362252206	0.0	(0.019759541362252206+0j)
0.14333333333333334	0.020544444444444445	0.00014921314866944634	0.020708158263227267	0.0	(0.020708158263227267+0j)
0.14666666666666667	0.021511111111111113	0.00015413916942372605	0.02167901217522454	0.0	(0.02167901217522454+0j)
0.15000000000000002	0.022500000000000006	0.00015903202856344111	0.02267209484123918	0.0	(0.02267209484123918+0j)
0.15333333333333335	0.023511111111111115	0.00016388698776992984	0.023687398787151884	0.0	(0.023687398787151884+0j)
0.15666666666666668	0.02454444444444445	0.00016869958073963717	0.024724917211651945	0.0	(0.024724917211651945+0j)
0.16	0.0256	0.0001734656148374668	0.025784643896923025	0.0	(0.025784643896923025+0j)
0.16333333333333333	0.026677777777777776	0.00017818117158569175	0.026866573137106338	0.0	(0.026866573137106338+0j)
0.16666666666666669	0.027777777777777783	0.00018284260604034688	0.02797069968164609	0.0	(0.02797069968164609+0j)
0.17	0.028900000000000006	0.0001874465451112102	0.029097018690828334	0.0	(0.029097018690828334+0j)
0.17333333333333334	0.030044444444444447	0.0001919898848850604	0.03024552570107754	0.0	(0.03024552570107754+0j)
0.17666666666666667	0.03121111111111111	0.00019646978701488488	0.031416216597889644	0.0	(0.031416216597889644+0j)
0.18000000000000002	0.032400000000000005	0.00020088367424010484	0.03260908759459382	0.0	(0.03260908759459382+0j)
0.18333333333333335	0.03361111111111112	0.00020522922510470015	0.033824135215427126	0.0	(0.033824135215427126+0j)
0.18666666666666668	0.03484444444444445	0.00020950436794136835	0.03506135628171034	0.0	(0.03506135628171034+0j)
0.19	0.0361	0.0002137072741905585	0.036320747900139824	0.0	(0.036320747900139824+0j)
0.19333333333333336	0.03737777777777779	0.00021783635112341166	0.037602307452456143	0.0	(0.037602307452456143+0j)
0.19666666666666668	0.03867777777777778	0.00022189023403733577	0.03890603258592017	0.0	(0.03890603258592017+0j)
0.2	0.04000000000000001	0.00022586777799217997	0.040231921204185735	0.0	(0.040231921204185735+0j)
0.20333333333333334	0.04134444444444445	0.00022976804915377945	0.04157997145828186	0.0	(0.04157997145828186+0j)
0.2066666666666667	0.04271111111111112	0.00023359031581005768	0.04295018173752507	0.0	(0.04295018173752507+0j)
0.21000000000000002	0.04410000000000001	0.00023733403912292608	0.04434255066023928	0.0	(0.04434255066023928+0j)
0.21333333333333335	0.04551111111111112	0.0002409988636769609	0.04575707706423933	0.0	(0.04575707706423933+0j)
0.21666666666666667	0.04694444444444445	0.0002445846078832852	0.04719375999706109	0.0	(0.04719375999706109+0j)
0.22	0.0484	0.00024809125429429675	0.04865259870595865	0.0	(0.04865259870595865+0j)
0.22333333333333336	0.049877777777777785	0.00025151893988188104	0.0501335926277067	0.0	(0.0501335926277067+0j)
0.22666666666666668	0.051377777777777786	0.0002548679463285819	0.05163674137825787	0.0	(0.05163674137825787+0j)
0.23	0.0529	0.00025813869037790137	0.053162044742313834	0.0	(0.053162044742313834+0j)
0.23333333333333334	0.05444444444444445	0.00026133171428649785	0.05470950266287059	0.0	(0.05470950266287059+0j)
0.2366666666666667	0.05601111111111112	0.0002644476764175905	0.056279115230796414	0.0	(0.056279115230796414+0j)
0.24000000000000002	0.05760000000000001	0.00026748734201137745	0.057870882674500045	0.0	(0.057870882674500045+0j)
0.24333333333333335	0.05921111111111112	0.0002704515741647756	0.05948480534974519	0.0	(0.05948480534974519+0j)
0.24666666666666667	0.06084444444444445	0.0002733413250493153	0.061120883729656794	0.0	(0.061120883729656794+0j)
0.25	0.0625	0.0002761576273925947	0.0627791183949632	0.0	(0.0627791183949632+0j)
0.25333333333333335	0.06417777777777779	0.00027890158624535084	0.06445951002451117	0.0	(0.06445951002451117+0j)
0.2566666666666667	0.0658777777777778	0.00028157437105294346	0.06616205938609021	0.0	(0.06616205938609021+0j)
0.26	0.06760000000000001	0.0002841772080469083	0.06788676732758744	0.0	(0.06788676732758744+0j)
0.26333333333333336	0.06934444444444446	0.0002867113729692171	0.0696336347684993	0.0	(0.0696336347684993+0j)
0.26666666666666666	0.07111111111111111	0.0002891781841390158	0.07140266269181408	0.0	(0.07140266269181408+0j)
0.27	0.0729	0.0002915789958688914	0.07319385213628292	0.0	(0.07319385213628292+0j)
0.2733333333333334	0.07471111111111113	0.0002939151922351671	0.07500720418907936	0.0	(0.07500720418907936+0j)
0.27666666666666667	0.07654444444444444	0.00029618818120434376	0.07684271997886655	0.0	(0.07684271997886655+0j)
0.28	0.07840000000000001	0.00029839938911559665	0.07870040066925668	0.0	(0.07870040066925668+0j)
0.2833333333333333	0.08027777777777777	0.00030055025551721124	0.08058024745267965	0.0	(0.08058024745267965+0j)
0.2866666666666667	0.08217777777777778	0.00030264222835299113	0.08248226154464192	0.0	(0.08248226154464192+0j)
0.29000000000000004	0.08410000000000002	0.00030467675949300444	0.08440644417837961	0.0	(0.08440644417837961+0j)
0.29333333333333333	0.08604444444444445	0.00030665530060153967	0.08635279659989684	0.0	(0.08635279659989684+0j)
0.2966666666666667	0.08801111111111112	0.00030857929933382836	0.08832132006337061	0.0	(0.08832132006337061+0j)
0.30000000000000004	0.09000000000000002	0.00031045019585193654	0.09031201582692773	0.0	(0.09031201582692773+0j)
0.30333333333333334	0.09201111111111111	0.0003122694196492469	0.09232488514877113	0.0	(0.09232488514877113+0j)
0.3066666666666667	0.09404444444444446	0.0003140383866721195	0.09435992928363732	0.0	(0.09435992928363732+0j)
0.31	0.0961	0.00031575849672663944	0.09641714947958453	0.0	(0.09641714947958453+0j)
0.31333333333333335	0.0981777777777778	0.0003174311311578222	0.09849654697508907	0.0	(0.09849654697508907+0j)
0.3166666666666667	0.1002777777777778	0.0003190576507882364	0.1005981229964356	0.0	(0.1005981229964356+0j)
0.32	0.1024	0.00032063939410272425	0.10272187875538794	0.0	(0.10272187875538794+0j)
0.32333333333333336	0.10454444444444447	0.0003221776756657263	0.10486781544712472	0.0	(0.10486781544712472+0j)
0.32666666666666666	0.1067111111111111	0.00032367378475765476	0.10703593424842368	0.0	(0.10703593424842368+0j)
0.33	0.10890000000000001	0.0003251289842167904	0.10922623631607559	0.0	(0.10922623631607559+0j)
0.33333333333333337	0.11111111111111113	0.0003265445094732934	0.11143872278552774	0.0	(0.11143872278552774+0j)
0.33666666666666667	0.11334444444444444	0.0003279215677621146	0.11367339476971965	0.0	(0.11367339476971965+0j)
0.34	0.11560000000000002	0.00032926133750185325	0.11593025335811528	0.0	(0.11593025335811528+0j)
0.3433333333333334	0.1178777777777778	0.0003305649678269318	0.11820929961591069	0.0	(0.11820929961591069+0j)
0.3466666666666667	0.12017777777777779	0.00033183357826082883	0.12051053458339638	0.0	(0.12051053458339638+0j)
0.35000000000000003	0.12250000000000003	0.00033306825851852734	0.12283395927547842	0.0	(0.12283395927547842+0j)
0.35333333333333333	0.12484444444444444	0.00033427006842678915	0.1251795746813277	0.0	(0.1251795746813277+0j)
0.3566666666666667	0.12721111111111114	0.00033544003795134454	0.1275473817641623	0.0	(0.1275473817641623+0j)
0.36000000000000004	0.12960000000000002	0.0003365791673205895	0.12993738146112707	0.0	(0.12993738146112707+0j)
0.36333333333333334	0.1320111111111111	0.0003376884272359038	0.13234957468329323	0.0	(0.13234957468329323+0j)
0.3666666666666667	0.13444444444444448	0.000338768759159228	0.1347839623157312	0.0	(0.1347839623157312+0j)
0.37000000000000005	0.13690000000000005	0.00033982107566907644	0.13724054521768048	0.0	(0.13724054521768048+0j)
0.37333333333333335	0.1393777777777778	0.00034084626087669797	0.13971932422278338	0.0	(0.13971932422278338+0j)
0.3766666666666667	0.1418777777777778	0.0003418451708946259	0.1422203001393859	0.0	(0.1422203001393859+0j)
0.38	0.1444	0.00034281863435038797	0.14474347375088367	0.0	(0.14474347375088367+0j)
0.38333333333333336	0.14694444444444446	0.0003437674529386605	0.1472888458161394	0.0	(0.1472888458161394+0j)
0.3866666666666667	0.14951111111111115	0.0003446924020056542	0.14985641706992056	0.0	(0.14985641706992056+0j)
0.39	0.1521	0.0003455942311600067	0.15244618822337774	0.0	(0.15244618822337774+0j)
0.39333333333333337	0.15471111111111113	0.0003464736649049286	0.15505815996455666	0.0	(0.15505815996455666+0j)
0.39666666666666667	0.15734444444444445	0.00034733140328680026	0.1576923329589374	0.0	(0.1576923329589374+0j)
0.4	0.16000000000000003	0.0003481681225558502	0.16034870784997735	0.0	(0.16034870784997735+0j)
0.4033333333333334	0.1626777777777778	0.0003489844758349576	0.16302728525968396	0.0	(0.16302728525968396+0j)
0.4066666666666667	0.1653777777777778	0.0003497810937930098	0.16572806578919744	0.0	(0.16572806578919744+0j)
0.41000000000000003	0.16810000000000003	0.0003505585853196168	0.16845105001936625	0.0	(0.16845105001936625+0j)
0.4133333333333334	0.1708444444444445	0.000351317538198328	0.17119623851134835	0.0	(0.17119623851134835+0j)
0.4166666666666667	0.17361111111111113	0.00035205851977582376	0.17396363180719002	0.0	(0.17396363180719002+0j)
0.42000000000000004	0.17640000000000003	0.00035278207762485435	0.17675323043042762	0.0	(0.17675323043042762+0j)
0.42333333333333334	0.17921111111111113	0.00035348874019898257	0.17956503488666184	0.0	(0.17956503488666184+0j)
0.4266666666666667	0.18204444444444448	0.0003541790174774446	0.18239904566414275	0.0	(0.18239904566414275+0j)
0.43000000000000005	0.18490000000000004	0.00035485340159868603	0.18525526323434133	0.0	(0.18525526323434133+0j)
0.43333333333333335	0.1877777777777778	0.0003555123674813487	0.1881336880525151	0.0	(0.1881336880525151+0j)
0.4366666666666667	0.1906777777777778	0.000356156373431687	0.19103432055825315	0.0	(0.19103432055825315+0j)
0.44	0.1936	0.00035678586173657715	0.19395716117603082	0.0	(0.19395716117603082+0j)
0.44333333333333336	0.19654444444444447	0.0003574012592414477	0.196902210315728	0.0	(0.196902210315728+0j)
0.4466666666666667	0.19951111111111114	0.00035800297791261244	0.1998694683731521	0.0	(0.1998694683731521+0j)
0.45	0.2025	0.0003585914153836226	0.20285893573054078	0.0	(0.20285893573054078+0j)
0.45333333333333337	0.20551111111111114	0.000359166955485375	0.20587061275705218	0.0	(0.20587061275705218+0j)
0.4566666666666667	0.2085444444444445	0.0003597299687598231	0.20890449980923864	0.0	(0.20890449980923864+0j)
0.46	0.2116	0.00036028081295723195	0.21196059723151217	0.0	(0.21196059723151217+0j)
0.4633333333333334	0.21467777777777783	0.0003608198335170045	0.21503890535658712	0.0	(0.21503890535658712+0j)
0.4666666666666667	0.2177777777777778	0.0003613473640321776	0.21813942450591645	0.0	(0.21813942450591645+0j)
0.47000000000000003	0.22090000000000004	0.0003618637266977527	0.22126215499010857	0.0	(0.22126215499010857+0j)
0.4733333333333334	0.2240444444444445	0.00036236923274307945	0.22440709710933152	0.0	(0.22440709710933152+0j)
0.4766666666666667	0.2272111111111111	0.0003628641828485587	0.22757425115370647	0.0	(0.22757425115370647+0j)
0.48000000000000004	0.23040000000000005	0.00036334886754696866	0.23076361740367465	0.0	(0.23076361740367465+0j)
0.48333333333333334	0.2336111111111111	0.00036382356760975406	0.23397519613037032	0.0	(0.23397519613037032+0j)
0.4866666666666667	0.23684444444444447	0.00036428855441864076	0.23720898759596568	0.0	(0.23720898759596568+0j)
0.49000000000000005	0.24010000000000004	0.0003647440903229633	0.24046499205400562	0.0	(0.24046499205400562+0j)
0.49333333333333335	0.2433777777777778	0.0003651904289831064	0.24374320974973068	0.0	(0.24374320974973068+0j)
0.4966666666666667	0.2466777777777778	0.0003656278157004748	0.24704364092039513	0.0	(0.24704364092039513+0j)
0.5	0.25	0.00036605648773441397	0.2503662857955532	0.0	(0.2503662857955532+0j)
0.5033333333333334	0.25334444444444454	0.0003664766746065089	0.25371114459735983	0.0	(0.25371114459735983+0j)
0.5066666666666667	0.25671111111111117	0.00036688859839268946	0.25707821754083643	0.0	(0.25707821754083643+0j)
0.51	0.2601	0.00036729247400357133	0.26046750483413983	0.0	(0.26046750483413983+0j)
0.5133333333333334	0.2635111111111112	0.0003676885094534579	0.2638790066788213	0.0	(0.2638790066788213+0j)
0.5166666666666667	0.2669444444444445	0.0003680769061184236	0.26731272327006317	0.0	(0.26731272327006317+0j)
0.52	0.27040000000000003	0.00036845785898389355	0.27076865479691964	0.0	(0.27076865479691964+0j)
0.5233333333333333	0.2738777777777778	0.0003688315568821253	0.2742468014425354	0.0	(0.2742468014425354+0j)
0.5266666666666667	0.27737777777777783	0.00036919818271999224	0.27774716338437005	0.0	(0.27774716338437005+0j)
0.53	0.28090000000000004	0.0003695579136974552	0.28126974079440226	0.0	(0.28126974079440226+0j)
0.5333333333333333	0.28444444444444444	0.000369910921517101	0.28481453383931926	0.0	(0.28481453383931926+0j)
0.5366666666666667	0.28801111111111116	0.0003702573725851143	0.28838154268073013	0.0	(0.28838154268073013+0j)
0.54	0.2916	0.00037059742820403903	0.29197076747532036	0.0	(0.29197076747532036+0j)
0.5433333333333333	0.2952111111111111	0.00037093124475767253	0.2955822083750603	0.0	(0.2955822083750603+0j)
0.5466666666666667	0.2988444444444445	0.0003712589738884246	0.2992158655273423	0.0	(0.2992158655273423+0j)
0.55	0.30250000000000005	0.0003715807626674625	0.30287173907516035	0.0	(0.30287173907516035+0j)
0.5533333333333333	0.30617777777777777	0.0003718967537579487	0.3065498291572686	0.0	(0.3065498291572686+0j)
0.5566666666666668	0.30987777777777786	0.00037220708557167013	0.3102501359083193	0.0	(0.3102501359083193+0j)
0.56	0.31360000000000005	0.0003725118924193416	0.3139726594590156	0.0	(0.3139726594590156+0j)
0.5633333333333334	0.3173444444444445	0.00037281130465485914	0.3177173999362427	0.0	(0.3177173999362427+0j)
0.5666666666666667	0.32111111111111107	0.00037310544881376354	0.3214843574631999	0.0	(0.3214843574631999+0j)
0.5700000000000001	0.3249000000000001	0.0003733944477461676	0.3252735321595373	0.0	(0.3252735321595373+0j)
0.5733333333333334	0.3287111111111111	0.0003736784207443859	0.329084924141465	0.0	(0.329084924141465+0j)
0.5766666666666667	0.3325444444444444	0.00037395748366549894	0.33291853352187606	0.0	(0.33291853352187606+0j)
0.5800000000000001	0.3364000000000001	0.00037423174904907075	0.33677436041046566	0.0	(0.33677436041046566+0j)
0.5833333333333334	0.34027777777777785	0.0003745013262302324	0.3406524049138281	0.0	(0.3406524049138281+0j)
0.5866666666666667	0.3441777777777778	0.0003747663214483305	0.34455266713556254	0.0	(0.34455266713556254+0j)
0.5900000000000001	0.3481000000000001	0.00037502683795133536	0.34847514717637906	0.0	(0.34847514717637906+0j)
0.5933333333333334	0.3520444444444445	0.00037528297609619086	0.3524198451341975	0.0	(0.3524198451341975+0j)
0.5966666666666667	0.3560111111111111	0.0003755348334452818	0.35638676110422657	0.0	(0.35638676110422657+0j)
0.6000000000000001	0.3600000000000001	0.00037578250485918713	0.360375895179056	0.0	(0.360375895179056+0j)
0.6033333333333334	0.3640111111111112	0.0003760260825858769	0.3643872474487578	0.0	(0.3643872474487578+0j)
0.6066666666666667	0.36804444444444445	0.0003762656563465077	0.36842081800095317	0.0	(0.36842081800095317+0j)
0.61	0.3721	0.00037650131341796043	0.3724766069208947	0.0	(0.3724766069208947+0j)
0.6133333333333334	0.37617777777777783	0.0003767331387122593	0.3765546142915413	0.0	(0.3765546142915413+0j)
0.6166666666666667	0.3802777777777778	0.00037696121485300587	0.380654840193637	0.0	(0.380654840193637+0j)
0.62	0.3844	0.0003771856222489528	0.3847772847057808	0.0	(0.3847772847057808+0j)
0.6233333333333334	0.3885444444444445	0.000377406439164839	0.38892194790448503	0.0	(0.38892194790448503+0j)
0.6266666666666667	0.3927111111111112	0.00037762374178960045	0.3930888298642571	0.0	(0.3930888298642571+0j)
0.63	0.39690000000000003	0.0003778376043020672	0.39727793065764794	0.0	(0.39727793065764794+0j)
0.6333333333333334	0.4011111111111112	0.0003780480989342505	0.40148925035532623	0.0	(0.40148925035532623+0j)
0.6366666666666667	0.4053444444444445	0.0003782552960323205	0.405722789026115	0.0	(0.405722789026115+0j)
0.64	0.4096	0.0003784592641153697	0.4099785467370849	0.0	(0.4099785467370849+0j)
0.6433333333333334	0.4138777777777779	0.00037866006993205305	0.4142565235535713	0.0	(0.4142565235535713+0j)
0.6466666666666667	0.41817777777777787	0.000378857778515192	0.4185567195392427	0.0	(0.4185567195392427+0j)
0.65	0.42250000000000004	0.00037905245323442525	0.42287913475616207	0.0	(0.42287913475616207+0j)
0.6533333333333333	0.4268444444444444	0.000379244155846985	0.42722376926481104	0.0	(0.42722376926481104+0j)
0.6566666666666667	0.4312111111111112	0.0003794329465466751	0.43159062312416135	0.0	(0.43159062312416135+0j)
0.66	0.43560000000000004	0.0003796188840111232	0.43597969639170486	0.0	(0.43597969639170486+0j)
0.6633333333333333	0.44001111111111113	0.00037980202544737527	0.4403909891235094	0.0	(0.4403909891235094+0j)
0.6666666666666667	0.44444444444444453	0.0003799824266358994	0.44482450137425106	0.0	(0.44482450137425106+0j)
0.67	0.4489000000000001	0.00038016014197306145	0.4492802331972574	0.0	(0.4492802331972574+0j)
0.6733333333333333	0.45337777777777777	0.0003803352245121326	0.4537581846445424	0.0	(0.4537581846445424+0j)
0.6766666666666667	0.4578777777777779	0.00038050772600288724	0.45825835576686813	0.0	(0.45825835576686813+0j)
0.68	0.4624000000000001	0.00038067769692984543	0.4627807466137429	0.0	(0.4627807466137429+0j)
0.6833333333333333	0.46694444444444444	0.0003808451865492126	0.4673253572335015	0.0	(0.4673253572335015+0j)
0.6866666666666668	0.4715111111111112	0.0003810102429245683	0.4718921876732972	0.0	(0.4718921876732972+0j)
0.6900000000000001	0.4761000000000001	0.00038117291296135006	0.4764812379791674	0.0	(0.4764812379791674+0j)
0.6933333333333334	0.48071111111111114	0.0003813332424401803	0.4810925081960439	0.0	(0.4810925081960439+0j)
0.6966666666666667	0.4853444444444444	0.00038149127604908016	0.4857259983678006	0.0	(0.4857259983678006+0j)
0.7000000000000001	0.4900000000000001	0.0003816470574146107	0.49038170853727164	0.0	(0.49038170853727164+0j)
0.7033333333333334	0.4946777777777778	0.0003818006291319856	0.49505963874628256	0.0	(0.49505963874628256+0j)
0.7066666666666667	0.49937777777777775	0.00038195203279419034	0.49975978903569146	0.0	(0.49975978903569146+0j)
0.7100000000000001	0.5041000000000001	0.00038210130902014756	0.5044821594453973	0.0	(0.5044821594453973+0j)
0.7133333333333334	0.5088444444444445	0.00038224849748196265	0.5092267500143788	0.0	(0.5092267500143788+0j)
0.7166666666666667	0.5136111111111111	0.0003823936369312853	0.5139935607807097	0.0	(0.5139935607807097+0j)
0.7200000000000001	0.5184000000000001	0.00038253676522481797	0.5187825917815994	0.0	(0.5187825917815994+0j)
0.7233333333333334	0.5232111111111112	0.0003826779193490037	0.5235938430533994	0.0	(0.5235938430533994+0j)
0.7266666666666667	0.5280444444444444	0.00038281713544392314	0.5284273146316392	0.0	(0.5284273146316392+0j)
0.7300000000000001	0.5329000000000002	0.00038295444882642917	0.5332830065510444	0.0	(0.5332830065510444+0j)
0.7333333333333334	0.5377777777777779	0.0003830898940125477	0.5381609188455511	0.0	(0.5381609188455511+0j)
0.7366666666666667	0.5426777777777778	0.0003832235047391699	0.5430610515483472	0.0	(0.5430610515483472+0j)
0.7400000000000001	0.5476000000000002	0.00038335531398506244	0.5479834046918665	0.0	(0.5479834046918665+0j)
0.7433333333333334	0.5525444444444445	0.0003834853539912194	0.5529279783078286	0.0	(0.5529279783078286+0j)
0.7466666666666667	0.5575111111111112	0.00038361365628058	0.5578947724272457	0.0	(0.5578947724272457+0j)
0.75	0.5625	0.00038374025167713403	0.5628837870804553	0.0	(0.5628837870804553+0j)
0.7533333333333334	0.5675111111111112	0.0003838651703244367	0.5678950222971159	0.0	(0.5678950222971159+0j)
0.7566666666666667	0.5725444444444445	0.00038398844170355376	0.5729284781062587	0.0	(0.5729284781062587+0j)
0.76	0.5776	0.0003841100946504577	0.577984154536256	0.0	(0.577984154536256+0j)
0.7633333333333334	0.582677777777778	0.00038423015737289217	0.583062051614897	0.0	(0.583062051614897+0j)
0.7666666666666667	0.5877777777777778	0.000384348657466725	0.5881621693693398	0.0	(0.5881621693693398+0j)
0.77	0.5929	0.00038446562193180663	0.5932845078261914	0.0	(0.5932845078261914+0j)
0.7733333333333334	0.5980444444444446	0.000384581077187351	0.5984290670114691	0.0	(0.5984290670114691+0j)
0.7766666666666667	0.6032111111111113	0.00038469504908685535	0.6035958469506304	0.0	(0.6035958469506304+0j)
0.78	0.6084	0.0003848075629325748	0.6087848476686287	0.0	(0.6087848476686287+0j)
0.7833333333333334	0.6136111111111112	0.00038491864348956636	0.6139960691898666	0.0	(0.6139960691898666+0j)
0.7866666666666667	0.6188444444444445	0.0003850283149993178	0.6192295115382331	0.0	(0.6192295115382331+0j)
0.79	0.6241000000000001	0.00038513660119297415	0.6244851747371335	0.0	(0.6244851747371335+0j)
0.7933333333333333	0.6293777777777778	0.0003852435253041767	0.6297630588094951	0.0	(0.6297630588094951+0j)
0.7966666666666667	0.6346777777777779	0.00038534911008152636	0.6350631637777466	0.0	(0.6350631637777466+0j)
0.8	0.6400000000000001	0.0003854533778006842	0.6403854896638905	0.0	(0.6403854896638905+0j)
0.8033333333333333	0.6453444444444445	0.00038555635027612143	0.6457300364894637	0.0	(0.6457300364894637+0j)
0.8066666666666668	0.6507111111111112	0.00038565804887253047	0.6510968042755816	0.0	(0.6510968042755816+0j)
0.81	0.6561000000000001	0.000385758494515907	0.6564857930429375	0.0	(0.6564857930429375+0j)
0.8133333333333334	0.6615111111111112	0.0003858577077043163	0.6618970028118362	0.0	(0.6618970028118362+0j)
0.8166666666666668	0.6669444444444446	0.000385955708518351	0.6673304336021741	0.0	(0.6673304336021741+0j)
0.8200000000000001	0.6724000000000001	0.0003860525166312929	0.6727860854334721	0.0	(0.6727860854334721+0j)
0.8233333333333334	0.6778777777777778	0.00038614815131898697	0.6782639583249028	0.0	(0.6782639583249028+0j)
0.8266666666666668	0.683377777777778	0.00038624263146943774	0.6837640522952944	0.0	(0.6837640522952944+0j)
0.8300000000000001	0.6889000000000001	0.00038633597559213526	0.6892863673631247	0.0	(0.6892863673631247+0j)
0.8333333333333334	0.6944444444444445	0.0003864282018271219	0.6948309035465936	0.0	(0.6948309035465936+0j)
0.8366666666666667	0.7000111111111111	0.00038651932795380576	0.7003976608635911	0.0	(0.7003976608635911+0j)
0.8400000000000001	0.7056000000000001	0.0003866093713995303	0.7059866393317402	0.0	(0.7059866393317402+0j)
0.8433333333333334	0.7112111111111112	0.0003866983492479072	0.7115978389684285	0.0	(0.7115978389684285+0j)
0.8466666666666667	0.7168444444444445	0.00038678627824691967	0.7172312597908063	0.0	(0.7172312597908063+0j)
0.8500000000000001	0.7225000000000001	0.0003868731748168044	0.7228869018158364	0.0	(0.7228869018158364+0j)
0.8533333333333334	0.7281777777777779	0.0003869590550577179	0.728564765060316	0.0	(0.728564765060316+0j)
0.8566666666666667	0.7338777777777779	0.00038704393475719477	0.7342648495409083	0.0	(0.7342648495409083+0j)
0.8600000000000001	0.7396000000000001	0.0003871278293974036	0.7399871552741832	0.0	(0.7399871552741832+0j)
0.8633333333333334	0.7453444444444446	0.0003872107541622076	0.7457316822766331	0.0	(0.7457316822766331+0j)
0.8666666666666667	0.7511111111111112	0.00038729272394403527	0.7514984305647485	0.0	(0.7514984305647485+0j)
0.8700000000000001	0.7569000000000002	0.00038737375335056703	0.7572874001550463	0.0	(0.7572874001550463+0j)
0.8733333333333334	0.7627111111111112	0.00038745385671124394	0.7630985910641103	0.0	(0.7630985910641103+0j)
0.8766666666666667	0.7685444444444445	0.0003875330480836031	0.7689320033086466	0.0	(0.7689320033086466+0j)
0.88	0.7744	0.0003876113412594455	0.7747876369055647	0.0	(0.7747876369055647+0j)
0.8833333333333334	0.780277777777778	0.0003876887497708415	0.7806654918719937	0.0	(0.7806654918719937+0j)
0.8866666666666667	0.7861777777777779	0.00038776528689597826	0.7865655682253886	0.0	(0.7865655682253886+0j)
0.89	0.7921	0.00038784096566485415	0.7924878659835677	0.0	(0.7924878659835677+0j)
0.8933333333333334	0.7980444444444446	0.0003879157988648251	0.7984323851647973	0.0	(0.7984323851647973+0j)
0.8966666666666667	0.8040111111111112	0.0003879897990460064	0.8043991257878861	0.0	(0.8043991257878861+0j)
0.9	0.81	0.0003880629785265349	0.8103880878722378	0.0	(0.8103880878722378+0j)
0.9033333333333334	0.8160111111111112	0.0003881353493976959	0.8163992714379344	0.0	(0.8163992714379344+0j)
0.9066666666666667	0.8220444444444446	0.0003882069235289175	0.822432676505869	0.0	(0.822432676505869+0j)
0.91	0.8281000000000001	0.000388277712572638	0.8284883030978071	0.0	(0.8284883030978071+0j)
0.9133333333333334	0.834177777777778	0.0003883477279690488	0.8345661512364914	0.0	(0.8345661512364914+0j)
0.9166666666666667	0.8402777777777779	0.0003884169809507165	0.8406662209458053	0.0	(0.8406662209458053+0j)
0.92	0.8464	0.00038848548254708854	0.8467885122508468	0.0	(0.8467885122508468+0j)
0.9233333333333333	0.8525444444444444	0.0003885532435888851	0.8529330251781221	0.0	(0.8529330251781221+0j)
0.9266666666666667	0.8587111111111113	0.0003886202747123799	0.8590997597557015	0.0	(0.8590997597557015+0j)
0.93	0.8649000000000001	0.0003886865863635749	0.8652887160134314	0.0	(0.8652887160134314+0j)
0.9333333333333333	0.8711111111111112	0.00038875218880226985	0.8714998939831888	0.0	(0.8714998939831888+0j)
0.9366666666666668	0.8773444444444446	0.0003888170921060313	0.877733293699208	0.0	(0.877733293699208+0j)
0.9400000000000001	0.8836000000000002	0.000388881306174063	0.8839889151984575	0.0	(0.8839889151984575+0j)
0.9433333333333334	0.8898777777777778	0.00038894484073098034	0.8902667585211909	0.0	(0.8902667585211909+0j)
0.9466666666666668	0.896177777777778	0.00038900770533049304	0.8965668237116003	0.0	(0.8965668237116003+0j)
0.9500000000000001	0.9025000000000001	0.0003890699093589962	0.9028891108187426	0.0	(0.9028891108187426+0j)
0.9533333333333334	0.9088444444444445	0.0003891314620390746	0.9092336198977744	0.0	(0.9092336198977744+0j)
0.9566666666666668	0.9152111111111113	0.0003891923724329212	0.9156003510116612	0.0	(0.9156003510116612+0j)
0.9600000000000001	0.9216000000000002	0.00038925264944567284	0.9219893042335744	0.0	(0.9219893042335744+0j)
0.9633333333333334	0.9280111111111112	0.0003893123018286652	0.9284004796503291	0.0	(0.9284004796503291+0j)
0.9666666666666667	0.9344444444444444	0.0003893713381826096	0.9348338773674941	0.0	(0.9348338773674941+0j)
0.9700000000000001	0.9409000000000002	0.000389429766960693	0.9412894975170322	0.0	(0.9412894975170322+0j)
0.9733333333333334	0.9473777777777779	0.0003894875964716044	0.947767340269342	0.0	(0.947767340269342+0j)
0.9766666666666667	0.9538777777777778	0.00038954483488248874	0.9542674058529028	0.0	(0.9542674058529028+0j)
0.9800000000000001	0.9604000000000001	0.0003896014902218304	0.9607896945880646	0.0	(0.9607896945880646+0j)
0.9833333333333334	0.9669444444444446	0.0003896575703822689	0.9673342069492076	0.0	(0.9673342069492076+0j)
0.9866666666666667	0.9735111111111112	0.00038971308312334764	0.9739009436891879	0.0	(0.9739009436891879+0j)
0.9900000000000001	0.9801000000000002	0.00038976803607419834	0.9804899061197669	0.0	(0.9804899061197669+0j)
0.9933333333333334	0.9867111111111112	0.00038982243673616227	0.9871010968595028	0.0	(0.9871010968595028+0j)
0.9966666666666667	0.9933444444444445	0.0003898762924853504	0.9937345224489268	0.0	(0.9937345224489268+0j)
1.0	1.0	0.00038992961057514357	1.0003902089724648	0.0	(1.0003902089724648+0j)
