-1.0	-1.0	-0.00015597184423005745	-1.00015601595098	0.0	(-1.00015601595098+0j)
-0.9966666666666667	-0.9933444444444445	-0.00015595051699414018	-0.9935004267048347	0.0	(-0.9935004267048347+0j)
-0.9933333333333334	-0.9867111111111112	-0.00015592897469446493	-0.9868670657395981	0.0	(-0.9868670657395981+0j)
-0.9900000000000001	-0.9801000000000002	-0.00015590721442967936	-0.9802559288756282	0.0	(-0.9802559288756282+0j)
-0.9866666666666667	-0.9735111111111112	-0.00015588523324933906	-0.9736670150677835	0.0	(-0.9736670150677835+0j)
-0.9833333333333334	-0.9669444444444446	-0.00015586302815290756	-0.9671003238973387	0.0	(-0.9671003238973387+0j)
-0.9800000000000001	-0.9604000000000001	-0.00015584059608873217	-0.9605558551538718	0.0	(-0.9605558551538718+0j)
-0.9766666666666667	-0.9538777777777778	-0.0001558179339529955	-0.9540336087158887	0.0	(-0.9540336087158887+0j)
-0.9733333333333334	-0.9473777777777779	-0.00015579503858864177	-0.9475335845061877	0.0	(-0.9475335845061877+0j)
-0.9700000000000001	-0.9409000000000002	-0.0001557719067842772	-0.9410557824719799	0.0	(-0.9410557824719799+0j)
-0.9666666666666667	-0.9344444444444444	-0.00015574853527304384	-0.9346002025750565	0.0	(-0.9346002025750565+0j)
-0.9633333333333334	-0.9280111111111112	-0.0001557249207314661	-0.9281668447864015	0.0	(-0.9281668447864015+0j)
-0.9600000000000001	-0.9216000000000002	-0.00015570105977826915	-0.9217557090830462	0.0	(-0.9217557090830462+0j)
-0.9566666666666668	-0.9152111111111113	-0.00015567694897316848	-0.915366795446193	0.0	(-0.915366795446193+0j)
-0.9533333333333334	-0.9088444444444445	-0.00015565258481562986	-0.909000103859969	0.0	(-0.909000103859969+0j)
-0.9500000000000001	-0.9025000000000001	-0.0001556279637435985	-0.9026556343106426	0.0	(-0.9026556343106426+0j)
-0.9466666666666668	-0.896177777777778	-0.00015560308213219724	-0.8963333867860677	0.0	(-0.8963333867860677+0j)
-0.9433333333333334	-0.8898777777777778	-0.00015557793629239215	-0.8900333612752721	0.0	(-0.8900333612752721+0j)
-0.9400000000000001	-0.8836000000000002	-0.0001555525224696252	-0.8837555577682367	0.0	(-0.8837555577682367+0j)
-0.9366666666666668	-0.8773444444444446	-0.00015552683684241255	-0.87749997625567	0.0	(-0.87749997625567+0j)
-0.9333333333333333	-0.8711111111111112	-0.00015550087552090795	-0.8712666167288526	0.0	(-0.8712666167288526+0j)
-0.93	-0.8649000000000001	-0.00015547463454542996	-0.865055479179556	0.0	(-0.865055479179556+0j)
-0.9266666666666667	-0.8587111111111113	-0.00015544810988495197	-0.8588665635999309	0.0	(-0.8588665635999309+0j)
-0.9233333333333333	-0.8525444444444444	-0.00015542129743555404	-0.8526998699824897	0.0	(-0.8526998699824897+0j)
-0.92	-0.8464	-0.00015539419301883542	-0.8465553983199643	0.0	(-0.8465553983199643+0j)
-0.9166666666666667	-0.8402777777777779	-0.0001553667923802866	-0.8404331486053798	0.0	(-0.8404331486053798+0j)
-0.9133333333333334	-0.834177777777778	-0.00015533909118761952	-0.834333120831926	0.0	(-0.834333120831926+0j)
-0.91	-0.8281000000000001	-0.0001553110850290552	-0.8282553149929844	0.0	(-0.8282553149929844+0j)
-0.9066666666666667	-0.8220444444444446	-0.000155282769411567	-0.8221997310820762	0.0	(-0.8221997310820762+0j)
-0.9033333333333334	-0.8160111111111112	-0.00015525413975907838	-0.8161663690928413	0.0	(-0.8161663690928413+0j)
-0.9	-0.81	-0.00015522519141061397	-0.8101552290190462	0.0	(-0.8101552290190462+0j)
-0.8966666666666667	-0.8040111111111112	-0.00015519591961840257	-0.8041663108545186	0.0	(-0.8041663108545186+0j)
-0.8933333333333334	-0.7980444444444446	-0.00015516631954593007	-0.7981996145931677	0.0	(-0.7981996145931677+0j)
-0.89	-0.7921	-0.00015513638626594168	-0.7922551402289576	0.0	(-0.7922551402289576+0j)
-0.8866666666666667	-0.7861777777777779	-0.0001551061147583913	-0.7863328877558937	0.0	(-0.7863328877558937+0j)
-0.8833333333333334	-0.780277777777778	-0.0001550754999083366	-0.7804328571680059	0.0	(-0.7804328571680059+0j)
-0.88	-0.7744	-0.0001550445365037782	-0.7745550484593182	0.0	(-0.7745550484593182+0j)
-0.8766666666666667	-0.7685444444444445	-0.00015501321923344126	-0.7686994616238865	0.0	(-0.7686994616238865+0j)
-0.8733333333333334	-0.7627111111111112	-0.0001549815426844976	-0.7628660966557167	0.0	(-0.7628660966557167+0j)
-0.8700000000000001	-0.7569000000000002	-0.00015494950134022683	-0.7570549535488164	0.0	(-0.7570549535488164+0j)
-0.8666666666666667	-0.7511111111111112	-0.00015491708957761412	-0.7512660322971445	0.0	(-0.7512660322971445+0j)
-0.8633333333333334	-0.7453444444444446	-0.00015488430166488306	-0.7454993328946246	0.0	(-0.7454993328946246+0j)
-0.8600000000000001	-0.7396000000000001	-0.00015485113175896145	-0.7397548553351027	0.0	(-0.7397548553351027+0j)
-0.8566666666666667	-0.7338777777777779	-0.00015481757390287793	-0.7340325996123805	0.0	(-0.7340325996123805+0j)
-0.8533333333333334	-0.7281777777777779	-0.00015478362202308717	-0.7283325657201826	0.0	(-0.7283325657201826+0j)
-0.8500000000000001	-0.7225000000000001	-0.00015474926992672177	-0.7226547536521339	0.0	(-0.7226547536521339+0j)
-0.8466666666666667	-0.7168444444444445	-0.0001547145112987679	-0.7169991634017896	0.0	(-0.7169991634017896+0j)
-0.8433333333333334	-0.7112111111111112	-0.0001546793396991629	-0.7113657949625976	0.0	(-0.7113657949625976+0j)
-0.8400000000000001	-0.7056000000000001	-0.00015464374855981213	-0.7057546483279059	0.0	(-0.7057546483279059+0j)
-0.8366666666666667	-0.7000111111111111	-0.0001546077311815223	-0.7001657234909484	0.0	(-0.7001657234909484+0j)
-0.8333333333333334	-0.6944444444444445	-0.00015457128073084877	-0.6945990204448378	0.0	(-0.6945990204448378+0j)
-0.8300000000000001	-0.6889000000000001	-0.00015453439023685412	-0.689054539182581	0.0	(-0.689054539182581+0j)
-0.8266666666666668	-0.683377777777778	-0.0001544970525877751	-0.6835322796970349	0.0	(-0.6835322796970349+0j)
-0.8233333333333334	-0.6778777777777778	-0.0001544592605275948	-0.6780322419809364	0.0	(-0.6780322419809364+0j)
-0.8200000000000001	-0.6724000000000001	-0.00015442100665251715	-0.6725544260268854	0.0	(-0.6725544260268854+0j)
-0.8166666666666668	-0.6669444444444446	-0.0001543822834073404	-0.6670988318273303	0.0	(-0.6670988318273303+0j)
-0.8133333333333334	-0.6615111111111112	-0.00015434308308172654	-0.661665459374571	0.0	(-0.661665459374571+0j)
-0.81	-0.6561000000000001	-0.0001543033978063628	-0.6562543086607598	0.0	(-0.6562543086607598+0j)
-0.8066666666666668	-0.6507111111111112	-0.00015426321954901219	-0.6508653796778932	0.0	(-0.6508653796778932+0j)
-0.8033333333333333	-0.6453444444444445	-0.00015422254011044858	-0.6454986724177963	0.0	(-0.6454986724177963+0j)
-0.8	-0.6400000000000001	-0.00015418135112027368	-0.6401541868721284	0.0	(-0.6401541868721284+0j)
-0.7966666666666667	-0.6346777777777779	-0.00015413964403261055	-0.6348319230323742	0.0	(-0.6348319230323742+0j)
-0.7933333333333333	-0.6293777777777778	-0.00015409741012167069	-0.6295318808898485	0.0	(-0.6295318808898485+0j)
-0.79	-0.6241000000000001	-0.00015405464047718966	-0.6242540604356789	0.0	(-0.6242540604356789+0j)
-0.7866666666666667	-0.6188444444444445	-0.00015401132599972712	-0.6189984616608107	0.0	(-0.6189984616608107+0j)
-0.7833333333333334	-0.6136111111111112	-0.00015396745739582656	-0.6137650845559984	0.0	(-0.6137650845559984+0j)
-0.78	-0.6084	-0.00015392302517302993	-0.6085539291117856	0.0	(-0.6085539291117856+0j)
-0.7766666666666667	-0.6032111111111113	-0.00015387801963474216	-0.6033649953185244	0.0	(-0.6033649953185244+0j)
-0.7733333333333334	-0.5980444444444446	-0.00015383243087494042	-0.5981982831663618	0.0	(-0.5981982831663618+0j)
-0.77	-0.5929	-0.00015378624877272266	-0.5930537926452261	0.0	(-0.5930537926452261+0j)
-0.7666666666666667	-0.5877777777777778	-0.00015373946298669002	-0.5879315237448262	0.0	(-0.5879315237448262+0j)
-0.7633333333333334	-0.582677777777778	-0.00015369206294915688	-0.5828314764546545	0.0	(-0.5828314764546545+0j)
-0.76	-0.5776	-0.0001536440378601831	-0.5777536507639615	0.0	(-0.5777536507639615+0j)
-0.7566666666666667	-0.5725444444444445	-0.0001535953766814215	-0.5726980466617665	0.0	(-0.5726980466617665+0j)
-0.7533333333333334	-0.5675111111111112	-0.00015354606812977467	-0.5676646641368508	0.0	(-0.5676646641368508+0j)
-0.75	-0.5625	-0.00015349610067085363	-0.5626535031777375	0.0	(-0.5626535031777375+0j)
-0.7466666666666667	-0.5575111111111112	-0.000153445462512232	-0.5576645637726974	0.0	(-0.5576645637726974+0j)
-0.7433333333333334	-0.5525444444444445	-0.00015339414159648777	-0.5526978459097395	0.0	(-0.5526978459097395+0j)
-0.7400000000000001	-0.5476000000000002	-0.00015334212559402498	-0.5477533495765924	0.0	(-0.5477533495765924+0j)
-0.7366666666666667	-0.5426777777777778	-0.00015328940189566798	-0.5428310747607255	0.0	(-0.5428310747607255+0j)
-0.7333333333333334	-0.5377777777777779	-0.0001532359576050191	-0.5379310214493126	0.0	(-0.5379310214493126+0j)
-0.7300000000000001	-0.5329000000000002	-0.00015318177953057167	-0.5330531896292363	0.0	(-0.5330531896292363+0j)
-0.7266666666666667	-0.5280444444444444	-0.00015312685417756926	-0.5281975792870697	0.0	(-0.5281975792870697+0j)
-0.7233333333333334	-0.5232111111111112	-0.0001530711677396015	-0.523364190409089	0.0	(-0.523364190409089+0j)
-0.7200000000000001	-0.5184000000000001	-0.0001530147060899272	-0.5185530229812484	0.0	(-0.5185530229812484+0j)
-0.7166666666666667	-0.5136111111111111	-0.00015295745477251414	-0.513764076989169	0.0	(-0.513764076989169+0j)
-0.7133333333333334	-0.5088444444444445	-0.00015289939899278506	-0.5089973524181486	0.0	(-0.5089973524181486+0j)
-0.7100000000000001	-0.5041000000000001	-0.00015284052360805904	-0.5042528492531262	0.0	(-0.5042528492531262+0j)
-0.7066666666666667	-0.49937777777777775	-0.00015278081311767615	-0.4995305674786883	0.0	(-0.4995305674786883+0j)
-0.7033333333333334	-0.4946777777777778	-0.00015272025165279427	-0.49483050707906306	0.0	(-0.49483050707906306+0j)
-0.7000000000000001	-0.4900000000000001	-0.0001526588229658443	-0.49015266803810154	0.0	(-0.49015266803810154+0j)
-0.6966666666666667	-0.4853444444444444	-0.00015259651041963208	-0.485497050339255	0.0	(-0.485497050339255+0j)
-0.6933333333333334	-0.48071111111111114	-0.00015253329697607215	-0.4808636539656007	0.0	(-0.4808636539656007+0j)
-0.6900000000000001	-0.4761000000000001	-0.00015246916518454003	-0.4762524788997825	0.0	(-0.4762524788997825+0j)
-0.6866666666666668	-0.4715111111111112	-0.00015240409716982733	-0.4716635251240403	0.0	(-0.4716635251240403+0j)
-0.6833333333333333	-0.46694444444444444	-0.00015233807461968504	-0.46709679262016823	0.0	(-0.46709679262016823+0j)
-0.68	-0.4624000000000001	-0.00015227107877193818	-0.46255228136952053	0.0	(-0.46255228136952053+0j)
-0.6766666666666667	-0.4578777777777779	-0.0001522030904011549	-0.4580299913529898	0.0	(-0.4580299913529898+0j)
-0.6733333333333333	-0.45337777777777777	-0.00015213408980485307	-0.4535299225509972	0.0	(-0.4535299225509972+0j)
-0.67	-0.4489000000000001	-0.0001520640567892246	-0.4490520749434755	0.0	(-0.4490520749434755+0j)
-0.6666666666666667	-0.44444444444444453	-0.00015199297065435978	-0.44459644850985636	0.0	(-0.44459644850985636+0j)
-0.6633333333333333	-0.44001111111111113	-0.00015192081017895013	-0.44016304322905253	0.0	(-0.44016304322905253+0j)
-0.66	-0.43560000000000004	-0.0001518475536044493	-0.4357518590794399	0.0	(-0.4357518590794399+0j)
-0.6566666666666667	-0.4312111111111112	-0.00015177317861867005	-0.431362896038857	0.0	(-0.431362896038857+0j)
-0.6533333333333333	-0.4268444444444444	-0.000151697662338794	-0.4269961540845679	0.0	(-0.4269961540845679+0j)
-0.65	-0.42250000000000004	-0.0001516209812937701	-0.4226516331932517	0.0	(-0.4226516331932517+0j)
-0.6466666666666667	-0.41817777777777787	-0.00015154311140607682	-0.4183293333409881	0.0	(-0.4183293333409881+0j)
-0.6433333333333334	-0.4138777777777779	-0.00015146402797282124	-0.4140292545032441	0.0	(-0.4140292545032441+0j)
-0.64	-0.4096	-0.0001513837056461479	-0.40975139665483723	0.0	(-0.40975139665483723+0j)
-0.6366666666666667	-0.4053444444444445	-0.0001513021184129282	-0.40549575976992397	0.0	(-0.40549575976992397+0j)
-0.6333333333333334	-0.4011111111111112	-0.00015121923957370022	-0.40126234382199155	0.0	(-0.40126234382199155+0j)
-0.63	-0.39690000000000003	-0.0001511350417208269	-0.3970511487838177	0.0	(-0.3970511487838177+0j)
-0.6266666666666667	-0.3927111111111112	-0.0001510494967158402	-0.39286217462745543	0.0	(-0.39286217462745543+0j)
-0.6233333333333334	-0.3885444444444445	-0.0001509625756659356	-0.38869542132421325	0.0	(-0.38869542132421325+0j)
-0.62	-0.3844	-0.00015087424889958113	-0.38455088884462046	0.0	(-0.38455088884462046+0j)
-0.6166666666666667	-0.3802777777777778	-0.00015078448594120237	-0.38042857715842054	0.0	(-0.38042857715842054+0j)
-0.6133333333333334	-0.37617777777777783	-0.00015069325548490374	-0.3763284862345246	0.0	(-0.3763284862345246+0j)
-0.61	-0.3721	-0.0001506005253671842	-0.3722506160410008	0.0	(-0.3722506160410008+0j)
-0.6066666666666667	-0.36804444444444445	-0.0001505062625386031	-0.3681949665450313	0.0	(-0.3681949665450313+0j)
-0.6033333333333334	-0.3640111111111112	-0.00015041043303435077	-0.3641615377128974	0.0	(-0.3641615377128974+0j)
-0.6000000000000001	-0.3600000000000001	-0.00015031300194367486	-0.36015032950993814	0.0	(-0.36015032950993814+0j)
-0.5966666666666667	-0.3560111111111111	-0.00015021393337811273	-0.35616134190053	0.0	(-0.35616134190053+0j)
-0.5933333333333334	-0.3520444444444445	-0.00015011319043847635	-0.352194574848047	0.0	(-0.352194574848047+0j)
-0.5900000000000001	-0.3481000000000001	-0.00015001073518053416	-0.34825002831481844	0.0	(-0.34825002831481844+0j)
-0.5866666666666667	-0.3441777777777778	-0.0001499065285793322	-0.3443277022621114	0.0	(-0.3443277022621114+0j)
-0.5833333333333334	-0.34027777777777785	-0.00014980053049209297	-0.3404275966500876	0.0	(-0.3404275966500876+0j)
-0.5800000000000001	-0.3364000000000001	-0.0001496926996196283	-0.33654971143775364	0.0	(-0.33654971143775364+0j)
-0.5766666666666667	-0.3325444444444444	-0.0001495829934661996	-0.33269404658294005	0.0	(-0.33269404658294005+0j)
-0.5733333333333334	-0.3287111111111111	-0.00014947136829775436	-0.32886060204224604	0.0	(-0.32886060204224604+0j)
-0.5700000000000001	-0.3249000000000001	-0.00014935777909846706	-0.32504937777100296	0.0	(-0.32504937777100296+0j)
-0.5666666666666667	-0.32111111111111107	-0.00014924217952550542	-0.3212603737232211	0.0	(-0.3212603737232211+0j)
-0.5633333333333334	-0.3173444444444445	-0.00014912452186194368	-0.31749358985156123	0.0	(-0.31749358985156123+0j)
-0.56	-0.31360000000000005	-0.00014900475696773665	-0.3137490261072662	0.0	(-0.3137490261072662+0j)
-0.5566666666666668	-0.30987777777777786	-0.00014888283422866805	-0.31002668244012216	0.0	(-0.31002668244012216+0j)
-0.5533333333333333	-0.30617777777777777	-0.0001487587015031795	-0.3063265587984032	0.0	(-0.3063265587984032+0j)
-0.55	-0.30250000000000005	-0.00014863230506698502	-0.3026486551288104	0.0	(-0.3026486551288104+0j)
-0.5466666666666667	-0.2988444444444445	-0.00014850358955536985	-0.2989929713764291	0.0	(-0.2989929713764291+0j)
-0.5433333333333333	-0.2952111111111111	-0.00014837249790306903	-0.29535950748465495	0.0	(-0.29535950748465495+0j)
-0.54	-0.2916	-0.00014823897128161563	-0.291748263395136	0.0	(-0.291748263395136+0j)
-0.5366666666666667	-0.28801111111111116	-0.00014810294903404574	-0.28815923904772267	0.0	(-0.28815923904772267+0j)
-0.5333333333333333	-0.28444444444444444	-0.0001479643686068404	-0.28459243438036835	0.0	(-0.28459243438036835+0j)
-0.53	-0.28090000000000004	-0.0001478231654789821	-0.2810478493290922	0.0	(-0.2810478493290922+0j)
-0.5266666666666667	-0.27737777777777783	-0.0001476792730879969	-0.2775254838278898	0.0	(-0.2775254838278898+0j)
-0.5233333333333333	-0.2738777777777778	-0.00014753262275285013	-0.2740253378086552	0.0	(-0.2740253378086552+0j)
-0.52	-0.27040000000000003	-0.00014738314359355744	-0.27054741120111114	0.0	(-0.27054741120111114+0j)
-0.5166666666666667	-0.2669444444444445	-0.00014723076244736947	-0.2670917039327161	0.0	(-0.2670917039327161+0j)
-0.5133333333333334	-0.2635111111111112	-0.00014707540378138318	-0.26365821592858835	0.0	(-0.26365821592858835+0j)
-0.51	-0.2601	-0.00014691698960142855	-0.26024694711140656	0.0	(-0.26024694711140656+0j)
-0.5066666666666667	-0.25671111111111117	-0.0001467554393570758	-0.2568578974013163	0.0	(-0.2568578974013163+0j)
-0.5033333333333334	-0.25334444444444454	-0.00014659066984260358	-0.25349106671584076	0.0	(-0.25349106671584076+0j)
-0.5	-0.25	-0.00014642259509376558	-0.2501464549697709	0.0	(-0.2501464549697709+0j)
-0.4966666666666667	-0.2466777777777778	-0.00014625112628018994	-0.24682406207506452	0.0	(-0.24682406207506452+0j)
-0.49333333333333335	-0.2433777777777778	-0.00014607617159324257	-0.24352388794072263	0.0	(-0.24352388794072263+0j)
-0.49000000000000005	-0.24010000000000004	-0.00014589763612918533	-0.24024593247269757	0.0	(-0.24024593247269757+0j)
-0.4866666666666667	-0.23684444444444447	-0.0001457154217674563	-0.23699019557374704	0.0	(-0.23699019557374704+0j)
-0.48333333333333334	-0.2336111111111111	-0.00014552942704390163	-0.2337566771433274	0.0	(-0.2337566771433274+0j)
-0.48000000000000004	-0.23040000000000005	-0.00014533954701878747	-0.23054537707745265	0.0	(-0.23054537707745265+0j)
-0.4766666666666667	-0.2272111111111111	-0.00014514567313942347	-0.2273562952685652	0.0	(-0.2273562952685652+0j)
-0.4733333333333334	-0.2240444444444445	-0.0001449476930972318	-0.22418943160539243	0.0	(-0.22418943160539243+0j)
-0.47000000000000003	-0.22090000000000004	-0.00014474549067910108	-0.2210447859727956	0.0	(-0.2210447859727956+0j)
-0.4666666666666667	-0.2177777777777778	-0.00014453894561287104	-0.21792235825162298	0.0	(-0.21792235825162298+0j)
-0.4633333333333334	-0.21467777777777783	-0.0001443279334068018	-0.21482214831855181	0.0	(-0.21482214831855181+0j)
-0.46	-0.2116	-0.0001441123251828928	-0.21174415604591476	0.0	(-0.21174415604591476+0j)
-0.4566666666666667	-0.2085444444444445	-0.00014389198750392924	-0.2086883813015416	0.0	(-0.2086883813015416+0j)
-0.45333333333333337	-0.20551111111111114	-0.00014366678219415	-0.20565482394857312	0.0	(-0.20565482394857312+0j)
-0.45	-0.2025	-0.00014343656615344903	-0.20264348384528127	0.0	(-0.20264348384528127+0j)
-0.4466666666666667	-0.19951111111111114	-0.00014320119116504498	-0.199654360844878	0.0	(-0.199654360844878+0j)
-0.44333333333333336	-0.19654444444444447	-0.00014296050369657908	-0.19668745479531755	0.0	(-0.19668745479531755+0j)
-0.44	-0.1936	-0.00014271434469463086	-0.19374276553909942	0.0	(-0.19374276553909942+0j)
-0.4366666666666667	-0.1906777777777778	-0.0001424625493726748	-0.19082029291305477	0.0	(-0.19082029291305477+0j)
-0.43333333333333335	-0.1877777777777778	-0.00014220494699253948	-0.18792003674812577	0.0	(-0.18792003674812577+0j)
-0.43000000000000005	-0.18490000000000004	-0.00014194136063947442	-0.18504199686915623	0.0	(-0.18504199686915623+0j)
-0.4266666666666667	-0.18204444444444448	-0.00014167160699097786	-0.18218617309465426	0.0	(-0.18218617309465426+0j)
-0.42333333333333334	-0.17921111111111113	-0.00014139549607959304	-0.17935256523655893	0.0	(-0.17935256523655893+0j)
-0.42000000000000004	-0.17640000000000003	-0.00014111283104994174	-0.17654117310000453	0.0	(-0.17654117310000453+0j)
-0.4166666666666667	-0.17361111111111113	-0.0001408234079103295	-0.1737519964830742	0.0	(-0.1737519964830742+0j)
-0.4133333333333334	-0.1708444444444445	-0.0001405270152793312	-0.1709850351765474	0.0	(-0.1709850351765474+0j)
-0.41000000000000003	-0.16810000000000003	-0.0001402234341278467	-0.16824028896365334	0.0	(-0.16824028896365334+0j)
-0.4066666666666667	-0.1653777777777778	-0.00013991243751720393	-0.16551775761980503	0.0	(-0.16551775761980503+0j)
-0.4033333333333334	-0.1626777777777778	-0.00013959379033398305	-0.1628174409123434	0.0	(-0.1628174409123434+0j)
-0.4	-0.16000000000000003	-0.0001392672490223401	-0.16013933860027266	0.0	(-0.16013933860027266+0j)
-0.39666666666666667	-0.15734444444444445	-0.0001389325613147201	-0.15748345043399373	0.0	(-0.15748345043399373+0j)
-0.39333333333333337	-0.15471111111111113	-0.00013858946596197145	-0.1548497761550457	0.0	(-0.1548497761550457+0j)
-0.39	-0.1521	-0.00013823769246400268	-0.15223831549583583	0.0	(-0.15223831549583583+0j)
-0.3866666666666667	-0.14951111111111115	-0.0001378769608022617	-0.14964906817937493	0.0	(-0.14964906817937493+0j)
-0.38333333333333336	-0.14694444444444446	-0.00013750698117546422	-0.14708203391902896	0.0	(-0.14708203391902896+0j)
-0.38	-0.1444	-0.0001371274537401552	-0.14453721241825307	0.0	(-0.14453721241825307+0j)
-0.3766666666666667	-0.1418777777777778	-0.00013673806835785035	-0.14201460337035648	0.0	(-0.14201460337035648+0j)
-0.37333333333333335	-0.1393777777777778	-0.0001363385043506792	-0.13951420645825352	0.0	(-0.13951420645825352+0j)
-0.37000000000000005	-0.13690000000000005	-0.00013592843026763058	-0.13703602135424245	0.0	(-0.13703602135424245+0j)
-0.3666666666666667	-0.13444444444444448	-0.0001355075036636912	-0.13458004771979398	0.0	(-0.13458004771979398+0j)
-0.36333333333333334	-0.1320111111111111	-0.00013507537089436155	-0.1321462852053441	0.0	(-0.1321462852053441+0j)
-0.36000000000000004	-0.12960000000000002	-0.0001346316669282358	-0.12973473345011954	0.0	(-0.12973473345011954+0j)
-0.3566666666666667	-0.12721111111111114	-0.00013417601518053783	-0.12734539208198276	0.0	(-0.12734539208198276+0j)
-0.35333333333333333	-0.12484444444444444	-0.00013370802737071565	-0.12497826071728499	0.0	(-0.12497826071728499+0j)
-0.35000000000000003	-0.12250000000000003	-0.00013322730340741093	-0.12263333896077055	0.0	(-0.12263333896077055+0j)
-0.3466666666666667	-0.12017777777777779	-0.00013273343130433153	-0.12031062640549567	0.0	(-0.12031062640549567+0j)
-0.3433333333333334	-0.1178777777777778	-0.00013222598713077274	-0.1180101226327886	0.0	(-0.1180101226327886+0j)
-0.34	-0.11560000000000002	-0.0001317045350007413	-0.11573182721224606	0.0	(-0.11573182721224606+0j)
-0.33666666666666667	-0.11334444444444444	-0.00013116862710484586	-0.1134757397017757	0.0	(-0.1134757397017757+0j)
-0.33333333333333337	-0.11111111111111113	-0.00013061780378931739	-0.11124185964768228	0.0	(-0.11124185964768228+0j)
-0.33	-0.10890000000000001	-0.00013005159368671617	-0.10903018658480855	0.0	(-0.10903018658480855+0j)
-0.32666666666666666	-0.1067111111111111	-0.0001294695139030619	-0.10684072003673077	0.0	(-0.10684072003673077+0j)
-0.32333333333333336	-0.10454444444444447	-0.00012887107026629053	-0.1046734595160176	0.0	(-0.1046734595160176+0j)
-0.32	-0.1024	-0.0001282557576410897	-0.10252840452455363	0.0	(-0.10252840452455363+0j)
-0.3166666666666667	-0.1002777777777778	-0.00012762306031529456	-0.10040555455393499	0.0	(-0.10040555455393499+0j)
-0.31333333333333335	-0.0981777777777778	-0.00012697245246312888	-0.09830490908594387	0.0	(-0.09830490908594387+0j)
-0.31	-0.0961	-0.0001263033986906558	-0.09622646759310219	0.0	(-0.09622646759310219+0j)
-0.3066666666666667	-0.09404444444444446	-0.0001256153546688478	-0.09417022953931467	0.0	(-0.09417022953931467+0j)
-0.30333333333333334	-0.09201111111111111	-0.00012490776785969876	-0.09213619438060389	0.0	(-0.09213619438060389+0j)
-0.30000000000000004	-0.09000000000000002	-0.00012418007834077462	-0.09012436156594639	0.0	(-0.09012436156594639+0j)
-0.2966666666666667	-0.08801111111111112	-0.00012343171973353134	-0.08813473053820826	0.0	(-0.08813473053820826+0j)
-0.29333333333333333	-0.08604444444444445	-0.00012266212024061588	-0.08616730073519231	0.0	(-0.08616730073519231+0j)
-0.29000000000000004	-0.08410000000000002	-0.00012187070379720178	-0.08422207159079945	0.0	(-0.08422207159079945+0j)
-0.2866666666666667	-0.08217777777777778	-0.00012105689134119646	-0.08229904253630657	0.0	(-0.08229904253630657+0j)
-0.2833333333333333	-0.08027777777777777	-0.0001202201022068845	-0.08039821300177048	0.0	(-0.08039821300177048+0j)
-0.28	-0.07840000000000001	-0.00011935975564623866	-0.07851958241755376	0.0	(-0.07851958241755376+0j)
-0.27666666666666667	-0.07654444444444444	-0.00011847527248173751	-0.07666315021599047	0.0	(-0.07666315021599047+0j)
-0.2733333333333334	-0.07471111111111113	-0.00011756607689406684	-0.07482891583317745	0.0	(-0.07482891583317745+0j)
-0.27	-0.0729	-0.00011663159834755656	-0.07301687871090928	0.0	(-0.07301687871090928+0j)
-0.26666666666666666	-0.07111111111111111	-0.00011567127365560632	-0.07122703829874935	0.0	(-0.07122703829874935+0j)
-0.26333333333333336	-0.06934444444444446	-0.00011468454918768684	-0.06945939405624435	0.0	(-0.06945939405624435+0j)
-0.26	-0.06760000000000001	-0.00011367088321876333	-0.06771394545527765	0.0	(-0.06771394545527765+0j)
-0.2566666666666667	-0.0658777777777778	-0.00011262974842117739	-0.06599069198256916	0.0	(-0.06599069198256916+0j)
-0.25333333333333335	-0.06417777777777779	-0.00011156063449814034	-0.06428963314231223	0.0	(-0.06428963314231223+0j)
-0.25	-0.0625	-0.0001104630509570379	-0.06261076845895269	0.0	(-0.06261076845895269+0j)
-0.24666666666666667	-0.06084444444444445	-0.00010933653001972612	-0.06095409748010201	0.0	(-0.06095409748010201+0j)
-0.24333333333333335	-0.05921111111111112	-0.00010818062966591026	-0.05931961977958468	0.0	(-0.05931961977958468+0j)
-0.24000000000000002	-0.05760000000000001	-0.00010699493680455099	-0.05770733496061188	0.0	(-0.05770733496061188+0j)
-0.2366666666666667	-0.05601111111111112	-0.00010577907056703621	-0.05611724265907668	0.0	(-0.05611724265907668+0j)
-0.23333333333333334	-0.05444444444444445	-0.00010453268571459915	-0.05454934254696118	0.0	(-0.05454934254696118+0j)
-0.23	-0.0529	-0.00010325547615116056	-0.05300363433584805	0.0	(-0.05300363433584805+0j)
-0.22666666666666668	-0.051377777777777786	-0.00010194717853143277	-0.05148011778052313	0.0	(-0.05148011778052313+0j)
-0.22333333333333336	-0.049877777777777785	-0.00010060757595275242	-0.049978792682660624	0.0	(-0.049978792682660624+0j)
-0.22	-0.0484	-9.92365017177187e-05	-0.048499658894575456	0.0	(-0.048499658894575456+0j)
-0.21666666666666667	-0.04694444444444445	-9.783384315331409e-05	-0.047042716323022676	0.0	(-0.047042716323022676+0j)
-0.21333333333333335	-0.04551111111111112	-9.639954547078437e-05	-0.04560796493303376	0.0	(-0.04560796493303376+0j)
-0.21000000000000002	-0.04410000000000001	-9.493361564917043e-05	-0.04419540475176816	0.0	(-0.04419540475176816+0j)
-0.2066666666666667	-0.04271111111111112	-9.343612632402308e-05	-0.04280503587235707	0.0	(-0.04280503587235707+0j)
-0.20333333333333334	-0.04134444444444445	-9.190721966151178e-05	-0.04143685845772025	0.0	(-0.04143685845772025+0j)
-0.2	-0.04000000000000001	-9.034711119687199e-05	-0.0400908727443374	0.0	(-0.0400908727443374+0j)
-0.19666666666666668	-0.03867777777777778	-8.875609361493432e-05	-0.03876707904594054	0.0	(-0.03876707904594054+0j)
-0.19333333333333336	-0.03737777777777779	-8.713454044936467e-05	-0.0374654777571113	0.0	(-0.0374654777571113+0j)
-0.19	-0.0361	-8.54829096762234e-05	-0.03618606935676312	0.0	(-0.03618606935676312+0j)
-0.18666666666666668	-0.03484444444444445	-8.380174717654735e-05	-0.034928854411476716	0.0	(-0.034928854411476716+0j)
-0.18333333333333335	-0.03361111111111112	-8.209169004188006e-05	-0.03369383357867996	0.0	(-0.03369383357867996+0j)
-0.18000000000000002	-0.032400000000000005	-8.035346969604194e-05	-0.032481007609654715	0.0	(-0.032481007609654715+0j)
-0.17666666666666667	-0.03121111111111111	-7.858791480595396e-05	-0.03129037735236151	0.0	(-0.03129037735236151+0j)
-0.17333333333333334	-0.030044444444444447	-7.679595395402417e-05	-0.030121943754087277	0.0	(-0.030121943754087277+0j)
-0.17	-0.028900000000000006	-7.49786180444841e-05	-0.028975707863920966	0.0	(-0.028975707863920966+0j)
-0.16666666666666669	-0.027777777777777783	-7.313704241613876e-05	-0.02785167083508767	0.0	(-0.02785167083508767+0j)
-0.16333333333333333	-0.026677777777777776	-7.127246863427671e-05	-0.026749833927172867	0.0	(-0.026749833927172867+0j)
-0.16	-0.0256	-6.938624593498672e-05	-0.025670198508295907	0.0	(-0.025670198508295907+0j)
-0.15666666666666668	-0.02454444444444445	-6.747983229585487e-05	-0.02461276605729964	0.0	(-0.02461276605729964+0j)
-0.15333333333333335	-0.023511111111111115	-6.555479510797194e-05	-0.023577538166039743	0.0	(-0.023577538166039743+0j)
-0.15000000000000002	-0.022500000000000006	-6.361281142537645e-05	-0.022564516541867835	0.0	(-0.022564516541867835+0j)
-0.14666666666666667	-0.021511111111111113	-6.165566776949042e-05	-0.021573703010400888	0.0	(-0.021573703010400888+0j)
-0.14333333333333334	-0.020544444444444445	-5.9685259467778537e-05	-0.020605099518661543	0.0	(-0.020605099518661543+0j)
-0.14	-0.019600000000000003	-5.770358950776866e-05	-0.019658708138645016	0.0	(-0.019658708138645016+0j)
-0.1366666666666667	-0.018677777777777783	-5.5712766889717316e-05	-0.018734531071318006	0.0	(-0.018734531071318006+0j)
-0.13333333333333333	-0.017777777777777778	-5.371500446356949e-05	-0.017832570650973965	0.0	(-0.017832570650973965+0j)
-0.13	-0.016900000000000002	-5.171261623845127e-05	-0.01695282934976167	0.0	(-0.01695282934976167+0j)
-0.12666666666666668	-0.016044444444444448	-4.9708014155722634e-05	-0.016095309782053525	0.0	(-0.016095309782053525+0j)
-0.12333333333333334	-0.015211111111111113	-4.770370431960362e-05	-0.015260014708137875	0.0	(-0.015260014708137875+0j)
-0.12000000000000001	-0.014400000000000003	-4.570228268254205e-05	-0.014446947036503361	0.0	(-0.014446947036503361+0j)
-0.11666666666666667	-0.013611111111111112	-4.3706430185804816e-05	-0.013656109823740032	0.0	(-0.013656109823740032+0j)
-0.11333333333333334	-0.012844444444444447	-4.171890735922307e-05	-0.012887506270825884	0.0	(-0.012887506270825884+0j)
-0.11	-0.0121	-3.974254838757629e-05	-0.012141139714307973	0.0	(-0.012141139714307973+0j)
-0.10666666666666667	-0.01137777777777778	-3.7780254654745296e-05	-0.011417013610634644	0.0	(-0.011417013610634644+0j)
-0.10333333333333335	-0.01067777777777778	-3.583498778046196e-05	-0.01071513151166295	0.0	(-0.01071513151166295+0j)
-0.1	-0.010000000000000002	-3.3909762168212464e-05	-0.010035497029134794	0.0	(-0.010035497029134794+0j)
-0.09666666666666668	-0.009344444444444447	-3.200763708657649e-05	-0.009378113785677418	0.0	(-0.009378113785677418+0j)
-0.09333333333333334	-0.008711111111111112	-3.0131708309975946e-05	-0.008742985349581511	0.0	(-0.008742985349581511+0j)
-0.09000000000000001	-0.008100000000000001	-2.8285099348436105e-05	-0.008130115150205963	0.0	(-0.008130115150205963+0j)
-0.08666666666666667	-0.007511111111111112	-2.647095229948481e-05	-0.007539506370280772	0.0	(-0.007539506370280772+0j)
-0.08333333333333334	-0.006944444444444446	-2.46924183587171e-05	-0.006971161810644588	0.0	(-0.006971161810644588+0j)
-0.08	-0.0064	-2.2952648028778296e-05	-0.006425083722142001	0.0	(-0.006425083722142001+0j)
-0.07666666666666667	-0.005877777777777779	-2.1254781069557536e-05	-0.00590127359882615	0.0	(-0.00590127359882615+0j)
-0.07333333333333333	-0.005377777777777778	-1.9601936235189284e-05	-0.005399731926897955	0.0	(-0.005399731926897955+0j)
-0.07	-0.004900000000000001	-1.7997200846007252e-05	-0.004920457886125765	0.0	(-0.004920457886125765+0j)
-0.06666666666666667	-0.0044444444444444444	-1.6443620245861282e-05	-0.004463449006827405	0.0	(-0.004463449006827405+0j)
-0.06333333333333334	-0.004011111111111112	-1.4944187197154028e-05	-0.004028700799194373	0.0	(-0.004028700799194373+0j)
-0.060000000000000005	-0.0036000000000000008	-1.3501831267567854e-05	-0.00361620639841033	0.0	(-0.00361620639841033+0j)
-0.05666666666666667	-0.0032111111111111116	-1.211940826370689e-05	-0.0032259563182565434	0.0	(-0.0032259563182565434+0j)
-0.05333333333333334	-0.002844444444444445	-1.0799689767755118e-05	-0.002857938494336093	0.0	(-0.002857938494336093+0j)
-0.05	-0.0025000000000000005	-9.545352833733971e-06	-0.0025121389541683694	0.0	(-0.0025121389541683694+0j)
-0.04666666666666667	-0.002177777777777778	-8.358969900025896e-06	-0.0021885437211118736	0.0	(-0.0021885437211118736+0j)
-0.043333333333333335	-0.001877777777777778	-7.242998974489081e-06	-0.0018871430043095195	0.0	(-0.0018871430043095195+0j)
-0.04	-0.0016	-6.199774147745696e-06	-0.0016079393861632941	0.0	(-0.0016079393861632941+0j)
-0.03666666666666667	-0.0013444444444444445	-5.231496489041879e-06	-0.0013509624320895393	0.0	(-0.0013509624320895393+0j)
-0.03333333333333333	-0.0011111111111111111	-4.340225377503365e-06	-0.0011162920085837841	0.0	(-0.0011162920085837841+0j)
-0.030000000000000002	-0.0009000000000000002	-3.527870319604276e-06	-0.0009040887476458178	0.0	(-0.0009040887476458178+0j)
-0.02666666666666667	-0.0007111111111111113	-2.7961833012762893e-06	-0.0007146167194287136	0.0	(-0.0007146167194287136+0j)
-0.023333333333333334	-0.0005444444444444445	-2.146751720304152e-06	-0.0005482166115957086	0.0	(-0.0005482166115957086+0j)
-0.02	-0.0004	-1.580991941525778e-06	-0.0004051655697085792	0.0	(-0.0004051655697085792+0j)
-0.016666666666666666	-0.0002777777777777778	-1.1001435138435767e-06	-0.00028539087298952404	0.0	(-0.00028539087298952404+0j)
-0.013333333333333334	-0.0001777777777777778	-7.052640842858393e-07	-0.00018808071616280655	0.0	(-0.00018808071616280655+0j)
-0.01	-0.0001	-3.9722504023842476e-07	-0.00011120612274791099	0.0	(-0.00011120612274791099+0j)
-0.006666666666666667	-4.444444444444445e-05	-1.7670790667390082e-07	-5.079798133464477e-05	0.0	(-5.079798133464477e-05+0j)
-0.0033333333333333335	-1.1111111111111113e-05	-4.420152057704741e-08	2.622414004699314e-17	-0.0007744623445479693	(2.622414004699314e-17-0.0007744623445479693j)
0.0033333333333333335	1.1111111111111113e-05	4.420152057704741e-08	2.622414004699314e-17	0.0007744623445479693	(2.622414004699314e-17+0.0007744623445479693j)
0.006666666666666667	4.444444444444445e-05	1.7670790667390082e-07	5.0797981334664925e-05	0.0	(5.0797981334664925e-05+0j)
0.01	0.0001	3.9722504023842476e-07	0.00011120612274791926	0.0	(0.00011120612274791926+0j)
0.013333333333333334	0.0001777777777777778	7.052640842858393e-07	0.0001880807161628406	0.0	(0.0001880807161628406+0j)
0.016666666666666666	0.0002777777777777778	1.1001435138435767e-06	0.0002853908729895203	0.0	(0.0002853908729895203+0j)
0.02	0.0004	1.580991941525778e-06	0.00040516556970851834	0.0	(0.00040516556970851834+0j)
0.023333333333333334	0.0005444444444444445	2.146751720304152e-06	0.000548216611595702	0.0	(0.000548216611595702+0j)
0.02666666666666667	0.0007111111111111113	2.7961833012762893e-06	0.0007146167194287136	0.0	(0.0007146167194287136+0j)
0.030000000000000002	0.0009000000000000002	3.527870319604276e-06	0.0009040887476458073	0.0	(0.0009040887476458073+0j)
0.03333333333333333	0.0011111111111111111	4.340225377503365e-06	0.0011162920085837605	0.0	(0.0011162920085837605+0j)
0.03666666666666667	0.0013444444444444445	5.231496489041879e-06	0.0013509624320895445	0.0	(0.0013509624320895445+0j)
0.04	0.0016	6.199774147745696e-06	0.0016079393861632531	0.0	(0.0016079393861632531+0j)
0.043333333333333335	0.001877777777777778	7.242998974489081e-06	0.0018871430043095015	0.0	(0.0018871430043095015+0j)
0.04666666666666667	0.002177777777777778	8.358969900025896e-06	0.0021885437211118237	0.0	(0.0021885437211118237+0j)
0.05	0.0025000000000000005	9.545352833733971e-06	0.0025121389541683907	0.0	(0.0025121389541683907+0j)
0.05333333333333334	0.002844444444444445	1.0799689767755118e-05	0.0028579384943361033	0.0	(0.0028579384943361033+0j)
0.05666666666666667	0.0032111111111111116	1.211940826370689e-05	0.0032259563182565508	0.0	(0.0032259563182565508+0j)
0.060000000000000005	0.0036000000000000008	1.3501831267567854e-05	0.0036162063984103206	0.0	(0.0036162063984103206+0j)
0.06333333333333334	0.004011111111111112	1.4944187197154028e-05	0.004028700799194372	0.0	(0.004028700799194372+0j)
0.06666666666666667	0.0044444444444444444	1.6443620245861282e-05	0.004463449006827403	0.0	(0.004463449006827403+0j)
0.07	0.004900000000000001	1.7997200846007252e-05	0.004920457886125753	0.0	(0.004920457886125753+0j)
0.07333333333333333	0.005377777777777778	1.9601936235189284e-05	0.005399731926897932	0.0	(0.005399731926897932+0j)
0.07666666666666667	0.005877777777777779	2.1254781069557536e-05	0.005901273598826163	0.0	(0.005901273598826163+0j)
0.08	0.0064	2.2952648028778296e-05	0.0064250837221420136	0.0	(0.0064250837221420136+0j)
0.08333333333333334	0.006944444444444446	2.46924183587171e-05	0.006971161810644537	0.0	(0.006971161810644537+0j)
0.08666666666666667	0.007511111111111112	2.647095229948481e-05	0.007539506370280774	0.0	(0.007539506370280774+0j)
0.09000000000000001	0.008100000000000001	2.8285099348436105e-05	0.008130115150205975	0.0	(0.008130115150205975+0j)
0.09333333333333334	0.008711111111111112	3.0131708309975946e-05	0.008742985349581567	0.0	(0.008742985349581567+0j)
0.09666666666666668	0.009344444444444447	3.200763708657649e-05	0.009378113785677421	0.0	(0.009378113785677421+0j)
0.1	0.010000000000000002	3.3909762168212464e-05	0.010035497029134867	0.0	(0.010035497029134867+0j)
0.10333333333333335	0.01067777777777778	3.583498778046196e-05	0.010715131511662913	0.0	(0.010715131511662913+0j)
0.10666666666666667	0.01137777777777778	3.7780254654745296e-05	0.011417013610634612	0.0	(0.011417013610634612+0j)
0.11	0.0121	3.974254838757629e-05	0.012141139714308012	0.0	(0.012141139714308012+0j)
0.11333333333333334	0.012844444444444447	4.171890735922307e-05	0.012887506270825943	0.0	(0.012887506270825943+0j)
0.11666666666666667	0.013611111111111112	4.3706430185804816e-05	0.013656109823740048	0.0	(0.013656109823740048+0j)
0.12000000000000001	0.014400000000000003	4.570228268254205e-05	0.014446947036503358	0.0	(0.014446947036503358+0j)
0.12333333333333334	0.015211111111111113	4.770370431960362e-05	0.015260014708137884	0.0	(0.015260014708137884+0j)
0.12666666666666668	0.016044444444444448	4.9708014155722634e-05	0.01609530978205339	0.0	(0.01609530978205339+0j)
0.13	0.016900000000000002	5.171261623845127e-05	0.01695282934976182	0.0	(0.01695282934976182+0j)
0.13333333333333333	0.017777777777777778	5.371500446356949e-05	0.01783257065097405	0.0	(0.01783257065097405+0j)
0.1366666666666667	0.018677777777777783	5.5712766889717316e-05	0.01873453107131798	0.0	(0.01873453107131798+0j)
0.14	0.019600000000000003	5.770358950776866e-05	0.019658708138645023	0.0	(0.019658708138645023+0j)
0.14333333333333334	0.020544444444444445	5.9685259467778537e-05	0.02060509951866145	0.0	(0.02060509951866145+0j)
0.14666666666666667	0.021511111111111113	6.165566776949042e-05	0.021573703010400853	0.0	(0.021573703010400853+0j)
0.15000000000000002	0.022500000000000006	6.361281142537645e-05	0.022564516541867922	0.0	(0.022564516541867922+0j)
0.15333333333333335	0.023511111111111115	6.555479510797194e-05	0.023577538166039674	0.0	(0.023577538166039674+0j)
0.15666666666666668	0.02454444444444445	6.747983229585487e-05	0.024612766057299677	0.0	(0.024612766057299677+0j)
0.16	0.0256	6.938624593498672e-05	0.025670198508295897	0.0	(0.025670198508295897+0j)
0.16333333333333333	0.026677777777777776	7.127246863427671e-05	0.026749833927172832	0.0	(0.026749833927172832+0j)
0.16666666666666669	0.027777777777777783	7.313704241613876e-05	0.0278516708350878	0.0	(0.0278516708350878+0j)
0.17	0.028900000000000006	7.49786180444841e-05	0.028975707863920938	0.0	(0.028975707863920938+0j)
0.17333333333333334	0.030044444444444447	7.679595395402417e-05	0.030121943754087315	0.0	(0.030121943754087315+0j)
0.17666666666666667	0.03121111111111111	7.858791480595396e-05	0.03129037735236157	0.0	(0.03129037735236157+0j)
0.18000000000000002	0.032400000000000005	8.035346969604194e-05	0.03248100760965465	0.0	(0.03248100760965465+0j)
0.18333333333333335	0.03361111111111112	8.209169004188006e-05	0.033693833578679944	0.0	(0.033693833578679944+0j)
0.18666666666666668	0.03484444444444445	8.380174717654735e-05	0.03492885441147661	0.0	(0.03492885441147661+0j)
0.19	0.0361	8.54829096762234e-05	0.036186069356763	0.0	(0.036186069356763+0j)
0.19333333333333336	0.03737777777777779	8.713454044936467e-05	0.03746547775711111	0.0	(0.03746547775711111+0j)
0.19666666666666668	0.03867777777777778	8.875609361493432e-05	0.03876707904594023	0.0	(0.03876707904594023+0j)
0.2	0.04000000000000001	9.034711119687199e-05	0.04009087274433753	0.0	(0.04009087274433753+0j)
0.20333333333333334	0.04134444444444445	9.190721966151178e-05	0.04143685845772029	0.0	(0.04143685845772029+0j)
0.2066666666666667	0.04271111111111112	9.343612632402308e-05	0.042805035872356824	0.0	(0.042805035872356824+0j)
0.21000000000000002	0.04410000000000001	9.493361564917043e-05	0.04419540475176821	0.0	(0.04419540475176821+0j)
0.21333333333333335	0.04551111111111112	9.639954547078437e-05	0.0456079649330336	0.0	(0.0456079649330336+0j)
0.21666666666666667	0.04694444444444445	9.783384315331409e-05	0.04704271632302289	0.0	(0.04704271632302289+0j)
0.22	0.0484	9.92365017177187e-05	0.04849965889457542	0.0	(0.04849965889457542+0j)
0.22333333333333336	0.049877777777777785	0.00010060757595275242	0.04997879268266089	0.0	(0.04997879268266089+0j)
0.22666666666666668	0.051377777777777786	0.00010194717853143277	0.05148011778052302	0.0	(0.05148011778052302+0j)
0.23	0.0529	0.00010325547615116056	0.05300363433584825	0.0	(0.05300363433584825+0j)
0.23333333333333334	0.05444444444444445	0.00010453268571459915	0.0545493425469616	0.0	(0.0545493425469616+0j)
0.2366666666666667	0.05601111111111112	0.00010577907056703621	0.0561172426590769	0.0	(0.0561172426590769+0j)
0.24000000000000002	0.05760000000000001	0.00010699493680455099	0.05770733496061183	0.0	(0.05770733496061183+0j)
0.24333333333333335	0.05921111111111112	0.00010818062966591026	0.059319619779584234	0.0	(0.059319619779584234+0j)
0.24666666666666667	0.06084444444444445	0.00010933653001972612	0.06095409748010189	0.0	(0.06095409748010189+0j)
0.25	0.0625	0.0001104630509570379	0.06261076845895261	0.0	(0.06261076845895261+0j)
0.25333333333333335	0.06417777777777779	0.00011156063449814034	0.06428963314231234	0.0	(0.06428963314231234+0j)
0.2566666666666667	0.0658777777777778	0.00011262974842117739	0.06599069198256936	0.0	(0.06599069198256936+0j)
0.26	0.06760000000000001	0.00011367088321876333	0.06771394545527774	0.0	(0.06771394545527774+0j)
0.26333333333333336	0.06934444444444446	0.00011468454918768684	0.06945939405624431	0.0	(0.06945939405624431+0j)
0.26666666666666666	0.07111111111111111	0.00011567127365560632	0.07122703829874948	0.0	(0.07122703829874948+0j)
0.27	0.0729	0.00011663159834755656	0.07301687871090916	0.0	(0.07301687871090916+0j)
0.2733333333333334	0.07471111111111113	0.00011756607689406684	0.0748289158331777	0.0	(0.0748289158331777+0j)
0.27666666666666667	0.07654444444444444	0.00011847527248173751	0.07666315021599059	0.0	(0.07666315021599059+0j)
0.28	0.07840000000000001	0.00011935975564623866	0.07851958241755358	0.0	(0.07851958241755358+0j)
0.2833333333333333	0.08027777777777777	0.0001202201022068845	0.08039821300177011	0.0	(0.08039821300177011+0j)
0.2866666666666667	0.08217777777777778	0.00012105689134119646	0.08229904253630645	0.0	(0.08229904253630645+0j)
0.29000000000000004	0.08410000000000002	0.00012187070379720178	0.08422207159079968	0.0	(0.08422207159079968+0j)
0.29333333333333333	0.08604444444444445	0.00012266212024061588	0.08616730073519195	0.0	(0.08616730073519195+0j)
0.2966666666666667	0.08801111111111112	0.00012343171973353134	0.08813473053820799	0.0	(0.08813473053820799+0j)
0.30000000000000004	0.09000000000000002	0.00012418007834077462	0.0901243615659467	0.0	(0.0901243615659467+0j)
0.30333333333333334	0.09201111111111111	0.00012490776785969876	0.092136194380604	0.0	(0.092136194380604+0j)
0.3066666666666667	0.09404444444444446	0.0001256153546688478	0.09417022953931423	0.0	(0.09417022953931423+0j)
0.31	0.0961	0.0001263033986906558	0.09622646759310162	0.0	(0.09622646759310162+0j)
0.31333333333333335	0.0981777777777778	0.00012697245246312888	0.09830490908594412	0.0	(0.09830490908594412+0j)
0.3166666666666667	0.1002777777777778	0.00012762306031529456	0.10040555455393498	0.0	(0.10040555455393498+0j)
0.32	0.1024	0.0001282557576410897	0.10252840452455306	0.0	(0.10252840452455306+0j)
0.32333333333333336	0.10454444444444447	0.00012887107026629053	0.10467345951601796	0.0	(0.10467345951601796+0j)
0.32666666666666666	0.1067111111111111	0.0001294695139030619	0.10684072003673067	0.0	(0.10684072003673067+0j)
0.33	0.10890000000000001	0.00013005159368671617	0.10903018658480858	0.0	(0.10903018658480858+0j)
0.33333333333333337	0.11111111111111113	0.00013061780378931739	0.1112418596476822	0.0	(0.1112418596476822+0j)
0.33666666666666667	0.11334444444444444	0.00013116862710484586	0.1134757397017757	0.0	(0.1134757397017757+0j)
0.34	0.11560000000000002	0.0001317045350007413	0.11573182721224584	0.0	(0.11573182721224584+0j)
0.3433333333333334	0.1178777777777778	0.00013222598713077274	0.11801012263278828	0.0	(0.11801012263278828+0j)
0.3466666666666667	0.12017777777777779	0.00013273343130433153	0.1203106264054949	0.0	(0.1203106264054949+0j)
0.35000000000000003	0.12250000000000003	0.00013322730340741093	0.12263333896076993	0.0	(0.12263333896076993+0j)
0.35333333333333333	0.12484444444444444	0.00013370802737071565	0.12497826071728406	0.0	(0.12497826071728406+0j)
0.3566666666666667	0.12721111111111114	0.00013417601518053783	0.12734539208198237	0.0	(0.12734539208198237+0j)
0.36000000000000004	0.12960000000000002	0.0001346316669282358	0.1297347334501201	0.0	(0.1297347334501201+0j)
0.36333333333333334	0.1320111111111111	0.00013507537089436155	0.1321462852053444	0.0	(0.1321462852053444+0j)
0.3666666666666667	0.13444444444444448	0.0001355075036636912	0.13458004771979284	0.0	(0.13458004771979284+0j)
0.37000000000000005	0.13690000000000005	0.00013592843026763058	0.13703602135424192	0.0	(0.13703602135424192+0j)
0.37333333333333335	0.1393777777777778	0.0001363385043506792	0.13951420645825222	0.0	(0.13951420645825222+0j)
0.3766666666666667	0.1418777777777778	0.00013673806835785035	0.14201460337035646	0.0	(0.14201460337035646+0j)
0.38	0.1444	0.0001371274537401552	0.1445372124182532	0.0	(0.1445372124182532+0j)
0.38333333333333336	0.14694444444444446	0.00013750698117546422	0.1470820339190291	0.0	(0.1470820339190291+0j)
0.3866666666666667	0.14951111111111115	0.0001378769608022617	0.14964906817937557	0.0	(0.14964906817937557+0j)
0.39	0.1521	0.00013823769246400268	0.15223831549583403	0.0	(0.15223831549583403+0j)
0.39333333333333337	0.15471111111111113	0.00013858946596197145	0.15484977615504592	0.0	(0.15484977615504592+0j)
0.39666666666666667	0.15734444444444445	0.0001389325613147201	0.15748345043399348	0.0	(0.15748345043399348+0j)
0.4	0.16000000000000003	0.0001392672490223401	0.1601393386002731	0.0	(0.1601393386002731+0j)
0.4033333333333334	0.1626777777777778	0.00013959379033398305	0.1628174409123432	0.0	(0.1628174409123432+0j)
0.4066666666666667	0.1653777777777778	0.00013991243751720393	0.16551775761980475	0.0	(0.16551775761980475+0j)
0.41000000000000003	0.16810000000000003	0.0001402234341278467	0.16824028896365328	0.0	(0.16824028896365328+0j)
0.4133333333333334	0.1708444444444445	0.0001405270152793312	0.17098503517654784	0.0	(0.17098503517654784+0j)
0.4166666666666667	0.17361111111111113	0.0001408234079103295	0.17375199648307413	0.0	(0.17375199648307413+0j)
0.42000000000000004	0.17640000000000003	0.00014111283104994174	0.1765411731000044	0.0	(0.1765411731000044+0j)
0.42333333333333334	0.17921111111111113	0.00014139549607959304	0.1793525652365596	0.0	(0.1793525652365596+0j)
0.4266666666666667	0.18204444444444448	0.00014167160699097786	0.18218617309465376	0.0	(0.18218617309465376+0j)
0.43000000000000005	0.18490000000000004	0.00014194136063947442	0.1850419968691564	0.0	(0.1850419968691564+0j)
0.43333333333333335	0.1877777777777778	0.00014220494699253948	0.18792003674812593	0.0	(0.18792003674812593+0j)
0.4366666666666667	0.1906777777777778	0.0001424625493726748	0.1908202929130557	0.0	(0.1908202929130557+0j)
0.44	0.1936	0.00014271434469463086	0.19374276553910025	0.0	(0.19374276553910025+0j)
0.44333333333333336	0.19654444444444447	0.00014296050369657908	0.1966874547953175	0.0	(0.1966874547953175+0j)
0.4466666666666667	0.19951111111111114	0.00014320119116504498	0.19965436084487762	0.0	(0.19965436084487762+0j)
0.45	0.2025	0.00014343656615344903	0.2026434838452811	0.0	(0.2026434838452811+0j)
0.45333333333333337	0.20551111111111114	0.00014366678219415	0.20565482394857273	0.0	(0.20565482394857273+0j)
0.4566666666666667	0.2085444444444445	0.00014389198750392924	0.20868838130154116	0.0	(0.20868838130154116+0j)
0.46	0.2116	0.0001441123251828928	0.2117441560459153	0.0	(0.2117441560459153+0j)
0.4633333333333334	0.21467777777777783	0.0001443279334068018	0.21482214831855193	0.0	(0.21482214831855193+0j)
0.4666666666666667	0.2177777777777778	0.00014453894561287104	0.21792235825162395	0.0	(0.21792235825162395+0j)
0.47000000000000003	0.22090000000000004	0.00014474549067910108	0.2210447859727962	0.0	(0.2210447859727962+0j)
0.4733333333333334	0.2240444444444445	0.0001449476930972318	0.22418943160539184	0.0	(0.22418943160539184+0j)
0.4766666666666667	0.2272111111111111	0.00014514567313942347	0.2273562952685666	0.0	(0.2273562952685666+0j)
0.48000000000000004	0.23040000000000005	0.00014533954701878747	0.23054537707745212	0.0	(0.23054537707745212+0j)
0.48333333333333334	0.2336111111111111	0.00014552942704390163	0.23375667714332649	0.0	(0.23375667714332649+0j)
0.4866666666666667	0.23684444444444447	0.0001457154217674563	0.23699019557374598	0.0	(0.23699019557374598+0j)
0.49000000000000005	0.24010000000000004	0.00014589763612918533	0.2402459324726963	0.0	(0.2402459324726963+0j)
0.49333333333333335	0.2433777777777778	0.00014607617159324257	0.24352388794072258	0.0	(0.24352388794072258+0j)
0.4966666666666667	0.2466777777777778	0.00014625112628018994	0.2468240620750632	0.0	(0.2468240620750632+0j)
0.5	0.25	0.00014642259509376558	0.2501464549697709	0.0	(0.2501464549697709+0j)
0.5033333333333334	0.25334444444444454	0.00014659066984260358	0.25349106671583993	0.0	(0.25349106671583993+0j)
0.5066666666666667	0.25671111111111117	0.0001467554393570758	0.25685789740131554	0.0	(0.25685789740131554+0j)
0.51	0.2601	0.00014691698960142855	0.2602469471114074	0.0	(0.2602469471114074+0j)
0.5133333333333334	0.2635111111111112	0.00014707540378138318	0.2636582159285889	0.0	(0.2636582159285889+0j)
0.5166666666666667	0.2669444444444445	0.00014723076244736947	0.2670917039327162	0.0	(0.2670917039327162+0j)
0.52	0.27040000000000003	0.00014738314359355744	0.2705474112011117	0.0	(0.2705474112011117+0j)
0.5233333333333333	0.2738777777777778	0.00014753262275285013	0.27402533780865374	0.0	(0.27402533780865374+0j)
0.5266666666666667	0.27737777777777783	0.0001476792730879969	0.2775254838278888	0.0	(0.2775254838278888+0j)
0.53	0.28090000000000004	0.0001478231654789821	0.28104784932909366	0.0	(0.28104784932909366+0j)
0.5333333333333333	0.28444444444444444	0.0001479643686068404	0.28459243438036785	0.0	(0.28459243438036785+0j)
0.5366666666666667	0.28801111111111116	0.00014810294903404574	0.28815923904772345	0.0	(0.28815923904772345+0j)
0.54	0.2916	0.00014823897128161563	0.29174826339514004	0.0	(0.29174826339514004+0j)
0.5433333333333333	0.2952111111111111	0.00014837249790306903	0.2953595074846557	0.0	(0.2953595074846557+0j)
0.5466666666666667	0.2988444444444445	0.00014850358955536985	0.29899297137642855	0.0	(0.29899297137642855+0j)
0.55	0.30250000000000005	0.00014863230506698502	0.30264865512881045	0.0	(0.30264865512881045+0j)
0.5533333333333333	0.30617777777777777	0.0001487587015031795	0.30632655879840304	0.0	(0.30632655879840304+0j)
0.5566666666666668	0.30987777777777786	0.00014888283422866805	0.3100266824401222	0.0	(0.3100266824401222+0j)
0.56	0.31360000000000005	0.00014900475696773665	0.31374902610726835	0.0	(0.31374902610726835+0j)
0.5633333333333334	0.3173444444444445	0.00014912452186194368	0.3174935898515611	0.0	(0.3174935898515611+0j)
0.5666666666666667	0.32111111111111107	0.00014924217952550542	0.3212603737232214	0.0	(0.3212603737232214+0j)
0.5700000000000001	0.3249000000000001	0.00014935777909846706	0.32504937777099957	0.0	(0.32504937777099957+0j)
0.5733333333333334	0.3287111111111111	0.00014947136829775436	0.32886060204224626	0.0	(0.32886060204224626+0j)
0.5766666666666667	0.3325444444444444	0.0001495829934661996	0.3326940465829392	0.0	(0.3326940465829392+0j)
0.5800000000000001	0.3364000000000001	0.0001496926996196283	0.33654971143775414	0.0	(0.33654971143775414+0j)
0.5833333333333334	0.34027777777777785	0.00014980053049209297	0.3404275966500861	0.0	(0.3404275966500861+0j)
0.5866666666666667	0.3441777777777778	0.0001499065285793322	0.3443277022621108	0.0	(0.3443277022621108+0j)
0.5900000000000001	0.3481000000000001	0.00015001073518053416	0.3482500283148183	0.0	(0.3482500283148183+0j)
0.5933333333333334	0.3520444444444445	0.00015011319043847635	0.3521945748480468	0.0	(0.3521945748480468+0j)
0.5966666666666667	0.3560111111111111	0.00015021393337811273	0.3561613419005323	0.0	(0.3561613419005323+0j)
0.6000000000000001	0.3600000000000001	0.00015031300194367486	0.36015032950993775	0.0	(0.36015032950993775+0j)
0.6033333333333334	0.3640111111111112	0.00015041043303435077	0.3641615377128967	0.0	(0.3641615377128967+0j)
0.6066666666666667	0.36804444444444445	0.0001505062625386031	0.36819496654503076	0.0	(0.36819496654503076+0j)
0.61	0.3721	0.0001506005253671842	0.372250616041001	0.0	(0.372250616041001+0j)
0.6133333333333334	0.37617777777777783	0.00015069325548490374	0.3763284862345266	0.0	(0.3763284862345266+0j)
0.6166666666666667	0.3802777777777778	0.00015078448594120237	0.3804285771584222	0.0	(0.3804285771584222+0j)
0.62	0.3844	0.00015087424889958113	0.38455088884462196	0.0	(0.38455088884462196+0j)
0.6233333333333334	0.3885444444444445	0.0001509625756659356	0.38869542132421225	0.0	(0.38869542132421225+0j)
0.6266666666666667	0.3927111111111112	0.0001510494967158402	0.39286217462745715	0.0	(0.39286217462745715+0j)
0.63	0.39690000000000003	0.0001511350417208269	0.3970511487838178	0.0	(0.3970511487838178+0j)
0.6333333333333334	0.4011111111111112	0.00015121923957370022	0.4012623438219918	0.0	(0.4012623438219918+0j)
0.6366666666666667	0.4053444444444445	0.0001513021184129282	0.40549575976992547	0.0	(0.40549575976992547+0j)
0.64	0.4096	0.0001513837056461479	0.4097513966548357	0.0	(0.4097513966548357+0j)
0.6433333333333334	0.4138777777777779	0.00015146402797282124	0.4140292545032469	0.0	(0.4140292545032469+0j)
0.6466666666666667	0.41817777777777787	0.00015154311140607682	0.41832933334098976	0.0	(0.41832933334098976+0j)
0.65	0.42250000000000004	0.0001516209812937701	0.4226516331932507	0.0	(0.4226516331932507+0j)
0.6533333333333333	0.4268444444444444	0.000151697662338794	0.426996154084569	0.0	(0.426996154084569+0j)
0.6566666666666667	0.4312111111111112	0.00015177317861867005	0.4313628960388588	0.0	(0.4313628960388588+0j)
0.66	0.43560000000000004	0.0001518475536044493	0.4357518590794452	0.0	(0.4357518590794452+0j)
0.6633333333333333	0.44001111111111113	0.00015192081017895013	0.44016304322904914	0.0	(0.44016304322904914+0j)
0.6666666666666667	0.44444444444444453	0.00015199297065435978	0.44459644850985647	0.0	(0.44459644850985647+0j)
0.67	0.4489000000000001	0.0001520640567892246	0.449052074943477	0.0	(0.449052074943477+0j)
0.6733333333333333	0.45337777777777777	0.00015213408980485307	0.45352992255100094	0.0	(0.45352992255100094+0j)
0.6766666666666667	0.4578777777777779	0.0001522030904011549	0.458029991352992	0.0	(0.458029991352992+0j)
0.68	0.4624000000000001	0.00015227107877193818	0.46255228136951876	0.0	(0.46255228136951876+0j)
0.6833333333333333	0.46694444444444444	0.00015233807461968504	0.4670967926201667	0.0	(0.4670967926201667+0j)
0.6866666666666668	0.4715111111111112	0.00015240409716982733	0.471663525124039	0.0	(0.471663525124039+0j)
0.6900000000000001	0.4761000000000001	0.00015246916518454003	0.47625247889978356	0.0	(0.47625247889978356+0j)
0.6933333333333334	0.48071111111111114	0.00015253329697607215	0.48086365396560043	0.0	(0.48086365396560043+0j)
0.6966666666666667	0.4853444444444444	0.00015259651041963208	0.48549705033925705	0.0	(0.48549705033925705+0j)
0.7000000000000001	0.4900000000000001	0.0001526588229658443	0.49015266803809837	0.0	(0.49015266803809837+0j)
0.7033333333333334	0.4946777777777778	0.00015272025165279427	0.49483050707906084	0.0	(0.49483050707906084+0j)
0.7066666666666667	0.49937777777777775	0.00015278081311767615	0.499530567478684	0.0	(0.499530567478684+0j)
0.7100000000000001	0.5041000000000001	0.00015284052360805904	0.5042528492531229	0.0	(0.5042528492531229+0j)
0.7133333333333334	0.5088444444444445	0.00015289939899278506	0.5089973524181457	0.0	(0.5089973524181457+0j)
0.7166666666666667	0.5136111111111111	0.00015295745477251414	0.5137640769891711	0.0	(0.5137640769891711+0j)
0.7200000000000001	0.5184000000000001	0.0001530147060899272	0.5185530229812493	0.0	(0.5185530229812493+0j)
0.7233333333333334	0.5232111111111112	0.0001530711677396015	0.5233641904090892	0.0	(0.5233641904090892+0j)
0.7266666666666667	0.5280444444444444	0.00015312685417756926	0.5281975792870689	0.0	(0.5281975792870689+0j)
0.7300000000000001	0.5329000000000002	0.00015318177953057167	0.5330531896292375	0.0	(0.5330531896292375+0j)
0.7333333333333334	0.5377777777777779	0.0001532359576050191	0.5379310214493183	0.0	(0.5379310214493183+0j)
0.7366666666666667	0.5426777777777778	0.00015328940189566798	0.5428310747607267	0.0	(0.5428310747607267+0j)
0.7400000000000001	0.5476000000000002	0.00015334212559402498	0.5477533495765913	0.0	(0.5477533495765913+0j)
0.7433333333333334	0.5525444444444445	0.00015339414159648777	0.552697845909733	0.0	(0.552697845909733+0j)
0.7466666666666667	0.5575111111111112	0.000153445462512232	0.5576645637727001	0.0	(0.5576645637727001+0j)
0.75	0.5625	0.00015349610067085363	0.5626535031777341	0.0	(0.5626535031777341+0j)
0.7533333333333334	0.5675111111111112	0.00015354606812977467	0.5676646641368516	0.0	(0.5676646641368516+0j)
0.7566666666666667	0.5725444444444445	0.0001535953766814215	0.572698046661767	0.0	(0.572698046661767+0j)
0.76	0.5776	0.0001536440378601831	0.5777536507639615	0.0	(0.5777536507639615+0j)
0.7633333333333334	0.582677777777778	0.00015369206294915688	0.5828314764546552	0.0	(0.5828314764546552+0j)
0.7666666666666667	0.5877777777777778	0.00015373946298669002	0.5879315237448269	0.0	(0.5879315237448269+0j)
0.77	0.5929	0.00015378624877272266	0.5930537926452273	0.0	(0.5930537926452273+0j)
0.7733333333333334	0.5980444444444446	0.00015383243087494042	0.5981982831663576	0.0	(0.5981982831663576+0j)
0.7766666666666667	0.6032111111111113	0.00015387801963474216	0.6033649953185247	0.0	(0.6033649953185247+0j)
0.78	0.6084	0.00015392302517302993	0.6085539291117842	0.0	(0.6085539291117842+0j)
0.7833333333333334	0.6136111111111112	0.00015396745739582656	0.6137650845559951	0.0	(0.6137650845559951+0j)
0.7866666666666667	0.6188444444444445	0.00015401132599972712	0.6189984616608135	0.0	(0.6189984616608135+0j)
0.79	0.6241000000000001	0.00015405464047718966	0.62425406043568	0.0	(0.62425406043568+0j)
0.7933333333333333	0.6293777777777778	0.00015409741012167069	0.6295318808898489	0.0	(0.6295318808898489+0j)
0.7966666666666667	0.6346777777777779	0.00015413964403261055	0.6348319230323718	0.0	(0.6348319230323718+0j)
0.8	0.6400000000000001	0.00015418135112027368	0.6401541868721224	0.0	(0.6401541868721224+0j)
0.8033333333333333	0.6453444444444445	0.00015422254011044858	0.6454986724177961	0.0	(0.6454986724177961+0j)
0.8066666666666668	0.6507111111111112	0.00015426321954901219	0.6508653796778926	0.0	(0.6508653796778926+0j)
0.81	0.6561000000000001	0.0001543033978063628	0.6562543086607635	0.0	(0.6562543086607635+0j)
0.8133333333333334	0.6615111111111112	0.00015434308308172654	0.6616654593745722	0.0	(0.6616654593745722+0j)
0.8166666666666668	0.6669444444444446	0.0001543822834073404	0.6670988318273334	0.0	(0.6670988318273334+0j)
0.8200000000000001	0.6724000000000001	0.00015442100665251715	0.672554426026888	0.0	(0.672554426026888+0j)
0.8233333333333334	0.6778777777777778	0.0001544592605275948	0.6780322419809389	0.0	(0.6780322419809389+0j)
0.8266666666666668	0.683377777777778	0.0001544970525877751	0.6835322796970353	0.0	(0.6835322796970353+0j)
0.8300000000000001	0.6889000000000001	0.00015453439023685412	0.6890545391825813	0.0	(0.6890545391825813+0j)
0.8333333333333334	0.6944444444444445	0.00015457128073084877	0.6945990204448409	0.0	(0.6945990204448409+0j)
0.8366666666666667	0.7000111111111111	0.0001546077311815223	0.7001657234909417	0.0	(0.7001657234909417+0j)
0.8400000000000001	0.7056000000000001	0.00015464374855981213	0.7057546483279046	0.0	(0.7057546483279046+0j)
0.8433333333333334	0.7112111111111112	0.0001546793396991629	0.7113657949626011	0.0	(0.7113657949626011+0j)
0.8466666666666667	0.7168444444444445	0.0001547145112987679	0.7169991634017906	0.0	(0.7169991634017906+0j)
0.8500000000000001	0.7225000000000001	0.00015474926992672177	0.7226547536521345	0.0	(0.7226547536521345+0j)
0.8533333333333334	0.7281777777777779	0.00015478362202308717	0.7283325657201817	0.0	(0.7283325657201817+0j)
0.8566666666666667	0.7338777777777779	0.00015481757390287793	0.7340325996123865	0.0	(0.7340325996123865+0j)
0.8600000000000001	0.7396000000000001	0.00015485113175896145	0.7397548553351072	0.0	(0.7397548553351072+0j)
0.8633333333333334	0.7453444444444446	0.00015488430166488306	0.7454993328946226	0.0	(0.7454993328946226+0j)
0.8666666666666667	0.7511111111111112	0.00015491708957761412	0.7512660322971525	0.0	(0.7512660322971525+0j)
0.8700000000000001	0.7569000000000002	0.00015494950134022683	0.7570549535488167	0.0	(0.7570549535488167+0j)
0.8733333333333334	0.7627111111111112	0.0001549815426844976	0.7628660966557113	0.0	(0.7628660966557113+0j)
0.8766666666666667	0.7685444444444445	0.00015501321923344126	0.7686994616238816	0.0	(0.7686994616238816+0j)
0.88	0.7744	0.0001550445365037782	0.7745550484593191	0.0	(0.7745550484593191+0j)
0.8833333333333334	0.780277777777778	0.0001550754999083366	0.7804328571680018	0.0	(0.7804328571680018+0j)
0.8866666666666667	0.7861777777777779	0.0001551061147583913	0.7863328877558938	0.0	(0.7863328877558938+0j)
0.89	0.7921	0.00015513638626594168	0.7922551402289588	0.0	(0.7922551402289588+0j)
0.8933333333333334	0.7980444444444446	0.00015516631954593007	0.7981996145931683	0.0	(0.7981996145931683+0j)
0.8966666666666667	0.8040111111111112	0.00015519591961840257	0.8041663108545174	0.0	(0.8041663108545174+0j)
0.9	0.81	0.00015522519141061397	0.8101552290190452	0.0	(0.8101552290190452+0j)
0.9033333333333334	0.8160111111111112	0.00015525413975907838	0.8161663690928457	0.0	(0.8161663690928457+0j)
0.9066666666666667	0.8220444444444446	0.000155282769411567	0.8221997310820784	0.0	(0.8221997310820784+0j)
0.91	0.8281000000000001	0.0001553110850290552	0.8282553149929871	0.0	(0.8282553149929871+0j)
0.9133333333333334	0.834177777777778	0.00015533909118761952	0.8343331208319268	0.0	(0.8343331208319268+0j)
0.9166666666666667	0.8402777777777779	0.0001553667923802866	0.8404331486053754	0.0	(0.8404331486053754+0j)
0.92	0.8464	0.00015539419301883542	0.846555398319957	0.0	(0.846555398319957+0j)
0.9233333333333333	0.8525444444444444	0.00015542129743555404	0.8526998699824785	0.0	(0.8526998699824785+0j)
0.9266666666666667	0.8587111111111113	0.00015544810988495197	0.8588665635999356	0.0	(0.8588665635999356+0j)
0.93	0.8649000000000001	0.00015547463454542996	0.8650554791795554	0.0	(0.8650554791795554+0j)
0.9333333333333333	0.8711111111111112	0.00015550087552090795	0.8712666167288505	0.0	(0.8712666167288505+0j)
0.9366666666666668	0.8773444444444446	0.00015552683684241255	0.877499976255671	0.0	(0.877499976255671+0j)
0.9400000000000001	0.8836000000000002	0.0001555525224696252	0.8837555577682393	0.0	(0.8837555577682393+0j)
0.9433333333333334	0.8898777777777778	0.00015557793629239215	0.8900333612752732	0.0	(0.8900333612752732+0j)
0.9466666666666668	0.896177777777778	0.00015560308213219724	0.8963333867860683	0.0	(0.8963333867860683+0j)
0.9500000000000001	0.9025000000000001	0.0001556279637435985	0.9026556343106457	0.0	(0.9026556343106457+0j)
0.9533333333333334	0.9088444444444445	0.00015565258481562986	0.9090001038599731	0.0	(0.9090001038599731+0j)
0.9566666666666668	0.9152111111111113	0.00015567694897316848	0.9153667954461924	0.0	(0.9153667954461924+0j)
0.9600000000000001	0.9216000000000002	0.00015570105977826915	0.9217557090830485	0.0	(0.9217557090830485+0j)
0.9633333333333334	0.9280111111111112	0.0001557249207314661	0.9281668447864025	0.0	(0.9281668447864025+0j)
0.9666666666666667	0.9344444444444444	0.00015574853527304384	0.9346002025750622	0.0	(0.9346002025750622+0j)
0.9700000000000001	0.9409000000000002	0.0001557719067842772	0.9410557824719805	0.0	(0.9410557824719805+0j)
0.9733333333333334	0.9473777777777779	0.00015579503858864177	0.9475335845061875	0.0	(0.9475335845061875+0j)
0.9766666666666667	0.9538777777777778	0.0001558179339529955	0.9540336087158924	0.0	(0.9540336087158924+0j)
0.9800000000000001	0.9604000000000001	0.00015584059608873217	0.9605558551538707	0.0	(0.9605558551538707+0j)
0.9833333333333334	0.9669444444444446	0.00015586302815290756	0.9671003238973379	0.0	(0.9671003238973379+0j)
0.9866666666666667	0.9735111111111112	0.00015588523324933906	0.973667015067787	0.0	(0.973667015067787+0j)
0.9900000000000001	0.9801000000000002	0.00015590721442967936	0.9802559288756298	0.0	(0.9802559288756298+0j)
0.9933333333333334	0.9867111111111112	0.00015592897469446493	0.9868670657395988	0.0	(0.9868670657395988+0j)
0.9966666666666667	0.9933444444444445	0.00015595051699414018	0.9935004267048415	0.0	(0.9935004267048415+0j)
1.0	1.0	0.00015597184423005745	1.0001560159509817	0.0	(1.0001560159509817+0j)
