-1.0	-1.0	-0.001979489604705448	-1.0019963081002092	0.0	(-1.0019963081002092+0j)
-0.9975	-0.9950062500000001	-0.001979439681652385	-0.9969975623979354	0.0	(-0.9969975623979354+0j)
-0.995	-0.990025	-0.0019793893818223557	-0.9920136737175829	0.0	(-0.9920136737175829+0j)
-0.9925	-0.9850562500000001	-0.00197933870141434	-0.9870431311763647	0.0	(-0.9870431311763647+0j)
-0.99	-0.9801	-0.0019792876365792664	-0.9820855351915321	0.0	(-0.9820855351915321+0j)
-0.9875	-0.9751562500000001	-0.00197923618341928	-0.9771407210395072	0.0	(-0.9771407210395072+0j)
-0.985	-0.970225	-0.001979184337986996	-0.9722086042389032	0.0	(-0.9722086042389032+0j)
-0.9825	-0.96530625	-0.0019791320962847464	-0.9672891351375204	0.0	(-0.9672891351375204+0j)
-0.98	-0.9603999999999999	-0.0019790794542638066	-0.9623822816011696	0.0	(-0.9623822816011696+0j)
-0.9775	-0.9555062500000001	-0.0019790264078236126	-0.9574880212514011	0.0	(-0.9574880212514011+0j)
-0.975	-0.9506249999999999	-0.00197897295281096	-0.9526063375769116	0.0	(-0.9526063375769116+0j)
-0.9725	-0.9457562500000001	-0.0019789190850191957	-0.9477372178240996	0.0	(-0.9477372178240996+0j)
-0.97	-0.9409	-0.001978864800187385	-0.9428806517826532	0.0	(-0.9428806517826532+0j)
-0.9675	-0.93605625	-0.0019788100939994724	-0.9380366310535483	0.0	(-0.9380366310535483+0j)
-0.965	-0.931225	-0.0019787549620834217	-0.933205148590543	0.0	(-0.933205148590543+0j)
-0.9625	-0.9264062500000001	-0.0019786994000103447	-0.9283861984030246	0.0	(-0.9283861984030246+0j)
-0.96	-0.9216	-0.00197864340329361	-0.9235797753561672	0.0	(-0.9235797753561672+0j)
-0.9575	-0.91680625	-0.0019785869673879363	-0.9187858750312227	0.0	(-0.9187858750312227+0j)
-0.9550000000000001	-0.9120250000000001	-0.001978530087688473	-0.9140044936229762	0.0	(-0.9140044936229762+0j)
-0.9525	-0.90725625	-0.0019784727595298585	-0.9092356278605946	0.0	(-0.9092356278605946+0j)
-0.9500000000000001	-0.9025000000000001	-0.001978414978185264	-0.9044792749431565	0.0	(-0.9044792749431565+0j)
-0.9475	-0.89775625	-0.00197835673886542	-0.8997354324846935	0.0	(-0.8997354324846935+0j)
-0.9450000000000001	-0.8930250000000001	-0.001978298036717622	-0.895004098465532	0.0	(-0.895004098465532+0j)
-0.9425	-0.88830625	-0.0019782388668247225	-0.8902852711882442	0.0	(-0.8902852711882442+0j)
-0.9400000000000001	-0.8836000000000002	-0.0019781792242040976	-0.8855789492372412	0.0	(-0.8855789492372412+0j)
-0.9375	-0.87890625	-0.0019781191038066013	-0.8808851314415289	0.0	(-0.8808851314415289+0j)
-0.935	-0.8742250000000001	-0.001978058500515496	-0.8762038168406143	0.0	(-0.8762038168406143+0j)
-0.9325	-0.86955625	-0.0019779974091453604	-0.8715350046534404	0.0	(-0.8715350046534404+0j)
-0.93	-0.8649000000000001	-0.0019779358244409874	-0.8668786942502859	0.0	(-0.8668786942502859+0j)
-0.9275	-0.86025625	-0.001977873741076246	-0.8622348851278743	0.0	(-0.8622348851278743+0j)
-0.925	-0.8556250000000001	-0.001977811153652936	-0.8576035768874198	0.0	(-0.8576035768874198+0j)
-0.9225	-0.85100625	-0.0019777480566996095	-0.8529847692155451	0.0	(-0.8529847692155451+0j)
-0.92	-0.8464	-0.0019776844446703795	-0.8483784618679927	0.0	(-0.8483784618679927+0j)
-0.9175	-0.84180625	-0.0019776203119436977	-0.8437846546558152	0.0	(-0.8437846546558152+0j)
-0.915	-0.8372250000000001	-0.001977555652821114	-0.8392033474339146	0.0	(-0.8392033474339146+0j)
-0.9125	-0.83265625	-0.0019774904615260124	-0.8346345400915427	0.0	(-0.8346345400915427+0j)
-0.91	-0.8281000000000001	-0.0019774247322023163	-0.830078232544614	0.0	(-0.830078232544614+0j)
-0.9075	-0.82355625	-0.0019773584589131777	-0.8255344247295444	0.0	(-0.8255344247295444+0j)
-0.905	-0.819025	-0.001977291635639634	-0.8210031165983203	0.0	(-0.8210031165983203+0j)
-0.9025	-0.81450625	-0.0019772242562792427	-0.8164843081146761	0.0	(-0.8164843081146761+0j)
-0.9	-0.81	-0.0019771563146446874	-0.8119779992510978	0.0	(-0.8119779992510978+0j)
-0.8975	-0.80550625	-0.0019770878044623576	-0.807484189986553	0.0	(-0.807484189986553+0j)
-0.895	-0.801025	-0.0019770187193708997	-0.8030028803047331	0.0	(-0.8030028803047331+0j)
-0.8925000000000001	-0.7965562500000001	-0.0019769490529197415	-0.7985340701927788	0.0	(-0.7985340701927788+0j)
-0.89	-0.7921	-0.0019768787985675867	-0.7940777596402967	0.0	(-0.7940777596402967+0j)
-0.8875000000000001	-0.7876562500000002	-0.001976807949680876	-0.7896339486386237	0.0	(-0.7896339486386237+0j)
-0.885	-0.7832250000000001	-0.0019767364995322266	-0.7852026371803532	0.0	(-0.7852026371803532+0j)
-0.8825000000000001	-0.7788062500000001	-0.00197666444129883	-0.7807838252589274	0.0	(-0.7807838252589274+0j)
-0.88	-0.7744	-0.0019765917680608256	-0.7763775128683524	0.0	(-0.7763775128683524+0j)
-0.8775000000000001	-0.7700062500000001	-0.0019765184727996406	-0.7719837000030624	0.0	(-0.7719837000030624+0j)
-0.875	-0.765625	-0.001976444548396292	-0.767602386657715	0.0	(-0.767602386657715+0j)
-0.8725	-0.7612562500000001	-0.001976369987629661	-0.7632335728271327	0.0	(-0.7632335728271327+0j)
-0.87	-0.7569	-0.0019762947831747277	-0.7588772585062348	0.0	(-0.7588772585062348+0j)
-0.8675	-0.75255625	-0.001976218927600772	-0.754533443689987	0.0	(-0.754533443689987+0j)
-0.865	-0.748225	-0.0019761424133695397	-0.7502021283733575	0.0	(-0.7502021283733575+0j)
-0.8625	-0.7439062500000001	-0.0019760652328333675	-0.7458833125513213	0.0	(-0.7458833125513213+0j)
-0.86	-0.7395999999999999	-0.0019759873782332735	-0.7415769962188037	0.0	(-0.7415769962188037+0j)
-0.8575	-0.73530625	-0.0019759088416970052	-0.7372831793707132	0.0	(-0.7372831793707132+0j)
-0.855	-0.7310249999999999	-0.001975829615237053	-0.7330018620019036	0.0	(-0.7330018620019036+0j)
-0.8525	-0.7267562500000001	-0.001975749690748614	-0.728733044107197	0.0	(-0.728733044107197+0j)
-0.85	-0.7224999999999999	-0.0019756690600075243	-0.7244767256813314	0.0	(-0.7244767256813314+0j)
-0.8475	-0.71825625	-0.00197558771466814	-0.7202329067190081	0.0	(-0.7202329067190081+0j)
-0.845	-0.7140249999999999	-0.0019755056462611793	-0.7160015872148692	0.0	(-0.7160015872148692+0j)
-0.8425	-0.7098062500000001	-0.0019754228461915163	-0.7117827671634915	0.0	(-0.7117827671634915+0j)
-0.84	-0.7055999999999999	-0.001975339305735932	-0.7075764465593923	0.0	(-0.7075764465593923+0j)
-0.8375	-0.70140625	-0.001975255016040815	-0.7033826253970279	0.0	(-0.7033826253970279+0j)
-0.835	-0.697225	-0.001975169968119819	-0.6992013036707849	0.0	(-0.6992013036707849+0j)
-0.8325	-0.69305625	-0.0019750841528514626	-0.6950324813749919	0.0	(-0.6950324813749919+0j)
-0.8300000000000001	-0.6889000000000001	-0.001974997560976688	-0.6908761585039062	0.0	(-0.6908761585039062+0j)
-0.8275	-0.6847562500000001	-0.0019749101830963604	-0.686732335051713	0.0	(-0.686732335051713+0j)
-0.8250000000000001	-0.6806250000000001	-0.0019748220096687196	-0.6826010110125373	0.0	(-0.6826010110125373+0j)
-0.8225	-0.67650625	-0.001974733031006773	-0.6784821863804498	0.0	(-0.6784821863804498+0j)
-0.8200000000000001	-0.6724000000000001	-0.001974643237275635	-0.6743758611494145	0.0	(-0.6743758611494145+0j)
-0.8175	-0.66830625	-0.001974552618489811	-0.6702820353133567	0.0	(-0.6702820353133567+0j)
-0.8150000000000001	-0.6642250000000001	-0.00197446116451042	-0.6662007088661216	0.0	(-0.6662007088661216+0j)
-0.8125	-0.66015625	-0.0019743688650423587	-0.6621318818014749	0.0	(-0.6621318818014749+0j)
-0.81	-0.6561000000000001	-0.0019742757096314024	-0.6580755541131138	0.0	(-0.6580755541131138+0j)
-0.8075	-0.65205625	-0.0019741816876612485	-0.654031725794664	0.0	(-0.654031725794664+0j)
-0.805	-0.6480250000000001	-0.001974086788350488	-0.6500003968396724	0.0	(-0.6500003968396724+0j)
-0.8025	-0.64400625	-0.0019739910007495164	-0.6459815672416108	0.0	(-0.6459815672416108+0j)
-0.8	-0.6400000000000001	-0.0019738943137373737	-0.6419752369938774	0.0	(-0.6419752369938774+0j)
-0.7975	-0.63600625	-0.0019737967160185195	-0.6379814060897856	0.0	(-0.6379814060897856+0j)
-0.795	-0.6320250000000001	-0.0019736981961195298	-0.6340000745225847	0.0	(-0.6340000745225847+0j)
-0.7925	-0.62805625	-0.001973598742385728	-0.630031242285422	0.0	(-0.630031242285422+0j)
-0.79	-0.6241000000000001	-0.001973498342977736	-0.6260749093713857	0.0	(-0.6260749093713857+0j)
-0.7875	-0.62015625	-0.0019733969858679516	-0.6221310757734638	0.0	(-0.6221310757734638+0j)
-0.785	-0.616225	-0.001973294658836945	-0.6181997414845762	0.0	(-0.6181997414845762+0j)
-0.7825	-0.6123062499999999	-0.0019731913494697786	-0.6142809064975508	0.0	(-0.6142809064975508+0j)
-0.78	-0.6084	-0.0019730870451522362	-0.6103745708051435	0.0	(-0.6103745708051435+0j)
-0.7775	-0.6045062499999999	-0.0019729817330669777	-0.606480734400007	0.0	(-0.606480734400007+0j)
-0.775	-0.6006250000000001	-0.0019728754001895974	-0.6025993972747157	0.0	(-0.6025993972747157+0j)
-0.7725	-0.59675625	-0.0019727680332845988	-0.5987305594217583	0.0	(-0.5987305594217583+0j)
-0.77	-0.5929	-0.0019726596189012747	-0.5948742208335301	0.0	(-0.5948742208335301+0j)
-0.7675000000000001	-0.5890562500000001	-0.0019725501433694955	-0.5910303815023513	0.0	(-0.5910303815023513+0j)
-0.765	-0.585225	-0.0019724395927953986	-0.5871990414204191	0.0	(-0.5871990414204191+0j)
-0.7625000000000001	-0.5814062500000001	-0.00197232795305698	-0.5833802005798788	0.0	(-0.5833802005798788+0j)
-0.76	-0.5776	-0.001972215209799586	-0.579573858972762	0.0	(-0.579573858972762+0j)
-0.7575000000000001	-0.5738062500000001	-0.001972101348431295	-0.5757800165910005	0.0	(-0.5757800165910005+0j)
-0.755	-0.570025	-0.0019719863541182003	-0.571998673426442	0.0	(-0.571998673426442+0j)
-0.7525000000000001	-0.5662562500000001	-0.0019718702117795736	-0.5682298294708442	0.0	(-0.5682298294708442+0j)
-0.75	-0.5625	-0.0019717529060829255	-0.5644734847158526	0.0	(-0.5644734847158526+0j)
-0.7475	-0.5587562500000001	-0.001971634421438941	-0.5607296391530185	0.0	(-0.5607296391530185+0j)
-0.745	-0.555025	-0.0019715147419963005	-0.5569982927738065	0.0	(-0.5569982927738065+0j)
-0.7425	-0.5513062500000001	-0.0019713938516363804	-0.5532794455695645	0.0	(-0.5532794455695645+0j)
-0.74	-0.5476	-0.0019712717339678233	-0.5495730975315573	0.0	(-0.5495730975315573+0j)
-0.7375	-0.54390625	-0.001971148372320982	-0.5458792486509224	0.0	(-0.5458792486509224+0j)
-0.735	-0.540225	-0.00197102374974223	-0.542197898918727	0.0	(-0.542197898918727+0j)
-0.7325	-0.5365562500000001	-0.001970897848988137	-0.5385290483258958	0.0	(-0.5385290483258958+0j)
-0.73	-0.5328999999999999	-0.001970770652519505	-0.5348726968632795	0.0	(-0.5348726968632795+0j)
-0.7275	-0.5292562500000001	-0.0019706421424952577	-0.5312288445216121	0.0	(-0.5312288445216121+0j)
-0.725	-0.525625	-0.0019705123007661834	-0.5275974912915157	0.0	(-0.5275974912915157+0j)
-0.7225	-0.52200625	-0.001970381108868529	-0.5239786371635012	0.0	(-0.5239786371635012+0j)
-0.72	-0.5184	-0.001970248548017435	-0.520372282127975	0.0	(-0.520372282127975+0j)
-0.7175	-0.51480625	-0.0019701145991002094	-0.5167784261752455	0.0	(-0.5167784261752455+0j)
-0.715	-0.5112249999999999	-0.001969979242669439	-0.5131970692954801	0.0	(-0.5131970692954801+0j)
-0.7125	-0.50765625	-0.0019698424589359317	-0.5096282114787606	0.0	(-0.5096282114787606+0j)
-0.71	-0.5041	-0.00196970422776148	-0.5060718527150365	0.0	(-0.5060718527150365+0j)
-0.7075	-0.50055625	-0.0019695645286514516	-0.5025279929941491	0.0	(-0.5025279929941491+0j)
-0.705	-0.49702499999999994	-0.001969423340747191	-0.4989966323058277	0.0	(-0.4989966323058277+0j)
-0.7025	-0.49350625000000004	-0.0019692806428182317	-0.4954777706396766	0.0	(-0.4954777706396766+0j)
-0.7000000000000001	-0.4900000000000001	-0.0019691364132543173	-0.49197140798519234	0.0	(-0.49197140798519234+0j)
-0.6975	-0.48650625000000003	-0.0019689906300572172	-0.4884775443317343	0.0	(-0.4884775443317343+0j)
-0.6950000000000001	-0.4830250000000001	-0.0019688432708323397	-0.48499617966856357	0.0	(-0.48499617966856357+0j)
-0.6925	-0.47955625	-0.001968694312780129	-0.48152731398479615	0.0	(-0.48152731398479615+0j)
-0.6900000000000001	-0.4761000000000001	-0.001968543732687248	-0.4780709472694505	0.0	(-0.4780709472694505+0j)
-0.6875	-0.47265625	-0.0019683915069175317	-0.474627079511411	0.0	(-0.474627079511411+0j)
-0.685	-0.46922500000000006	-0.0019682376114027148	-0.47119571069942345	0.0	(-0.47119571069942345+0j)
-0.6825	-0.46580625	-0.0019680820216329132	-0.46777684082213483	0.0	(-0.46777684082213483+0j)
-0.68	-0.4624000000000001	-0.0019679247126468675	-0.46437046986805347	0.0	(-0.46437046986805347+0j)
-0.6775	-0.45900625	-0.0019677656590219306	-0.46097659782555145	0.0	(-0.46097659782555145+0j)
-0.675	-0.45562500000000006	-0.0019676048348637953	-0.4575952246828938	0.0	(-0.4575952246828938+0j)
-0.6725	-0.45225624999999997	-0.001967442213795954	-0.4542263504281983	0.0	(-0.4542263504281983+0j)
-0.67	-0.4489000000000001	-0.0019672777689488845	-0.45086997504947185	0.0	(-0.45086997504947185+0j)
-0.6675	-0.44555625	-0.001967111472948949	-0.4475260985345746	0.0	(-0.4475260985345746+0j)
-0.665	-0.44222500000000003	-0.0019669432979070025	-0.4441947208712414	0.0	(-0.4441947208712414+0j)
-0.6625	-0.43890625	-0.0019667732154066988	-0.44087584204708347	0.0	(-0.44087584204708347+0j)
-0.66	-0.43560000000000004	-0.0019666011964924856	-0.43756946204957037	0.0	(-0.43756946204957037+0j)
-0.6575	-0.43230624999999995	-0.00196642721165728	-0.43427558086603935	0.0	(-0.43427558086603935+0j)
-0.655	-0.42902500000000005	-0.0019662512308298154	-0.4309941984837107	0.0	(-0.4309941984837107+0j)
-0.6525	-0.42575624999999995	-0.0019660732233616443	-0.4277253148896443	0.0	(-0.4277253148896443+0j)
-0.65	-0.42250000000000004	-0.001965893158013796	-0.42446893007078834	0.0	(-0.42446893007078834+0j)
-0.6475	-0.41925624999999994	-0.001965711002943068	-0.42122504401394645	0.0	(-0.42122504401394645+0j)
-0.645	-0.41602500000000003	-0.0019655267256879477	-0.41799365670579514	0.0	(-0.41799365670579514+0j)
-0.6425	-0.41280624999999993	-0.0019653402931541506	-0.41477476813286723	0.0	(-0.41477476813286723+0j)
-0.64	-0.4096	-0.0019651516715997576	-0.41156837828156406	0.0	(-0.41156837828156406+0j)
-0.6375000000000001	-0.4064062500000001	-0.0019649608266199495	-0.40837448713815205	0.0	(-0.40837448713815205+0j)
-0.635	-0.403225	-0.001964767723131317	-0.40519309468876613	0.0	(-0.40519309468876613+0j)
-0.6325000000000001	-0.40005625000000006	-0.0019645723253557336	-0.4020242009194026	0.0	(-0.4020242009194026+0j)
-0.63	-0.39690000000000003	-0.001964374596803785	-0.39886780581592	0.0	(-0.39886780581592+0j)
-0.6275000000000001	-0.3937562500000001	-0.0019641745002577306	-0.39572390936404916	0.0	(-0.39572390936404916+0j)
-0.625	-0.390625	-0.0019639719977539885	-0.39259251154938096	0.0	(-0.39259251154938096+0j)
-0.6225	-0.38750625000000005	-0.0019637670505651293	-0.38947361235737277	0.0	(-0.38947361235737277+0j)
-0.62	-0.3844	-0.001963559619181357	-0.38636721177335176	0.0	(-0.38636721177335176+0j)
-0.6175	-0.38130625000000007	-0.0019633496632914665	-0.3832733097825133	0.0	(-0.3832733097825133+0j)
-0.615	-0.378225	-0.001963137141763257	-0.3801919063699133	0.0	(-0.3801919063699133+0j)
-0.6125	-0.3751562500000001	-0.0019629220126233865	-0.3771230015204888	0.0	(-0.3771230015204888+0j)
-0.61	-0.3721	-0.001962704233036643	-0.37406659521903185	0.0	(-0.37406659521903185+0j)
-0.6075	-0.36905625000000003	-0.001962483759284622	-0.3710226874502221	0.0	(-0.3710226874502221+0j)
-0.605	-0.366025	-0.001962260546743785	-0.36799127819859945	0.0	(-0.36799127819859945+0j)
-0.6025	-0.36300625000000003	-0.0019620345498628762	-0.36497236744858086	0.0	(-0.36497236744858086+0j)
-0.6	-0.36	-0.0019618057221396823	-0.36196595518446645	0.0	(-0.36196595518446645+0j)
-0.5975	-0.35700625	-0.001961574016097109	-0.3589720413904234	0.0	(-0.3589720413904234+0j)
-0.595	-0.354025	-0.001961339383258554	-0.355990626050506	0.0	(-0.355990626050506+0j)
-0.5925	-0.35105625	-0.0019611017741225484	-0.35302170914865016	0.0	(-0.35302170914865016+0j)
-0.59	-0.34809999999999997	-0.001960861138136645	-0.35006529066867126	0.0	(-0.35006529066867126+0j)
-0.5875	-0.34515625000000005	-0.0019606174236705305	-0.34712137059427794	0.0	(-0.34712137059427794+0j)
-0.585	-0.34222499999999995	-0.0019603705779883264	-0.3441899489090626	0.0	(-0.3441899489090626+0j)
-0.5825	-0.33930625000000003	-0.0019601205472200606	-0.3412710255965166	0.0	(-0.3412710255965166+0j)
-0.58	-0.3364	-0.0019598672763322723	-0.3383646006400285	0.0	(-0.3383646006400285+0j)
-0.5775	-0.33350625	-0.0019596107090977285	-0.3354706740228841	0.0	(-0.3354706740228841+0j)
-0.5750000000000001	-0.33062500000000006	-0.0019593507880642123	-0.33258924572827053	0.0	(-0.33258924572827053+0j)
-0.5725	-0.32775625	-0.00195908745452236	-0.3297203157392893	0.0	(-0.3297203157392893+0j)
-0.5700000000000001	-0.3249000000000001	-0.001958820648472504	-0.326863884038954	0.0	(-0.326863884038954+0j)
-0.5675	-0.32205625	-0.0019585503085904924	-0.32401995061019356	0.0	(-0.32401995061019356+0j)
-0.5650000000000001	-0.3192250000000001	-0.001958276372192451	-0.32118851543586296	0.0	(-0.32118851543586296+0j)
-0.5625	-0.31640625	-0.0019579987751984405	-0.3183695784987445	0.0	(-0.3183695784987445+0j)
-0.56	-0.31360000000000005	-0.0019577174520949816	-0.31556313978155665	0.0	(-0.31556313978155665+0j)
-0.5575	-0.31080625	-0.001957432335896395	-0.31276919926695346	0.0	(-0.31276919926695346+0j)
-0.555	-0.30802500000000005	-0.0019571433581049257	-0.30998775693755104	0.0	(-0.30998775693755104+0j)
-0.5525	-0.30525625	-0.001956850448669597	-0.307218812775905	0.0	(-0.307218812775905+0j)
-0.55	-0.30250000000000005	-0.001956553535943755	-0.30446236676454513	0.0	(-0.30446236676454513+0j)
-0.5475	-0.29975625	-0.001956252546641249	-0.30171841888596607	0.0	(-0.30171841888596607+0j)
-0.545	-0.29702500000000004	-0.00195594740579121	-0.2989869691226445	0.0	(-0.2989869691226445+0j)
-0.5425	-0.29430625	-0.0019556380366913565	-0.29626801745704356	0.0	(-0.29626801745704356+0j)
-0.54	-0.2916	-0.001955324360859791	-0.29356156387163956	0.0	(-0.29356156387163956+0j)
-0.5375	-0.28890625	-0.0019550062979852203	-0.2908676083488864	0.0	(-0.2908676083488864+0j)
-0.535	-0.286225	-0.0019546837658755466	-0.2881861508712947	0.0	(-0.2881861508712947+0j)
-0.5325	-0.28355624999999995	-0.0019543566804047594	-0.285517191421384	0.0	(-0.285517191421384+0j)
-0.53	-0.28090000000000004	-0.0019540249554580776	-0.28286072998172956	0.0	(-0.28286072998172956+0j)
-0.5275	-0.27825625	-0.00195368850287526	-0.28021676653495076	0.0	(-0.28021676653495076+0j)
-0.525	-0.275625	-0.001953347232392026	-0.2775853010637541	0.0	(-0.2775853010637541+0j)
-0.5225	-0.27300624999999995	-0.0019530010515795093	-0.27496633355091726	0.0	(-0.27496633355091726+0j)
-0.52	-0.27040000000000003	-0.0019526498657816672	-0.27235986397933204	0.0	(-0.27235986397933204+0j)
-0.5175	-0.26780624999999997	-0.0019522935780505691	-0.2697658923319927	0.0	(-0.2697658923319927+0j)
-0.515	-0.265225	-0.0019519320890794825	-0.2671844185920403	0.0	(-0.2671844185920403+0j)
-0.5125	-0.26265625	-0.0019515652971336661	-0.26461544274276055	0.0	(-0.26461544274276055+0j)
-0.51	-0.2601	-0.0019511930979787821	-0.262058964767616	0.0	(-0.262058964767616+0j)
-0.5075000000000001	-0.25755625000000004	-0.001950815384806838	-0.25951498465025186	0.0	(-0.25951498465025186+0j)
-0.505	-0.255025	-0.0019504320481595497	-0.25698350237453593	0.0	(-0.25698350237453593+0j)
-0.5025000000000001	-0.25250625000000004	-0.0019500429758490345	-0.2544645179245564	0.0	(-0.2544645179245564+0j)
-0.5	-0.25	-0.001949648052875718	-0.25195803128467925	0.0	(-0.25195803128467925+0j)
-0.4975	-0.24750625	-0.0019492471613433472	-0.24946404243953432	0.0	(-0.24946404243953432+0j)
-0.495	-0.245025	-0.0019488401803709917	-0.24698255137406688	0.0	(-0.24698255137406688+0j)
-0.4925	-0.24255625	-0.00194842698600191	-0.24451355807356132	0.0	(-0.24451355807356132+0j)
-0.49	-0.24009999999999998	-0.001948007451109152	-0.24205706252365783	0.0	(-0.24205706252365783+0j)
-0.4875	-0.23765624999999999	-0.0019475814452977658	-0.23961306471039873	0.0	(-0.23961306471039873+0j)
-0.485	-0.235225	-0.001947148834803465	-0.23718156462024736	0.0	(-0.23718156462024736+0j)
-0.4825	-0.23280625	-0.001946709482387612	-0.2347625622401293	0.0	(-0.2347625622401293+0j)
-0.48	-0.2304	-0.0019462632472283642	-0.23235605755746044	0.0	(-0.23235605755746044+0j)
-0.47750000000000004	-0.22800625000000002	-0.001945809984807817	-0.22996205056019245	0.0	(-0.22996205056019245+0j)
-0.47500000000000003	-0.22562500000000002	-0.0019453495467949811	-0.22758054123684043	0.0	(-0.22758054123684043+0j)
-0.47250000000000003	-0.22325625000000002	-0.0019448817809244131	-0.22521152957653612	0.0	(-0.22521152957653612+0j)
-0.47000000000000003	-0.22090000000000004	-0.0019444065308703148	-0.22285501556905518	0.0	(-0.22285501556905518+0j)
-0.4675	-0.21855625000000004	-0.0019439236361159067	-0.22051099920487482	0.0	(-0.22051099920487482+0j)
-0.465	-0.21622500000000003	-0.0019434329318178745	-0.2181794804752286	0.0	(-0.2181794804752286+0j)
-0.4625	-0.21390625000000002	-0.0019429342486656691	-0.21586045937209683	0.0	(-0.21586045937209683+0j)
-0.46	-0.2116	-0.0019424274127354427	-0.21355393588836039	0.0	(-0.21355393588836039+0j)
-0.4575	-0.20930625000000003	-0.001941912245338382	-0.211259910017766	0.0	(-0.211259910017766+0j)
-0.455	-0.20702500000000001	-0.0019413885628631901	-0.20897838175501932	0.0	(-0.20897838175501932+0j)
-0.4525	-0.20475625	-0.0019408561766124611	-0.20670935109583824	0.0	(-0.20670935109583824+0j)
-0.45	-0.2025	-0.0019403148926326746	-0.20445281803701568	0.0	(-0.20445281803701568+0j)
-0.4475	-0.20025625	-0.001939764511537523	-0.20220878257648836	0.0	(-0.20220878257648836+0j)
-0.445	-0.198025	-0.0019392048283242706	-0.19997724471339526	0.0	(-0.19997724471339526+0j)
-0.4425	-0.19580625000000002	-0.0019386356321828308	-0.19775820444815564	0.0	(-0.19775820444815564+0j)
-0.44	-0.1936	-0.0019380567062972276	-0.19555166178253858	0.0	(-0.19555166178253858+0j)
-0.4375	-0.19140625	-0.0019374678276390931	-0.19335761671974744	0.0	(-0.19335761671974744+0j)
-0.435	-0.189225	-0.0019368687667528353	-0.19117606926449526	0.0	(-0.19117606926449526+0j)
-0.4325	-0.18705625	-0.0019362592875320842	-0.18900701942309134	0.0	(-0.18900701942309134+0j)
-0.43	-0.18489999999999998	-0.001935639146987018	-0.18685046720353216	0.0	(-0.18685046720353216+0j)
-0.4275	-0.18275624999999998	-0.0019350080950021353	-0.18470641261559143	0.0	(-0.18470641261559143+0j)
-0.425	-0.18062499999999998	-0.0019343658740840221	-0.18257485567091758	0.0	(-0.18257485567091758+0j)
-0.4225	-0.17850624999999998	-0.0019337122190986426	-0.1804557963831384	0.0	(-0.1804557963831384+0j)
-0.42	-0.17639999999999997	-0.0019330468569976516	-0.17834923476796335	0.0	(-0.17834923476796335+0j)
-0.4175	-0.17430625	-0.0019323695065332	-0.17625517084329517	0.0	(-0.17625517084329517+0j)
-0.41500000000000004	-0.17222500000000002	-0.0019316798779606763	-0.17417360462934248	0.0	(-0.17417360462934248+0j)
-0.41250000000000003	-0.17015625000000004	-0.0019309776727288036	-0.17210453614875076	0.0	(-0.17210453614875076+0j)
-0.41000000000000003	-0.16810000000000003	-0.0019302625831564644	-0.17004796542671408	0.0	(-0.17004796542671408+0j)
-0.40750000000000003	-0.16605625000000002	-0.0019295342920956054	-0.1680038924911135	0.0	(-0.1680038924911135+0j)
-0.405	-0.16402500000000003	-0.0019287924725795349	-0.16597231737264803	0.0	(-0.16597231737264803+0j)
-0.4025	-0.16200625000000002	-0.0019280367874558776	-0.1639532401049916	0.0	(-0.1639532401049916+0j)
-0.4	-0.16000000000000003	-0.001927266889003421	-0.16194666072492003	0.0	(-0.16194666072492003+0j)
-0.3975	-0.15800625000000001	-0.0019264824185320458	-0.15995257927248097	0.0	(-0.15995257927248097+0j)
-0.395	-0.15602500000000002	-0.0019256830059648708	-0.15797099579114623	0.0	(-0.15797099579114623+0j)
-0.3925	-0.15405625	-0.0019248682694017086	-0.15600191032798277	0.0	(-0.15600191032798277+0j)
-0.39	-0.1521	-0.001924037814662874	-0.15404532293382325	0.0	(-0.15404532293382325+0j)
-0.3875	-0.15015625000000002	-0.001923191234812321	-0.15210123366344597	0.0	(-0.15210123366344597+0j)
-0.385	-0.148225	-0.0019223281096590332	-0.15016964257576612	0.0	(-0.15016964257576612+0j)
-0.3825	-0.14630625	-0.0019214480052355326	-0.14825054973402696	0.0	(-0.14825054973402696+0j)
-0.38	-0.1444	-0.0019205504732522885	-0.14634395520599963	0.0	(-0.14634395520599963+0j)
-0.3775	-0.14250625	-0.0019196350505267545	-0.14444985906419378	0.0	(-0.14444985906419378+0j)
-0.375	-0.140625	-0.0019187012583856702	-0.14256826138607365	0.0	(-0.14256826138607365+0j)
-0.3725	-0.13875625	-0.0019177486020391901	-0.1406991622542816	0.0	(-0.1406991622542816+0j)
-0.37	-0.1369	-0.0019167765699253123	-0.13884256175687426	0.0	(-0.13884256175687426+0j)
-0.3675	-0.13505625	-0.0019157846330229802	-0.13699845998755478	0.0	(-0.13699845998755478+0j)
-0.365	-0.13322499999999998	-0.0019147722441321458	-0.13516685704592019	0.0	(-0.13516685704592019+0j)
-0.3625	-0.13140625	-0.0019137388371189502	-0.1333477530377234	0.0	(-0.1333477530377234+0j)
-0.36	-0.1296	-0.0019126838261240898	-0.131541148075132	0.0	(-0.131541148075132+0j)
-0.3575	-0.12780624999999998	-0.0019116066047322974	-0.12974704227699457	0.0	(-0.12974704227699457+0j)
-0.355	-0.126025	-0.0019105065451007377	-0.12796543576912614	0.0	(-0.12796543576912614+0j)
-0.3525	-0.12425624999999998	-0.0019093829970439785	-0.12619632868459224	0.0	(-0.12619632868459224+0j)
-0.35000000000000003	-0.12250000000000003	-0.0019082352870730536	-0.12443972116399513	0.0	(-0.12443972116399513+0j)
-0.34750000000000003	-0.12075625000000002	-0.0019070627173859564	-0.12269561335578237	0.0	(-0.12269561335578237+0j)
-0.34500000000000003	-0.11902500000000002	-0.0019058645648067504	-0.12096400541654824	0.0	(-0.12096400541654824+0j)
-0.3425	-0.11730625000000001	-0.0019046400796702708	-0.11924489751135081	0.0	(-0.11924489751135081+0j)
-0.34	-0.11560000000000002	-0.0019033884846492272	-0.11753828981402126	0.0	(-0.11753828981402126+0j)
-0.3375	-0.11390625000000001	-0.0019021089735202583	-0.11584418250750161	0.0	(-0.11584418250750161+0j)
-0.335	-0.11222500000000002	-0.0019008007098653072	-0.11416257578416027	0.0	(-0.11416257578416027+0j)
-0.3325	-0.11055625000000001	-0.001899462825704391	-0.11249346984612867	0.0	(-0.11249346984612867+0j)
-0.33	-0.10890000000000001	-0.001898094420055616	-0.11083686490563484	0.0	(-0.11083686490563484+0j)
-0.3275	-0.10725625000000001	-0.0018966945574179694	-0.10919276118533815	0.0	(-0.10919276118533815+0j)
-0.325	-0.10562500000000001	-0.0018952622661721262	-0.10756115891866454	0.0	(-0.10756115891866454+0j)
-0.3225	-0.10400625000000001	-0.0018937965368941816	-0.10594205835013838	0.0	(-0.10594205835013838+0j)
-0.32	-0.1024	-0.0018922963205768484	-0.1043354597357146	0.0	(-0.1043354597357146+0j)
-0.3175	-0.10080625	-0.0018907605267522907	-0.10274136334310285	0.0	(-0.10274136334310285+0j)
-0.315	-0.09922500000000001	-0.001889188021510336	-0.10115976945208205	0.0	(-0.10115976945208205+0j)
-0.3125	-0.09765625	-0.0018875776254053736	-0.09959067835481207	0.0	(-0.09959067835481207+0j)
-0.31	-0.0961	-0.001885928111244764	-0.09803409035612176	0.0	(-0.09803409035612176+0j)
-0.3075	-0.09455625	-0.001884238201751061	-0.09649000577378945	0.0	(-0.09649000577378945+0j)
-0.305	-0.093025	-0.0018825065670898021	-0.094958424938797	0.0	(-0.094958424938797+0j)
-0.3025	-0.09150625	-0.0018807318222540128	-0.0934393481955646	0.0	(-0.0934393481955646+0j)
-0.3	-0.09	-0.0018789125242959356	-0.09193277590215249	0.0	(-0.09193277590215249+0j)
-0.2975	-0.08850625	-0.001877047169395797	-0.0904387084304297	0.0	(-0.0904387084304297+0j)
-0.295	-0.08702499999999999	-0.0018751341897566768	-0.08895714616620787	0.0	(-0.08895714616620787+0j)
-0.2925	-0.08555624999999999	-0.001873171950313756	-0.08748808950931433	0.0	(-0.08748808950931433+0j)
-0.29	-0.0841	-0.0018711587452453536	-0.08603153887363364	0.0	(-0.08603153887363364+0j)
-0.28750000000000003	-0.08265625000000001	-0.0018690927942722545	-0.08458749468706496	0.0	(-0.08458749468706496+0j)
-0.28500000000000003	-0.08122500000000002	-0.001866972238730838	-0.083155957391429	0.0	(-0.083155957391429+0j)
-0.28250000000000003	-0.07980625000000002	-0.0018647951374044982	-0.08173692744227753	0.0	(-0.08173692744227753+0j)
-0.28	-0.07840000000000001	-0.001862559462096708	-0.08033040530862892	0.0	(-0.08033040530862892+0j)
-0.2775	-0.07700625000000001	-0.0018602630929279293	-0.07893639147258731	0.0	(-0.07893639147258731+0j)
-0.275	-0.07562500000000001	-0.0018579038133373124	-0.07755488642886325	0.0	(-0.07755488642886325+0j)
-0.2725	-0.07425625000000001	-0.0018554793047688412	-0.07618589068414447	0.0	(-0.07618589068414447+0j)
-0.27	-0.0729	-0.001852987141020195	-0.07482940475634262	0.0	(-0.07482940475634262+0j)
-0.2675	-0.07155625	-0.0018504247822312024	-0.07348542917367282	0.0	(-0.07348542917367282+0j)
-0.265	-0.07022500000000001	-0.0018477895684872762	-0.07215396447354576	0.0	(-0.07215396447354576+0j)
-0.2625	-0.06890625	-0.0018450787130117464	-0.07083501120127898	0.0	(-0.07083501120127898+0j)
-0.26	-0.06760000000000001	-0.0018422892949194677	-0.06952856990857721	0.0	(-0.06952856990857721+0j)
-0.2575	-0.06630625	-0.0018394182515025863	-0.06823464115177577	0.0	(-0.06823464115177577+0j)
-0.255	-0.065025	-0.0018364623700178567	-0.06695322548981991	0.0	(-0.06695322548981991+0j)
-0.2525	-0.06375625	-0.001833418278943473	-0.06568432348195925	0.0	(-0.06568432348195925+0j)
-0.25	-0.0625	-0.00183028243867207	-0.06442793568511897	0.0	(-0.06442793568511897+0j)
-0.2475	-0.06125625	-0.0018270511316053459	-0.06318406265093393	0.0	(-0.06318406265093393+0j)
-0.245	-0.060024999999999995	-0.0018237204516148165	-0.06195270492240898	0.0	(-0.06195270492240898+0j)
-0.2425	-0.05880625	-0.001820286292832481	-0.06073386303017972	0.0	(-0.06073386303017972+0j)
-0.24	-0.0576	-0.0018167443377348433	-0.05952753748834491	0.0	(-0.05952753748834491+0j)
-0.23750000000000002	-0.056406250000000005	-0.0018130900444838292	-0.05833372878983624	0.0	(-0.05833372878983624+0j)
-0.23500000000000001	-0.05522500000000001	-0.0018093186334887635	-0.05715243740130479	0.0	(-0.05715243740130479+0j)
-0.2325	-0.05405625000000001	-0.001805425073154906	-0.05598366375749124	0.0	(-0.05598366375749124+0j)
-0.23	-0.0529	-0.0018014040647861599	-0.05482740825505733	0.0	(-0.05482740825505733+0j)
-0.2275	-0.051756250000000004	-0.0017972500266126503	-0.0536836712458556	0.0	(-0.0536836712458556+0j)
-0.225	-0.050625	-0.001792957076918113	-0.05255245302962162	0.0	(-0.05255245302962162+0j)
-0.2225	-0.04950625	-0.0017885190162475711	-0.051433753846080794	0.0	(-0.051433753846080794+0j)
-0.22	-0.0484	-0.0017839293086828857	-0.05032757386645552	0.0	(-0.05032757386645552+0j)
-0.2175	-0.04730625	-0.0017791810621826105	-0.0492339131843947	0.0	(-0.0492339131843947+0j)
-0.215	-0.046224999999999995	-0.00177426700799343	-0.04815277180632227	0.0	(-0.04815277180632227+0j)
-0.2125	-0.045156249999999995	-0.0017691794791535832	-0.04708414964124578	0.0	(-0.04708414964124578+0j)
-0.21	-0.04409999999999999	-0.0017639103881242717	-0.04602804649004649	0.0	(-0.04602804649004649+0j)
-0.20750000000000002	-0.043056250000000004	-0.001758451203603483	-0.044984462034190646	0.0	(-0.044984462034190646+0j)
-0.20500000000000002	-0.04202500000000001	-0.0017527929265980838	-0.04395339582248176	0.0	(-0.04395339582248176+0j)
-0.2025	-0.04100625000000001	-0.0017469260658548313	-0.04320694734652578	0.0	(-0.04320694734652578+0j)
-0.2	-0.04000000000000001	-0.0017408406127792512	-0.04293484729857428	0.0	(-0.04293484729857428+0j)
-0.1975	-0.039006250000000006	-0.0017345260160034552	-0.04192881564324554	0.0	(-0.04192881564324554+0j)
-0.195	-0.038025	-0.0017279711558000335	-0.0409353000030611	0.0	(-0.0409353000030611+0j)
-0.1925	-0.03705625	-0.0017211643185793468	-0.03995429927833841	0.0	(-0.03995429927833841+0j)
-0.19	-0.0361	-0.0017140931717519398	-0.03898581219396887	0.0	(-0.03898581219396887+0j)
-0.1875	-0.03515625	-0.0017067447392863594	-0.03802983727836859	0.0	(-0.03802983727836859+0j)
-0.185	-0.034225	-0.0016991053783453822	-0.03708637285452612	0.0	(-0.03708637285452612+0j)
-0.1825	-0.033306249999999996	-0.0016911607574402747	-0.03615541703313483	0.0	(-0.03615541703313483+0j)
-0.18	-0.0324	-0.0016828958366029475	-0.035236967707938265	0.0	(-0.035236967707938265+0j)
-0.1775	-0.03150625	-0.001674294850139259	-0.0343310225537803	0.0	(-0.0343310225537803+0j)
-0.17500000000000002	-0.030625000000000006	-0.0016653412925926366	-0.0334375790279433	0.0	(-0.0334375790279433+0j)
-0.17250000000000001	-0.029756250000000005	-0.0016560179086148627	-0.03255663437543372	0.0	(-0.03255663437543372+0j)
-0.17	-0.028900000000000006	-0.0016463066875092663	-0.03168818563893977	0.0	(-0.03168818563893977+0j)
-0.1675	-0.028056250000000005	-0.00163618886327959	-0.030832229674241943	0.0	(-0.030832229674241943+0j)
-0.165	-0.027225000000000003	-0.001625644921083952	-0.029988763171924206	0.0	(-0.029988763171924206+0j)
-0.1625	-0.026406250000000003	-0.0016146546110560951	-0.02915778268627691	0.0	(-0.02915778268627691+0j)
-0.16	-0.0256	-0.0016031969705136212	-0.028339284672322725	0.0	(-0.028339284672322725+0j)
-0.1575	-0.024806250000000002	-0.0015912503556231629	-0.02753326553192719	0.0	(-0.02753326553192719+0j)
-0.155	-0.024025	-0.0015787924836331972	-0.02673972166995646	0.0	(-0.02673972166995646+0j)
-0.1525	-0.02325625	-0.001565800486814121	-0.02595864956142715	0.0	(-0.02595864956142715+0j)
-0.15	-0.0225	-0.0015522509792596825	-0.025190045830542015	0.0	(-0.025190045830542015+0j)
-0.1475	-0.021756249999999998	-0.001538120137701359	-0.02443390734240284	0.0	(-0.02443390734240284+0j)
-0.145	-0.021025	-0.0015233837974650219	-0.023690231308036536	0.0	(-0.023690231308036536+0j)
-0.14250000000000002	-0.020306250000000005	-0.0015080175646546173	-0.022959015403122264	0.0	(-0.022959015403122264+0j)
-0.14	-0.019600000000000003	-0.0014919969455779833	-0.02224025790043533	0.0	(-0.02224025790043533+0j)
-0.1375	-0.018906250000000003	-0.0014752974943328648	-0.02153395781545327	0.0	(-0.02153395781545327+0j)
-0.135	-0.018225	-0.001457894979344457	-0.02084011506363773	0.0	(-0.02084011506363773+0j)
-0.1325	-0.017556250000000002	-0.0014397655694874958	-0.020158730626327805	0.0	(-0.020158730626327805+0j)
-0.13	-0.016900000000000002	-0.0014208860402345415	-0.01948980671921155	0.0	(-0.01948980671921155+0j)
-0.1275	-0.01625625	-0.0014012340000466679	-0.01883334695120233	0.0	(-0.01883334695120233+0j)
-0.125	-0.015625	-0.0013807881369629735	-0.018189356447280317	0.0	(-0.018189356447280317+0j)
-0.1225	-0.015006249999999999	-0.001359528485051436	-0.01755784187108479	0.0	(-0.01755784187108479+0j)
-0.12	-0.0144	-0.0013374367100568872	-0.016938811166279353	0.0	(-0.016938811166279353+0j)
-0.11750000000000001	-0.013806250000000003	-0.0013144964132242335	-0.01633227239466143	0.0	(-0.01633227239466143+0j)
-0.115	-0.013225	-0.0012906934518895068	-0.015738228819355243	0.0	(-0.015738228819355243+0j)
-0.1125	-0.01265625	-0.0012660162750218935	-0.015156648621970543	0.0	(-0.015156648621970543+0j)
-0.11	-0.0121	-0.0012404562714714838	-0.014586567817944244	0.0	(-0.014586567817944244+0j)
-0.1075	-0.011556249999999999	-0.0012140081282362499	-0.014468716581663162	0.0	(-0.014468716581663162+0j)
-0.105	-0.011024999999999998	-0.0011866701956146303	-0.01403202235284677	0.0	(-0.01403202235284677+0j)
-0.10250000000000001	-0.010506250000000002	-0.0011584448556651874	-0.01348807302542563	0.0	(-0.01348807302542563+0j)
-0.1	-0.010000000000000002	-0.0011293388899608998	-0.01295691048379818	0.0	(-0.01295691048379818+0j)
-0.0975	-0.00950625	-0.001099363842212474	-0.012438445660998398	0.0	(-0.012438445660998398+0j)
-0.095	-0.009025	-0.0010685363709527925	-0.01193269399333528	0.0	(-0.01193269399333528+0j)
-0.0925	-0.00855625	-0.0010368785871339961	-0.011439686902120313	0.0	(-0.011439686902120313+0j)
-0.09	-0.0081	-0.0010044183712005239	-0.010959460854646715	0.0	(-0.010959460854646715+0j)
-0.08750000000000001	-0.007656250000000002	-0.000971189663976648	-0.010492053874951847	0.0	(-0.010492053874951847+0j)
-0.085	-0.007225000000000001	-0.0009372327255560511	-0.010037503098443883	0.0	(-0.010037503098443883+0j)
-0.0825	-0.006806250000000001	-0.0009025943563138758	-0.009595842003129592	0.0	(-0.009595842003129592+0j)
-0.08	-0.0064	-0.000867328074187334	-0.009167096701336084	0.0	(-0.009167096701336084+0j)
-0.0775	-0.00600625	-0.0008314942424973619	-0.008751280754369269	0.0	(-0.008751280754369269+0j)
-0.075	-0.005625	-0.0007951601428172052	-0.008348387886046879	0.0	(-0.008348387886046879+0j)
-0.0725	-0.00525625	-0.0007583999877388242	-0.007958381833596314	0.0	(-0.007958381833596314+0j)
-0.07	-0.004900000000000001	-0.0007212948688471082	-0.0075811824391068565	0.0	(-0.0075811824391068565+0j)
-0.0675	-0.00455625	-0.0006839326357853106	-0.0072166470069222576	0.0	(-0.0072166470069222576+0j)
-0.065	-0.0042250000000000005	-0.0006464077029806408	-0.0068645460069430494	0.0	(-0.0068645460069430494+0j)
-0.0625	-0.00390625	-0.0006088207813916847	-0.006524532488842238	0.0	(-0.006524532488842238+0j)
-0.06	-0.0036	-0.0005712785335317753	-0.006196105202879016	0.0	(-0.006196105202879016+0j)
-0.0575	-0.00330625	-0.0005338931510043363	-0.0058785665140820035	0.0	(-0.0058785665140820035+0j)
-0.055	-0.003025	-0.0004967818548447037	-0.005570977830801631	0.0	(-0.005570977830801631+0j)
-0.0525	-0.0027562499999999996	-0.00046006632008260416	-0.005272117449669771	0.0	(-0.005272117449669771+0j)
-0.05	-0.0025000000000000005	-0.0004238720271026558	-0.004980448309813492	0.0	(-0.004980448309813492+0j)
-0.0475	-0.00225625	-0.0003883275435672315	-0.004694105803368737	0.0	(-0.004694105803368737+0j)
-0.045	-0.002025	-0.00035356374185545076	-0.004410917899295529	0.0	(-0.004410917899295529+0j)
-0.0425	-0.0018062500000000003	-0.00031971295814132083	-0.004128470550429846	0.0	(-0.004128470550429846+0j)
-0.04	-0.0016	-0.00028690810035972866	-0.003844229724293628	0.0	(-0.003844229724293628+0j)
-0.0375	-0.00140625	-0.00025528171336753843	-0.003555726696286476	0.0	(-0.003555726696286476+0j)
-0.035	-0.0012250000000000002	-0.00022496501057509065	-0.0032608052855844006	0.0	(-0.0032608052855844006+0j)
-0.0325	-0.0010562500000000001	-0.00019608688217852017	-0.0029579189413558174	0.0	(-0.0029579189413558174+0j)
-0.03	-0.0009	-0.00016877289084459815	-0.0026464526686596503	0.0	(-0.0026464526686596503+0j)
-0.0275	-0.00075625	-0.00014314426626819456	-0.002327029506015841	0.0	(-0.002327029506015841+0j)
-0.025	-0.0006250000000000001	-0.00011931691042167463	-0.0020017388190904013	0.0	(-0.0020017388190904013+0j)
-0.0225	-0.00050625	-9.740042553217296e-05	-0.0016741647468748366	0.0	(-0.0016741647468748366+0j)
-0.02	-0.0004	-7.74971768468212e-05	-0.001348788973091762	0.0	(-0.001348788973091762+0j)
-0.0175	-0.00030625000000000004	-5.9701402071667305e-05	-0.0010259737417972281	0.0	(-0.0010259737417972281+0j)
-0.015	-0.000225	-4.4098378995062124e-05	-0.0007498968861664066	-0.00010520716053750893	(-0.0007498968861664066-0.00010520716053750893j)
-0.0125	-0.00015625000000000003	-3.076366223303713e-05	-0.0007498968861664066	0.00010520716053750893	(-0.0007498968861664066+0.00010520716053750893j)
-0.01	-0.0001	-1.9762399269072223e-05	-0.0005435044221883703	0.0	(-0.0005435044221883703+0j)
-0.0075	-5.625e-05	-1.114873501451702e-05	-0.0003090805273171373	0.0	(-0.0003090805273171373+0j)
-0.005	-2.5e-05	-4.965313002980309e-06	-0.00014030637108870909	0.0	(-0.00014030637108870909+0j)
-0.0025	-6.25e-06	-1.2428800721941968e-06	-3.5577421178603334e-05	0.0	(-3.5577421178603334e-05+0j)
0.0025	6.25e-06	1.2428800721941968e-06	3.5577421178631835e-05	0.0	(3.5577421178631835e-05+0j)
0.005	2.5e-05	4.965313002980309e-06	0.0001403063710887273	0.0	(0.0001403063710887273+0j)
0.0075	5.625e-05	1.114873501451702e-05	0.0003090805273171349	0.0	(0.0003090805273171349+0j)
0.01	0.0001	1.9762399269072223e-05	0.0005435044221884216	0.0	(0.0005435044221884216+0j)
0.0125	0.00015625000000000003	3.076366223303713e-05	0.0007498968861664017	-0.00010520716053747875	(0.0007498968861664017-0.00010520716053747875j)
0.015	0.000225	4.4098378995062124e-05	0.0007498968861664017	0.00010520716053747875	(0.0007498968861664017+0.00010520716053747875j)
0.0175	0.00030625000000000004	5.9701402071667305e-05	0.001025973741797264	0.0	(0.001025973741797264+0j)
0.02	0.0004	7.74971768468212e-05	0.0013487889730917778	0.0	(0.0013487889730917778+0j)
0.0225	0.00050625	9.740042553217296e-05	0.001674164746874827	0.0	(0.001674164746874827+0j)
0.025	0.0006250000000000001	0.00011931691042167463	0.002001738819090424	0.0	(0.002001738819090424+0j)
0.0275	0.00075625	0.00014314426626819456	0.0023270295060157844	0.0	(0.0023270295060157844+0j)
0.03	0.0009	0.00016877289084459815	0.0026464526686596464	0.0	(0.0026464526686596464+0j)
0.0325	0.0010562500000000001	0.00019608688217852017	0.0029579189413558755	0.0	(0.0029579189413558755+0j)
0.035	0.0012250000000000002	0.00022496501057509065	0.0032608052855844084	0.0	(0.0032608052855844084+0j)
0.0375	0.00140625	0.00025528171336753843	0.0035557266962865015	0.0	(0.0035557266962865015+0j)
0.04	0.0016	0.00028690810035972866	0.0038442297242936617	0.0	(0.0038442297242936617+0j)
0.0425	0.0018062500000000003	0.00031971295814132083	0.004128470550429872	0.0	(0.004128470550429872+0j)
0.045	0.002025	0.00035356374185545076	0.004410917899295575	0.0	(0.004410917899295575+0j)
0.0475	0.00225625	0.0003883275435672315	0.0046941058033687505	0.0	(0.0046941058033687505+0j)
0.05	0.0025000000000000005	0.0004238720271026558	0.00498044830981356	0.0	(0.00498044830981356+0j)
0.0525	0.0027562499999999996	0.00046006632008260416	0.005272117449669817	0.0	(0.005272117449669817+0j)
0.055	0.003025	0.0004967818548447037	0.005570977830801649	0.0	(0.005570977830801649+0j)
0.0575	0.00330625	0.0005338931510043363	0.005878566514082026	0.0	(0.005878566514082026+0j)
0.06	0.0036	0.0005712785335317753	0.006196105202879023	0.0	(0.006196105202879023+0j)
0.0625	0.00390625	0.0006088207813916847	0.006524532488842211	0.0	(0.006524532488842211+0j)
0.065	0.0042250000000000005	0.0006464077029806408	0.006864546006943011	0.0	(0.006864546006943011+0j)
0.0675	0.00455625	0.0006839326357853106	0.007216647006922269	0.0	(0.007216647006922269+0j)
0.07	0.004900000000000001	0.0007212948688471082	0.007581182439106864	0.0	(0.007581182439106864+0j)
0.0725	0.00525625	0.0007583999877388242	0.007958381833596307	0.0	(0.007958381833596307+0j)
0.075	0.005625	0.0007951601428172052	0.008348387886046882	0.0	(0.008348387886046882+0j)
0.0775	0.00600625	0.0008314942424973619	0.008751280754369307	0.0	(0.008751280754369307+0j)
0.08	0.0064	0.000867328074187334	0.009167096701336057	0.0	(0.009167096701336057+0j)
0.0825	0.006806250000000001	0.0009025943563138758	0.009595842003129634	0.0	(0.009595842003129634+0j)
0.085	0.007225000000000001	0.0009372327255560511	0.010037503098443866	0.0	(0.010037503098443866+0j)
0.08750000000000001	0.007656250000000002	0.000971189663976648	0.010492053874951892	0.0	(0.010492053874951892+0j)
0.09	0.0081	0.0010044183712005239	0.01095946085464674	0.0	(0.01095946085464674+0j)
0.0925	0.00855625	0.0010368785871339961	0.011439686902120313	0.0	(0.011439686902120313+0j)
0.095	0.009025	0.0010685363709527925	0.011932693993335332	0.0	(0.011932693993335332+0j)
0.0975	0.00950625	0.001099363842212474	0.012438445660998462	0.0	(0.012438445660998462+0j)
0.1	0.010000000000000002	0.0011293388899608998	0.012956910483798241	0.0	(0.012956910483798241+0j)
0.10250000000000001	0.010506250000000002	0.0011584448556651874	0.013488073025425642	0.0	(0.013488073025425642+0j)
0.105	0.011024999999999998	0.0011866701956146303	0.014032022352846762	0.0	(0.014032022352846762+0j)
0.1075	0.011556249999999999	0.0012140081282362499	0.01446871658166334	0.0	(0.01446871658166334+0j)
0.11	0.0121	0.0012404562714714838	0.014586567817944285	0.0	(0.014586567817944285+0j)
0.1125	0.01265625	0.0012660162750218935	0.015156648621970617	0.0	(0.015156648621970617+0j)
0.115	0.013225	0.0012906934518895068	0.015738228819355077	0.0	(0.015738228819355077+0j)
0.11750000000000001	0.013806250000000003	0.0013144964132242335	0.0163322723946613	0.0	(0.0163322723946613+0j)
0.12	0.0144	0.0013374367100568872	0.016938811166279287	0.0	(0.016938811166279287+0j)
0.1225	0.015006249999999999	0.001359528485051436	0.017557841871084664	0.0	(0.017557841871084664+0j)
0.125	0.015625	0.0013807881369629735	0.01818935644728028	0.0	(0.01818935644728028+0j)
0.1275	0.01625625	0.0014012340000466679	0.018833346951202416	0.0	(0.018833346951202416+0j)
0.13	0.016900000000000002	0.0014208860402345415	0.019489806719211678	0.0	(0.019489806719211678+0j)
0.1325	0.017556250000000002	0.0014397655694874958	0.02015873062632814	0.0	(0.02015873062632814+0j)
0.135	0.018225	0.001457894979344457	0.020840115063637876	0.0	(0.020840115063637876+0j)
0.1375	0.018906250000000003	0.0014752974943328648	0.021533957815453374	0.0	(0.021533957815453374+0j)
0.14	0.019600000000000003	0.0014919969455779833	0.022240257900435382	0.0	(0.022240257900435382+0j)
0.14250000000000002	0.020306250000000005	0.0015080175646546173	0.022959015403122257	0.0	(0.022959015403122257+0j)
0.145	0.021025	0.0015233837974650219	0.023690231308036745	0.0	(0.023690231308036745+0j)
0.1475	0.021756249999999998	0.001538120137701359	0.024433907342402913	0.0	(0.024433907342402913+0j)
0.15	0.0225	0.0015522509792596825	0.025190045830541862	0.0	(0.025190045830541862+0j)
0.1525	0.02325625	0.001565800486814121	0.02595864956142709	0.0	(0.02595864956142709+0j)
0.155	0.024025	0.0015787924836331972	0.02673972166995618	0.0	(0.02673972166995618+0j)
0.1575	0.024806250000000002	0.0015912503556231629	0.027533265531926955	0.0	(0.027533265531926955+0j)
0.16	0.0256	0.0016031969705136212	0.02833928467232252	0.0	(0.02833928467232252+0j)
0.1625	0.026406250000000003	0.0016146546110560951	0.02915778268627695	0.0	(0.02915778268627695+0j)
0.165	0.027225000000000003	0.001625644921083952	0.029988763171924223	0.0	(0.029988763171924223+0j)
0.1675	0.028056250000000005	0.00163618886327959	0.0308322296742421	0.0	(0.0308322296742421+0j)
0.17	0.028900000000000006	0.0016463066875092663	0.03168818563893983	0.0	(0.03168818563893983+0j)
0.17250000000000001	0.029756250000000005	0.0016560179086148627	0.03255663437543391	0.0	(0.03255663437543391+0j)
0.17500000000000002	0.030625000000000006	0.0016653412925926366	0.0334375790279435	0.0	(0.0334375790279435+0j)
0.1775	0.03150625	0.001674294850139259	0.034331022553780205	0.0	(0.034331022553780205+0j)
0.18	0.0324	0.0016828958366029475	0.03523696770793827	0.0	(0.03523696770793827+0j)
0.1825	0.033306249999999996	0.0016911607574402747	0.03615541703313479	0.0	(0.03615541703313479+0j)
0.185	0.034225	0.0016991053783453822	0.037086372854526026	0.0	(0.037086372854526026+0j)
0.1875	0.03515625	0.0017067447392863594	0.03802983727836853	0.0	(0.03802983727836853+0j)
0.19	0.0361	0.0017140931717519398	0.03898581219396923	0.0	(0.03898581219396923+0j)
0.1925	0.03705625	0.0017211643185793468	0.03995429927833847	0.0	(0.03995429927833847+0j)
0.195	0.038025	0.0017279711558000335	0.04093530000306102	0.0	(0.04093530000306102+0j)
0.1975	0.039006250000000006	0.0017345260160034552	0.0419288156432459	0.0	(0.0419288156432459+0j)
0.2	0.04000000000000001	0.0017408406127792512	0.04293484729857464	0.0	(0.04293484729857464+0j)
0.2025	0.04100625000000001	0.0017469260658548313	0.04320694734652603	0.0	(0.04320694734652603+0j)
0.20500000000000002	0.04202500000000001	0.0017527929265980838	0.04395339582248145	0.0	(0.04395339582248145+0j)
0.20750000000000002	0.043056250000000004	0.001758451203603483	0.044984462034190965	0.0	(0.044984462034190965+0j)
0.21	0.04409999999999999	0.0017639103881242717	0.0460280464900467	0.0	(0.0460280464900467+0j)
0.2125	0.045156249999999995	0.0017691794791535832	0.047084149641245625	0.0	(0.047084149641245625+0j)
0.215	0.046224999999999995	0.00177426700799343	0.04815277180632223	0.0	(0.04815277180632223+0j)
0.2175	0.04730625	0.0017791810621826105	0.049233913184394996	0.0	(0.049233913184394996+0j)
0.22	0.0484	0.0017839293086828857	0.05032757386645546	0.0	(0.05032757386645546+0j)
0.2225	0.04950625	0.0017885190162475711	0.05143375384608008	0.0	(0.05143375384608008+0j)
0.225	0.050625	0.001792957076918113	0.052552453029621325	0.0	(0.052552453029621325+0j)
0.2275	0.051756250000000004	0.0017972500266126503	0.05368367124585508	0.0	(0.05368367124585508+0j)
0.23	0.0529	0.0018014040647861599	0.054827408255057414	0.0	(0.054827408255057414+0j)
0.2325	0.05405625000000001	0.001805425073154906	0.055983663757491274	0.0	(0.055983663757491274+0j)
0.23500000000000001	0.05522500000000001	0.0018093186334887635	0.057152437401304726	0.0	(0.057152437401304726+0j)
0.23750000000000002	0.056406250000000005	0.0018130900444838292	0.05833372878983594	0.0	(0.05833372878983594+0j)
0.24	0.0576	0.0018167443377348433	0.05952753748834481	0.0	(0.05952753748834481+0j)
0.2425	0.05880625	0.001820286292832481	0.06073386303017994	0.0	(0.06073386303017994+0j)
0.245	0.060024999999999995	0.0018237204516148165	0.06195270492240866	0.0	(0.06195270492240866+0j)
0.2475	0.06125625	0.0018270511316053459	0.06318406265093372	0.0	(0.06318406265093372+0j)
0.25	0.0625	0.00183028243867207	0.0644279356851184	0.0	(0.0644279356851184+0j)
0.2525	0.06375625	0.001833418278943473	0.06568432348195913	0.0	(0.06568432348195913+0j)
0.255	0.065025	0.0018364623700178567	0.06695322548981952	0.0	(0.06695322548981952+0j)
0.2575	0.06630625	0.0018394182515025863	0.06823464115177519	0.0	(0.06823464115177519+0j)
0.26	0.06760000000000001	0.0018422892949194677	0.06952856990857707	0.0	(0.06952856990857707+0j)
0.2625	0.06890625	0.0018450787130117464	0.0708350112012799	0.0	(0.0708350112012799+0j)
0.265	0.07022500000000001	0.0018477895684872762	0.0721539644735454	0.0	(0.0721539644735454+0j)
0.2675	0.07155625	0.0018504247822312024	0.07348542917367176	0.0	(0.07348542917367176+0j)
0.27	0.0729	0.001852987141020195	0.07482940475634271	0.0	(0.07482940475634271+0j)
0.2725	0.07425625000000001	0.0018554793047688412	0.0761858906841441	0.0	(0.0761858906841441+0j)
0.275	0.07562500000000001	0.0018579038133373124	0.07755488642886343	0.0	(0.07755488642886343+0j)
0.2775	0.07700625000000001	0.0018602630929279293	0.07893639147258803	0.0	(0.07893639147258803+0j)
0.28	0.07840000000000001	0.001862559462096708	0.08033040530862809	0.0	(0.08033040530862809+0j)
0.28250000000000003	0.07980625000000002	0.0018647951374044982	0.08173692744227687	0.0	(0.08173692744227687+0j)
0.28500000000000003	0.08122500000000002	0.001866972238730838	0.08315595739142871	0.0	(0.08315595739142871+0j)
0.28750000000000003	0.08265625000000001	0.0018690927942722545	0.08458749468706547	0.0	(0.08458749468706547+0j)
0.29	0.0841	0.0018711587452453536	0.08603153887363306	0.0	(0.08603153887363306+0j)
0.2925	0.08555624999999999	0.001873171950313756	0.08748808950931448	0.0	(0.08748808950931448+0j)
0.295	0.08702499999999999	0.0018751341897566768	0.08895714616620744	0.0	(0.08895714616620744+0j)
0.2975	0.08850625	0.001877047169395797	0.09043870843042996	0.0	(0.09043870843042996+0j)
0.3	0.09	0.0018789125242959356	0.09193277590215264	0.0	(0.09193277590215264+0j)
0.3025	0.09150625	0.0018807318222540128	0.0934393481955651	0.0	(0.0934393481955651+0j)
0.305	0.093025	0.0018825065670898021	0.09495842493879761	0.0	(0.09495842493879761+0j)
0.3075	0.09455625	0.001884238201751061	0.09649000577378934	0.0	(0.09649000577378934+0j)
0.31	0.0961	0.001885928111244764	0.09803409035612241	0.0	(0.09803409035612241+0j)
0.3125	0.09765625	0.0018875776254053736	0.09959067835481202	0.0	(0.09959067835481202+0j)
0.315	0.09922500000000001	0.001889188021510336	0.10115976945208192	0.0	(0.10115976945208192+0j)
0.3175	0.10080625	0.0018907605267522907	0.10274136334310187	0.0	(0.10274136334310187+0j)
0.32	0.1024	0.0018922963205768484	0.104335459735714	0.0	(0.104335459735714+0j)
0.3225	0.10400625000000001	0.0018937965368941816	0.10594205835013815	0.0	(0.10594205835013815+0j)
0.325	0.10562500000000001	0.0018952622661721262	0.10756115891866426	0.0	(0.10756115891866426+0j)
0.3275	0.10725625000000001	0.0018966945574179694	0.10919276118533827	0.0	(0.10919276118533827+0j)
0.33	0.10890000000000001	0.001898094420055616	0.11083686490563521	0.0	(0.11083686490563521+0j)
0.3325	0.11055625000000001	0.001899462825704391	0.11249346984612871	0.0	(0.11249346984612871+0j)
0.335	0.11222500000000002	0.0019008007098653072	0.11416257578415985	0.0	(0.11416257578415985+0j)
0.3375	0.11390625000000001	0.0019021089735202583	0.11584418250750093	0.0	(0.11584418250750093+0j)
0.34	0.11560000000000002	0.0019033884846492272	0.11753828981402033	0.0	(0.11753828981402033+0j)
0.3425	0.11730625000000001	0.0019046400796702708	0.11924489751134928	0.0	(0.11924489751134928+0j)
0.34500000000000003	0.11902500000000002	0.0019058645648067504	0.12096400541654821	0.0	(0.12096400541654821+0j)
0.34750000000000003	0.12075625000000002	0.0019070627173859564	0.12269561335578255	0.0	(0.12269561335578255+0j)
0.35000000000000003	0.12250000000000003	0.0019082352870730536	0.12443972116399492	0.0	(0.12443972116399492+0j)
0.3525	0.12425624999999998	0.0019093829970439785	0.12619632868459235	0.0	(0.12619632868459235+0j)
0.355	0.126025	0.0019105065451007377	0.1279654357691273	0.0	(0.1279654357691273+0j)
0.3575	0.12780624999999998	0.0019116066047322974	0.12974704227699424	0.0	(0.12974704227699424+0j)
0.36	0.1296	0.0019126838261240898	0.1315411480751312	0.0	(0.1315411480751312+0j)
0.3625	0.13140625	0.0019137388371189502	0.13334775303772345	0.0	(0.13334775303772345+0j)
0.365	0.13322499999999998	0.0019147722441321458	0.1351668570459196	0.0	(0.1351668570459196+0j)
0.3675	0.13505625	0.0019157846330229802	0.13699845998755456	0.0	(0.13699845998755456+0j)
0.37	0.1369	0.0019167765699253123	0.1388425617568742	0.0	(0.1388425617568742+0j)
0.3725	0.13875625	0.0019177486020391901	0.14069916225428325	0.0	(0.14069916225428325+0j)
0.375	0.140625	0.0019187012583856702	0.14256826138607365	0.0	(0.14256826138607365+0j)
0.3775	0.14250625	0.0019196350505267545	0.144449859064193	0.0	(0.144449859064193+0j)
0.38	0.1444	0.0019205504732522885	0.14634395520600044	0.0	(0.14634395520600044+0j)
0.3825	0.14630625	0.0019214480052355326	0.1482505497340275	0.0	(0.1482505497340275+0j)
0.385	0.148225	0.0019223281096590332	0.15016964257576726	0.0	(0.15016964257576726+0j)
0.3875	0.15015625000000002	0.001923191234812321	0.15210123366344575	0.0	(0.15210123366344575+0j)
0.39	0.1521	0.001924037814662874	0.15404532293382245	0.0	(0.15404532293382245+0j)
0.3925	0.15405625	0.0019248682694017086	0.15600191032798305	0.0	(0.15600191032798305+0j)
0.395	0.15602500000000002	0.0019256830059648708	0.1579709957911474	0.0	(0.1579709957911474+0j)
0.3975	0.15800625000000001	0.0019264824185320458	0.15995257927248194	0.0	(0.15995257927248194+0j)
0.4	0.16000000000000003	0.001927266889003421	0.16194666072492145	0.0	(0.16194666072492145+0j)
0.4025	0.16200625000000002	0.0019280367874558776	0.16395324010499096	0.0	(0.16395324010499096+0j)
0.405	0.16402500000000003	0.0019287924725795349	0.1659723173726488	0.0	(0.1659723173726488+0j)
0.40750000000000003	0.16605625000000002	0.0019295342920956054	0.16800389249111042	0.0	(0.16800389249111042+0j)
0.41000000000000003	0.16810000000000003	0.0019302625831564644	0.17004796542671338	0.0	(0.17004796542671338+0j)
0.41250000000000003	0.17015625000000004	0.0019309776727288036	0.17210453614875143	0.0	(0.17210453614875143+0j)
0.41500000000000004	0.17222500000000002	0.0019316798779606763	0.17417360462934178	0.0	(0.17417360462934178+0j)
0.4175	0.17430625	0.0019323695065332	0.1762551708432937	0.0	(0.1762551708432937+0j)
0.42	0.17639999999999997	0.0019330468569976516	0.17834923476796313	0.0	(0.17834923476796313+0j)
0.4225	0.17850624999999998	0.0019337122190986426	0.18045579638313802	0.0	(0.18045579638313802+0j)
0.425	0.18062499999999998	0.0019343658740840221	0.18257485567091639	0.0	(0.18257485567091639+0j)
0.4275	0.18275624999999998	0.0019350080950021353	0.18470641261559048	0.0	(0.18470641261559048+0j)
0.43	0.18489999999999998	0.001935639146987018	0.186850467203532	0.0	(0.186850467203532+0j)
0.4325	0.18705625	0.0019362592875320842	0.18900701942309162	0.0	(0.18900701942309162+0j)
0.435	0.189225	0.0019368687667528353	0.1911760692644962	0.0	(0.1911760692644962+0j)
0.4375	0.19140625	0.0019374678276390931	0.19335761671974785	0.0	(0.19335761671974785+0j)
0.44	0.1936	0.0019380567062972276	0.1955516617825383	0.0	(0.1955516617825383+0j)
0.4425	0.19580625000000002	0.0019386356321828308	0.1977582044481554	0.0	(0.1977582044481554+0j)
0.445	0.198025	0.0019392048283242706	0.19997724471339617	0.0	(0.19997724471339617+0j)
0.4475	0.20025625	0.001939764511537523	0.20220878257648947	0.0	(0.20220878257648947+0j)
0.45	0.2025	0.0019403148926326746	0.20445281803701784	0.0	(0.20445281803701784+0j)
0.4525	0.20475625	0.0019408561766124611	0.20670935109583785	0.0	(0.20670935109583785+0j)
0.455	0.20702500000000001	0.0019413885628631901	0.20897838175501854	0.0	(0.20897838175501854+0j)
0.4575	0.20930625000000003	0.001941912245338382	0.21125991001776617	0.0	(0.21125991001776617+0j)
0.46	0.2116	0.0019424274127354427	0.2135539358883607	0.0	(0.2135539358883607+0j)
0.4625	0.21390625000000002	0.0019429342486656691	0.21586045937209677	0.0	(0.21586045937209677+0j)
0.465	0.21622500000000003	0.0019434329318178745	0.2181794804752282	0.0	(0.2181794804752282+0j)
0.4675	0.21855625000000004	0.0019439236361159067	0.22051099920487605	0.0	(0.22051099920487605+0j)
0.47000000000000003	0.22090000000000004	0.0019444065308703148	0.22285501556905565	0.0	(0.22285501556905565+0j)
0.47250000000000003	0.22325625000000002	0.0019448817809244131	0.2252115295765356	0.0	(0.2252115295765356+0j)
0.47500000000000003	0.22562500000000002	0.0019453495467949811	0.2275805412368401	0.0	(0.2275805412368401+0j)
0.47750000000000004	0.22800625000000002	0.001945809984807817	0.2299620505601921	0.0	(0.2299620505601921+0j)
0.48	0.2304	0.0019462632472283642	0.2323560575574613	0.0	(0.2323560575574613+0j)
0.4825	0.23280625	0.001946709482387612	0.2347625622401293	0.0	(0.2347625622401293+0j)
0.485	0.235225	0.001947148834803465	0.23718156462024742	0.0	(0.23718156462024742+0j)
0.4875	0.23765624999999999	0.0019475814452977658	0.23961306471039803	0.0	(0.23961306471039803+0j)
0.49	0.24009999999999998	0.001948007451109152	0.24205706252365633	0.0	(0.24205706252365633+0j)
0.4925	0.24255625	0.00194842698600191	0.24451355807355968	0.0	(0.24451355807355968+0j)
0.495	0.245025	0.0019488401803709917	0.2469825513740676	0.0	(0.2469825513740676+0j)
0.4975	0.24750625	0.0019492471613433472	0.24946404243953568	0.0	(0.24946404243953568+0j)
0.5	0.25	0.001949648052875718	0.2519580312846801	0.0	(0.2519580312846801+0j)
0.5025000000000001	0.25250625000000004	0.0019500429758490345	0.25446451792455993	0.0	(0.25446451792455993+0j)
0.505	0.255025	0.0019504320481595497	0.256983502374536	0.0	(0.256983502374536+0j)
0.5075000000000001	0.25755625000000004	0.001950815384806838	0.2595149846502526	0.0	(0.2595149846502526+0j)
0.51	0.2601	0.0019511930979787821	0.2620589647676138	0.0	(0.2620589647676138+0j)
0.5125	0.26265625	0.0019515652971336661	0.2646154427427619	0.0	(0.2646154427427619+0j)
0.515	0.265225	0.0019519320890794825	0.26718441859204156	0.0	(0.26718441859204156+0j)
0.5175	0.26780624999999997	0.0019522935780505691	0.2697658923319941	0.0	(0.2697658923319941+0j)
0.52	0.27040000000000003	0.0019526498657816672	0.2723598639793311	0.0	(0.2723598639793311+0j)
0.5225	0.27300624999999995	0.0019530010515795093	0.2749663335509172	0.0	(0.2749663335509172+0j)
0.525	0.275625	0.001953347232392026	0.27758530106375234	0.0	(0.27758530106375234+0j)
0.5275	0.27825625	0.00195368850287526	0.28021676653495264	0.0	(0.28021676653495264+0j)
0.53	0.28090000000000004	0.0019540249554580776	0.28286072998172895	0.0	(0.28286072998172895+0j)
0.5325	0.28355624999999995	0.0019543566804047594	0.28551719142138443	0.0	(0.28551719142138443+0j)
0.535	0.286225	0.0019546837658755466	0.28818615087129507	0.0	(0.28818615087129507+0j)
0.5375	0.28890625	0.0019550062979852203	0.29086760834888525	0.0	(0.29086760834888525+0j)
0.54	0.2916	0.001955324360859791	0.293561563871634	0.0	(0.293561563871634+0j)
0.5425	0.29430625	0.0019556380366913565	0.2962680174570426	0.0	(0.2962680174570426+0j)
0.545	0.29702500000000004	0.00195594740579121	0.2989869691226413	0.0	(0.2989869691226413+0j)
0.5475	0.29975625	0.001956252546641249	0.30171841888596784	0.0	(0.30171841888596784+0j)
0.55	0.30250000000000005	0.001956553535943755	0.3044623667645472	0.0	(0.3044623667645472+0j)
0.5525	0.30525625	0.001956850448669597	0.307218812775906	0.0	(0.307218812775906+0j)
0.555	0.30802500000000005	0.0019571433581049257	0.3099877569375505	0.0	(0.3099877569375505+0j)
0.5575	0.31080625	0.001957432335896395	0.31276919926695385	0.0	(0.31276919926695385+0j)
0.56	0.31360000000000005	0.0019577174520949816	0.31556313978155537	0.0	(0.31556313978155537+0j)
0.5625	0.31640625	0.0019579987751984405	0.3183695784987421	0.0	(0.3183695784987421+0j)
0.5650000000000001	0.3192250000000001	0.001958276372192451	0.32118851543586263	0.0	(0.32118851543586263+0j)
0.5675	0.32205625	0.0019585503085904924	0.3240199506101941	0.0	(0.3240199506101941+0j)
0.5700000000000001	0.3249000000000001	0.001958820648472504	0.32686388403895533	0.0	(0.32686388403895533+0j)
0.5725	0.32775625	0.00195908745452236	0.32972031573928984	0.0	(0.32972031573928984+0j)
0.5750000000000001	0.33062500000000006	0.0019593507880642123	0.33258924572827275	0.0	(0.33258924572827275+0j)
0.5775	0.33350625	0.0019596107090977285	0.3354706740228861	0.0	(0.3354706740228861+0j)
0.58	0.3364	0.0019598672763322723	0.33836460064003154	0.0	(0.33836460064003154+0j)
0.5825	0.33930625000000003	0.0019601205472200606	0.34127102559651934	0.0	(0.34127102559651934+0j)
0.585	0.34222499999999995	0.0019603705779883264	0.34418994890906246	0.0	(0.34418994890906246+0j)
0.5875	0.34515625000000005	0.0019606174236705305	0.3471213705942773	0.0	(0.3471213705942773+0j)
0.59	0.34809999999999997	0.001960861138136645	0.35006529066867126	0.0	(0.35006529066867126+0j)
0.5925	0.35105625	0.0019611017741225484	0.3530217091486502	0.0	(0.3530217091486502+0j)
0.595	0.354025	0.001961339383258554	0.35599062605050497	0.0	(0.35599062605050497+0j)
0.5975	0.35700625	0.001961574016097109	0.35897204139042277	0.0	(0.35897204139042277+0j)
0.6	0.36	0.0019618057221396823	0.3619659551844666	0.0	(0.3619659551844666+0j)
0.6025	0.36300625000000003	0.0019620345498628762	0.36497236744858214	0.0	(0.36497236744858214+0j)
0.605	0.366025	0.001962260546743785	0.3679912781985979	0.0	(0.3679912781985979+0j)
0.6075	0.36905625000000003	0.001962483759284622	0.37102268745021966	0.0	(0.37102268745021966+0j)
0.61	0.3721	0.001962704233036643	0.37406659521903207	0.0	(0.37406659521903207+0j)
0.6125	0.3751562500000001	0.0019629220126233865	0.37712300152049255	0.0	(0.37712300152049255+0j)
0.615	0.378225	0.001963137141763257	0.3801919063699139	0.0	(0.3801919063699139+0j)
0.6175	0.38130625000000007	0.0019633496632914665	0.3832733097825134	0.0	(0.3832733097825134+0j)
0.62	0.3844	0.001963559619181357	0.38636721177335226	0.0	(0.38636721177335226+0j)
0.6225	0.38750625000000005	0.0019637670505651293	0.38947361235737066	0.0	(0.38947361235737066+0j)
0.625	0.390625	0.0019639719977539885	0.39259251154937985	0.0	(0.39259251154937985+0j)
0.6275000000000001	0.3937562500000001	0.0019641745002577306	0.3957239093640491	0.0	(0.3957239093640491+0j)
0.63	0.39690000000000003	0.001964374596803785	0.3988678058159207	0.0	(0.3988678058159207+0j)
0.6325000000000001	0.40005625000000006	0.0019645723253557336	0.40202420091940355	0.0	(0.40202420091940355+0j)
0.635	0.403225	0.001964767723131317	0.40519309468876497	0.0	(0.40519309468876497+0j)
0.6375000000000001	0.4064062500000001	0.0019649608266199495	0.4083744871381525	0.0	(0.4083744871381525+0j)
0.64	0.4096	0.0019651516715997576	0.4115683782815616	0.0	(0.4115683782815616+0j)
0.6425	0.41280624999999993	0.0019653402931541506	0.414774768132867	0.0	(0.414774768132867+0j)
0.645	0.41602500000000003	0.0019655267256879477	0.4179936567057945	0.0	(0.4179936567057945+0j)
0.6475	0.41925624999999994	0.001965711002943068	0.4212250440139506	0.0	(0.4212250440139506+0j)
0.65	0.42250000000000004	0.001965893158013796	0.42446893007079173	0.0	(0.42446893007079173+0j)
0.6525	0.42575624999999995	0.0019660732233616443	0.42772531488964166	0.0	(0.42772531488964166+0j)
0.655	0.42902500000000005	0.0019662512308298154	0.4309941984837103	0.0	(0.4309941984837103+0j)
0.6575	0.43230624999999995	0.00196642721165728	0.43427558086604423	0.0	(0.43427558086604423+0j)
0.66	0.43560000000000004	0.0019666011964924856	0.43756946204956987	0.0	(0.43756946204956987+0j)
0.6625	0.43890625	0.0019667732154066988	0.4408758420470853	0.0	(0.4408758420470853+0j)
0.665	0.44222500000000003	0.0019669432979070025	0.44419472087124645	0.0	(0.44419472087124645+0j)
0.6675	0.44555625	0.001967111472948949	0.4475260985345742	0.0	(0.4475260985345742+0j)
0.67	0.4489000000000001	0.0019672777689488845	0.45086997504947	0.0	(0.45086997504947+0j)
0.6725	0.45225624999999997	0.001967442213795954	0.45422635042820014	0.0	(0.45422635042820014+0j)
0.675	0.45562500000000006	0.0019676048348637953	0.45759522468289415	0.0	(0.45759522468289415+0j)
0.6775	0.45900625	0.0019677656590219306	0.4609765978255523	0.0	(0.4609765978255523+0j)
0.68	0.4624000000000001	0.0019679247126468675	0.46437046986804753	0.0	(0.46437046986804753+0j)
0.6825	0.46580625	0.0019680820216329132	0.4677768408221351	0.0	(0.4677768408221351+0j)
0.685	0.46922500000000006	0.0019682376114027148	0.47119571069942173	0.0	(0.47119571069942173+0j)
0.6875	0.47265625	0.0019683915069175317	0.4746270795114033	0.0	(0.4746270795114033+0j)
0.6900000000000001	0.4761000000000001	0.001968543732687248	0.4780709472694523	0.0	(0.4780709472694523+0j)
0.6925	0.47955625	0.001968694312780129	0.4815273139848003	0.0	(0.4815273139848003+0j)
0.6950000000000001	0.4830250000000001	0.0019688432708323397	0.48499617966856157	0.0	(0.48499617966856157+0j)
0.6975	0.48650625000000003	0.0019689906300572172	0.48847754433173673	0.0	(0.48847754433173673+0j)
0.7000000000000001	0.4900000000000001	0.0019691364132543173	0.49197140798519096	0.0	(0.49197140798519096+0j)
0.7025	0.49350625000000004	0.0019692806428182317	0.4954777706396787	0.0	(0.4954777706396787+0j)
0.705	0.49702499999999994	0.001969423340747191	0.49899663230582647	0.0	(0.49899663230582647+0j)
0.7075	0.50055625	0.0019695645286514516	0.5025279929941499	0.0	(0.5025279929941499+0j)
0.71	0.5041	0.00196970422776148	0.5060718527150351	0.0	(0.5060718527150351+0j)
0.7125	0.50765625	0.0019698424589359317	0.5096282114787588	0.0	(0.5096282114787588+0j)
0.715	0.5112249999999999	0.001969979242669439	0.5131970692954793	0.0	(0.5131970692954793+0j)
0.7175	0.51480625	0.0019701145991002094	0.516778426175241	0.0	(0.516778426175241+0j)
0.72	0.5184	0.001970248548017435	0.5203722821279748	0.0	(0.5203722821279748+0j)
0.7225	0.52200625	0.001970381108868529	0.523978637163495	0.0	(0.523978637163495+0j)
0.725	0.525625	0.0019705123007661834	0.5275974912915133	0.0	(0.5275974912915133+0j)
0.7275	0.5292562500000001	0.0019706421424952577	0.5312288445216187	0.0	(0.5312288445216187+0j)
0.73	0.5328999999999999	0.001970770652519505	0.5348726968632797	0.0	(0.5348726968632797+0j)
0.7325	0.5365562500000001	0.001970897848988137	0.5385290483258975	0.0	(0.5385290483258975+0j)
0.735	0.540225	0.00197102374974223	0.5421978989187256	0.0	(0.5421978989187256+0j)
0.7375	0.54390625	0.001971148372320982	0.5458792486509237	0.0	(0.5458792486509237+0j)
0.74	0.5476	0.0019712717339678233	0.5495730975315527	0.0	(0.5495730975315527+0j)
0.7425	0.5513062500000001	0.0019713938516363804	0.5532794455695691	0.0	(0.5532794455695691+0j)
0.745	0.555025	0.0019715147419963005	0.5569982927738093	0.0	(0.5569982927738093+0j)
0.7475	0.5587562500000001	0.001971634421438941	0.5607296391530239	0.0	(0.5607296391530239+0j)
0.75	0.5625	0.0019717529060829255	0.5644734847158557	0.0	(0.5644734847158557+0j)
0.7525000000000001	0.5662562500000001	0.0019718702117795736	0.5682298294708409	0.0	(0.5682298294708409+0j)
0.755	0.570025	0.0019719863541182003	0.5719986734264404	0.0	(0.5719986734264404+0j)
0.7575000000000001	0.5738062500000001	0.001972101348431295	0.5757800165910005	0.0	(0.5757800165910005+0j)
0.76	0.5776	0.001972215209799586	0.5795738589727613	0.0	(0.5795738589727613+0j)
0.7625000000000001	0.5814062500000001	0.00197232795305698	0.5833802005798809	0.0	(0.5833802005798809+0j)
0.765	0.585225	0.0019724395927953986	0.5871990414204242	0.0	(0.5871990414204242+0j)
0.7675000000000001	0.5890562500000001	0.0019725501433694955	0.5910303815023465	0.0	(0.5910303815023465+0j)
0.77	0.5929	0.0019726596189012747	0.5948742208335326	0.0	(0.5948742208335326+0j)
0.7725	0.59675625	0.0019727680332845988	0.5987305594217598	0.0	(0.5987305594217598+0j)
0.775	0.6006250000000001	0.0019728754001895974	0.6025993972747108	0.0	(0.6025993972747108+0j)
0.7775	0.6045062499999999	0.0019729817330669777	0.6064807344000102	0.0	(0.6064807344000102+0j)
0.78	0.6084	0.0019730870451522362	0.610374570805146	0.0	(0.610374570805146+0j)
0.7825	0.6123062499999999	0.0019731913494697786	0.614280906497555	0.0	(0.614280906497555+0j)
0.785	0.616225	0.001973294658836945	0.6181997414845789	0.0	(0.6181997414845789+0j)
0.7875	0.62015625	0.0019733969858679516	0.6221310757734598	0.0	(0.6221310757734598+0j)
0.79	0.6241000000000001	0.001973498342977736	0.6260749093713864	0.0	(0.6260749093713864+0j)
0.7925	0.62805625	0.001973598742385728	0.6300312422854271	0.0	(0.6300312422854271+0j)
0.795	0.6320250000000001	0.0019736981961195298	0.6340000745225874	0.0	(0.6340000745225874+0j)
0.7975	0.63600625	0.0019737967160185195	0.6379814060897903	0.0	(0.6379814060897903+0j)
0.8	0.6400000000000001	0.0019738943137373737	0.6419752369938783	0.0	(0.6419752369938783+0j)
0.8025	0.64400625	0.0019739910007495164	0.6459815672416118	0.0	(0.6459815672416118+0j)
0.805	0.6480250000000001	0.001974086788350488	0.6500003968396709	0.0	(0.6500003968396709+0j)
0.8075	0.65205625	0.0019741816876612485	0.6540317257946615	0.0	(0.6540317257946615+0j)
0.81	0.6561000000000001	0.0019742757096314024	0.6580755541131077	0.0	(0.6580755541131077+0j)
0.8125	0.66015625	0.0019743688650423587	0.6621318818014721	0.0	(0.6621318818014721+0j)
0.8150000000000001	0.6642250000000001	0.00197446116451042	0.6662007088661277	0.0	(0.6662007088661277+0j)
0.8175	0.66830625	0.001974552618489811	0.6702820353133652	0.0	(0.6702820353133652+0j)
0.8200000000000001	0.6724000000000001	0.001974643237275635	0.6743758611494209	0.0	(0.6743758611494209+0j)
0.8225	0.67650625	0.001974733031006773	0.6784821863804487	0.0	(0.6784821863804487+0j)
0.8250000000000001	0.6806250000000001	0.0019748220096687196	0.6826010110125452	0.0	(0.6826010110125452+0j)
0.8275	0.6847562500000001	0.0019749101830963604	0.6867323350517112	0.0	(0.6867323350517112+0j)
0.8300000000000001	0.6889000000000001	0.001974997560976688	0.6908761585039033	0.0	(0.6908761585039033+0j)
0.8325	0.69305625	0.0019750841528514626	0.6950324813749925	0.0	(0.6950324813749925+0j)
0.835	0.697225	0.001975169968119819	0.6992013036707843	0.0	(0.6992013036707843+0j)
0.8375	0.70140625	0.001975255016040815	0.7033826253970273	0.0	(0.7033826253970273+0j)
0.84	0.7055999999999999	0.001975339305735932	0.7075764465593951	0.0	(0.7075764465593951+0j)
0.8425	0.7098062500000001	0.0019754228461915163	0.7117827671634901	0.0	(0.7117827671634901+0j)
0.845	0.7140249999999999	0.0019755056462611793	0.716001587214869	0.0	(0.716001587214869+0j)
0.8475	0.71825625	0.00197558771466814	0.7202329067190028	0.0	(0.7202329067190028+0j)
0.85	0.7224999999999999	0.0019756690600075243	0.7244767256813321	0.0	(0.7244767256813321+0j)
0.8525	0.7267562500000001	0.001975749690748614	0.7287330441071976	0.0	(0.7287330441071976+0j)
0.855	0.7310249999999999	0.001975829615237053	0.7330018620019144	0.0	(0.7330018620019144+0j)
0.8575	0.73530625	0.0019759088416970052	0.7372831793707186	0.0	(0.7372831793707186+0j)
0.86	0.7395999999999999	0.0019759873782332735	0.741576996218804	0.0	(0.741576996218804+0j)
0.8625	0.7439062500000001	0.0019760652328333675	0.7458833125513201	0.0	(0.7458833125513201+0j)
0.865	0.748225	0.0019761424133695397	0.7502021283733562	0.0	(0.7502021283733562+0j)
0.8675	0.75255625	0.001976218927600772	0.7545334436899859	0.0	(0.7545334436899859+0j)
0.87	0.7569	0.0019762947831747277	0.7588772585062358	0.0	(0.7588772585062358+0j)
0.8725	0.7612562500000001	0.001976369987629661	0.7632335728271322	0.0	(0.7632335728271322+0j)
0.875	0.765625	0.001976444548396292	0.7676023866577192	0.0	(0.7676023866577192+0j)
0.8775000000000001	0.7700062500000001	0.0019765184727996406	0.7719837000030657	0.0	(0.7719837000030657+0j)
0.88	0.7744	0.0019765917680608256	0.7763775128683571	0.0	(0.7763775128683571+0j)
0.8825000000000001	0.7788062500000001	0.00197666444129883	0.7807838252589266	0.0	(0.7807838252589266+0j)
0.885	0.7832250000000001	0.0019767364995322266	0.7852026371803482	0.0	(0.7852026371803482+0j)
0.8875000000000001	0.7876562500000002	0.001976807949680876	0.7896339486386222	0.0	(0.7896339486386222+0j)
0.89	0.7921	0.0019768787985675867	0.794077759640296	0.0	(0.794077759640296+0j)
0.8925000000000001	0.7965562500000001	0.0019769490529197415	0.7985340701927764	0.0	(0.7985340701927764+0j)
0.895	0.801025	0.0019770187193708997	0.8030028803047318	0.0	(0.8030028803047318+0j)
0.8975	0.80550625	0.0019770878044623576	0.8074841899865456	0.0	(0.8074841899865456+0j)
0.9	0.81	0.0019771563146446874	0.8119779992511016	0.0	(0.8119779992511016+0j)
0.9025	0.81450625	0.0019772242562792427	0.8164843081146721	0.0	(0.8164843081146721+0j)
0.905	0.819025	0.001977291635639634	0.8210031165983205	0.0	(0.8210031165983205+0j)
0.9075	0.82355625	0.0019773584589131777	0.8255344247295476	0.0	(0.8255344247295476+0j)
0.91	0.8281000000000001	0.0019774247322023163	0.8300782325446162	0.0	(0.8300782325446162+0j)
0.9125	0.83265625	0.0019774904615260124	0.834634540091541	0.0	(0.834634540091541+0j)
0.915	0.8372250000000001	0.001977555652821114	0.8392033474339172	0.0	(0.8392033474339172+0j)
0.9175	0.84180625	0.0019776203119436977	0.8437846546558176	0.0	(0.8437846546558176+0j)
0.92	0.8464	0.0019776844446703795	0.8483784618679892	0.0	(0.8483784618679892+0j)
0.9225	0.85100625	0.0019777480566996095	0.852984769215546	0.0	(0.852984769215546+0j)
0.925	0.8556250000000001	0.001977811153652936	0.8576035768874157	0.0	(0.8576035768874157+0j)
0.9275	0.86025625	0.001977873741076246	0.8622348851278696	0.0	(0.8622348851278696+0j)
0.93	0.8649000000000001	0.0019779358244409874	0.8668786942502726	0.0	(0.8668786942502726+0j)
0.9325	0.86955625	0.0019779974091453604	0.8715350046534341	0.0	(0.8715350046534341+0j)
0.935	0.8742250000000001	0.001978058500515496	0.8762038168406175	0.0	(0.8762038168406175+0j)
0.9375	0.87890625	0.0019781191038066013	0.8808851314415246	0.0	(0.8808851314415246+0j)
0.9400000000000001	0.8836000000000002	0.0019781792242040976	0.8855789492372327	0.0	(0.8855789492372327+0j)
0.9425	0.88830625	0.0019782388668247225	0.890285271188248	0.0	(0.890285271188248+0j)
0.9450000000000001	0.8930250000000001	0.001978298036717622	0.8950040984655285	0.0	(0.8950040984655285+0j)
0.9475	0.89775625	0.00197835673886542	0.8997354324846859	0.0	(0.8997354324846859+0j)
0.9500000000000001	0.9025000000000001	0.001978414978185264	0.9044792749431537	0.0	(0.9044792749431537+0j)
0.9525	0.90725625	0.0019784727595298585	0.9092356278605878	0.0	(0.9092356278605878+0j)
0.9550000000000001	0.9120250000000001	0.001978530087688473	0.9140044936229755	0.0	(0.9140044936229755+0j)
0.9575	0.91680625	0.0019785869673879363	0.918785875031221	0.0	(0.918785875031221+0j)
0.96	0.9216	0.00197864340329361	0.9235797753561668	0.0	(0.9235797753561668+0j)
0.9625	0.9264062500000001	0.0019786994000103447	0.9283861984030319	0.0	(0.9283861984030319+0j)
0.965	0.931225	0.0019787549620834217	0.9332051485905511	0.0	(0.9332051485905511+0j)
0.9675	0.93605625	0.0019788100939994724	0.9380366310535525	0.0	(0.9380366310535525+0j)
0.97	0.9409	0.001978864800187385	0.9428806517826614	0.0	(0.9428806517826614+0j)
0.9725	0.9457562500000001	0.0019789190850191957	0.9477372178240967	0.0	(0.9477372178240967+0j)
0.975	0.9506249999999999	0.00197897295281096	0.9526063375769068	0.0	(0.9526063375769068+0j)
0.9775	0.9555062500000001	0.0019790264078236126	0.9574880212514008	0.0	(0.9574880212514008+0j)
0.98	0.9603999999999999	0.0019790794542638066	0.9623822816011756	0.0	(0.9623822816011756+0j)
0.9825	0.96530625	0.0019791320962847464	0.9672891351375178	0.0	(0.9672891351375178+0j)
0.985	0.970225	0.001979184337986996	0.9722086042389023	0.0	(0.9722086042389023+0j)
0.9875	0.9751562500000001	0.00197923618341928	0.9771407210395033	0.0	(0.9771407210395033+0j)
0.99	0.9801	0.0019792876365792664	0.9820855351915342	0.0	(0.9820855351915342+0j)
0.9925	0.9850562500000001	0.00197933870141434	0.9870431311763622	0.0	(0.9870431311763622+0j)
0.995	0.990025	0.0019793893818223557	0.9920136737175858	0.0	(0.9920136737175858+0j)
0.9975	0.9950062500000001	0.001979439681652385	0.996997562397945	0.0	(0.996997562397945+0j)
1.0	1.0	0.001979489604705448	1.001996308100211	0.0	(1.001996308100211+0j)
