-1.0	-1.0	-0.0016954881084106242	-1.0016964665093497	0.0	(-1.0016964665093497+0j)
-0.9966666666666667	-0.9933444444444445	-0.0016859229656885077	-0.9950311937991747	0.0	(-0.9950311937991747+0j)
-0.9933333333333334	-0.9867111111111112	-0.0016763695257971626	-0.988388232235918	0.0	(-0.988388232235918+0j)
-0.9900000000000001	-0.9801000000000002	-0.0016668279429887468	-0.9817675305716739	0.0	(-0.9817675305716739+0j)
-0.9866666666666667	-0.9735111111111112	-0.0016572983716896764	-0.9751690760326776	0.0	(-0.9751690760326776+0j)
-0.9833333333333334	-0.9669444444444446	-0.0016477809664962734	-0.9685928635955725	0.0	(-0.9685928635955725+0j)
-0.9800000000000001	-0.9604000000000001	-0.001638275882170419	-0.9620388908268231	0.0	(-0.9620388908268231+0j)
-0.9766666666666667	-0.9538777777777778	-0.0016287832736351746	-0.9555071564038609	0.0	(-0.9555071564038609+0j)
-0.9733333333333334	-0.9473777777777779	-0.0016193032959703757	-0.948997659559658	0.0	(-0.948997659559658+0j)
-0.9700000000000001	-0.9409000000000002	-0.0016098361044082174	-0.9425103998357944	0.0	(-0.9425103998357944+0j)
-0.9666666666666667	-0.9344444444444444	-0.0016003818543288224	-0.9360453769588906	0.0	(-0.9360453769588906+0j)
-0.9633333333333334	-0.9280111111111112	-0.0015909407012557762	-0.9296025907733202	0.0	(-0.9296025907733202+0j)
-0.9600000000000001	-0.9216000000000002	-0.0015815128008516547	-0.9231820412018436	0.0	(-0.9231820412018436+0j)
-0.9566666666666668	-0.9152111111111113	-0.0015720983089135276	-0.9167837282215103	0.0	(-0.9167837282215103+0j)
-0.9533333333333334	-0.9088444444444445	-0.0015626973813684484	-0.9104076518481199	0.0	(-0.9104076518481199+0j)
-0.9500000000000001	-0.9025000000000001	-0.0015533101742689253	-0.9040538121258491	0.0	(-0.9040538121258491+0j)
-0.9466666666666668	-0.896177777777778	-0.0015439368437883572	-0.8977222091201943	0.0	(-0.8977222091201943+0j)
-0.9433333333333334	-0.8898777777777778	-0.0015345775462164745	-0.8914128429129216	0.0	(-0.8914128429129216+0j)
-0.9400000000000001	-0.8836000000000002	-0.0015252324379547615	-0.8851257135984649	0.0	(-0.8851257135984649+0j)
-0.9366666666666668	-0.8773444444444446	-0.001515901675511823	-0.8788608212812655	0.0	(-0.8788608212812655+0j)
-0.9333333333333333	-0.8711111111111112	-0.0015065854154987985	-0.8726181660737655	0.0	(-0.8726181660737655+0j)
-0.93	-0.8649000000000001	-0.0014972838146246935	-0.8663977480948758	0.0	(-0.8663977480948758+0j)
-0.9266666666666667	-0.8587111111111113	-0.00148799702969174	-0.8601995674688291	0.0	(-0.8601995674688291+0j)
-0.9233333333333333	-0.8525444444444444	-0.0014787252175907054	-0.8540236243242426	0.0	(-0.8540236243242426+0j)
-0.92	-0.8464	-0.0014694685352962214	-0.847869918793385	0.0	(-0.847869918793385+0j)
-0.9166666666666667	-0.8402777777777779	-0.0014602271398620596	-0.841738451011609	0.0	(-0.841738451011609+0j)
-0.9133333333333334	-0.834177777777778	-0.0014510011884164191	-0.8356292211168665	0.0	(-0.8356292211168665+0j)
-0.91	-0.8281000000000001	-0.001441790838157174	-0.8295422292493145	0.0	(-0.8295422292493145+0j)
-0.9066666666666667	-0.8220444444444446	-0.0014325962463471273	-0.8234774755510365	0.0	(-0.8234774755510365+0j)
-0.9033333333333334	-0.8160111111111112	-0.001423417570309231	-0.8174349601657429	0.0	(-0.8174349601657429+0j)
-0.9	-0.81	-0.0014142549674218035	-0.8114146832385621	0.0	(-0.8114146832385621+0j)
-0.8966666666666667	-0.8040111111111112	-0.0014051085951137174	-0.8054166449158717	0.0	(-0.8054166449158717+0j)
-0.8933333333333334	-0.7980444444444446	-0.001395978610859587	-0.7994408453451184	0.0	(-0.7994408453451184+0j)
-0.89	-0.7921	-0.0013868651721749324	-0.7934872846746925	0.0	(-0.7934872846746925+0j)
-0.8866666666666667	-0.7861777777777779	-0.0013777684366113277	-0.7875559630538278	0.0	(-0.7875559630538278+0j)
-0.8833333333333334	-0.780277777777778	-0.0013686885617515453	-0.7816468806324784	0.0	(-0.7816468806324784+0j)
-0.88	-0.7744	-0.0013596257052046563	-0.7757600375612536	0.0	(-0.7757600375612536+0j)
-0.8766666666666667	-0.7685444444444445	-0.001350580024601167	-0.769895433991344	0.0	(-0.769895433991344+0j)
-0.8733333333333334	-0.7627111111111112	-0.0013415516775880849	-0.7640530700744244	0.0	(-0.7640530700744244+0j)
-0.8700000000000001	-0.7569000000000002	-0.0013325408218240271	-0.7582329459626412	0.0	(-0.7582329459626412+0j)
-0.8666666666666667	-0.7511111111111112	-0.0013235476149742382	-0.7524350618085253	0.0	(-0.7524350618085253+0j)
-0.8633333333333334	-0.7453444444444446	-0.0013145722147057115	-0.7466594177649817	0.0	(-0.7466594177649817+0j)
-0.8600000000000001	-0.7396000000000001	-0.001305614778682157	-0.7409060139851941	0.0	(-0.7409060139851941+0j)
-0.8566666666666667	-0.7338777777777779	-0.0012966754645590828	-0.735174850622643	0.0	(-0.735174850622643+0j)
-0.8533333333333334	-0.7281777777777779	-0.0012877544299787658	-0.7294659278310597	0.0	(-0.7294659278310597+0j)
-0.8500000000000001	-0.7225000000000001	-0.0012788518325652838	-0.7237792457643653	0.0	(-0.7237792457643653+0j)
-0.8466666666666667	-0.7168444444444445	-0.001269967829919494	-0.718114804576683	0.0	(-0.718114804576683+0j)
-0.8433333333333334	-0.7112111111111112	-0.0012611025796140014	-0.7124726044222908	0.0	(-0.7124726044222908+0j)
-0.8400000000000001	-0.7056000000000001	-0.0012522562391881294	-0.7068526454555887	0.0	(-0.7068526454555887+0j)
-0.8366666666666667	-0.7000111111111111	-0.0012434289661428788	-0.7012549278311274	0.0	(-0.7012549278311274+0j)
-0.8333333333333334	-0.6944444444444445	-0.001234620917935858	-0.6956794517035245	0.0	(-0.6956794517035245+0j)
-0.8300000000000001	-0.6889000000000001	-0.0012258322519762166	-0.6901262172274781	0.0	(-0.6901262172274781+0j)
-0.8266666666666668	-0.683377777777778	-0.0012170631256195692	-0.6845952245577597	0.0	(-0.6845952245577597+0j)
-0.8233333333333334	-0.6778777777777778	-0.0012083136961629076	-0.6790864738491674	0.0	(-0.6790864738491674+0j)
-0.8200000000000001	-0.6724000000000001	-0.0011995841208394837	-0.6735999652565515	0.0	(-0.6735999652565515+0j)
-0.8166666666666668	-0.6669444444444446	-0.0011908745568137093	-0.6681356989347609	0.0	(-0.6681356989347609+0j)
-0.8133333333333334	-0.6615111111111112	-0.0011821851611760331	-0.6626936750386502	0.0	(-0.6626936750386502+0j)
-0.81	-0.6561000000000001	-0.0011735160909378097	-0.6572738937230554	0.0	(-0.6572738937230554+0j)
-0.8066666666666668	-0.6507111111111112	-0.0011648675030261596	-0.6518763551428087	0.0	(-0.6518763551428087+0j)
-0.8033333333333333	-0.6453444444444445	-0.0011562395542788013	-0.646501059452683	0.0	(-0.646501059452683+0j)
-0.8	-0.6400000000000001	-0.001147632401438914	-0.6411480068074239	0.0	(-0.6411480068074239+0j)
-0.7966666666666667	-0.6346777777777779	-0.001139046201149971	-0.6358171973617044	0.0	(-0.6358171973617044+0j)
-0.7933333333333333	-0.6293777777777778	-0.0011304811099505346	-0.6305086312701406	0.0	(-0.6305086312701406+0j)
-0.79	-0.6241000000000001	-0.0011219372842691034	-0.625222308687266	0.0	(-0.625222308687266+0j)
-0.7866666666666667	-0.6188444444444445	-0.0011134148804189086	-0.6199582297675169	0.0	(-0.6199582297675169+0j)
-0.7833333333333334	-0.6136111111111112	-0.00110491405459269	-0.6147163946652471	0.0	(-0.6147163946652471+0j)
-0.78	-0.6084	-0.0010964349628575342	-0.6094968035346923	0.0	(-0.6094968035346923+0j)
-0.7766666666666667	-0.6032111111111113	-0.0010879777611496112	-0.6042994565299737	0.0	(-0.6042994565299737+0j)
-0.7733333333333334	-0.5980444444444446	-0.001079542605268985	-0.5991243538050892	0.0	(-0.5991243538050892+0j)
-0.77	-0.5929	-0.0010711296508743612	-0.5939714955139014	0.0	(-0.5939714955139014+0j)
-0.7666666666666667	-0.5877777777777778	-0.001062739053477879	-0.5888408818101315	0.0	(-0.5888408818101315+0j)
-0.7633333333333334	-0.582677777777778	-0.0010543709684398383	-0.5837325128473406	0.0	(-0.5837325128473406+0j)
-0.76	-0.5776	-0.0010460255509634614	-0.5786463887789387	0.0	(-0.5786463887789387+0j)
-0.7566666666666667	-0.5725444444444445	-0.001037702956089659	-0.5735825097581677	0.0	(-0.5735825097581677+0j)
-0.7533333333333334	-0.5675111111111112	-0.001029403338691734	-0.568540875938086	0.0	(-0.568540875938086+0j)
-0.75	-0.5625	-0.0010211268534701557	-0.5635214874715718	0.0	(-0.5635214874715718+0j)
-0.7466666666666667	-0.5575111111111112	-0.0010128736549472577	-0.5585243445113124	0.0	(-0.5585243445113124+0j)
-0.7433333333333334	-0.5525444444444445	-0.001004643897461982	-0.5535494472097924	0.0	(-0.5535494472097924+0j)
-0.7400000000000001	-0.5476000000000002	-0.0009964377351645932	-0.5485967957192773	0.0	(-0.5485967957192773+0j)
-0.7366666666666667	-0.5426777777777778	-0.0009882553220114027	-0.5436663901918413	0.0	(-0.5436663901918413+0j)
-0.7333333333333334	-0.5377777777777779	-0.000980096811759465	-0.5387582307793051	0.0	(-0.5387582307793051+0j)
-0.7300000000000001	-0.5329000000000002	-0.0009719623579613091	-0.5338723176332756	0.0	(-0.5338723176332756+0j)
-0.7266666666666667	-0.5280444444444444	-0.0009638521139596263	-0.5290086509051184	0.0	(-0.5290086509051184+0j)
-0.7233333333333334	-0.5232111111111112	-0.00095576623288198	-0.5241672307459452	0.0	(-0.5241672307459452+0j)
-0.7200000000000001	-0.5184000000000001	-0.0009477048676355126	-0.5193480573066114	0.0	(-0.5193480573066114+0j)
-0.7166666666666667	-0.5136111111111111	-0.0009396681709016226	-0.5145511307377191	0.0	(-0.5145511307377191+0j)
-0.7133333333333334	-0.5088444444444445	-0.0009316562951306923	-0.5097764511895821	0.0	(-0.5097764511895821+0j)
-0.7100000000000001	-0.5041000000000001	-0.0009236693925367357	-0.5050240188122598	0.0	(-0.5050240188122598+0j)
-0.7066666666666667	-0.49937777777777775	-0.000915707615092129	-0.5002938337555058	0.0	(-0.5002938337555058+0j)
-0.7033333333333334	-0.4946777777777778	-0.0009077711145222934	-0.4955858961687903	0.0	(-0.4955858961687903+0j)
-0.7000000000000001	-0.4900000000000001	-0.0008998600423003656	-0.4909002062012655	0.0	(-0.4909002062012655+0j)
-0.6966666666666667	-0.4853444444444444	-0.0008919745496418886	-0.48623676400179644	0.0	(-0.48623676400179644+0j)
-0.6933333333333334	-0.48071111111111114	-0.0008841147874995181	-0.4815955697189157	0.0	(-0.4815955697189157+0j)
-0.6900000000000001	-0.4761000000000001	-0.0008762809065576916	-0.47697662350083586	0.0	(-0.47697662350083586+0j)
-0.6866666666666668	-0.4715111111111112	-0.0008684730572273259	-0.4723799254954365	0.0	(-0.4723799254954365+0j)
-0.6833333333333333	-0.46694444444444444	-0.0008606913896404722	-0.4678054758502532	0.0	(-0.4678054758502532+0j)
-0.68	-0.4624000000000001	-0.0008529360536450592	-0.4632532747124856	0.0	(-0.4632532747124856+0j)
-0.6766666666666667	-0.4578777777777779	-0.0008452071987995247	-0.4587233222289562	0.0	(-0.4587233222289562+0j)
-0.6733333333333333	-0.45337777777777777	-0.0008375049743675312	-0.4542156185461417	0.0	(-0.4542156185461417+0j)
-0.67	-0.4489000000000001	-0.0008298295293126479	-0.4497301638101299	0.0	(-0.4497301638101299+0j)
-0.6666666666666667	-0.44444444444444453	-0.0008221810122930663	-0.44526695816664724	0.0	(-0.44526695816664724+0j)
-0.6633333333333333	-0.44001111111111113	-0.0008145595716562315	-0.44082600176101744	0.0	(-0.44082600176101744+0j)
-0.66	-0.43560000000000004	-0.0008069653554336198	-0.4364072947381709	0.0	(-0.4364072947381709+0j)
-0.6566666666666667	-0.4312111111111112	-0.0007993985113353586	-0.43201083724263867	0.0	(-0.43201083724263867+0j)
-0.6533333333333333	-0.4268444444444444	-0.0007918591867449699	-0.42763662941853103	0.0	(-0.42763662941853103+0j)
-0.65	-0.42250000000000004	-0.00078434752871408	-0.4232846714095466	0.0	(-0.4232846714095466+0j)
-0.6466666666666667	-0.41817777777777787	-0.0007768636839570798	-0.4189549633589484	0.0	(-0.4189549633589484+0j)
-0.6433333333333334	-0.4138777777777779	-0.0007694077988458837	-0.4146475054095678	0.0	(-0.4146475054095678+0j)
-0.64	-0.4096	-0.0007619800194046122	-0.41036229770378035	0.0	(-0.41036229770378035+0j)
-0.6366666666666667	-0.4053444444444445	-0.0007545804913043131	-0.40609934038351597	0.0	(-0.40609934038351597+0j)
-0.6333333333333334	-0.4011111111111112	-0.0007472093598577035	-0.40185863359024115	0.0	(-0.40185863359024115+0j)
-0.63	-0.39690000000000003	-0.0007398667700138584	-0.39764017746494756	0.0	(-0.39764017746494756+0j)
-0.6266666666666667	-0.3927111111111112	-0.0007325528663529812	-0.3934439721481509	0.0	(-0.3934439721481509+0j)
-0.6233333333333334	-0.3885444444444445	-0.0007252677930811081	-0.3892700177798717	0.0	(-0.3892700177798717+0j)
-0.62	-0.3844	-0.0007180116940248727	-0.3851183144996443	0.0	(-0.3851183144996443+0j)
-0.6166666666666667	-0.3802777777777778	-0.0007107847126262335	-0.38098886244648045	0.0	(-0.38098886244648045+0j)
-0.6133333333333334	-0.37617777777777783	-0.0007035869919372328	-0.3768816617588936	0.0	(-0.3768816617588936+0j)
-0.61	-0.3721	-0.0006964186746147794	-0.3727967125748632	0.0	(-0.3727967125748632+0j)
-0.6066666666666667	-0.36804444444444445	-0.0006892799029153629	-0.3687340150318314	0.0	(-0.3687340150318314+0j)
-0.6033333333333334	-0.3640111111111112	-0.0006821708186898813	-0.3646935692667059	0.0	(-0.3646935692667059+0j)
-0.6000000000000001	-0.3600000000000001	-0.0006750915633783939	-0.3606753754158441	0.0	(-0.3606753754158441+0j)
-0.5966666666666667	-0.3560111111111111	-0.0006680422780048989	-0.35667943361503607	0.0	(-0.35667943361503607+0j)
-0.5933333333333334	-0.3520444444444445	-0.0006610231031721537	-0.3527057439995047	0.0	(-0.3527057439995047+0j)
-0.5900000000000001	-0.3481000000000001	-0.0006540341790564564	-0.3487543067038808	0.0	(-0.3487543067038808+0j)
-0.5866666666666667	-0.3441777777777778	-0.0006470756454024674	-0.3448251218622203	0.0	(-0.3448251218622203+0j)
-0.5833333333333334	-0.34027777777777785	-0.0006401476415180297	-0.34091818960797765	0.0	(-0.34091818960797765+0j)
-0.5800000000000001	-0.3364000000000001	-0.000633250306269001	-0.3370335100739884	0.0	(-0.3370335100739884+0j)
-0.5766666666666667	-0.3325444444444444	-0.0006263837780740689	-0.3331710833924672	0.0	(-0.3331710833924672+0j)
-0.5733333333333334	-0.3287111111111111	-0.0006195481948996162	-0.32933090969501044	0.0	(-0.32933090969501044+0j)
-0.5700000000000001	-0.3249000000000001	-0.0006127436942545917	-0.3255129891125634	0.0	(-0.3255129891125634+0j)
-0.5666666666666667	-0.32111111111111107	-0.0006059704131853527	-0.32171732177542495	0.0	(-0.32171732177542495+0j)
-0.5633333333333334	-0.3173444444444445	-0.0005992284882705368	-0.31794390781322956	0.0	(-0.31794390781322956+0j)
-0.56	-0.31360000000000005	-0.000592518055615976	-0.31419274735493874	0.0	(-0.31419274735493874+0j)
-0.5566666666666668	-0.30987777777777786	-0.0005858392508495847	-0.31046384052883164	0.0	(-0.31046384052883164+0j)
-0.5533333333333333	-0.30617777777777777	-0.0005791922091162472	-0.30675718746249403	0.0	(-0.30675718746249403+0j)
-0.55	-0.30250000000000005	-0.0005725770650727768	-0.30307278828280526	0.0	(-0.30307278828280526+0j)
-0.5466666666666667	-0.2988444444444445	-0.0005659939528828262	-0.29941064311592197	0.0	(-0.29941064311592197+0j)
-0.5433333333333333	-0.2952111111111111	-0.0005594430062118183	-0.29577075208728093	0.0	(-0.29577075208728093+0j)
-0.54	-0.2916	-0.000552924358221929	-0.2921531153215675	0.0	(-0.2921531153215675+0j)
-0.5366666666666667	-0.28801111111111116	-0.0005464381415670516	-0.28855773294271775	0.0	(-0.28855773294271775+0j)
-0.5333333333333333	-0.28444444444444444	-0.000539984488387757	-0.28498460507391066	0.0	(-0.28498460507391066+0j)
-0.53	-0.28090000000000004	-0.0005335635303063302	-0.28143373183753495	0.0	(-0.28143373183753495+0j)
-0.5266666666666667	-0.27737777777777783	-0.0005271753984217143	-0.27790511335519696	0.0	(-0.27790511335519696+0j)
-0.5233333333333333	-0.2738777777777778	-0.0005208202233046077	-0.27439874974769424	0.0	(-0.27439874974769424+0j)
-0.52	-0.27040000000000003	-0.000514498134992436	-0.2709146411350116	0.0	(-0.2709146411350116+0j)
-0.5166666666666667	-0.2669444444444445	-0.0005082092629844715	-0.26745278763630315	0.0	(-0.26745278763630315+0j)
-0.5133333333333334	-0.2635111111111112	-0.0005019537362368043	-0.26401318936987334	0.0	(-0.26401318936987334+0j)
-0.51	-0.2601	-0.0004957316831574965	-0.26059584645317624	0.0	(-0.26059584645317624+0j)
-0.5066666666666667	-0.25671111111111117	-0.0004895432316016635	-0.2572007590027883	0.0	(-0.2572007590027883+0j)
-0.5033333333333334	-0.25334444444444454	-0.0004833885088665446	-0.25382792713440316	0.0	(-0.25382792713440316+0j)
-0.5	-0.25	-0.0004772676416867072	-0.25047735096280616	0.0	(-0.25047735096280616+0j)
-0.4966666666666667	-0.2466777777777778	-0.00047118075622907266	-0.24714903060186988	0.0	(-0.24714903060186988+0j)
-0.49333333333333335	-0.2433777777777778	-0.00046512797808818674	-0.2438429661645295	0.0	(-0.2438429661645295+0j)
-0.49000000000000005	-0.24010000000000004	-0.00045910943228133494	-0.2405591577627753	0.0	(-0.2405591577627753+0j)
-0.4866666666666667	-0.23684444444444447	-0.00045312524324373496	-0.2372976055076275	0.0	(-0.2372976055076275+0j)
-0.48333333333333334	-0.2336111111111111	-0.0004471755348237627	-0.23405830950912365	0.0	(-0.23405830950912365+0j)
-0.48000000000000004	-0.23040000000000005	-0.0004412604302781453	-0.23084126987630182	0.0	(-0.23084126987630182+0j)
-0.4766666666666667	-0.2272111111111111	-0.00043538005226725354	-0.22764648671718188	0.0	(-0.22764648671718188+0j)
-0.4733333333333334	-0.2240444444444445	-0.0004295345228503167	-0.22447396013874582	0.0	(-0.22447396013874582+0j)
-0.47000000000000003	-0.22090000000000004	-0.00042372396348071555	-0.2213236902469195	0.0	(-0.2213236902469195+0j)
-0.4666666666666667	-0.2177777777777778	-0.00041794849500129686	-0.21819567714655205	0.0	(-0.21819567714655205+0j)
-0.4633333333333334	-0.21467777777777783	-0.000412208237639633	-0.2150899209413976	0.0	(-0.2150899209413976+0j)
-0.46	-0.2116	-0.00040650331100345883	-0.2120064217340948	0.0	(-0.2120064217340948+0j)
-0.4566666666666667	-0.2085444444444445	-0.0004008338340758866	-0.20894517962614673	0.0	(-0.20894517962614673+0j)
-0.45333333333333337	-0.20551111111111114	-0.00039519992521089845	-0.20590619471788935	0.0	(-0.20590619471788935+0j)
-0.45	-0.2025	-0.00038960170212869465	-0.2028894671084837	0.0	(-0.2028894671084837+0j)
-0.4466666666666667	-0.19951111111111114	-0.00038403928191107497	-0.1998949968958805	0.0	(-0.1998949968958805+0j)
-0.44333333333333336	-0.19654444444444447	-0.000378512780996898	-0.19692278417679787	0.0	(-0.19692278417679787+0j)
-0.44	-0.1936	-0.0003730223151775847	-0.19397282904670735	0.0	(-0.19397282904670735+0j)
-0.4366666666666667	-0.1906777777777778	-0.00036756799959248855	-0.19104513159978312	0.0	(-0.19104513159978312+0j)
-0.43333333333333335	-0.1877777777777778	-0.0003621499487244551	-0.1881396919289044	0.0	(-0.1881396919289044+0j)
-0.43000000000000005	-0.18490000000000004	-0.0003567682763953362	-0.1852565101256044	0.0	(-0.1852565101256044+0j)
-0.4266666666666667	-0.18204444444444448	-0.0003514230957615383	-0.18239558628005562	0.0	(-0.18239558628005562+0j)
-0.42333333333333334	-0.17921111111111113	-0.0003461145193094928	-0.17955692048102814	0.0	(-0.17955692048102814+0j)
-0.42000000000000004	-0.17640000000000003	-0.00034084265885139244	-0.17674051281586967	0.0	(-0.17674051281586967+0j)
-0.4166666666666667	-0.17361111111111113	-0.00033560762552062865	-0.17394636337046193	0.0	(-0.17394636337046193+0j)
-0.4133333333333334	-0.1708444444444445	-0.00033040952976755024	-0.1711744722291931	0.0	(-0.1711744722291931+0j)
-0.41000000000000003	-0.16810000000000003	-0.00032524848135504495	-0.16842483947492193	0.0	(-0.16842483947492193+0j)
-0.4066666666666667	-0.1653777777777778	-0.00032012458935419823	-0.1656974651889395	0.0	(-0.1656974651889395+0j)
-0.4033333333333334	-0.1626777777777778	-0.0003150379621400523	-0.16299234945092494	0.0	(-0.16299234945092494+0j)
-0.4	-0.16000000000000003	-0.0003099887073872765	-0.16030949233891909	0.0	(-0.16030949233891909+0j)
-0.39666666666666667	-0.15734444444444445	-0.0003049769320659035	-0.15764889392926637	0.0	(-0.15764889392926637+0j)
-0.39333333333333337	-0.15471111111111113	-0.0003000027424371332	-0.15501055429658364	0.0	(-0.15501055429658364+0j)
-0.39	-0.1521	-0.00029506624404909145	-0.1523944735137032	0.0	(-0.1523944735137032+0j)
-0.3866666666666667	-0.14951111111111115	-0.00029016754173266657	-0.14980065165163375	0.0	(-0.14980065165163375+0j)
-0.38333333333333336	-0.14694444444444446	-0.00028530673959734635	-0.14722908877950394	0.0	(-0.14722908877950394+0j)
-0.38	-0.1444	-0.0002804839410270876	-0.1446797849645101	0.0	(-0.1446797849645101+0j)
-0.3766666666666667	-0.1418777777777778	-0.0002756992486761645	-0.14215274027186478	0.0	(-0.14215274027186478+0j)
-0.37333333333333335	-0.1393777777777778	-0.0002709527644651377	-0.13964795476473052	0.0	(-0.13964795476473052+0j)
-0.37000000000000005	-0.13690000000000005	-0.0002662445895767807	-0.13716542850416472	0.0	(-0.13716542850416472+0j)
-0.3666666666666667	-0.13444444444444448	-0.00026157482445208217	-0.13470516154905696	0.0	(-0.13470516154905696+0j)
-0.36333333333333334	-0.1320111111111111	-0.000256943568786161	-0.132267153956049	0.0	(-0.132267153956049+0j)
-0.36000000000000004	-0.12960000000000002	-0.0002523509215242914	-0.12985140577947796	0.0	(-0.12985140577947796+0j)
-0.3566666666666667	-0.12721111111111114	-0.000247796980858106	-0.12745791707129203	0.0	(-0.12745791707129203+0j)
-0.35333333333333333	-0.12484444444444444	-0.00024328184422146571	-0.1250866878809689	0.0	(-0.1250866878809689+0j)
-0.35000000000000003	-0.12250000000000003	-0.00023880560828666298	-0.1227377182554411	0.0	(-0.1227377182554411+0j)
-0.3466666666666667	-0.12017777777777779	-0.00023436836896055803	-0.12041100823900101	0.0	(-0.12041100823900101+0j)
-0.3433333333333334	-0.1178777777777778	-0.00022997022138073755	-0.11810655787320432	0.0	(-0.11810655787320432+0j)
-0.34	-0.11560000000000002	-0.0002256112599116067	-0.11582436719677636	0.0	(-0.11582436719677636+0j)
-0.33666666666666667	-0.11334444444444444	-0.00022129157814079206	-0.1135644362455063	0.0	(-0.1135644362455063+0j)
-0.33333333333333337	-0.11111111111111113	-0.00021701126887516687	-0.11132676505213367	0.0	(-0.11132676505213367+0j)
-0.33	-0.10890000000000001	-0.00021277042413727634	-0.10911135364623059	0.0	(-0.10911135364623059+0j)
-0.32666666666666666	-0.1067111111111111	-0.00020856913516156263	-0.10691820205407998	0.0	(-0.10691820205407998+0j)
-0.32333333333333336	-0.10454444444444447	-0.00020440749239072355	-0.1047473102985386	0.0	(-0.1047473102985386+0j)
-0.32	-0.1024	-0.0002002855854720487	-0.10259867839889954	0.0	(-0.10259867839889954+0j)
-0.3166666666666667	-0.1002777777777778	-0.00019620350325382231	-0.10047230637073976	0.0	(-0.10047230637073976+0j)
-0.31333333333333335	-0.0981777777777778	-0.00019216133378177072	-0.09836819422576341	0.0	(-0.09836819422576341+0j)
-0.31	-0.0961	-0.00018815916429542058	-0.09628634197163163	0.0	(-0.09628634197163163+0j)
-0.3066666666666667	-0.09404444444444446	-0.0001841970812246796	-0.09422674961177942	0.0	(-0.09422674961177942+0j)
-0.30333333333333334	-0.09201111111111111	-0.0001802751701862393	-0.09218941714522487	0.0	(-0.09218941714522487+0j)
-0.30000000000000004	-0.09000000000000002	-0.00017639351598022215	-0.09017434456636667	0.0	(-0.09017434456636667+0j)
-0.2966666666666667	-0.08801111111111112	-0.00017255220258667326	-0.08818153186475741	0.0	(-0.08818153186475741+0j)
-0.29333333333333333	-0.08604444444444445	-0.00016875131316220762	-0.08621097902487676	0.0	(-0.08621097902487676+0j)
-0.29000000000000004	-0.08410000000000002	-0.000164990930036546	-0.08426268602587511	0.0	(-0.08426268602587511+0j)
-0.2866666666666667	-0.08217777777777778	-0.00016127113470931764	-0.08233665284131075	0.0	(-0.08233665284131075+0j)
-0.2833333333333333	-0.08027777777777777	-0.00015759200784664086	-0.08043287943885799	0.0	(-0.08043287943885799+0j)
-0.28	-0.07840000000000001	-0.00015395362927792534	-0.07855136578000031	0.0	(-0.07855136578000031+0j)
-0.27666666666666667	-0.07654444444444444	-0.0001503560779925639	-0.07669211181970229	0.0	(-0.07669211181970229+0j)
-0.2733333333333334	-0.07471111111111113	-0.00014679943213677938	-0.07485511750605335	0.0	(-0.07485511750605335+0j)
-0.27	-0.0729	-0.00014328376901042716	-0.07304038277988717	0.0	(-0.07304038277988717+0j)
-0.26666666666666666	-0.07111111111111111	-0.00013980916506382002	-0.07124790757437358	0.0	(-0.07124790757437358+0j)
-0.26333333333333336	-0.06934444444444446	-0.0001363756958946194	-0.06947769181457394	0.0	(-0.06947769181457394+0j)
-0.26	-0.06760000000000001	-0.00013298343624481567	-0.06772973541697173	0.0	(-0.06772973541697173+0j)
-0.2566666666666667	-0.0658777777777778	-0.00012963245999761953	-0.0660040382889579	0.0	(-0.0660040382889579+0j)
-0.25333333333333335	-0.06417777777777779	-0.0001263228401744865	-0.06430060032827846	0.0	(-0.06430060032827846+0j)
-0.25	-0.0625	-0.00012305464893214157	-0.0626194214224412	0.0	(-0.0626194214224412+0j)
-0.24666666666666667	-0.06084444444444445	-0.00011982795755951515	-0.06096050144806947	0.0	(-0.06096050144806947+0j)
-0.24333333333333335	-0.05921111111111112	-0.00011664283647507823	-0.05932384027020687	0.0	(-0.05932384027020687+0j)
-0.24000000000000002	-0.05760000000000001	-0.0001134993552236896	-0.05770943774156211	0.0	(-0.05770943774156211+0j)
-0.2366666666666667	-0.05601111111111112	-0.00011039758247393117	-0.05611729370169196	0.0	(-0.05611729370169196+0j)
-0.23333333333333334	-0.05444444444444445	-0.00010733758601522148	-0.054547407976116374	0.0	(-0.054547407976116374+0j)
-0.23	-0.0529	-0.0001043194327551067	-0.05299978037535569	0.0	(-0.05299978037535569+0j)
-0.22666666666666668	-0.051377777777777786	-0.00010134318871641846	-0.0514744106938842	0.0	(-0.0514744106938842+0j)
-0.22333333333333336	-0.049877777777777785	-9.840891903469818e-05	-0.04997129870899812	0.0	(-0.04997129870899812+0j)
-0.22	-0.0484	-9.551668795539926e-05	-0.04849044417957363	0.0	(-0.04849044417957363+0j)
-0.21666666666666667	-0.04694444444444445	-9.266655883131137e-05	-0.04703184684472368	0.0	(-0.04703184684472368+0j)
-0.21333333333333335	-0.04551111111111112	-8.985859411998477e-05	-0.045595506422325106	0.0	(-0.045595506422325106+0j)
-0.21000000000000002	-0.04410000000000001	-8.709285538115452e-05	-0.04418142260742019	0.0	(-0.04418142260742019+0j)
-0.2066666666666667	-0.04271111111111112	-8.436940327412047e-05	-0.04278959507046317	0.0	(-0.04278959507046317+0j)
-0.20333333333333334	-0.04134444444444445	-8.168829755543783e-05	-0.041420023455405484	0.0	(-0.041420023455405484+0j)
-0.2	-0.04000000000000001	-7.904959707625281e-05	-0.04007270737760629	0.0	(-0.04007270737760629+0j)
-0.19666666666666668	-0.03867777777777778	-7.645335978017087e-05	-0.0387476464215365	0.0	(-0.0387476464215365+0j)
-0.19333333333333336	-0.03737777777777779	-7.389964270032578e-05	-0.03744484013827045	0.0	(-0.03744484013827045+0j)
-0.19	-0.0361	-7.138850195778091e-05	-0.03616428804273197	0.0	(-0.03616428804273197+0j)
-0.18666666666666668	-0.03484444444444445	-6.891999275859817e-05	-0.03490598961067563	0.0	(-0.03490598961067563+0j)
-0.18333333333333335	-0.03361111111111112	-6.649416939197295e-05	-0.03366994427537248	0.0	(-0.03366994427537248+0j)
-0.18000000000000002	-0.032400000000000005	-6.411108522756948e-05	-0.03245615142397048	0.0	(-0.03245615142397048+0j)
-0.17666666666666667	-0.03121111111111111	-6.177079271383335e-05	-0.03126461039350179	0.0	(-0.03126461039350179+0j)
-0.17333333333333334	-0.030044444444444447	-5.947334337532695e-05	-0.030095320466491493	0.0	(-0.030095320466491493+0j)
-0.17	-0.028900000000000006	-5.721878781113077e-05	-0.02894828086614093	0.0	(-0.02894828086614093+0j)
-0.16666666666666669	-0.027777777777777783	-5.5007175692178834e-05	-0.027823490751037173	0.0	(-0.027823490751037173+0j)
-0.16333333333333333	-0.026677777777777776	-5.2838555759571194e-05	-0.026720949209351228	0.0	(-0.026720949209351228+0j)
-0.16	-0.0256	-5.071297582261991e-05	-0.025640655252481038	0.0	(-0.025640655252481038+0j)
-0.15666666666666668	-0.02454444444444445	-4.863048275671744e-05	-0.02458260780809806	0.0	(-0.02458260780809806+0j)
-0.15333333333333335	-0.023511111111111115	-4.6591122501293826e-05	-0.023546805712558024	0.0	(-0.023546805712558024+0j)
-0.15000000000000002	-0.022500000000000006	-4.459494005804032e-05	-0.02253324770264687	0.0	(-0.02253324770264687+0j)
-0.14666666666666667	-0.021511111111111113	-4.2641979489133065e-05	-0.02154193240663995	0.0	(-0.02154193240663995+0j)
-0.14333333333333334	-0.020544444444444445	-4.0732283915367876e-05	-0.02057285833467444	0.0	(-0.02057285833467444+0j)
-0.14	-0.019600000000000003	-3.886589551438391e-05	-0.019626023868466697	0.0	(-0.019626023868466697+0j)
-0.1366666666666667	-0.018677777777777783	-3.704285551862086e-05	-0.01870142725044644	0.0	(-0.01870142725044644+0j)
-0.13333333333333333	-0.017777777777777778	-3.526320421425311e-05	-0.017799066572455998	0.0	(-0.017799066572455998+0j)
-0.13	-0.016900000000000002	-3.352698093852524e-05	-0.016918939764248457	0.0	(-0.016918939764248457+0j)
-0.12666666666666668	-0.016044444444444448	-3.1834224079396735e-05	-0.01606104458217561	0.0	(-0.01606104458217561+0j)
-0.12333333333333334	-0.015211111111111113	-3.018497107287743e-05	-0.015225378598649765	0.0	(-0.015225378598649765+0j)
-0.12000000000000001	-0.014400000000000003	-2.8579258402139376e-05	-0.01441193919326312	0.0	(-0.01441193919326312+0j)
-0.11666666666666667	-0.013611111111111112	-2.7017121595207528e-05	-0.013620723546868836	0.0	(-0.013620723546868836+0j)
-0.11333333333333334	-0.012844444444444447	-2.5498595224959787e-05	-0.012851728640523932	0.0	(-0.012851728640523932+0j)
-0.11	-0.0121	-2.402371290557426e-05	-0.012104951262041325	0.0	(-0.012104951262041325+0j)
-0.10666666666666667	-0.01137777777777778	-2.2592507293772714e-05	-0.01138038802411718	0.0	(-0.01138038802411718+0j)
-0.10333333333333335	-0.01067777777777778	-2.1205010084379696e-05	-0.010678035399693787	0.0	(-0.010678035399693787+0j)
-0.1	-0.010000000000000002	-1.9861252011921238e-05	-0.009997889782659955	0.0	(-0.009997889782659955+0j)
-0.09666666666666668	-0.009344444444444447	-1.856126284742743e-05	-0.00933994758537841	0.0	(-0.00933994758537841+0j)
-0.09333333333333334	-0.008711111111111112	-1.730507139825477e-05	-0.00870420538932315	0.0	(-0.00870420538932315+0j)
-0.09000000000000001	-0.008100000000000001	-1.609270550559927e-05	-0.008090660171732465	0.0	(-0.008090660171732465+0j)
-0.08666666666666667	-0.007511111111111112	-1.4924192045029373e-05	-0.00749930964028732	0.0	(-0.00749930964028732+0j)
-0.08333333333333334	-0.006944444444444446	-1.3799556924709577e-05	-0.006930152720032552	0.0	(-0.006930152720032552+0j)
-0.08	-0.0064	-1.2718825083624098e-05	-0.006383190252670555	0.0	(-0.006383190252670555+0j)
-0.07666666666666667	-0.005877777777777779	-1.168202049122158e-05	-0.005858425987991008	0.0	(-0.005858425987991008+0j)
-0.07333333333333333	-0.005377777777777778	-1.0689166145994022e-05	-0.005355867969265764	0.0	(-0.005355867969265764+0j)
-0.07	-0.004900000000000001	-9.740284075121509e-06	-0.004875530434618376	0.0	(-0.004875530434618376+0j)
-0.06666666666666667	-0.0044444444444444444	-8.835395333761654e-06	-0.0044174363644512455	0.0	(-0.0044174363644512455+0j)
-0.06333333333333334	-0.004011111111111112	-7.974520002562713e-06	-0.003981620780493547	0.0	(-0.003981620780493547+0j)
-0.060000000000000005	-0.0036000000000000008	-7.157677188729394e-06	-0.0035681348089302047	0.0	(-0.0035681348089302047+0j)
-0.05666666666666667	-0.0032111111111111116	-6.3848850238912295e-06	-0.003177050304509174	0.0	(-0.003177050304509174+0j)
-0.05333333333333334	-0.002844444444444445	-5.656160664102572e-06	-0.0028084644329083594	0.0	(-0.0028084644329083594+0j)
-0.05	-0.0025000000000000005	-4.971520289132059e-06	-0.0024625029959373127	0.0	(-0.0024625029959373127+0j)
-0.04666666666666667	-0.002177777777777778	-4.3309791010415216e-06	-0.002139320549416615	0.0	(-0.002139320549416615+0j)
-0.043333333333333335	-0.001877777777777778	-3.7345513234754438e-06	-0.0018390948320815986	0.0	(-0.0018390948320815986+0j)
-0.04	-0.0016	-3.1822502052136773e-06	-0.0015620132745477423	0.0	(-0.0015620132745477423+0j)
-0.03666666666666667	-0.0013444444444444445	-2.674088010223841e-06	-0.0013082509231751036	0.0	(-0.0013082509231751036+0j)
-0.03333333333333333	-0.0011111111111111111	-2.2100760276089203e-06	-0.001077941778514138	0.0	(-0.001077941778514138+0j)
-0.030000000000000002	-0.0009000000000000002	-1.7902245673440122e-06	-0.0008711477404745601	0.0	(-0.0008711477404745601+0j)
-0.02666666666666667	-0.0007111111111111113	-1.4145429503287232e-06	-0.0006878285898130803	0.0	(-0.0006878285898130803+0j)
-0.023333333333333334	-0.0005444444444444445	-1.0830395297034558e-06	-0.0005278108453549672	0.0	(-0.0005278108453549672+0j)
-0.02	-0.0004	-7.957216723752936e-07	-0.00039074231383089933	0.0	(-0.00039074231383089933+0j)
-0.016666666666666666	-0.0002777777777777778	-5.525957476493205e-07	-0.0002760011060191013	0.0	(-0.0002760011060191013+0j)
-0.013333333333333334	-0.0001777777777777778	-3.536671670190117e-07	-0.00018249627130467543	0.0	(-0.00018249627130467543+0j)
-0.01	-0.0001	-1.989403472180129e-07	-0.00010824311059707618	0.0	(-0.00010824311059707618+0j)
-0.006666666666666667	-4.444444444444445e-05	-8.841880116960965e-08	-4.955730865412717e-05	0.0	(-4.955730865412717e-05+0j)
-0.0033333333333333335	-1.1111111111111113e-05	-2.2104904928710314e-08	-2.6237692574149207e-17	-0.0023726320960045697	(-2.6237692574149207e-17-0.0023726320960045697j)
0.0033333333333333335	1.1111111111111113e-05	2.2104904928710314e-08	-2.6237692574149207e-17	0.0023726320960045697	(-2.6237692574149207e-17+0.0023726320960045697j)
0.006666666666666667	4.444444444444445e-05	8.841880116960965e-08	4.955730865410228e-05	0.0	(4.955730865410228e-05+0j)
0.01	0.0001	1.989403472180129e-07	0.00010824311059707727	0.0	(0.00010824311059707727+0j)
0.013333333333333334	0.0001777777777777778	3.536671670190117e-07	0.00018249627130465394	0.0	(0.00018249627130465394+0j)
0.016666666666666666	0.0002777777777777778	5.525957476493205e-07	0.0002760011060191266	0.0	(0.0002760011060191266+0j)
0.02	0.0004	7.957216723752936e-07	0.0003907423138308758	0.0	(0.0003907423138308758+0j)
0.023333333333333334	0.0005444444444444445	1.0830395297034558e-06	0.0005278108453549798	0.0	(0.0005278108453549798+0j)
0.02666666666666667	0.0007111111111111113	1.4145429503287232e-06	0.0006878285898130385	0.0	(0.0006878285898130385+0j)
0.030000000000000002	0.0009000000000000002	1.7902245673440122e-06	0.0008711477404745593	0.0	(0.0008711477404745593+0j)
0.03333333333333333	0.0011111111111111111	2.2100760276089203e-06	0.001077941778514128	0.0	(0.001077941778514128+0j)
0.03666666666666667	0.0013444444444444445	2.674088010223841e-06	0.0013082509231751094	0.0	(0.0013082509231751094+0j)
0.04	0.0016	3.1822502052136773e-06	0.0015620132745477382	0.0	(0.0015620132745477382+0j)
0.043333333333333335	0.001877777777777778	3.7345513234754438e-06	0.0018390948320816075	0.0	(0.0018390948320816075+0j)
0.04666666666666667	0.002177777777777778	4.3309791010415216e-06	0.0021393205494166043	0.0	(0.0021393205494166043+0j)
0.05	0.0025000000000000005	4.971520289132059e-06	0.0024625029959373162	0.0	(0.0024625029959373162+0j)
0.05333333333333334	0.002844444444444445	5.656160664102572e-06	0.0028084644329083577	0.0	(0.0028084644329083577+0j)
0.05666666666666667	0.0032111111111111116	6.3848850238912295e-06	0.0031770503045091608	0.0	(0.0031770503045091608+0j)
0.060000000000000005	0.0036000000000000008	7.157677188729394e-06	0.0035681348089302177	0.0	(0.0035681348089302177+0j)
0.06333333333333334	0.004011111111111112	7.974520002562713e-06	0.003981620780493526	0.0	(0.003981620780493526+0j)
0.06666666666666667	0.0044444444444444444	8.835395333761654e-06	0.004417436364451227	0.0	(0.004417436364451227+0j)
0.07	0.004900000000000001	9.740284075121509e-06	0.004875530434618371	0.0	(0.004875530434618371+0j)
0.07333333333333333	0.005377777777777778	1.0689166145994022e-05	0.005355867969265771	0.0	(0.005355867969265771+0j)
0.07666666666666667	0.005877777777777779	1.168202049122158e-05	0.005858425987991009	0.0	(0.005858425987991009+0j)
0.08	0.0064	1.2718825083624098e-05	0.006383190252670519	0.0	(0.006383190252670519+0j)
0.08333333333333334	0.006944444444444446	1.3799556924709577e-05	0.006930152720032541	0.0	(0.006930152720032541+0j)
0.08666666666666667	0.007511111111111112	1.4924192045029373e-05	0.007499309640287343	0.0	(0.007499309640287343+0j)
0.09000000000000001	0.008100000000000001	1.609270550559927e-05	0.008090660171732551	0.0	(0.008090660171732551+0j)
0.09333333333333334	0.008711111111111112	1.730507139825477e-05	0.00870420538932315	0.0	(0.00870420538932315+0j)
0.09666666666666668	0.009344444444444447	1.856126284742743e-05	0.009339947585378396	0.0	(0.009339947585378396+0j)
0.1	0.010000000000000002	1.9861252011921238e-05	0.009997889782660009	0.0	(0.009997889782660009+0j)
0.10333333333333335	0.01067777777777778	2.1205010084379696e-05	0.010678035399693793	0.0	(0.010678035399693793+0j)
0.10666666666666667	0.01137777777777778	2.2592507293772714e-05	0.011380388024117193	0.0	(0.011380388024117193+0j)
0.11	0.0121	2.402371290557426e-05	0.012104951262041402	0.0	(0.012104951262041402+0j)
0.11333333333333334	0.012844444444444447	2.5498595224959787e-05	0.012851728640523922	0.0	(0.012851728640523922+0j)
0.11666666666666667	0.013611111111111112	2.7017121595207528e-05	0.013620723546868836	0.0	(0.013620723546868836+0j)
0.12000000000000001	0.014400000000000003	2.8579258402139376e-05	0.014411939193263194	0.0	(0.014411939193263194+0j)
0.12333333333333334	0.015211111111111113	3.018497107287743e-05	0.015225378598649808	0.0	(0.015225378598649808+0j)
0.12666666666666668	0.016044444444444448	3.1834224079396735e-05	0.016061044582175714	0.0	(0.016061044582175714+0j)
0.13	0.016900000000000002	3.352698093852524e-05	0.01691893976424844	0.0	(0.01691893976424844+0j)
0.13333333333333333	0.017777777777777778	3.526320421425311e-05	0.017799066572456057	0.0	(0.017799066572456057+0j)
0.1366666666666667	0.018677777777777783	3.704285551862086e-05	0.018701427250446472	0.0	(0.018701427250446472+0j)
0.14	0.019600000000000003	3.886589551438391e-05	0.01962602386846671	0.0	(0.01962602386846671+0j)
0.14333333333333334	0.020544444444444445	4.0732283915367876e-05	0.02057285833467448	0.0	(0.02057285833467448+0j)
0.14666666666666667	0.021511111111111113	4.2641979489133065e-05	0.02154193240663997	0.0	(0.02154193240663997+0j)
0.15000000000000002	0.022500000000000006	4.459494005804032e-05	0.022533247702646822	0.0	(0.022533247702646822+0j)
0.15333333333333335	0.023511111111111115	4.6591122501293826e-05	0.023546805712557968	0.0	(0.023546805712557968+0j)
0.15666666666666668	0.02454444444444445	4.863048275671744e-05	0.02458260780809802	0.0	(0.02458260780809802+0j)
0.16	0.0256	5.071297582261991e-05	0.0256406552524811	0.0	(0.0256406552524811+0j)
0.16333333333333333	0.026677777777777776	5.2838555759571194e-05	0.026720949209351186	0.0	(0.026720949209351186+0j)
0.16666666666666669	0.027777777777777783	5.5007175692178834e-05	0.02782349075103721	0.0	(0.02782349075103721+0j)
0.17	0.028900000000000006	5.721878781113077e-05	0.028948280866140954	0.0	(0.028948280866140954+0j)
0.17333333333333334	0.030044444444444447	5.947334337532695e-05	0.03009532046649141	0.0	(0.03009532046649141+0j)
0.17666666666666667	0.03121111111111111	6.177079271383335e-05	0.03126461039350162	0.0	(0.03126461039350162+0j)
0.18000000000000002	0.032400000000000005	6.411108522756948e-05	0.032456151423970576	0.0	(0.032456151423970576+0j)
0.18333333333333335	0.03361111111111112	6.649416939197295e-05	0.033669944275372385	0.0	(0.033669944275372385+0j)
0.18666666666666668	0.03484444444444445	6.891999275859817e-05	0.034905989610675786	0.0	(0.034905989610675786+0j)
0.19	0.0361	7.138850195778091e-05	0.03616428804273189	0.0	(0.03616428804273189+0j)
0.19333333333333336	0.03737777777777779	7.389964270032578e-05	0.037444840138270194	0.0	(0.037444840138270194+0j)
0.19666666666666668	0.03867777777777778	7.645335978017087e-05	0.038747646421536566	0.0	(0.038747646421536566+0j)
0.2	0.04000000000000001	7.904959707625281e-05	0.040072707377606334	0.0	(0.040072707377606334+0j)
0.20333333333333334	0.04134444444444445	8.168829755543783e-05	0.041420023455405505	0.0	(0.041420023455405505+0j)
0.2066666666666667	0.04271111111111112	8.436940327412047e-05	0.04278959507046303	0.0	(0.04278959507046303+0j)
0.21000000000000002	0.04410000000000001	8.709285538115452e-05	0.04418142260742046	0.0	(0.04418142260742046+0j)
0.21333333333333335	0.04551111111111112	8.985859411998477e-05	0.04559550642232527	0.0	(0.04559550642232527+0j)
0.21666666666666667	0.04694444444444445	9.266655883131137e-05	0.04703184684472364	0.0	(0.04703184684472364+0j)
0.22	0.0484	9.551668795539926e-05	0.048490444179573794	0.0	(0.048490444179573794+0j)
0.22333333333333336	0.049877777777777785	9.840891903469818e-05	0.04997129870899802	0.0	(0.04997129870899802+0j)
0.22666666666666668	0.051377777777777786	0.00010134318871641846	0.051474410693884295	0.0	(0.051474410693884295+0j)
0.23	0.0529	0.0001043194327551067	0.05299978037535526	0.0	(0.05299978037535526+0j)
0.23333333333333334	0.05444444444444445	0.00010733758601522148	0.054547407976116284	0.0	(0.054547407976116284+0j)
0.2366666666666667	0.05601111111111112	0.00011039758247393117	0.05611729370169188	0.0	(0.05611729370169188+0j)
0.24000000000000002	0.05760000000000001	0.0001134993552236896	0.05770943774156221	0.0	(0.05770943774156221+0j)
0.24333333333333335	0.05921111111111112	0.00011664283647507823	0.05932384027020718	0.0	(0.05932384027020718+0j)
0.24666666666666667	0.06084444444444445	0.00011982795755951515	0.060960501448069825	0.0	(0.060960501448069825+0j)
0.25	0.0625	0.00012305464893214157	0.06261942142244135	0.0	(0.06261942142244135+0j)
0.25333333333333335	0.06417777777777779	0.0001263228401744865	0.06430060032827808	0.0	(0.06430060032827808+0j)
0.2566666666666667	0.0658777777777778	0.00012963245999761953	0.06600403828895751	0.0	(0.06600403828895751+0j)
0.26	0.06760000000000001	0.00013298343624481567	0.0677297354169719	0.0	(0.0677297354169719+0j)
0.26333333333333336	0.06934444444444446	0.0001363756958946194	0.06947769181457444	0.0	(0.06947769181457444+0j)
0.26666666666666666	0.07111111111111111	0.00013980916506382002	0.07124790757437345	0.0	(0.07124790757437345+0j)
0.27	0.0729	0.00014328376901042716	0.07304038277988731	0.0	(0.07304038277988731+0j)
0.2733333333333334	0.07471111111111113	0.00014679943213677938	0.07485511750605356	0.0	(0.07485511750605356+0j)
0.27666666666666667	0.07654444444444444	0.0001503560779925639	0.07669211181970198	0.0	(0.07669211181970198+0j)
0.28	0.07840000000000001	0.00015395362927792534	0.07855136578000037	0.0	(0.07855136578000037+0j)
0.2833333333333333	0.08027777777777777	0.00015759200784664086	0.08043287943885784	0.0	(0.08043287943885784+0j)
0.2866666666666667	0.08217777777777778	0.00016127113470931764	0.08233665284131131	0.0	(0.08233665284131131+0j)
0.29000000000000004	0.08410000000000002	0.000164990930036546	0.08426268602587535	0.0	(0.08426268602587535+0j)
0.29333333333333333	0.08604444444444445	0.00016875131316220762	0.08621097902487697	0.0	(0.08621097902487697+0j)
0.2966666666666667	0.08801111111111112	0.00017255220258667326	0.08818153186475798	0.0	(0.08818153186475798+0j)
0.30000000000000004	0.09000000000000002	0.00017639351598022215	0.09017434456636726	0.0	(0.09017434456636726+0j)
0.30333333333333334	0.09201111111111111	0.0001802751701862393	0.09218941714522554	0.0	(0.09218941714522554+0j)
0.3066666666666667	0.09404444444444446	0.0001841970812246796	0.09422674961177925	0.0	(0.09422674961177925+0j)
0.31	0.0961	0.00018815916429542058	0.09628634197163241	0.0	(0.09628634197163241+0j)
0.31333333333333335	0.0981777777777778	0.00019216133378177072	0.09836819422576373	0.0	(0.09836819422576373+0j)
0.3166666666666667	0.1002777777777778	0.00019620350325382231	0.10047230637073931	0.0	(0.10047230637073931+0j)
0.32	0.1024	0.0002002855854720487	0.10259867839889908	0.0	(0.10259867839889908+0j)
0.32333333333333336	0.10454444444444447	0.00020440749239072355	0.10474731029853883	0.0	(0.10474731029853883+0j)
0.32666666666666666	0.1067111111111111	0.00020856913516156263	0.10691820205408012	0.0	(0.10691820205408012+0j)
0.33	0.10890000000000001	0.00021277042413727634	0.10911135364623117	0.0	(0.10911135364623117+0j)
0.33333333333333337	0.11111111111111113	0.00021701126887516687	0.11132676505213329	0.0	(0.11132676505213329+0j)
0.33666666666666667	0.11334444444444444	0.00022129157814079206	0.11356443624550625	0.0	(0.11356443624550625+0j)
0.34	0.11560000000000002	0.0002256112599116067	0.11582436719677584	0.0	(0.11582436719677584+0j)
0.3433333333333334	0.1178777777777778	0.00022997022138073755	0.11810655787320382	0.0	(0.11810655787320382+0j)
0.3466666666666667	0.12017777777777779	0.00023436836896055803	0.12041100823900007	0.0	(0.12041100823900007+0j)
0.35000000000000003	0.12250000000000003	0.00023880560828666298	0.1227377182554415	0.0	(0.1227377182554415+0j)
0.35333333333333333	0.12484444444444444	0.00024328184422146571	0.1250866878809687	0.0	(0.1250866878809687+0j)
0.3566666666666667	0.12721111111111114	0.000247796980858106	0.12745791707129203	0.0	(0.12745791707129203+0j)
0.36000000000000004	0.12960000000000002	0.0002523509215242914	0.12985140577947787	0.0	(0.12985140577947787+0j)
0.36333333333333334	0.1320111111111111	0.000256943568786161	0.13226715395604968	0.0	(0.13226715395604968+0j)
0.3666666666666667	0.13444444444444448	0.00026157482445208217	0.13470516154905723	0.0	(0.13470516154905723+0j)
0.37000000000000005	0.13690000000000005	0.0002662445895767807	0.1371654285041664	0.0	(0.1371654285041664+0j)
0.37333333333333335	0.1393777777777778	0.0002709527644651377	0.13964795476473113	0.0	(0.13964795476473113+0j)
0.3766666666666667	0.1418777777777778	0.0002756992486761645	0.14215274027186378	0.0	(0.14215274027186378+0j)
0.38	0.1444	0.0002804839410270876	0.14467978496451106	0.0	(0.14467978496451106+0j)
0.38333333333333336	0.14694444444444446	0.00028530673959734635	0.1472290887795049	0.0	(0.1472290887795049+0j)
0.3866666666666667	0.14951111111111115	0.00029016754173266657	0.14980065165163334	0.0	(0.14980065165163334+0j)
0.39	0.1521	0.00029506624404909145	0.15239447351370303	0.0	(0.15239447351370303+0j)
0.39333333333333337	0.15471111111111113	0.0003000027424371332	0.15501055429658256	0.0	(0.15501055429658256+0j)
0.39666666666666667	0.15734444444444445	0.0003049769320659035	0.15764889392926767	0.0	(0.15764889392926767+0j)
0.4	0.16000000000000003	0.0003099887073872765	0.16030949233892036	0.0	(0.16030949233892036+0j)
0.4033333333333334	0.1626777777777778	0.0003150379621400523	0.16299234945092583	0.0	(0.16299234945092583+0j)
0.4066666666666667	0.1653777777777778	0.00032012458935419823	0.1656974651889398	0.0	(0.1656974651889398+0j)
0.41000000000000003	0.16810000000000003	0.00032524848135504495	0.16842483947492268	0.0	(0.16842483947492268+0j)
0.4133333333333334	0.1708444444444445	0.00033040952976755024	0.17117447222919213	0.0	(0.17117447222919213+0j)
0.4166666666666667	0.17361111111111113	0.00033560762552062865	0.17394636337046165	0.0	(0.17394636337046165+0j)
0.42000000000000004	0.17640000000000003	0.00034084265885139244	0.17674051281586833	0.0	(0.17674051281586833+0j)
0.42333333333333334	0.17921111111111113	0.0003461145193094928	0.17955692048102795	0.0	(0.17955692048102795+0j)
0.4266666666666667	0.18204444444444448	0.0003514230957615383	0.1823955862800564	0.0	(0.1823955862800564+0j)
0.43000000000000005	0.18490000000000004	0.0003567682763953362	0.18525651012560457	0.0	(0.18525651012560457+0j)
0.43333333333333335	0.1877777777777778	0.0003621499487244551	0.18813969192890428	0.0	(0.18813969192890428+0j)
0.4366666666666667	0.1906777777777778	0.00036756799959248855	0.19104513159978337	0.0	(0.19104513159978337+0j)
0.44	0.1936	0.0003730223151775847	0.19397282904670712	0.0	(0.19397282904670712+0j)
0.44333333333333336	0.19654444444444447	0.000378512780996898	0.1969227841767989	0.0	(0.1969227841767989+0j)
0.4466666666666667	0.19951111111111114	0.00038403928191107497	0.1998949968958812	0.0	(0.1998949968958812+0j)
0.45	0.2025	0.00038960170212869465	0.20288946710848482	0.0	(0.20288946710848482+0j)
0.45333333333333337	0.20551111111111114	0.00039519992521089845	0.20590619471789035	0.0	(0.20590619471789035+0j)
0.4566666666666667	0.2085444444444445	0.0004008338340758866	0.2089451796261461	0.0	(0.2089451796261461+0j)
0.46	0.2116	0.00040650331100345883	0.2120064217340952	0.0	(0.2120064217340952+0j)
0.4633333333333334	0.21467777777777783	0.000412208237639633	0.2150899209413974	0.0	(0.2150899209413974+0j)
0.4666666666666667	0.2177777777777778	0.00041794849500129686	0.21819567714655141	0.0	(0.21819567714655141+0j)
0.47000000000000003	0.22090000000000004	0.00042372396348071555	0.2213236902469194	0.0	(0.2213236902469194+0j)
0.4733333333333334	0.2240444444444445	0.0004295345228503167	0.22447396013874604	0.0	(0.22447396013874604+0j)
0.4766666666666667	0.2272111111111111	0.00043538005226725354	0.227646486717183	0.0	(0.227646486717183+0j)
0.48000000000000004	0.23040000000000005	0.0004412604302781453	0.23084126987630166	0.0	(0.23084126987630166+0j)
0.48333333333333334	0.2336111111111111	0.0004471755348237627	0.23405830950912357	0.0	(0.23405830950912357+0j)
0.4866666666666667	0.23684444444444447	0.00045312524324373496	0.23729760550762805	0.0	(0.23729760550762805+0j)
0.49000000000000005	0.24010000000000004	0.00045910943228133494	0.2405591577627751	0.0	(0.2405591577627751+0j)
0.49333333333333335	0.2433777777777778	0.00046512797808818674	0.24384296616452872	0.0	(0.24384296616452872+0j)
0.4966666666666667	0.2466777777777778	0.00047118075622907266	0.2471490306018697	0.0	(0.2471490306018697+0j)
0.5	0.25	0.0004772676416867072	0.2504773509628064	0.0	(0.2504773509628064+0j)
0.5033333333333334	0.25334444444444454	0.0004833885088665446	0.2538279271344038	0.0	(0.2538279271344038+0j)
0.5066666666666667	0.25671111111111117	0.0004895432316016635	0.2572007590027913	0.0	(0.2572007590027913+0j)
0.51	0.2601	0.0004957316831574965	0.26059584645317657	0.0	(0.26059584645317657+0j)
0.5133333333333334	0.2635111111111112	0.0005019537362368043	0.2640131893698731	0.0	(0.2640131893698731+0j)
0.5166666666666667	0.2669444444444445	0.0005082092629844715	0.26745278763630226	0.0	(0.26745278763630226+0j)
0.52	0.27040000000000003	0.000514498134992436	0.2709146411350114	0.0	(0.2709146411350114+0j)
0.5233333333333333	0.2738777777777778	0.0005208202233046077	0.27439874974769507	0.0	(0.27439874974769507+0j)
0.5266666666666667	0.27737777777777783	0.0005271753984217143	0.27790511335519785	0.0	(0.27790511335519785+0j)
0.53	0.28090000000000004	0.0005335635303063302	0.2814337318375359	0.0	(0.2814337318375359+0j)
0.5333333333333333	0.28444444444444444	0.000539984488387757	0.2849846050739107	0.0	(0.2849846050739107+0j)
0.5366666666666667	0.28801111111111116	0.0005464381415670516	0.2885577329427179	0.0	(0.2885577329427179+0j)
0.54	0.2916	0.000552924358221929	0.29215311532156624	0.0	(0.29215311532156624+0j)
0.5433333333333333	0.2952111111111111	0.0005594430062118183	0.29577075208728043	0.0	(0.29577075208728043+0j)
0.5466666666666667	0.2988444444444445	0.0005659939528828262	0.29941064311592347	0.0	(0.29941064311592347+0j)
0.55	0.30250000000000005	0.0005725770650727768	0.30307278828280465	0.0	(0.30307278828280465+0j)
0.5533333333333333	0.30617777777777777	0.0005791922091162472	0.30675718746249414	0.0	(0.30675718746249414+0j)
0.5566666666666668	0.30987777777777786	0.0005858392508495847	0.31046384052883425	0.0	(0.31046384052883425+0j)
0.56	0.31360000000000005	0.000592518055615976	0.31419274735494046	0.0	(0.31419274735494046+0j)
0.5633333333333334	0.3173444444444445	0.0005992284882705368	0.3179439078132294	0.0	(0.3179439078132294+0j)
0.5666666666666667	0.32111111111111107	0.0006059704131853527	0.32171732177542417	0.0	(0.32171732177542417+0j)
0.5700000000000001	0.3249000000000001	0.0006127436942545917	0.3255129891125636	0.0	(0.3255129891125636+0j)
0.5733333333333334	0.3287111111111111	0.0006195481948996162	0.32933090969500983	0.0	(0.32933090969500983+0j)
0.5766666666666667	0.3325444444444444	0.0006263837780740689	0.3331710833924676	0.0	(0.3331710833924676+0j)
0.5800000000000001	0.3364000000000001	0.000633250306269001	0.33703351007398497	0.0	(0.33703351007398497+0j)
0.5833333333333334	0.34027777777777785	0.0006401476415180297	0.34091818960797693	0.0	(0.34091818960797693+0j)
0.5866666666666667	0.3441777777777778	0.0006470756454024674	0.344825121862224	0.0	(0.344825121862224+0j)
0.5900000000000001	0.3481000000000001	0.0006540341790564564	0.34875430670388136	0.0	(0.34875430670388136+0j)
0.5933333333333334	0.3520444444444445	0.0006610231031721537	0.3527057439995031	0.0	(0.3527057439995031+0j)
0.5966666666666667	0.3560111111111111	0.0006680422780048989	0.3566794336150374	0.0	(0.3566794336150374+0j)
0.6000000000000001	0.3600000000000001	0.0006750915633783939	0.36067537541584654	0.0	(0.36067537541584654+0j)
0.6033333333333334	0.3640111111111112	0.0006821708186898813	0.36469356926670654	0.0	(0.36469356926670654+0j)
0.6066666666666667	0.36804444444444445	0.0006892799029153629	0.3687340150318337	0.0	(0.3687340150318337+0j)
0.61	0.3721	0.0006964186746147794	0.3727967125748612	0.0	(0.3727967125748612+0j)
0.6133333333333334	0.37617777777777783	0.0007035869919372328	0.37688166175889604	0.0	(0.37688166175889604+0j)
0.6166666666666667	0.3802777777777778	0.0007107847126262335	0.3809888624464851	0.0	(0.3809888624464851+0j)
0.62	0.3844	0.0007180116940248727	0.38511831449964423	0.0	(0.38511831449964423+0j)
0.6233333333333334	0.3885444444444445	0.0007252677930811081	0.3892700177798759	0.0	(0.3892700177798759+0j)
0.6266666666666667	0.3927111111111112	0.0007325528663529812	0.39344397214815285	0.0	(0.39344397214815285+0j)
0.63	0.39690000000000003	0.0007398667700138584	0.39764017746495306	0.0	(0.39764017746495306+0j)
0.6333333333333334	0.4011111111111112	0.0007472093598577035	0.40185863359024465	0.0	(0.40185863359024465+0j)
0.6366666666666667	0.4053444444444445	0.0007545804913043131	0.406099340383517	0.0	(0.406099340383517+0j)
0.64	0.4096	0.0007619800194046122	0.41036229770377963	0.0	(0.41036229770377963+0j)
0.6433333333333334	0.4138777777777779	0.0007694077988458837	0.41464750540956596	0.0	(0.41464750540956596+0j)
0.6466666666666667	0.41817777777777787	0.0007768636839570798	0.41895496335894644	0.0	(0.41895496335894644+0j)
0.65	0.42250000000000004	0.00078434752871408	0.42328467140954606	0.0	(0.42328467140954606+0j)
0.6533333333333333	0.4268444444444444	0.0007918591867449699	0.42763662941853114	0.0	(0.42763662941853114+0j)
0.6566666666666667	0.4312111111111112	0.0007993985113353586	0.43201083724263656	0.0	(0.43201083724263656+0j)
0.66	0.43560000000000004	0.0008069653554336198	0.4364072947381698	0.0	(0.4364072947381698+0j)
0.6633333333333333	0.44001111111111113	0.0008145595716562315	0.44082600176101616	0.0	(0.44082600176101616+0j)
0.6666666666666667	0.44444444444444453	0.0008221810122930663	0.445266958166649	0.0	(0.445266958166649+0j)
0.67	0.4489000000000001	0.0008298295293126479	0.4497301638101313	0.0	(0.4497301638101313+0j)
0.6733333333333333	0.45337777777777777	0.0008375049743675312	0.4542156185461426	0.0	(0.4542156185461426+0j)
0.6766666666666667	0.4578777777777779	0.0008452071987995247	0.4587233222289571	0.0	(0.4587233222289571+0j)
0.68	0.4624000000000001	0.0008529360536450592	0.4632532747124881	0.0	(0.4632532747124881+0j)
0.6833333333333333	0.46694444444444444	0.0008606913896404722	0.46780547585025695	0.0	(0.46780547585025695+0j)
0.6866666666666668	0.4715111111111112	0.0008684730572273259	0.47237992549543867	0.0	(0.47237992549543867+0j)
0.6900000000000001	0.4761000000000001	0.0008762809065576916	0.4769766235008379	0.0	(0.4769766235008379+0j)
0.6933333333333334	0.48071111111111114	0.0008841147874995181	0.48159556971891654	0.0	(0.48159556971891654+0j)
0.6966666666666667	0.4853444444444444	0.0008919745496418886	0.48623676400179383	0.0	(0.48623676400179383+0j)
0.7000000000000001	0.4900000000000001	0.0008998600423003656	0.4909002062012644	0.0	(0.4909002062012644+0j)
0.7033333333333334	0.4946777777777778	0.0009077711145222934	0.4955858961687878	0.0	(0.4955858961687878+0j)
0.7066666666666667	0.49937777777777775	0.000915707615092129	0.500293833755511	0.0	(0.500293833755511+0j)
0.7100000000000001	0.5041000000000001	0.0009236693925367357	0.505024018812262	0.0	(0.505024018812262+0j)
0.7133333333333334	0.5088444444444445	0.0009316562951306923	0.5097764511895885	0.0	(0.5097764511895885+0j)
0.7166666666666667	0.5136111111111111	0.0009396681709016226	0.5145511307377162	0.0	(0.5145511307377162+0j)
0.7200000000000001	0.5184000000000001	0.0009477048676355126	0.5193480573066108	0.0	(0.5193480573066108+0j)
0.7233333333333334	0.5232111111111112	0.00095576623288198	0.5241672307459407	0.0	(0.5241672307459407+0j)
0.7266666666666667	0.5280444444444444	0.0009638521139596263	0.5290086509051154	0.0	(0.5290086509051154+0j)
0.7300000000000001	0.5329000000000002	0.0009719623579613091	0.5338723176332741	0.0	(0.5338723176332741+0j)
0.7333333333333334	0.5377777777777779	0.000980096811759465	0.5387582307793046	0.0	(0.5387582307793046+0j)
0.7366666666666667	0.5426777777777778	0.0009882553220114027	0.5436663901918403	0.0	(0.5436663901918403+0j)
0.7400000000000001	0.5476000000000002	0.0009964377351645932	0.5485967957192805	0.0	(0.5485967957192805+0j)
0.7433333333333334	0.5525444444444445	0.001004643897461982	0.5535494472097914	0.0	(0.5535494472097914+0j)
0.7466666666666667	0.5575111111111112	0.0010128736549472577	0.5585243445113142	0.0	(0.5585243445113142+0j)
0.75	0.5625	0.0010211268534701557	0.5635214874715734	0.0	(0.5635214874715734+0j)
0.7533333333333334	0.5675111111111112	0.001029403338691734	0.5685408759380864	0.0	(0.5685408759380864+0j)
0.7566666666666667	0.5725444444444445	0.001037702956089659	0.5735825097581689	0.0	(0.5735825097581689+0j)
0.76	0.5776	0.0010460255509634614	0.5786463887789391	0.0	(0.5786463887789391+0j)
0.7633333333333334	0.582677777777778	0.0010543709684398383	0.5837325128473382	0.0	(0.5837325128473382+0j)
0.7666666666666667	0.5877777777777778	0.001062739053477879	0.58884088181013	0.0	(0.58884088181013+0j)
0.77	0.5929	0.0010711296508743612	0.5939714955139014	0.0	(0.5939714955139014+0j)
0.7733333333333334	0.5980444444444446	0.001079542605268985	0.599124353805088	0.0	(0.599124353805088+0j)
0.7766666666666667	0.6032111111111113	0.0010879777611496112	0.6042994565299721	0.0	(0.6042994565299721+0j)
0.78	0.6084	0.0010964349628575342	0.6094968035346887	0.0	(0.6094968035346887+0j)
0.7833333333333334	0.6136111111111112	0.00110491405459269	0.6147163946652442	0.0	(0.6147163946652442+0j)
0.7866666666666667	0.6188444444444445	0.0011134148804189086	0.6199582297675178	0.0	(0.6199582297675178+0j)
0.79	0.6241000000000001	0.0011219372842691034	0.6252223086872645	0.0	(0.6252223086872645+0j)
0.7933333333333333	0.6293777777777778	0.0011304811099505346	0.6305086312701436	0.0	(0.6305086312701436+0j)
0.7966666666666667	0.6346777777777779	0.001139046201149971	0.6358171973617105	0.0	(0.6358171973617105+0j)
0.8	0.6400000000000001	0.001147632401438914	0.6411480068074249	0.0	(0.6411480068074249+0j)
0.8033333333333333	0.6453444444444445	0.0011562395542788013	0.6465010594526808	0.0	(0.6465010594526808+0j)
0.8066666666666668	0.6507111111111112	0.0011648675030261596	0.6518763551428091	0.0	(0.6518763551428091+0j)
0.81	0.6561000000000001	0.0011735160909378097	0.6572738937230562	0.0	(0.6572738937230562+0j)
0.8133333333333334	0.6615111111111112	0.0011821851611760331	0.6626936750386487	0.0	(0.6626936750386487+0j)
0.8166666666666668	0.6669444444444446	0.0011908745568137093	0.6681356989347632	0.0	(0.6681356989347632+0j)
0.8200000000000001	0.6724000000000001	0.0011995841208394837	0.6735999652565531	0.0	(0.6735999652565531+0j)
0.8233333333333334	0.6778777777777778	0.0012083136961629076	0.6790864738491696	0.0	(0.6790864738491696+0j)
0.8266666666666668	0.683377777777778	0.0012170631256195692	0.684595224557756	0.0	(0.684595224557756+0j)
0.8300000000000001	0.6889000000000001	0.0012258322519762166	0.6901262172274805	0.0	(0.6901262172274805+0j)
0.8333333333333334	0.6944444444444445	0.001234620917935858	0.6956794517035291	0.0	(0.6956794517035291+0j)
0.8366666666666667	0.7000111111111111	0.0012434289661428788	0.701254927831133	0.0	(0.701254927831133+0j)
0.8400000000000001	0.7056000000000001	0.0012522562391881294	0.706852645455591	0.0	(0.706852645455591+0j)
0.8433333333333334	0.7112111111111112	0.0012611025796140014	0.7124726044222885	0.0	(0.7124726044222885+0j)
0.8466666666666667	0.7168444444444445	0.001269967829919494	0.7181148045766825	0.0	(0.7181148045766825+0j)
0.8500000000000001	0.7225000000000001	0.0012788518325652838	0.723779245764368	0.0	(0.723779245764368+0j)
0.8533333333333334	0.7281777777777779	0.0012877544299787658	0.729465927831062	0.0	(0.729465927831062+0j)
0.8566666666666667	0.7338777777777779	0.0012966754645590828	0.7351748506226445	0.0	(0.7351748506226445+0j)
0.8600000000000001	0.7396000000000001	0.001305614778682157	0.7409060139851923	0.0	(0.7409060139851923+0j)
0.8633333333333334	0.7453444444444446	0.0013145722147057115	0.7466594177649801	0.0	(0.7466594177649801+0j)
0.8666666666666667	0.7511111111111112	0.0013235476149742382	0.7524350618085269	0.0	(0.7524350618085269+0j)
0.8700000000000001	0.7569000000000002	0.0013325408218240271	0.7582329459626436	0.0	(0.7582329459626436+0j)
0.8733333333333334	0.7627111111111112	0.0013415516775880849	0.7640530700744259	0.0	(0.7640530700744259+0j)
0.8766666666666667	0.7685444444444445	0.001350580024601167	0.7698954339913425	0.0	(0.7698954339913425+0j)
0.88	0.7744	0.0013596257052046563	0.7757600375612569	0.0	(0.7757600375612569+0j)
0.8833333333333334	0.780277777777778	0.0013686885617515453	0.7816468806324781	0.0	(0.7816468806324781+0j)
0.8866666666666667	0.7861777777777779	0.0013777684366113277	0.7875559630538265	0.0	(0.7875559630538265+0j)
0.89	0.7921	0.0013868651721749324	0.7934872846746978	0.0	(0.7934872846746978+0j)
0.8933333333333334	0.7980444444444446	0.001395978610859587	0.7994408453451204	0.0	(0.7994408453451204+0j)
0.8966666666666667	0.8040111111111112	0.0014051085951137174	0.8054166449158743	0.0	(0.8054166449158743+0j)
0.9	0.81	0.0014142549674218035	0.8114146832385646	0.0	(0.8114146832385646+0j)
0.9033333333333334	0.8160111111111112	0.001423417570309231	0.8174349601657446	0.0	(0.8174349601657446+0j)
0.9066666666666667	0.8220444444444446	0.0014325962463471273	0.8234774755510378	0.0	(0.8234774755510378+0j)
0.91	0.8281000000000001	0.001441790838157174	0.8295422292493176	0.0	(0.8295422292493176+0j)
0.9133333333333334	0.834177777777778	0.0014510011884164191	0.835629221116861	0.0	(0.835629221116861+0j)
0.9166666666666667	0.8402777777777779	0.0014602271398620596	0.8417384510116088	0.0	(0.8417384510116088+0j)
0.92	0.8464	0.0014694685352962214	0.8478699187933864	0.0	(0.8478699187933864+0j)
0.9233333333333333	0.8525444444444444	0.0014787252175907054	0.854023624324246	0.0	(0.854023624324246+0j)
0.9266666666666667	0.8587111111111113	0.00148799702969174	0.8601995674688346	0.0	(0.8601995674688346+0j)
0.93	0.8649000000000001	0.0014972838146246935	0.8663977480948771	0.0	(0.8663977480948771+0j)
0.9333333333333333	0.8711111111111112	0.0015065854154987985	0.8726181660737669	0.0	(0.8726181660737669+0j)
0.9366666666666668	0.8773444444444446	0.001515901675511823	0.8788608212812685	0.0	(0.8788608212812685+0j)
0.9400000000000001	0.8836000000000002	0.0015252324379547615	0.8851257135984675	0.0	(0.8851257135984675+0j)
0.9433333333333334	0.8898777777777778	0.0015345775462164745	0.8914128429129231	0.0	(0.8914128429129231+0j)
0.9466666666666668	0.896177777777778	0.0015439368437883572	0.897722209120198	0.0	(0.897722209120198+0j)
0.9500000000000001	0.9025000000000001	0.0015533101742689253	0.904053812125854	0.0	(0.904053812125854+0j)
0.9533333333333334	0.9088444444444445	0.0015626973813684484	0.9104076518481208	0.0	(0.9104076518481208+0j)
0.9566666666666668	0.9152111111111113	0.0015720983089135276	0.9167837282215148	0.0	(0.9167837282215148+0j)
0.9600000000000001	0.9216000000000002	0.0015815128008516547	0.9231820412018421	0.0	(0.9231820412018421+0j)
0.9633333333333334	0.9280111111111112	0.0015909407012557762	0.929602590773323	0.0	(0.929602590773323+0j)
0.9666666666666667	0.9344444444444444	0.0016003818543288224	0.936045376958895	0.0	(0.936045376958895+0j)
0.9700000000000001	0.9409000000000002	0.0016098361044082174	0.942510399835794	0.0	(0.942510399835794+0j)
0.9733333333333334	0.9473777777777779	0.0016193032959703757	0.9489976595596651	0.0	(0.9489976595596651+0j)
0.9766666666666667	0.9538777777777778	0.0016287832736351746	0.9555071564038641	0.0	(0.9555071564038641+0j)
0.9800000000000001	0.9604000000000001	0.001638275882170419	0.9620388908268297	0.0	(0.9620388908268297+0j)
0.9833333333333334	0.9669444444444446	0.0016477809664962734	0.9685928635955704	0.0	(0.9685928635955704+0j)
0.9866666666666667	0.9735111111111112	0.0016572983716896764	0.9751690760326749	0.0	(0.9751690760326749+0j)
0.9900000000000001	0.9801000000000002	0.0016668279429887468	0.981767530571673	0.0	(0.981767530571673+0j)
0.9933333333333334	0.9867111111111112	0.0016763695257971626	0.9883882322359149	0.0	(0.9883882322359149+0j)
0.9966666666666667	0.9933444444444445	0.0016859229656885077	0.9950311937991742	0.0	(0.9950311937991742+0j)
1.0	1.0	0.0016954881084106242	1.001696466509356	0.0	(1.001696466509356+0j)
