-1.0	-1.0	-0.0022586777799217996	-1.0022597858168851	0.0	(-1.0022597858168851+0j)
-0.9975	-0.9950062500000001	-0.0022527605204774	-0.9972599386236255	0.0	(-0.9972599386236255+0j)
-0.995	-0.990025	-0.002246825899491879	-0.9922726650884629	0.0	(-0.9922726650884629+0j)
-0.9925	-0.9850562500000001	-0.002240873946538139	-0.9872979047613482	0.0	(-0.9872979047613482+0j)
-0.99	-0.9801	-0.0022349046922263585	-0.9823356424169165	0.0	(-0.9823356424169165+0j)
-0.9875	-0.9751562500000001	-0.00222891816821085	-0.9773858719661244	0.0	(-0.9773858719661244+0j)
-0.985	-0.970225	-0.0022229144071968863	-0.9724485903782456	0.0	(-0.9724485903782456+0j)
-0.9825	-0.96530625	-0.0022168934429474953	-0.9675237959364993	0.0	(-0.9675237959364993+0j)
-0.98	-0.9603999999999999	-0.0022108553102902113	-0.9626114875822941	0.0	(-0.9626114875822941+0j)
-0.9775	-0.9555062500000001	-0.0022048000451238034	-0.9577116646232684	0.0	(-0.9577116646232684+0j)
-0.975	-0.9506249999999999	-0.002198727684424948	-0.9528243265872931	0.0	(-0.9528243265872931+0j)
-0.9725	-0.9457562500000001	-0.002192638266254879	-0.9479494731427065	0.0	(-0.9479494731427065+0j)
-0.97	-0.9409	-0.002186531829765992	-0.9430871040518555	0.0	(-0.9430871040518555+0j)
-0.9675	-0.93605625	-0.002180408415208403	-0.938237219142416	0.0	(-0.938237219142416+0j)
-0.965	-0.931225	-0.002174268063936472	-0.9333998182890612	0.0	(-0.9333998182890612+0j)
-0.9625	-0.9264062500000001	-0.002168110818415283	-0.9285749014011793	0.0	(-0.9285749014011793+0j)
-0.96	-0.9216	-0.002161936722227071	-0.92376246841445	0.0	(-0.92376246841445+0j)
-0.9575	-0.91680625	-0.0021557458200776175	-0.9189625192849281	0.0	(-0.9189625192849281+0j)
-0.9550000000000001	-0.9120250000000001	-0.0021495381578025864	-0.9141750539847346	0.0	(-0.9141750539847346+0j)
-0.9525	-0.90725625	-0.0021433137823738207	-0.9094000724989106	0.0	(-0.9094000724989106+0j)
-0.9500000000000001	-0.9025000000000001	-0.0021370727419055854	-0.9046375748230507	0.0	(-0.9046375748230507+0j)
-0.9475	-0.89775625	-0.0021308150856607644	-0.8998875609615359	0.0	(-0.8998875609615359+0j)
-0.9450000000000001	-0.8930250000000001	-0.0021245408640570037	-0.8951500309260942	0.0	(-0.8951500309260942+0j)
-0.9425	-0.88830625	-0.0021182501286728	-0.8904249847347703	0.0	(-0.8904249847347703+0j)
-0.9400000000000001	-0.8836000000000002	-0.0021119429322535455	-0.8857124224110405	0.0	(-0.8857124224110405+0j)
-0.9375	-0.87890625	-0.002105619328717502	-0.8810123439831339	0.0	(-0.8810123439831339+0j)
-0.935	-0.8742250000000001	-0.0020992793731617375	-0.8763247494834814	0.0	(-0.8763247494834814+0j)
-0.9325	-0.86955625	-0.0020929231218679905	-0.8716496389482923	0.0	(-0.8716496389482923+0j)
-0.93	-0.8649000000000001	-0.0020865506323084863	-0.8669870124171472	0.0	(-0.8669870124171472+0j)
-0.9275	-0.86025625	-0.0020801619631516883	-0.8623368699327438	0.0	(-0.8623368699327438+0j)
-0.925	-0.8556250000000001	-0.0020737571742679927	-0.8576992115406145	0.0	(-0.8576992115406145+0j)
-0.9225	-0.85100625	-0.002067336326735356	-0.8530740372889267	0.0	(-0.8530740372889267+0j)
-0.92	-0.8464	-0.002060899482844871	-0.848461347228298	0.0	(-0.848461347228298+0j)
-0.9175	-0.84180625	-0.0020544467061062613	-0.8438611414116777	0.0	(-0.8438611414116777+0j)
-0.915	-0.8372250000000001	-0.002047978061253329	-0.8392734198941992	0.0	(-0.8392734198941992+0j)
-0.9125	-0.83265625	-0.0020414936142493247	-0.8346981827330628	0.0	(-0.8346981827330628+0j)
-0.91	-0.8281000000000001	-0.0020349934322922525	-0.8301354299874889	0.0	(-0.8301354299874889+0j)
-0.9075	-0.82355625	-0.0020284775838201054	-0.8255851617185812	0.0	(-0.8255851617185812+0j)
-0.905	-0.819025	-0.0020219461385160386	-0.8210473779893049	0.0	(-0.8210473779893049+0j)
-0.9025	-0.81450625	-0.0020153991673134575	-0.8165220788644273	0.0	(-0.8165220788644273+0j)
-0.9	-0.81	-0.0020088367424010486	-0.8120092644104379	0.0	(-0.8120092644104379+0j)
-0.8975	-0.80550625	-0.002002258937227723	-0.8075089346955282	0.0	(-0.8075089346955282+0j)
-0.895	-0.801025	-0.0019956658265075	-0.8030210897895456	0.0	(-0.8030210897895456+0j)
-0.8925000000000001	-0.7965562500000001	-0.001989057486224299	-0.7985457297639733	0.0	(-0.7985457297639733+0j)
-0.89	-0.7921	-0.0019824339936366673	-0.7940828546918807	0.0	(-0.7940828546918807+0j)
-0.8875000000000001	-0.7876562500000002	-0.0019757954272824267	-0.7896324646479231	0.0	(-0.7896324646479231+0j)
-0.885	-0.7832250000000001	-0.001969141866983234	-0.7851945597083024	0.0	(-0.7851945597083024+0j)
-0.8825000000000001	-0.7788062500000001	-0.0019624733938490716	-0.7807691399507517	0.0	(-0.7807691399507517+0j)
-0.88	-0.7744	-0.001955790090282644	-0.7763562054545288	0.0	(-0.7763562054545288+0j)
-0.8775000000000001	-0.7700062500000001	-0.0019490920399837066	-0.771955756300386	0.0	(-0.771955756300386+0j)
-0.875	-0.765625	-0.0019423793279532958	-0.7675677925705626	0.0	(-0.7675677925705626+0j)
-0.8725	-0.7612562500000001	-0.0019356520404978858	-0.7631923143487936	0.0	(-0.7631923143487936+0j)
-0.87	-0.7569	-0.0019289102652334479	-0.7588293217202661	0.0	(-0.7588293217202661+0j)
-0.8675	-0.75255625	-0.0019221540910894332	-0.7544788147716387	0.0	(-0.7544788147716387+0j)
-0.865	-0.748225	-0.001915383608312659	-0.7501407935910203	0.0	(-0.7501407935910203+0j)
-0.8625	-0.7439062500000001	-0.001908598908471107	-0.7458152582679616	0.0	(-0.7458152582679616+0j)
-0.86	-0.7395999999999999	-0.001901800084457634	-0.7415022088934643	0.0	(-0.7415022088934643+0j)
-0.8575	-0.73530625	-0.0018949872304935861	-0.73720164555995	0.0	(-0.73720164555995+0j)
-0.855	-0.7310249999999999	-0.0018881604421323213	-0.732913568361307	0.0	(-0.732913568361307+0j)
-0.8525	-0.7267562500000001	-0.0018813198162626367	-0.7286379773928113	0.0	(-0.7286379773928113+0j)
-0.85	-0.7224999999999999	-0.0018744654511121017	-0.7243748727511966	0.0	(-0.7243748727511966+0j)
-0.8475	-0.71825625	-0.0018675974462502968	-0.7201242545346062	0.0	(-0.7201242545346062+0j)
-0.845	-0.7140249999999999	-0.001860715902591945	-0.7158861228425992	0.0	(-0.7158861228425992+0j)
-0.8425	-0.7098062500000001	-0.0018538209223999556	-0.7116604777761759	0.0	(-0.7116604777761759+0j)
-0.84	-0.7055999999999999	-0.0018469126092883607	-0.7074473194377053	0.0	(-0.7074473194377053+0j)
-0.8375	-0.70140625	-0.0018399910682251525	-0.7032466479310475	0.0	(-0.7032466479310475+0j)
-0.835	-0.697225	-0.0018330564055350192	-0.6990584633614217	0.0	(-0.6990584633614217+0j)
-0.8325	-0.69305625	-0.0018261087289019762	-0.6948827658354542	0.0	(-0.6948827658354542+0j)
-0.8300000000000001	-0.6889000000000001	-0.0018191481473718903	-0.6907195554612247	0.0	(-0.6907195554612247+0j)
-0.8275	-0.6847562500000001	-0.001812174771354905	-0.6865688323482	0.0	(-0.6865688323482+0j)
-0.8250000000000001	-0.6806250000000001	-0.001805188712627752	-0.6824305966072699	0.0	(-0.6824305966072699+0j)
-0.8225	-0.67650625	-0.0017981900843359563	-0.6783048483507257	0.0	(-0.6783048483507257+0j)
-0.8200000000000001	-0.6724000000000001	-0.0017911790009959372	-0.6741915876922743	0.0	(-0.6741915876922743+0j)
-0.8175	-0.66830625	-0.0017841555784969918	-0.6700908147470419	0.0	(-0.6700908147470419+0j)
-0.8150000000000001	-0.6642250000000001	-0.001777119934103174	-0.6660025296315456	0.0	(-0.6660025296315456+0j)
-0.8125	-0.66015625	-0.0017700721864550555	-0.6619267324637247	0.0	(-0.6619267324637247+0j)
-0.81	-0.6561000000000001	-0.0017630124555713788	-0.6578634233629336	0.0	(-0.6578634233629336+0j)
-0.8075	-0.65205625	-0.0017559408628505927	-0.6538126024499342	0.0	(-0.6538126024499342+0j)
-0.805	-0.6480250000000001	-0.0017488575310722705	-0.6497742698468841	0.0	(-0.6497742698468841+0j)
-0.8025	-0.64400625	-0.0017417625843984211	-0.6457484256773678	0.0	(-0.6457484256773678+0j)
-0.8	-0.6400000000000001	-0.0017346561483746687	-0.6417350700663836	0.0	(-0.6417350700663836+0j)
-0.7975	-0.63600625	-0.0017275383499313257	-0.6377342031403093	0.0	(-0.6377342031403093+0j)
-0.795	-0.6320250000000001	-0.0017204093173843406	-0.6337458250269699	0.0	(-0.6337458250269699+0j)
-0.7925	-0.62805625	-0.0017132691804361286	-0.629769935855563	0.0	(-0.629769935855563+0j)
-0.79	-0.6241000000000001	-0.0017061180701762762	-0.6258065357567293	0.0	(-0.6258065357567293+0j)
-0.7875	-0.62015625	-0.001698956119082127	-0.6218556248624824	0.0	(-0.6218556248624824+0j)
-0.785	-0.616225	-0.0016917834610192467	-0.6179172033062845	0.0	(-0.6179172033062845+0j)
-0.7825	-0.6123062499999999	-0.0016846002312417537	-0.6139912712229618	0.0	(-0.6139912712229618+0j)
-0.78	-0.6084	-0.0016774065663925381	-0.6100778287487791	0.0	(-0.6100778287487791+0j)
-0.7775	-0.6045062499999999	-0.0016702026045033423	-0.60617687602138	0.0	(-0.60617687602138+0j)
-0.775	-0.6006250000000001	-0.0016629884849947243	-0.6022884131798486	0.0	(-0.6022884131798486+0j)
-0.7725	-0.59675625	-0.0016557643486758825	-0.5984124403646427	0.0	(-0.5984124403646427+0j)
-0.77	-0.5929	-0.0016485303377443618	-0.5945489577176326	0.0	(-0.5945489577176326+0j)
-0.7675000000000001	-0.5890562500000001	-0.0016412865957856253	-0.5906979653820957	0.0	(-0.5906979653820957+0j)
-0.765	-0.585225	-0.0016340332677724926	-0.5868594635027113	0.0	(-0.5868594635027113+0j)
-0.7625000000000001	-0.5814062500000001	-0.00162677050006445	-0.5830334522255439	0.0	(-0.5830334522255439+0j)
-0.76	-0.5776	-0.0016194984404068289	-0.5792199316980815	0.0	(-0.5792199316980815+0j)
-0.7575000000000001	-0.5738062500000001	-0.0016122172379298496	-0.5754189020691916	0.0	(-0.5754189020691916+0j)
-0.755	-0.570025	-0.0016049270431475263	-0.5716303634891434	0.0	(-0.5716303634891434+0j)
-0.7525000000000001	-0.5662562500000001	-0.0015976280079564482	-0.5678543161096021	0.0	(-0.5678543161096021+0j)
-0.75	-0.5625	-0.0015903202856344105	-0.5640907600836281	0.0	(-0.5640907600836281+0j)
-0.7475	-0.5587562500000001	-0.001583004030838925	-0.5603396955656601	0.0	(-0.5603396955656601+0j)
-0.745	-0.555025	-0.0015756793996055758	-0.5566011227115448	0.0	(-0.5566011227115448+0j)
-0.7425	-0.5513062500000001	-0.0015683465493462523	-0.5528750416785004	0.0	(-0.5528750416785004+0j)
-0.74	-0.5476	-0.0015610056388472334	-0.5491614526251416	0.0	(-0.5491614526251416+0j)
-0.7375	-0.54390625	-0.001553656828267137	-0.5454603557114629	0.0	(-0.5454603557114629+0j)
-0.735	-0.540225	-0.0015463002791347264	-0.5417717510988312	0.0	(-0.5417717510988312+0j)
-0.7325	-0.5365562500000001	-0.0015389361543465773	-0.5380956389500088	0.0	(-0.5380956389500088+0j)
-0.73	-0.5328999999999999	-0.0015315646181646005	-0.5344320194291154	0.0	(-0.5344320194291154+0j)
-0.7275	-0.5292562500000001	-0.0015241858362134285	-0.5307808927016497	0.0	(-0.5307808927016497+0j)
-0.725	-0.525625	-0.0015167999754776495	-0.5271422589344885	0.0	(-0.5271422589344885+0j)
-0.7225	-0.52200625	-0.0015094072042989041	-0.5235161182958687	0.0	(-0.5235161182958687+0j)
-0.72	-0.5184	-0.001502007692372837	-0.5199024709553934	0.0	(-0.5199024709553934+0j)
-0.7175	-0.51480625	-0.0014946016107459034	-0.5163013170840207	0.0	(-0.5163013170840207+0j)
-0.715	-0.5112249999999999	-0.0014871891318120247	-0.5127126568540736	0.0	(-0.5127126568540736+0j)
-0.7125	-0.50765625	-0.0014797704293091076	-0.5091364904392294	0.0	(-0.5091364904392294+0j)
-0.71	-0.5041	-0.0014723456783154055	-0.5055728180145046	0.0	(-0.5055728180145046+0j)
-0.7075	-0.50055625	-0.001464915055245743	-0.502021639756271	0.0	(-0.502021639756271+0j)
-0.705	-0.49702499999999994	-0.001457478737847583	-0.4984829558422544	0.0	(-0.4984829558422544+0j)
-0.7025	-0.49350625000000004	-0.001450036905196953	-0.4949567664514912	0.0	(-0.4949567664514912+0j)
-0.7000000000000001	-0.4900000000000001	-0.0014425897376942173	-0.49144307176438223	0.0	(-0.49144307176438223+0j)
-0.6975	-0.48650625000000003	-0.0014351374170596997	-0.48794187196263317	0.0	(-0.48794187196263317+0j)
-0.6950000000000001	-0.4830250000000001	-0.0014276801263291645	-0.48445316722929244	0.0	(-0.48445316722929244+0j)
-0.6925	-0.47955625	-0.0014202180498491318	-0.4809769577487236	0.0	(-0.4809769577487236+0j)
-0.6900000000000001	-0.4761000000000001	-0.0014127513732720598	-0.47751324370660614	0.0	(-0.47751324370660614+0j)
-0.6875	-0.47265625	-0.0014052802835513576	-0.4740620252899342	0.0	(-0.4740620252899342+0j)
-0.685	-0.46922500000000006	-0.001397804968936265	-0.4706233026870066	0.0	(-0.4706233026870066+0j)
-0.6825	-0.46580625	-0.0013903256189665642	-0.4671970760874229	0.0	(-0.4671970760874229+0j)
-0.68	-0.4624000000000001	-0.0013828424244671485	-0.4637833456820761	0.0	(-0.4637833456820761+0j)
-0.6775	-0.45900625	-0.0013753555775424333	-0.46038211166316323	0.0	(-0.46038211166316323+0j)
-0.675	-0.45562500000000006	-0.0013678652715706217	-0.45699337422414654	0.0	(-0.45699337422414654+0j)
-0.6725	-0.45225624999999997	-0.0013603717011978036	-0.45361713355978234	0.0	(-0.45361713355978234+0j)
-0.67	-0.4489000000000001	-0.001352875062331915	-0.4502533898660969	0.0	(-0.4502533898660969+0j)
-0.6675	-0.44555625	-0.0013453755521365338	-0.44690214334038136	0.0	(-0.44690214334038136+0j)
-0.665	-0.44222500000000003	-0.0013378733690245271	-0.4435633941811928	0.0	(-0.4435633941811928+0j)
-0.6625	-0.43890625	-0.0013303687126515395	-0.44023714258833696	0.0	(-0.44023714258833696+0j)
-0.66	-0.43560000000000004	-0.0013228617839093312	-0.43692338876287495	0.0	(-0.43692338876287495+0j)
-0.6575	-0.43230624999999995	-0.001315352784918955	-0.43362213290710505	0.0	(-0.43362213290710505+0j)
-0.655	-0.42902500000000005	-0.0013078419190237908	-0.43033337522456255	0.0	(-0.43033337522456255+0j)
-0.6525	-0.42575624999999995	-0.0013003293907824062	-0.4270571159200063	0.0	(-0.4270571159200063+0j)
-0.65	-0.42250000000000004	-0.0012928154059612812	-0.4237933551994256	0.0	(-0.4237933551994256+0j)
-0.6475	-0.41925624999999994	-0.0012853001715273631	-0.4205420932700137	0.0	(-0.4205420932700137+0j)
-0.645	-0.41602500000000003	-0.0012777838956404741	-0.4173033303401773	0.0	(-0.4173033303401773+0j)
-0.6425	-0.41280624999999993	-0.0012702667876455587	-0.41407706661951793	0.0	(-0.41407706661951793+0j)
-0.64	-0.4096	-0.0012627490580647807	-0.4108633023188336	0.0	(-0.4108633023188336+0j)
-0.6375000000000001	-0.4064062500000001	-0.0012552309185894597	-0.4076620376500883	0.0	(-0.4076620376500883+0j)
-0.635	-0.403225	-0.0012477125820718527	-0.4044732728264476	0.0	(-0.4044732728264476+0j)
-0.6325000000000001	-0.40005625000000006	-0.0012401942625167852	-0.40129700806221935	0.0	(-0.40129700806221935+0j)
-0.63	-0.39690000000000003	-0.0012326761750731182	-0.39813324357288654	0.0	(-0.39813324357288654+0j)
-0.6275000000000001	-0.3937562500000001	-0.0012251585360250694	-0.39498197957506764	0.0	(-0.39498197957506764+0j)
-0.625	-0.390625	-0.0012176415627833698	-0.39184321628653684	0.0	(-0.39184321628653684+0j)
-0.6225	-0.38750625000000005	-0.0012101254738762727	-0.388716953926196	0.0	(-0.388716953926196+0j)
-0.62	-0.3844	-0.0012026104889404034	-0.38560319271405774	0.0	(-0.38560319271405774+0j)
-0.6175	-0.38130625000000007	-0.0011950968287114542	-0.3825019328712647	0.0	(-0.3825019328712647+0j)
-0.615	-0.378225	-0.0011875847150147258	-0.37941317462005403	0.0	(-0.37941317462005403+0j)
-0.6125	-0.3751562500000001	-0.0011800743707555156	-0.37633691818376275	0.0	(-0.37633691818376275+0j)
-0.61	-0.3721	-0.0011725660199093458	-0.37327316378681136	0.0	(-0.37327316378681136+0j)
-0.6075	-0.36905625000000003	-0.0011650598875120443	-0.3702219116546912	0.0	(-0.3702219116546912+0j)
-0.605	-0.366025	-0.0011575561996496706	-0.3671831620139634	0.0	(-0.3671831620139634+0j)
-0.6025	-0.36300625000000003	-0.0011500551834482812	-0.3641569150922422	0.0	(-0.3641569150922422+0j)
-0.6	-0.36	-0.0011425570670635513	-0.36114317111818584	0.0	(-0.36114317111818584+0j)
-0.5975	-0.35700625	-0.001135062079670237	-0.35814193032148667	0.0	(-0.35814193032148667+0j)
-0.595	-0.354025	-0.0011275704514514887	-0.355153192932857	0.0	(-0.355153192932857+0j)
-0.5925	-0.35105625	-0.0011200824135880107	-0.35217695918402653	0.0	(-0.35217695918402653+0j)
-0.59	-0.34809999999999997	-0.0011125981982470696	-0.349213229307717	0.0	(-0.349213229307717+0j)
-0.5875	-0.34515625000000005	-0.00110511803857135	-0.3462620035376397	0.0	(-0.3462620035376397+0j)
-0.585	-0.34222499999999995	-0.0010976421686676602	-0.3433232821084901	0.0	(-0.3433232821084901+0j)
-0.5825	-0.33930625000000003	-0.0010901708235954894	-0.34039706525592617	0.0	(-0.34039706525592617+0j)
-0.58	-0.3364	-0.0010827042393554147	-0.3374833532165527	0.0	(-0.3374833532165527+0j)
-0.5775	-0.33350625	-0.0010752426528773534	-0.33458214622792565	0.0	(-0.33458214622792565+0j)
-0.5750000000000001	-0.33062500000000006	-0.0010677863020086738	-0.33169344452851673	0.0	(-0.33169344452851673+0j)
-0.5725	-0.32775625	-0.0010603354255021527	-0.3288172483577315	0.0	(-0.3288172483577315+0j)
-0.5700000000000001	-0.3249000000000001	-0.0010528902630037903	-0.3259535579558562	0.0	(-0.3259535579558562+0j)
-0.5675	-0.32205625	-0.0010454510550404715	-0.3231023735640942	0.0	(-0.3231023735640942+0j)
-0.5650000000000001	-0.3192250000000001	-0.0010380180430074875	-0.32026369542449806	0.0	(-0.32026369542449806+0j)
-0.5625	-0.31640625	-0.0010305914691559031	-0.31743752378000006	0.0	(-0.31743752378000006+0j)
-0.56	-0.31360000000000005	-0.0010231715765797935	-0.31462385887437977	0.0	(-0.31462385887437977+0j)
-0.5575	-0.31080625	-0.0010157586092033205	-0.31182270095224734	0.0	(-0.31182270095224734+0j)
-0.555	-0.30802500000000005	-0.0010083528117676738	-0.3090340502590396	0.0	(-0.3090340502590396+0j)
-0.5525	-0.30525625	-0.00100095442981787	-0.30625790704099837	0.0	(-0.30625790704099837+0j)
-0.55	-0.30250000000000005	-0.0009935637096894088	-0.3034942715451594	0.0	(-0.3034942715451594+0j)
-0.5475	-0.29975625	-0.0009861808984947804	-0.30074314401933294	0.0	(-0.30074314401933294+0j)
-0.545	-0.29702500000000004	-0.0009788062441098513	-0.2980045247120968	0.0	(-0.2980045247120968+0j)
-0.5425	-0.29430625	-0.000971439995160086	-0.2952784138727691	0.0	(-0.2952784138727691+0j)
-0.54	-0.2916	-0.000964082401006651	-0.29256481175140525	0.0	(-0.29256481175140525+0j)
-0.5375	-0.28890625	-0.0009567337117323695	-0.28986371859877297	0.0	(-0.28986371859877297+0j)
-0.535	-0.286225	-0.0009493941781275432	-0.28717513466634276	0.0	(-0.28717513466634276+0j)
-0.5325	-0.28355624999999995	-0.0009420640516756382	-0.28449906020626836	0.0	(-0.28449906020626836+0j)
-0.53	-0.28090000000000004	-0.0009347435845388372	-0.2818354954713686	0.0	(-0.2818354954713686+0j)
-0.5275	-0.27825625	-0.0009274330295434501	-0.27918444071510884	0.0	(-0.27918444071510884+0j)
-0.525	-0.275625	-0.0009201326401652083	-0.2765458961915969	0.0	(-0.2765458961915969+0j)
-0.5225	-0.27300624999999995	-0.0009128426705144098	-0.27391986215554454	0.0	(-0.27391986215554454+0j)
-0.52	-0.27040000000000003	-0.0009055633753209413	-0.27130633886226796	0.0	(-0.27130633886226796+0j)
-0.5175	-0.26780624999999997	-0.0008982950099191722	-0.2687053265676643	0.0	(-0.2687053265676643+0j)
-0.515	-0.265225	-0.0008910378302327223	-0.26611682552818156	0.0	(-0.26611682552818156+0j)
-0.5125	-0.26265625	-0.0008837920927590878	-0.26354083600082545	0.0	(-0.26354083600082545+0j)
-0.51	-0.2601	-0.0008765580545541635	-0.2609773582431156	0.0	(-0.2609773582431156+0j)
-0.5075000000000001	-0.25755625000000004	-0.0008693359732166194	-0.25842639251307176	0.0	(-0.25842639251307176+0j)
-0.505	-0.255025	-0.0008621261068721686	-0.25588793906921015	0.0	(-0.25588793906921015+0j)
-0.5025000000000001	-0.25250625000000004	-0.000854928714157703	-0.2533619981705053	0.0	(-0.2533619981705053+0j)
-0.5	-0.25	-0.0008477440542053121	-0.25084857007637523	0.0	(-0.25084857007637523+0j)
-0.4975	-0.24750625	-0.0008405723866261824	-0.2483476550466638	0.0	(-0.2483476550466638+0j)
-0.495	-0.245025	-0.0008334139714943741	-0.24585925334162007	0.0	(-0.24585925334162007+0j)
-0.4925	-0.24255625	-0.000826269069330489	-0.243383365221868	0.0	(-0.243383365221868+0j)
-0.49	-0.24009999999999998	-0.0008191379410852095	-0.24091999094840147	0.0	(-0.24091999094840147+0j)
-0.4875	-0.23765624999999999	-0.0008120208481227382	-0.23846913078254317	0.0	(-0.23846913078254317+0j)
-0.485	-0.235225	-0.0008049180522041095	-0.23603078498593374	0.0	(-0.23603078498593374+0j)
-0.4825	-0.23280625	-0.0007978298154704002	-0.23360495382050717	0.0	(-0.23360495382050717+0j)
-0.48	-0.2304	-0.0007907564004258274	-0.23119163754846755	0.0	(-0.23119163754846755+0j)
-0.47750000000000004	-0.22800625000000002	-0.0007836980699207317	-0.22879083643226378	0.0	(-0.22879083643226378+0j)
-0.47500000000000003	-0.22562500000000002	-0.0007766550871344626	-0.22640255073456172	0.0	(-0.22640255073456172+0j)
-0.47250000000000003	-0.22325625000000002	-0.0007696277155581515	-0.22402678071823007	0.0	(-0.22402678071823007+0j)
-0.47000000000000003	-0.22090000000000004	-0.0007626162189773807	-0.22166352664630445	0.0	(-0.22166352664630445+0j)
-0.4675	-0.21855625000000004	-0.0007556208614547491	-0.21931278878196567	0.0	(-0.21931278878196567+0j)
-0.465	-0.21622500000000003	-0.0007486419073123468	-0.2169745673885178	0.0	(-0.2169745673885178+0j)
-0.4625	-0.21390625000000002	-0.0007416796211141136	-0.21464886272935568	0.0	(-0.21464886272935568+0j)
-0.46	-0.2116	-0.0007347342676481107	-0.2123356750679417	0.0	(-0.2123356750679417+0j)
-0.4575	-0.20930625000000003	-0.0007278061119086916	-0.21003500466777444	0.0	(-0.21003500466777444+0j)
-0.455	-0.20702500000000001	-0.000720895419078587	-0.20774685179236146	0.0	(-0.20774685179236146+0j)
-0.4525	-0.20475625	-0.000714002454510878	-0.20547121670519547	0.0	(-0.20547121670519547+0j)
-0.45	-0.2025	-0.0007071274837109017	-0.20320809966971842	0.0	(-0.20320809966971842+0j)
-0.4475	-0.20025625	-0.000700270772318045	-0.20095750094929554	0.0	(-0.20095750094929554+0j)
-0.445	-0.198025	-0.0006934325860874662	-0.19871942080717783	0.0	(-0.19871942080717783+0j)
-0.4425	-0.19580625000000002	-0.000686613190871726	-0.19649385950648787	0.0	(-0.19649385950648787+0j)
-0.44	-0.1936	-0.0006798128526023282	-0.19428081731016408	0.0	(-0.19428081731016408+0j)
-0.4375	-0.19140625	-0.0006730318372711888	-0.19208029448094838	0.0	(-0.19208029448094838+0j)
-0.435	-0.189225	-0.0006662704109120107	-0.18989229128134189	0.0	(-0.18989229128134189+0j)
-0.4325	-0.18705625	-0.0006595288395815996	-0.18771680797357407	0.0	(-0.18771680797357407+0j)
-0.43	-0.18489999999999998	-0.0006528073893410785	-0.18555384481956805	0.0	(-0.18555384481956805+0j)
-0.4275	-0.18275624999999998	-0.0006461063262370435	-0.18340340208090286	0.0	(-0.18340340208090286+0j)
-0.425	-0.18062499999999998	-0.0006394259162826405	-0.1812654800187855	0.0	(-0.1812654800187855+0j)
-0.4225	-0.17850624999999998	-0.0006327664254385815	-0.1791400788940001	0.0	(-0.1791400788940001+0j)
-0.42	-0.17639999999999997	-0.0006261281195940661	-0.17702719896687913	0.0	(-0.17702719896687913+0j)
-0.4175	-0.17430625	-0.0006195112645476592	-0.1749268404972649	0.0	(-0.1749268404972649+0j)
-0.41500000000000004	-0.17222500000000002	-0.0006129161259881083	-0.17283900374446523	0.0	(-0.17283900374446523+0j)
-0.41250000000000003	-0.17015625000000004	-0.000606342969475053	-0.17076368896721683	0.0	(-0.17076368896721683+0j)
-0.41000000000000003	-0.16810000000000003	-0.0005997920604197418	-0.16870089642363914	0.0	(-0.16870089642363914+0j)
-0.40750000000000003	-0.16605625000000002	-0.0005932636640656186	-0.1666506263711928	0.0	(-0.1666506263711928+0j)
-0.405	-0.16402500000000003	-0.0005867580454689048	-0.1646128790666434	0.0	(-0.1646128790666434+0j)
-0.4025	-0.16200625000000002	-0.0005802754694791065	-0.1625876547660044	0.0	(-0.1625876547660044+0j)
-0.4	-0.16000000000000003	-0.000573816200719457	-0.16057495372450212	0.0	(-0.16057495372450212+0j)
-0.3975	-0.15800625000000001	-0.0005673805035673205	-0.1585747761965174	0.0	(-0.1585747761965174+0j)
-0.395	-0.15602500000000002	-0.0005609686421345517	-0.15658712243555467	0.0	(-0.15658712243555467+0j)
-0.3925	-0.15405625	-0.0005545808802478015	-0.1546119926941721	0.0	(-0.1546119926941721+0j)
-0.39	-0.1521	-0.0005482174814287671	-0.15264938722394666	0.0	(-0.15264938722394666+0j)
-0.3875	-0.15015625000000002	-0.0005418787088744201	-0.1506993062754123	0.0	(-0.1506993062754123+0j)
-0.385	-0.148225	-0.0005355648254371806	-0.1487617500980169	0.0	(-0.1487617500980169+0j)
-0.3825	-0.14630625	-0.000529276093605055	-0.14683671894005654	0.0	(-0.14683671894005654+0j)
-0.38	-0.1444	-0.0005230127754817307	-0.1449242130486275	0.0	(-0.1449242130486275+0j)
-0.3775	-0.14250625	-0.0005167751327666601	-0.14302423266956726	0.0	(-0.14302423266956726+0j)
-0.375	-0.140625	-0.0005105634267350778	-0.14113677804739097	0.0	(-0.14113677804739097+0j)
-0.3725	-0.13875625	-0.0005043779182180213	-0.13926184942523848	0.0	(-0.13926184942523848+0j)
-0.37	-0.1369	-0.0004982188675822979	-0.13739944704480858	0.0	(-0.13739944704480858+0j)
-0.3675	-0.13505625	-0.0004920865347104439	-0.1355495711462911	0.0	(-0.1355495711462911+0j)
-0.365	-0.13322499999999998	-0.00048598117898065313	-0.13371222196831245	0.0	(-0.13371222196831245+0j)
-0.3625	-0.13140625	-0.0004799030592466877	-0.1318873997478585	0.0	(-0.1318873997478585+0j)
-0.36	-0.1296	-0.0004738524338177563	-0.13007510472020864	0.0	(-0.13007510472020864+0j)
-0.3575	-0.12780624999999998	-0.0004678295604384056	-0.12827533711886618	0.0	(-0.12827533711886618+0j)
-0.355	-0.126025	-0.00046183469626836647	-0.12648809717548878	0.0	(-0.12648809717548878+0j)
-0.3525	-0.12425624999999998	-0.0004558680978624108	-0.12471338511980568	0.0	(-0.12471338511980568+0j)
-0.35000000000000003	-0.12250000000000003	-0.0004499300211501828	-0.12295120117954791	0.0	(-0.12295120117954791+0j)
-0.34750000000000003	-0.12075625000000002	-0.00044402072141603026	-0.1212015455803697	0.0	(-0.1212015455803697+0j)
-0.34500000000000003	-0.11902500000000002	-0.0004381404532788458	-0.1194644185457635	0.0	(-0.1194644185457635+0j)
-0.3425	-0.11730625000000001	-0.00043228947067187055	-0.11773982029697808	0.0	(-0.11773982029697808+0j)
-0.34	-0.11560000000000002	-0.0004264680268225296	-0.11602775105293459	0.0	(-0.11602775105293459+0j)
-0.3375	-0.11390625000000001	-0.0004206763742322595	-0.11432821103014058	0.0	(-0.11432821103014058+0j)
-0.335	-0.11222500000000002	-0.00041491476465632394	-0.11264120044259275	0.0	(-0.11264120044259275+0j)
-0.3325	-0.11055625000000001	-0.000409183449083686	-0.11096671950169328	0.0	(-0.11096671950169328+0j)
-0.33	-0.10890000000000001	-0.0004034826777168099	-0.10930476841614849	0.0	(-0.10930476841614849+0j)
-0.3275	-0.10725625000000001	-0.00039781269995155526	-0.10765534739187045	0.0	(-0.10765534739187045+0j)
-0.325	-0.10562500000000001	-0.00039217376435704	-0.10601845663187975	0.0	(-0.10601845663187975+0j)
-0.3225	-0.10400625000000001	-0.00038656611865551805	-0.10439409633619978	0.0	(-0.10439409633619978+0j)
-0.32	-0.1024	-0.0003809900097023061	-0.10278226670175085	0.0	(-0.10278226670175085+0j)
-0.3175	-0.10080625	-0.0003754456834656972	-0.10118296792223581	0.0	(-0.10118296792223581+0j)
-0.315	-0.09922500000000001	-0.0003699333850069292	-0.09959620018803496	0.0	(-0.09959620018803496+0j)
-0.3125	-0.09765625	-0.00036445335846015114	-0.09802196368608439	0.0	(-0.09802196368608439+0j)
-0.31	-0.0961	-0.00035900584701243634	-0.09646025859975667	0.0	(-0.09646025859975667+0j)
-0.3075	-0.09455625	-0.0003535910928838232	-0.09491108510873916	0.0	(-0.09491108510873916+0j)
-0.305	-0.093025	-0.0003482093373073897	-0.09337444338890646	0.0	(-0.09337444338890646+0j)
-0.3025	-0.09150625	-0.0003428608205093414	-0.09185033361218721	0.0	(-0.09185033361218721+0j)
-0.3	-0.09	-0.00033754578168919695	-0.09033875594643678	0.0	(-0.09033875594643678+0j)
-0.2975	-0.08850625	-0.00033226445899992854	-0.08883971055528836	0.0	(-0.08883971055528836+0j)
-0.295	-0.08702499999999999	-0.0003270170895282282	-0.08735319759801889	0.0	(-0.08735319759801889+0j)
-0.2925	-0.08555624999999999	-0.0003218039092747621	-0.0858792172293977	0.0	(-0.0858792172293977+0j)
-0.29	-0.0841	-0.0003166251531345005	-0.08441776959953551	0.0	(-0.08441776959953551+0j)
-0.28750000000000003	-0.08265625000000001	-0.00031148105487709414	-0.0829688548537291	0.0	(-0.0829688548537291+0j)
-0.28500000000000003	-0.08122500000000002	-0.0003063718471272958	-0.08153247313229771	0.0	(-0.08153247313229771+0j)
-0.28250000000000003	-0.07980625000000002	-0.00030129776134544265	-0.08010862457042194	0.0	(-0.08010862457042194+0j)
-0.28	-0.07840000000000001	-0.000296259027807988	-0.07869730929796463	0.0	(-0.07869730929796463+0j)
-0.2775	-0.07700625000000001	-0.0002912558755881173	-0.07729852743930367	0.0	(-0.07729852743930367+0j)
-0.275	-0.07562500000000001	-0.0002862885325363884	-0.07591227911314177	0.0	(-0.07591227911314177+0j)
-0.2725	-0.07425625000000001	-0.0002813572252614832	-0.07453856443232475	0.0	(-0.07453856443232475+0j)
-0.27	-0.0729	-0.0002764621791109645	-0.07317738350364378	0.0	(-0.07317738350364378+0j)
-0.2675	-0.07155625	-0.00027160361815218025	-0.07182873642763613	0.0	(-0.07182873642763613+0j)
-0.265	-0.07022500000000001	-0.0002667817651531651	-0.07049262329838334	0.0	(-0.07049262329838334+0j)
-0.2625	-0.06890625	-0.00026199684156366366	-0.06916904420329233	0.0	(-0.06916904420329233+0j)
-0.26	-0.06760000000000001	-0.000257249067496218	-0.0678579992228818	0.0	(-0.0678579992228818+0j)
-0.2575	-0.06630625	-0.00025253866170734665	-0.0665594884305537	0.0	(-0.0665594884305537+0j)
-0.255	-0.065025	-0.00024786584157874826	-0.06527351189236137	0.0	(-0.06527351189236137+0j)
-0.2525	-0.06375625	-0.00024323082309867796	-0.06400006966676892	0.0	(-0.06400006966676892+0j)
-0.25	-0.0625	-0.0002386338208433536	-0.06273916180440486	0.0	(-0.06273916180440486+0j)
-0.2475	-0.06125625	-0.0002340750479584375	-0.061490788347807614	0.0	(-0.061490788347807614+0j)
-0.245	-0.060024999999999995	-0.00022955471614066747	-0.060254949331164494	0.0	(-0.060254949331164494+0j)
-0.2425	-0.05880625	-0.00022507303561953852	-0.05903164478004019	0.0	(-0.05903164478004019+0j)
-0.24	-0.0576	-0.00022063021513906713	-0.0578208747111036	0.0	(-0.0578208747111036+0j)
-0.23750000000000002	-0.056406250000000005	-0.0002162264619397225	-0.056622639131841075	0.0	(-0.056622639131841075+0j)
-0.23500000000000001	-0.05522500000000001	-0.00021186198174035777	-0.05543693804026796	0.0	(-0.05543693804026796+0j)
-0.2325	-0.05405625000000001	-0.00020753697872034072	-0.05426377142463013	0.0	(-0.05426377142463013+0j)
-0.23	-0.0529	-0.00020325165550172942	-0.0531031392630995	0.0	(-0.0531031392630995+0j)
-0.2275	-0.051756250000000004	-0.00019900621313157508	-0.051955041523464265	0.0	(-0.051955041523464265+0j)
-0.225	-0.050625	-0.00019480085106434732	-0.05081947816281515	0.0	(-0.05081947816281515+0j)
-0.2225	-0.04950625	-0.00019063576714443143	-0.049696449127224596	0.0	(-0.049696449127224596+0j)
-0.22	-0.0484	-0.00018651115758879235	-0.048585954351425084	0.0	(-0.048585954351425084+0j)
-0.2175	-0.04730625	-0.0001824272169697161	-0.047487993758484	0.0	(-0.047487993758484+0j)
-0.215	-0.046224999999999995	-0.0001783841381976681	-0.04640256725948066	0.0	(-0.04640256725948066+0j)
-0.2125	-0.045156249999999995	-0.00017438211250433988	-0.045329674753183447	0.0	(-0.045329674753183447+0j)
-0.21	-0.04409999999999999	-0.00017042132942569622	-0.04426931612573355	0.0	(-0.04426931612573355+0j)
-0.20750000000000002	-0.043056250000000004	-0.0001665019767852716	-0.04322149125033485	0.0	(-0.04322149125033485+0j)
-0.20500000000000002	-0.04202500000000001	-0.00016262424067752247	-0.042186199986958293	0.0	(-0.042186199986958293+0j)
-0.2025	-0.04100625000000001	-0.0001587883054513295	-0.041163442182059765	0.0	(-0.041163442182059765+0j)
-0.2	-0.04000000000000001	-0.00015499435369363825	-0.04015321766832261	0.0	(-0.04015321766832261+0j)
-0.1975	-0.039006250000000006	-0.00015124256621321108	-0.03915552626442947	0.0	(-0.03915552626442947+0j)
-0.195	-0.038025	-0.00014753312202454573	-0.03817036777486695	0.0	(-0.03817036777486695+0j)
-0.1925	-0.03705625	-0.00014386619833191007	-0.03719774198978247	0.0	(-0.03719774198978247+0j)
-0.19	-0.0361	-0.0001402419705135438	-0.03623764868489529	0.0	(-0.03623764868489529+0j)
-0.1875	-0.03515625	-0.00013666061210594328	-0.0352900876214792	0.0	(-0.0352900876214792+0j)
-0.185	-0.034225	-0.00013312229478839034	-0.03435505854643435	0.0	(-0.03435505854643435+0j)
-0.1825	-0.033306249999999996	-0.0001296271883675315	-0.033432561192462934	0.0	(-0.033432561192462934+0j)
-0.18	-0.0324	-0.0001261754607621568	-0.03252259527837597	0.0	(-0.03252259527837597+0j)
-0.1775	-0.03150625	-0.00012276727798808952	-0.031625160509554204	0.0	(-0.031625160509554204+0j)
-0.17500000000000002	-0.030625000000000006	-0.00011940280414333149	-0.03074025657859611	0.0	(-0.03074025657859611+0j)
-0.17250000000000001	-0.029756250000000005	-0.00011608220139320836	-0.02986788316618938	0.0	(-0.02986788316618938+0j)
-0.17	-0.028900000000000006	-0.00011280562995580334	-0.029008039942251478	0.0	(-0.029008039942251478+0j)
-0.1675	-0.028056250000000005	-0.00010957324808749115	-0.028160726567387717	0.0	(-0.028160726567387717+0j)
-0.165	-0.027225000000000003	-0.00010638521206863817	-0.027325942694729644	0.0	(-0.027325942694729644+0j)
-0.1625	-0.026406250000000003	-0.00010324167618944725	-0.026503687972227574	0.0	(-0.026503687972227574+0j)
-0.16	-0.0256	-0.00010014279273602434	-0.025693962045474708	0.0	(-0.025693962045474708+0j)
-0.1575	-0.024806250000000002	-9.708871197656733e-05	-0.024896764561170334	0.0	(-0.024896764561170334+0j)
-0.155	-0.024025	-9.407958214771029e-05	-0.02411209517133025	0.0	(-0.02411209517133025+0j)
-0.1525	-0.02325625	-9.1115549441112e-05	-0.02333995353838637	0.0	(-0.02333995353838637+0j)
-0.15	-0.0225	-8.819675799012217e-05	-0.02258033934133205	0.0	(-0.02258033934133205+0j)
-0.1475	-0.021756249999999998	-8.532334985663637e-05	-0.021833252283097897	0.0	(-0.021833252283097897+0j)
-0.145	-0.021025	-8.2495465018273e-05	-0.021098692099377325	0.0	(-0.021098692099377325+0j)
-0.14250000000000002	-0.020306250000000005	-7.971324135545022e-05	-0.020376658569152984	0.0	(-0.020376658569152984+0j)
-0.14	-0.019600000000000003	-7.697681463896267e-05	-0.01966715152721206	0.0	(-0.01966715152721206+0j)
-0.1375	-0.018906250000000003	-7.428631851744694e-05	-0.01897017087899358	0.0	(-0.01897017087899358+0j)
-0.135	-0.018225	-7.164188450521358e-05	-0.018285716618146902	0.0	(-0.018285716618146902+0j)
-0.1325	-0.017556250000000002	-6.904364197029e-05	-0.01761378884724778	0.0	(-0.01761378884724778+0j)
-0.13	-0.016900000000000002	-6.649171812240784e-05	-0.016954387802169874	0.0	(-0.016954387802169874+0j)
-0.1275	-0.01625625	-6.398623800147884e-05	-0.01630751388067396	0.0	(-0.01630751388067396+0j)
-0.125	-0.015625	-6.152732446607079e-05	-0.015673167675840344	0.0	(-0.015673167675840344+0j)
-0.1225	-0.015006249999999999	-5.911509818210537e-05	-0.015051350015029805	0.0	(-0.015051350015029805+0j)
-0.12	-0.0144	-5.67496776118448e-05	-0.014442062005109897	0.0	(-0.014442062005109897+0j)
-0.11750000000000001	-0.013806250000000003	-5.443117900287842e-05	-0.013845305084722075	0.0	(-0.013845305084722075+0j)
-0.115	-0.013225	-5.215971637755335e-05	-0.013261081084376982	0.0	(-0.013261081084376982+0j)
-0.1125	-0.01265625	-4.993540152236076e-05	-0.012689392295137679	0.0	(-0.012689392295137679+0j)
-0.11	-0.0121	-4.775834397769963e-05	-0.012130241546565406	0.0	(-0.012130241546565406+0j)
-0.1075	-0.011556249999999999	-4.562865102775149e-05	-0.011583632294440538	0.0	(-0.011583632294440538+0j)
-0.105	-0.011024999999999998	-4.354642769057726e-05	-0.011049568718490204	0.0	(-0.011049568718490204+0j)
-0.10250000000000001	-0.010506250000000002	-4.151177670841388e-05	-0.010528055829941117	0.0	(-0.010528055829941117+0j)
-0.1	-0.010000000000000002	-3.952479853812641e-05	-0.010019099588109898	0.0	(-0.010019099588109898+0j)
-0.0975	-0.00950625	-3.7585591342104156e-05	-0.009522707024416256	0.0	(-0.009522707024416256+0j)
-0.095	-0.009025	-3.5694250978890456e-05	-0.009038886371121659	0.0	(-0.009038886371121659+0j)
-0.0925	-0.00855625	-3.385087099454509e-05	-0.008567647190714229	0.0	(-0.008567647190714229+0j)
-0.09	-0.0081	-3.205554261378474e-05	-0.008109000500196454	0.0	(-0.008109000500196454+0j)
-0.08750000000000001	-0.007656250000000002	-3.0308354731767298e-05	-0.007662958882604146	0.0	(-0.007662958882604146+0j)
-0.085	-0.007225000000000001	-2.8609393905565385e-05	-0.00722953657598785	0.0	(-0.00722953657598785+0j)
-0.0825	-0.006806250000000001	-2.6958744346305965e-05	-0.006808749527989135	0.0	(-0.006808749527989135+0j)
-0.08	-0.0064	-2.5356487911309956e-05	-0.006400615402296132	0.0	(-0.006400615402296132+0j)
-0.0775	-0.00600625	-2.380270409649832e-05	-0.006005153522013593	0.0	(-0.006005153522013593+0j)
-0.075	-0.005625	-2.229747002902016e-05	-0.005622384734759087	0.0	(-0.005622384734759087+0j)
-0.0725	-0.00525625	-2.0840860459836463e-05	-0.00525233118553645	0.0	(-0.00525233118553645+0j)
-0.07	-0.004900000000000001	-1.9432947757191954e-05	-0.004895015986525228	0.0	(-0.004895015986525228+0j)
-0.0675	-0.00455625	-1.80738018995541e-05	-0.004550462778040707	0.0	(-0.004550462778040707+0j)
-0.065	-0.0042250000000000005	-1.676349046926262e-05	-0.004218695181922489	0.0	(-0.004218695181922489+0j)
-0.0625	-0.00390625	-1.5502078646001395e-05	-0.003899736156898275	0.0	(-0.003899736156898275+0j)
-0.06	-0.0036	-1.4289629201069688e-05	-0.003593607273935946	0.0	(-0.003593607273935946+0j)
-0.0575	-0.00330625	-1.3126202491076101e-05	-0.0033003279366925625	0.0	(-0.0033003279366925625+0j)
-0.055	-0.003025	-1.201185645278713e-05	-0.003019914576081531	0.0	(-0.003019914576081531+0j)
-0.0525	-0.0027562499999999996	-1.0946646597620457e-05	-0.002752379846942067	0.0	(-0.002752379846942067+0j)
-0.05	-0.0025000000000000005	-9.930626005960619e-06	-0.0024977318473777287	0.0	(-0.0024977318473777287+0j)
-0.0475	-0.00225625	-8.963845322718101e-06	-0.002255973366623279	0.0	(-0.002255973366623279+0j)
-0.045	-0.002025	-8.046352752799636e-06	-0.0020271011448378317	0.0	(-0.0020271011448378317+0j)
-0.0425	-0.0018062500000000003	-7.178194055512677e-06	-0.0018111050975703068	0.0	(-0.0018111050975703068+0j)
-0.04	-0.0016	-6.359412541812049e-06	-0.0016079674175495638	0.0	(-0.0016079674175495638+0j)
-0.0375	-0.00140625	-5.590049069148507e-06	-0.001417661413668195	0.0	(-0.001417661413668195+0j)
-0.035	-0.0012250000000000002	-4.8701420375607545e-06	-0.0012401498745916255	0.0	(-0.0012401498745916255+0j)
-0.0325	-0.0010562500000000001	-4.199727387543817e-06	-0.001075382639318606	0.0	(-0.001075382639318606+0j)
-0.03	-0.0009	-3.578838594364697e-06	-0.0009232928967497264	0.0	(-0.0009232928967497264+0j)
-0.0275	-0.00075625	-3.007506667174198e-06	-0.0007837914837041421	0.0	(-0.0007837914837041421+0j)
-0.025	-0.0006250000000000001	-2.4857601445660296e-06	-0.0006567580468820322	0.0	(-0.0006567580468820322+0j)
-0.0225	-0.00050625	-2.0136250924451815e-06	-0.00054202729052141	0.0	(-0.00054202729052141+0j)
-0.02	-0.0004	-1.5911251026068387e-06	-0.0004393675307750075	0.0	(-0.0004393675307750075+0j)
-0.0175	-0.00030625000000000004	-1.2182812881178508e-06	-0.00034844731423748005	0.0	(-0.00034844731423748005+0j)
-0.015	-0.000225	-8.951122836720061e-07	-0.0002687840051172423	0.0	(-0.0002687840051172423+0j)
-0.0125	-0.00015625000000000003	-6.21634241326774e-07	-0.00019966676844613613	0.0	(-0.00019966676844613613+0j)
-0.01	-0.0001	-3.978608361876468e-07	-0.00014004797432650578	0.0	(-0.00014004797432650578+0j)
-0.0075	-5.625e-05	-2.2380324367077266e-07	-8.840847847114794e-05	0.0	(-8.840847847114794e-05+0j)
-0.005	-2.5e-05	-9.947017360900645e-08	-4.2634680514836565e-05	0.0	(-4.2634680514836565e-05+0j)
-0.0025	-6.25e-06	-2.486785888322629e-08	2.76742604526925e-17	-0.005959157555197747	(2.76742604526925e-17-0.005959157555197747j)
0.0025	6.25e-06	2.486785888322629e-08	2.76742604526925e-17	0.005959157555197747	(2.76742604526925e-17+0.005959157555197747j)
0.005	2.5e-05	9.947017360900645e-08	4.263468051474868e-05	0.0	(4.263468051474868e-05+0j)
0.0075	5.625e-05	2.2380324367077266e-07	8.840847847115034e-05	0.0	(8.840847847115034e-05+0j)
0.01	0.0001	3.978608361876468e-07	0.00014004797432647965	0.0	(0.00014004797432647965+0j)
0.0125	0.00015625000000000003	6.21634241326774e-07	0.0001996667684461241	0.0	(0.0001996667684461241+0j)
0.015	0.000225	8.951122836720061e-07	0.00026878400511719534	0.0	(0.00026878400511719534+0j)
0.0175	0.00030625000000000004	1.2182812881178508e-06	0.0003484473142374563	0.0	(0.0003484473142374563+0j)
0.02	0.0004	1.5911251026068387e-06	0.0004393675307750431	0.0	(0.0004393675307750431+0j)
0.0225	0.00050625	2.0136250924451815e-06	0.0005420272905214108	0.0	(0.0005420272905214108+0j)
0.025	0.0006250000000000001	2.4857601445660296e-06	0.0006567580468820426	0.0	(0.0006567580468820426+0j)
0.0275	0.00075625	3.007506667174198e-06	0.0007837914837041319	0.0	(0.0007837914837041319+0j)
0.03	0.0009	3.578838594364697e-06	0.0009232928967497541	0.0	(0.0009232928967497541+0j)
0.0325	0.0010562500000000001	4.199727387543817e-06	0.0010753826393185904	0.0	(0.0010753826393185904+0j)
0.035	0.0012250000000000002	4.8701420375607545e-06	0.0012401498745916392	0.0	(0.0012401498745916392+0j)
0.0375	0.00140625	5.590049069148507e-06	0.0014176614136681815	0.0	(0.0014176614136681815+0j)
0.04	0.0016	6.359412541812049e-06	0.001607967417549565	0.0	(0.001607967417549565+0j)
0.0425	0.0018062500000000003	7.178194055512677e-06	0.0018111050975702975	0.0	(0.0018111050975702975+0j)
0.045	0.002025	8.046352752799636e-06	0.002027101144837884	0.0	(0.002027101144837884+0j)
0.0475	0.00225625	8.963845322718101e-06	0.002255973366623275	0.0	(0.002255973366623275+0j)
0.05	0.0025000000000000005	9.930626005960619e-06	0.0024977318473777604	0.0	(0.0024977318473777604+0j)
0.0525	0.0027562499999999996	1.0946646597620457e-05	0.0027523798469420505	0.0	(0.0027523798469420505+0j)
0.055	0.003025	1.201185645278713e-05	0.003019914576081554	0.0	(0.003019914576081554+0j)
0.0575	0.00330625	1.3126202491076101e-05	0.003300327936692555	0.0	(0.003300327936692555+0j)
0.06	0.0036	1.4289629201069688e-05	0.003593607273935975	0.0	(0.003593607273935975+0j)
0.0625	0.00390625	1.5502078646001395e-05	0.0038997361568982257	0.0	(0.0038997361568982257+0j)
0.065	0.0042250000000000005	1.676349046926262e-05	0.004218695181922521	0.0	(0.004218695181922521+0j)
0.0675	0.00455625	1.80738018995541e-05	0.00455046277804068	0.0	(0.00455046277804068+0j)
0.07	0.004900000000000001	1.9432947757191954e-05	0.00489501598652523	0.0	(0.00489501598652523+0j)
0.0725	0.00525625	2.0840860459836463e-05	0.00525233118553643	0.0	(0.00525233118553643+0j)
0.075	0.005625	2.229747002902016e-05	0.005622384734759052	0.0	(0.005622384734759052+0j)
0.0775	0.00600625	2.380270409649832e-05	0.006005153522013599	0.0	(0.006005153522013599+0j)
0.08	0.0064	2.5356487911309956e-05	0.006400615402296134	0.0	(0.006400615402296134+0j)
0.0825	0.006806250000000001	2.6958744346305965e-05	0.00680874952798914	0.0	(0.00680874952798914+0j)
0.085	0.007225000000000001	2.8609393905565385e-05	0.0072295365759878424	0.0	(0.0072295365759878424+0j)
0.08750000000000001	0.007656250000000002	3.0308354731767298e-05	0.007662958882604172	0.0	(0.007662958882604172+0j)
0.09	0.0081	3.205554261378474e-05	0.008109000500196462	0.0	(0.008109000500196462+0j)
0.0925	0.00855625	3.385087099454509e-05	0.008567647190714234	0.0	(0.008567647190714234+0j)
0.095	0.009025	3.5694250978890456e-05	0.009038886371121631	0.0	(0.009038886371121631+0j)
0.0975	0.00950625	3.7585591342104156e-05	0.009522707024416224	0.0	(0.009522707024416224+0j)
0.1	0.010000000000000002	3.952479853812641e-05	0.010019099588109866	0.0	(0.010019099588109866+0j)
0.10250000000000001	0.010506250000000002	4.151177670841388e-05	0.01052805582994122	0.0	(0.01052805582994122+0j)
0.105	0.011024999999999998	4.354642769057726e-05	0.01104956871849016	0.0	(0.01104956871849016+0j)
0.1075	0.011556249999999999	4.562865102775149e-05	0.011583632294440555	0.0	(0.011583632294440555+0j)
0.11	0.0121	4.775834397769963e-05	0.012130241546565416	0.0	(0.012130241546565416+0j)
0.1125	0.01265625	4.993540152236076e-05	0.012689392295137648	0.0	(0.012689392295137648+0j)
0.115	0.013225	5.215971637755335e-05	0.013261081084377044	0.0	(0.013261081084377044+0j)
0.11750000000000001	0.013806250000000003	5.443117900287842e-05	0.013845305084721959	0.0	(0.013845305084721959+0j)
0.12	0.0144	5.67496776118448e-05	0.014442062005109902	0.0	(0.014442062005109902+0j)
0.1225	0.015006249999999999	5.911509818210537e-05	0.015051350015029805	0.0	(0.015051350015029805+0j)
0.125	0.015625	6.152732446607079e-05	0.015673167675840333	0.0	(0.015673167675840333+0j)
0.1275	0.01625625	6.398623800147884e-05	0.016307513880673967	0.0	(0.016307513880673967+0j)
0.13	0.016900000000000002	6.649171812240784e-05	0.016954387802169898	0.0	(0.016954387802169898+0j)
0.1325	0.017556250000000002	6.904364197029e-05	0.0176137888472478	0.0	(0.0176137888472478+0j)
0.135	0.018225	7.164188450521358e-05	0.01828571661814708	0.0	(0.01828571661814708+0j)
0.1375	0.018906250000000003	7.428631851744694e-05	0.018970170878993723	0.0	(0.018970170878993723+0j)
0.14	0.019600000000000003	7.697681463896267e-05	0.019667151527212098	0.0	(0.019667151527212098+0j)
0.14250000000000002	0.020306250000000005	7.971324135545022e-05	0.020376658569152935	0.0	(0.020376658569152935+0j)
0.145	0.021025	8.2495465018273e-05	0.02109869209937735	0.0	(0.02109869209937735+0j)
0.1475	0.021756249999999998	8.532334985663637e-05	0.021833252283097758	0.0	(0.021833252283097758+0j)
0.15	0.0225	8.819675799012217e-05	0.022580339341332124	0.0	(0.022580339341332124+0j)
0.1525	0.02325625	9.1115549441112e-05	0.023339953538386433	0.0	(0.023339953538386433+0j)
0.155	0.024025	9.407958214771029e-05	0.02411209517133026	0.0	(0.02411209517133026+0j)
0.1575	0.024806250000000002	9.708871197656733e-05	0.024896764561170303	0.0	(0.024896764561170303+0j)
0.16	0.0256	0.00010014279273602434	0.025693962045474784	0.0	(0.025693962045474784+0j)
0.1625	0.026406250000000003	0.00010324167618944725	0.026503687972227484	0.0	(0.026503687972227484+0j)
0.165	0.027225000000000003	0.00010638521206863817	0.027325942694729592	0.0	(0.027325942694729592+0j)
0.1675	0.028056250000000005	0.00010957324808749115	0.0281607265673876	0.0	(0.0281607265673876+0j)
0.17	0.028900000000000006	0.00011280562995580334	0.029008039942251592	0.0	(0.029008039942251592+0j)
0.17250000000000001	0.029756250000000005	0.00011608220139320836	0.02986788316618948	0.0	(0.02986788316618948+0j)
0.17500000000000002	0.030625000000000006	0.00011940280414333149	0.03074025657859622	0.0	(0.03074025657859622+0j)
0.1775	0.03150625	0.00012276727798808952	0.03162516050955447	0.0	(0.03162516050955447+0j)
0.18	0.0324	0.0001261754607621568	0.032522595278375976	0.0	(0.032522595278375976+0j)
0.1825	0.033306249999999996	0.0001296271883675315	0.03343256119246302	0.0	(0.03343256119246302+0j)
0.185	0.034225	0.00013312229478839034	0.03435505854643448	0.0	(0.03435505854643448+0j)
0.1875	0.03515625	0.00013666061210594328	0.035290087621479234	0.0	(0.035290087621479234+0j)
0.19	0.0361	0.0001402419705135438	0.03623764868489525	0.0	(0.03623764868489525+0j)
0.1925	0.03705625	0.00014386619833191007	0.0371977419897824	0.0	(0.0371977419897824+0j)
0.195	0.038025	0.00014753312202454573	0.038170367774866897	0.0	(0.038170367774866897+0j)
0.1975	0.039006250000000006	0.00015124256621321108	0.03915552626442928	0.0	(0.03915552626442928+0j)
0.2	0.04000000000000001	0.00015499435369363825	0.04015321766832275	0.0	(0.04015321766832275+0j)
0.2025	0.04100625000000001	0.0001587883054513295	0.041163442182059806	0.0	(0.041163442182059806+0j)
0.20500000000000002	0.04202500000000001	0.00016262424067752247	0.04218619998695827	0.0	(0.04218619998695827+0j)
0.20750000000000002	0.043056250000000004	0.0001665019767852716	0.043221491250334705	0.0	(0.043221491250334705+0j)
0.21	0.04409999999999999	0.00017042132942569622	0.04426931612573346	0.0	(0.04426931612573346+0j)
0.2125	0.045156249999999995	0.00017438211250433988	0.045329674753183384	0.0	(0.045329674753183384+0j)
0.215	0.046224999999999995	0.0001783841381976681	0.046402567259480484	0.0	(0.046402567259480484+0j)
0.2175	0.04730625	0.0001824272169697161	0.04748799375848408	0.0	(0.04748799375848408+0j)
0.22	0.0484	0.00018651115758879235	0.04858595435142508	0.0	(0.04858595435142508+0j)
0.2225	0.04950625	0.00019063576714443143	0.04969644912722479	0.0	(0.04969644912722479+0j)
0.225	0.050625	0.00019480085106434732	0.05081947816281525	0.0	(0.05081947816281525+0j)
0.2275	0.051756250000000004	0.00019900621313157508	0.05195504152346419	0.0	(0.05195504152346419+0j)
0.23	0.0529	0.00020325165550172942	0.053103139263099355	0.0	(0.053103139263099355+0j)
0.2325	0.05405625000000001	0.00020753697872034072	0.054263771424629896	0.0	(0.054263771424629896+0j)
0.23500000000000001	0.05522500000000001	0.00021186198174035777	0.05543693804026802	0.0	(0.05543693804026802+0j)
0.23750000000000002	0.056406250000000005	0.0002162264619397225	0.056622639131841214	0.0	(0.056622639131841214+0j)
0.24	0.0576	0.00022063021513906713	0.05782087471110348	0.0	(0.05782087471110348+0j)
0.2425	0.05880625	0.00022507303561953852	0.059031644780040395	0.0	(0.059031644780040395+0j)
0.245	0.060024999999999995	0.00022955471614066747	0.06025494933116462	0.0	(0.06025494933116462+0j)
0.2475	0.06125625	0.0002340750479584375	0.0614907883478078	0.0	(0.0614907883478078+0j)
0.25	0.0625	0.0002386338208433536	0.06273916180440539	0.0	(0.06273916180440539+0j)
0.2525	0.06375625	0.00024323082309867796	0.0640000696667687	0.0	(0.0640000696667687+0j)
0.255	0.065025	0.00024786584157874826	0.06527351189236186	0.0	(0.06527351189236186+0j)
0.2575	0.06630625	0.00025253866170734665	0.06655948843055387	0.0	(0.06655948843055387+0j)
0.26	0.06760000000000001	0.000257249067496218	0.06785799922288212	0.0	(0.06785799922288212+0j)
0.2625	0.06890625	0.00026199684156366366	0.0691690442032924	0.0	(0.0691690442032924+0j)
0.265	0.07022500000000001	0.0002667817651531651	0.07049262329838318	0.0	(0.07049262329838318+0j)
0.2675	0.07155625	0.00027160361815218025	0.0718287364276364	0.0	(0.0718287364276364+0j)
0.27	0.0729	0.0002764621791109645	0.07317738350364339	0.0	(0.07317738350364339+0j)
0.2725	0.07425625000000001	0.0002813572252614832	0.07453856443232479	0.0	(0.07453856443232479+0j)
0.275	0.07562500000000001	0.0002862885325363884	0.07591227911314158	0.0	(0.07591227911314158+0j)
0.2775	0.07700625000000001	0.0002912558755881173	0.07729852743930342	0.0	(0.07729852743930342+0j)
0.28	0.07840000000000001	0.000296259027807988	0.0786973092979646	0.0	(0.0786973092979646+0j)
0.28250000000000003	0.07980625000000002	0.00030129776134544265	0.08010862457042087	0.0	(0.08010862457042087+0j)
0.28500000000000003	0.08122500000000002	0.0003063718471272958	0.08153247313229785	0.0	(0.08153247313229785+0j)
0.28750000000000003	0.08265625000000001	0.00031148105487709414	0.082968854853729	0.0	(0.082968854853729+0j)
0.29	0.0841	0.0003166251531345005	0.08441776959953565	0.0	(0.08441776959953565+0j)
0.2925	0.08555624999999999	0.0003218039092747621	0.0858792172293979	0.0	(0.0858792172293979+0j)
0.295	0.08702499999999999	0.0003270170895282282	0.08735319759801892	0.0	(0.08735319759801892+0j)
0.2975	0.08850625	0.00033226445899992854	0.0888397105552887	0.0	(0.0888397105552887+0j)
0.3	0.09	0.00033754578168919695	0.09033875594643676	0.0	(0.09033875594643676+0j)
0.3025	0.09150625	0.0003428608205093414	0.09185033361218752	0.0	(0.09185033361218752+0j)
0.305	0.093025	0.0003482093373073897	0.09337444338890549	0.0	(0.09337444338890549+0j)
0.3075	0.09455625	0.0003535910928838232	0.09491108510873937	0.0	(0.09491108510873937+0j)
0.31	0.0961	0.00035900584701243634	0.09646025859975757	0.0	(0.09646025859975757+0j)
0.3125	0.09765625	0.00036445335846015114	0.0980219636860841	0.0	(0.0980219636860841+0j)
0.315	0.09922500000000001	0.0003699333850069292	0.09959620018803479	0.0	(0.09959620018803479+0j)
0.3175	0.10080625	0.0003754456834656972	0.10118296792223555	0.0	(0.10118296792223555+0j)
0.32	0.1024	0.0003809900097023061	0.10278226670175017	0.0	(0.10278226670175017+0j)
0.3225	0.10400625000000001	0.00038656611865551805	0.10439409633620043	0.0	(0.10439409633620043+0j)
0.325	0.10562500000000001	0.00039217376435704	0.1060184566318792	0.0	(0.1060184566318792+0j)
0.3275	0.10725625000000001	0.00039781269995155526	0.10765534739187012	0.0	(0.10765534739187012+0j)
0.33	0.10890000000000001	0.0004034826777168099	0.1093047684161481	0.0	(0.1093047684161481+0j)
0.3325	0.11055625000000001	0.000409183449083686	0.1109667195016941	0.0	(0.1109667195016941+0j)
0.335	0.11222500000000002	0.00041491476465632394	0.11264120044259249	0.0	(0.11264120044259249+0j)
0.3375	0.11390625000000001	0.0004206763742322595	0.11432821103013999	0.0	(0.11432821103013999+0j)
0.34	0.11560000000000002	0.0004264680268225296	0.11602775105293468	0.0	(0.11602775105293468+0j)
0.3425	0.11730625000000001	0.00043228947067187055	0.11773982029697819	0.0	(0.11773982029697819+0j)
0.34500000000000003	0.11902500000000002	0.0004381404532788458	0.11946441854576437	0.0	(0.11946441854576437+0j)
0.34750000000000003	0.12075625000000002	0.00044402072141603026	0.12120154558037048	0.0	(0.12120154558037048+0j)
0.35000000000000003	0.12250000000000003	0.0004499300211501828	0.12295120117954832	0.0	(0.12295120117954832+0j)
0.3525	0.12425624999999998	0.0004558680978624108	0.12471338511980526	0.0	(0.12471338511980526+0j)
0.355	0.126025	0.00046183469626836647	0.126488097175488	0.0	(0.126488097175488+0j)
0.3575	0.12780624999999998	0.0004678295604384056	0.12827533711886627	0.0	(0.12827533711886627+0j)
0.36	0.1296	0.0004738524338177563	0.13007510472020853	0.0	(0.13007510472020853+0j)
0.3625	0.13140625	0.0004799030592466877	0.13188739974785874	0.0	(0.13188739974785874+0j)
0.365	0.13322499999999998	0.00048598117898065313	0.13371222196831312	0.0	(0.13371222196831312+0j)
0.3675	0.13505625	0.0004920865347104439	0.13554957114629207	0.0	(0.13554957114629207+0j)
0.37	0.1369	0.0004982188675822979	0.13739944704480828	0.0	(0.13739944704480828+0j)
0.3725	0.13875625	0.0005043779182180213	0.13926184942523823	0.0	(0.13926184942523823+0j)
0.375	0.140625	0.0005105634267350778	0.1411367780473909	0.0	(0.1411367780473909+0j)
0.3775	0.14250625	0.0005167751327666601	0.14302423266956585	0.0	(0.14302423266956585+0j)
0.38	0.1444	0.0005230127754817307	0.1449242130486276	0.0	(0.1449242130486276+0j)
0.3825	0.14630625	0.000529276093605055	0.1468367189400567	0.0	(0.1468367189400567+0j)
0.385	0.148225	0.0005355648254371806	0.14876175009801704	0.0	(0.14876175009801704+0j)
0.3875	0.15015625000000002	0.0005418787088744201	0.15069930627541228	0.0	(0.15069930627541228+0j)
0.39	0.1521	0.0005482174814287671	0.1526493872239456	0.0	(0.1526493872239456+0j)
0.3925	0.15405625	0.0005545808802478015	0.15461199269417136	0.0	(0.15461199269417136+0j)
0.395	0.15602500000000002	0.0005609686421345517	0.1565871224355546	0.0	(0.1565871224355546+0j)
0.3975	0.15800625000000001	0.0005673805035673205	0.15857477619651777	0.0	(0.15857477619651777+0j)
0.4	0.16000000000000003	0.000573816200719457	0.16057495372450192	0.0	(0.16057495372450192+0j)
0.4025	0.16200625000000002	0.0005802754694791065	0.16258765476600415	0.0	(0.16258765476600415+0j)
0.405	0.16402500000000003	0.0005867580454689048	0.16461287906664274	0.0	(0.16461287906664274+0j)
0.40750000000000003	0.16605625000000002	0.0005932636640656186	0.16665062637119188	0.0	(0.16665062637119188+0j)
0.41000000000000003	0.16810000000000003	0.0005997920604197418	0.16870089642363836	0.0	(0.16870089642363836+0j)
0.41250000000000003	0.17015625000000004	0.000606342969475053	0.1707636889672171	0.0	(0.1707636889672171+0j)
0.41500000000000004	0.17222500000000002	0.0006129161259881083	0.17283900374446573	0.0	(0.17283900374446573+0j)
0.4175	0.17430625	0.0006195112645476592	0.17492684049726487	0.0	(0.17492684049726487+0j)
0.42	0.17639999999999997	0.0006261281195940661	0.17702719896687996	0.0	(0.17702719896687996+0j)
0.4225	0.17850624999999998	0.0006327664254385815	0.17914007889399933	0.0	(0.17914007889399933+0j)
0.425	0.18062499999999998	0.0006394259162826405	0.18126548001878584	0.0	(0.18126548001878584+0j)
0.4275	0.18275624999999998	0.0006461063262370435	0.18340340208090344	0.0	(0.18340340208090344+0j)
0.43	0.18489999999999998	0.0006528073893410785	0.18555384481956688	0.0	(0.18555384481956688+0j)
0.4325	0.18705625	0.0006595288395815996	0.18771680797357385	0.0	(0.18771680797357385+0j)
0.435	0.189225	0.0006662704109120107	0.189892291281342	0.0	(0.189892291281342+0j)
0.4375	0.19140625	0.0006730318372711888	0.19208029448094857	0.0	(0.19208029448094857+0j)
0.44	0.1936	0.0006798128526023282	0.19428081731016444	0.0	(0.19428081731016444+0j)
0.4425	0.19580625000000002	0.000686613190871726	0.1964938595064865	0.0	(0.1964938595064865+0j)
0.445	0.198025	0.0006934325860874662	0.1987194208071785	0.0	(0.1987194208071785+0j)
0.4475	0.20025625	0.000700270772318045	0.20095750094929493	0.0	(0.20095750094929493+0j)
0.45	0.2025	0.0007071274837109017	0.203208099669718	0.0	(0.203208099669718+0j)
0.4525	0.20475625	0.000714002454510878	0.20547121670519639	0.0	(0.20547121670519639+0j)
0.455	0.20702500000000001	0.000720895419078587	0.2077468517923629	0.0	(0.2077468517923629+0j)
0.4575	0.20930625000000003	0.0007278061119086916	0.21003500466777456	0.0	(0.21003500466777456+0j)
0.46	0.2116	0.0007347342676481107	0.21233567506794288	0.0	(0.21233567506794288+0j)
0.4625	0.21390625000000002	0.0007416796211141136	0.21464886272935593	0.0	(0.21464886272935593+0j)
0.465	0.21622500000000003	0.0007486419073123468	0.21697456738851864	0.0	(0.21697456738851864+0j)
0.4675	0.21855625000000004	0.0007556208614547491	0.21931278878196675	0.0	(0.21931278878196675+0j)
0.47000000000000003	0.22090000000000004	0.0007626162189773807	0.22166352664630343	0.0	(0.22166352664630343+0j)
0.47250000000000003	0.22325625000000002	0.0007696277155581515	0.22402678071823076	0.0	(0.22402678071823076+0j)
0.47500000000000003	0.22562500000000002	0.0007766550871344626	0.22640255073456178	0.0	(0.22640255073456178+0j)
0.47750000000000004	0.22800625000000002	0.0007836980699207317	0.22879083643226333	0.0	(0.22879083643226333+0j)
0.48	0.2304	0.0007907564004258274	0.23119163754846822	0.0	(0.23119163754846822+0j)
0.4825	0.23280625	0.0007978298154704002	0.23360495382050736	0.0	(0.23360495382050736+0j)
0.485	0.235225	0.0008049180522041095	0.23603078498593325	0.0	(0.23603078498593325+0j)
0.4875	0.23765624999999999	0.0008120208481227382	0.238469130782543	0.0	(0.238469130782543+0j)
0.49	0.24009999999999998	0.0008191379410852095	0.2409199909484012	0.0	(0.2409199909484012+0j)
0.4925	0.24255625	0.000826269069330489	0.24338336522187054	0.0	(0.24338336522187054+0j)
0.495	0.245025	0.0008334139714943741	0.2458592533416205	0.0	(0.2458592533416205+0j)
0.4975	0.24750625	0.0008405723866261824	0.2483476550466647	0.0	(0.2483476550466647+0j)
0.5	0.25	0.0008477440542053121	0.25084857007637695	0.0	(0.25084857007637695+0j)
0.5025000000000001	0.25250625000000004	0.000854928714157703	0.2533619981705057	0.0	(0.2533619981705057+0j)
0.505	0.255025	0.0008621261068721686	0.25588793906921137	0.0	(0.25588793906921137+0j)
0.5075000000000001	0.25755625000000004	0.0008693359732166194	0.25842639251307126	0.0	(0.25842639251307126+0j)
0.51	0.2601	0.0008765580545541635	0.2609773582431141	0.0	(0.2609773582431141+0j)
0.5125	0.26265625	0.0008837920927590878	0.2635408360008266	0.0	(0.2635408360008266+0j)
0.515	0.265225	0.0008910378302327223	0.26611682552818194	0.0	(0.26611682552818194+0j)
0.5175	0.26780624999999997	0.0008982950099191722	0.26870532656766366	0.0	(0.26870532656766366+0j)
0.52	0.27040000000000003	0.0009055633753209413	0.2713063388622692	0.0	(0.2713063388622692+0j)
0.5225	0.27300624999999995	0.0009128426705144098	0.27391986215554437	0.0	(0.27391986215554437+0j)
0.525	0.275625	0.0009201326401652083	0.27654589619159475	0.0	(0.27654589619159475+0j)
0.5275	0.27825625	0.0009274330295434501	0.27918444071510834	0.0	(0.27918444071510834+0j)
0.53	0.28090000000000004	0.0009347435845388372	0.2818354954713671	0.0	(0.2818354954713671+0j)
0.5325	0.28355624999999995	0.0009420640516756382	0.2844990602062686	0.0	(0.2844990602062686+0j)
0.535	0.286225	0.0009493941781275432	0.2871751346663414	0.0	(0.2871751346663414+0j)
0.5375	0.28890625	0.0009567337117323695	0.28986371859877236	0.0	(0.28986371859877236+0j)
0.54	0.2916	0.000964082401006651	0.2925648117514046	0.0	(0.2925648117514046+0j)
0.5425	0.29430625	0.000971439995160086	0.2952784138727679	0.0	(0.2952784138727679+0j)
0.545	0.29702500000000004	0.0009788062441098513	0.2980045247120958	0.0	(0.2980045247120958+0j)
0.5475	0.29975625	0.0009861808984947804	0.3007431440193333	0.0	(0.3007431440193333+0j)
0.55	0.30250000000000005	0.0009935637096894088	0.3034942715451603	0.0	(0.3034942715451603+0j)
0.5525	0.30525625	0.00100095442981787	0.30625790704099837	0.0	(0.30625790704099837+0j)
0.555	0.30802500000000005	0.0010083528117676738	0.30903405025904135	0.0	(0.30903405025904135+0j)
0.5575	0.31080625	0.0010157586092033205	0.31182270095224857	0.0	(0.31182270095224857+0j)
0.56	0.31360000000000005	0.0010231715765797935	0.31462385887437927	0.0	(0.31462385887437927+0j)
0.5625	0.31640625	0.0010305914691559031	0.31743752378000095	0.0	(0.31743752378000095+0j)
0.5650000000000001	0.3192250000000001	0.0010380180430074875	0.32026369542449906	0.0	(0.32026369542449906+0j)
0.5675	0.32205625	0.0010454510550404715	0.32310237356409355	0.0	(0.32310237356409355+0j)
0.5700000000000001	0.3249000000000001	0.0010528902630037903	0.3259535579558613	0.0	(0.3259535579558613+0j)
0.5725	0.32775625	0.0010603354255021527	0.3288172483577317	0.0	(0.3288172483577317+0j)
0.5750000000000001	0.33062500000000006	0.0010677863020086738	0.33169344452851834	0.0	(0.33169344452851834+0j)
0.5775	0.33350625	0.0010752426528773534	0.3345821462279214	0.0	(0.3345821462279214+0j)
0.58	0.3364	0.0010827042393554147	0.33748335321655254	0.0	(0.33748335321655254+0j)
0.5825	0.33930625000000003	0.0010901708235954894	0.34039706525592733	0.0	(0.34039706525592733+0j)
0.585	0.34222499999999995	0.0010976421686676602	0.3433232821084923	0.0	(0.3433232821084923+0j)
0.5875	0.34515625000000005	0.00110511803857135	0.3462620035376403	0.0	(0.3462620035376403+0j)
0.59	0.34809999999999997	0.0011125981982470696	0.34921322930771537	0.0	(0.34921322930771537+0j)
0.5925	0.35105625	0.0011200824135880107	0.3521769591840261	0.0	(0.3521769591840261+0j)
0.595	0.354025	0.0011275704514514887	0.3551531929328586	0.0	(0.3551531929328586+0j)
0.5975	0.35700625	0.001135062079670237	0.3581419303214857	0.0	(0.3581419303214857+0j)
0.6	0.36	0.0011425570670635513	0.3611431711181848	0.0	(0.3611431711181848+0j)
0.6025	0.36300625000000003	0.0011500551834482812	0.36415691509224324	0.0	(0.36415691509224324+0j)
0.605	0.366025	0.0011575561996496706	0.36718316201396056	0.0	(0.36718316201396056+0j)
0.6075	0.36905625000000003	0.0011650598875120443	0.3702219116546911	0.0	(0.3702219116546911+0j)
0.61	0.3721	0.0011725660199093458	0.37327316378681247	0.0	(0.37327316378681247+0j)
0.6125	0.3751562500000001	0.0011800743707555156	0.3763369181837638	0.0	(0.3763369181837638+0j)
0.615	0.378225	0.0011875847150147258	0.37941317462005125	0.0	(0.37941317462005125+0j)
0.6175	0.38130625000000007	0.0011950968287114542	0.38250193287126477	0.0	(0.38250193287126477+0j)
0.62	0.3844	0.0012026104889404034	0.38560319271405646	0.0	(0.38560319271405646+0j)
0.6225	0.38750625000000005	0.0012101254738762727	0.3887169539261951	0.0	(0.3887169539261951+0j)
0.625	0.390625	0.0012176415627833698	0.39184321628653684	0.0	(0.39184321628653684+0j)
0.6275000000000001	0.3937562500000001	0.0012251585360250694	0.3949819795750671	0.0	(0.3949819795750671+0j)
0.63	0.39690000000000003	0.0012326761750731182	0.398133243572882	0.0	(0.398133243572882+0j)
0.6325000000000001	0.40005625000000006	0.0012401942625167852	0.4012970080622186	0.0	(0.4012970080622186+0j)
0.635	0.403225	0.0012477125820718527	0.4044732728264453	0.0	(0.4044732728264453+0j)
0.6375000000000001	0.4064062500000001	0.0012552309185894597	0.4076620376500889	0.0	(0.4076620376500889+0j)
0.64	0.4096	0.0012627490580647807	0.41086330231883106	0.0	(0.41086330231883106+0j)
0.6425	0.41280624999999993	0.0012702667876455587	0.41407706661952104	0.0	(0.41407706661952104+0j)
0.645	0.41602500000000003	0.0012777838956404741	0.41730333034017664	0.0	(0.41730333034017664+0j)
0.6475	0.41925624999999994	0.0012853001715273631	0.42054209327001363	0.0	(0.42054209327001363+0j)
0.65	0.42250000000000004	0.0012928154059612812	0.42379335519942607	0.0	(0.42379335519942607+0j)
0.6525	0.42575624999999995	0.0013003293907824062	0.427057115920008	0.0	(0.427057115920008+0j)
0.655	0.42902500000000005	0.0013078419190237908	0.4303333752245607	0.0	(0.4303333752245607+0j)
0.6575	0.43230624999999995	0.001315352784918955	0.43362213290710455	0.0	(0.43362213290710455+0j)
0.66	0.43560000000000004	0.0013228617839093312	0.43692338876287734	0.0	(0.43692338876287734+0j)
0.6625	0.43890625	0.0013303687126515395	0.4402371425883367	0.0	(0.4402371425883367+0j)
0.665	0.44222500000000003	0.0013378733690245271	0.44356339418119356	0.0	(0.44356339418119356+0j)
0.6675	0.44555625	0.0013453755521365338	0.44690214334038025	0.0	(0.44690214334038025+0j)
0.67	0.4489000000000001	0.001352875062331915	0.4502533898660968	0.0	(0.4502533898660968+0j)
0.6725	0.45225624999999997	0.0013603717011978036	0.45361713355978295	0.0	(0.45361713355978295+0j)
0.675	0.45562500000000006	0.0013678652715706217	0.45699337422414604	0.0	(0.45699337422414604+0j)
0.6775	0.45900625	0.0013753555775424333	0.4603821116631633	0.0	(0.4603821116631633+0j)
0.68	0.4624000000000001	0.0013828424244671485	0.4637833456820781	0.0	(0.4637833456820781+0j)
0.6825	0.46580625	0.0013903256189665642	0.46719707608742184	0.0	(0.46719707608742184+0j)
0.685	0.46922500000000006	0.001397804968936265	0.4706233026870099	0.0	(0.4706233026870099+0j)
0.6875	0.47265625	0.0014052802835513576	0.47406202528993296	0.0	(0.47406202528993296+0j)
0.6900000000000001	0.4761000000000001	0.0014127513732720598	0.47751324370660897	0.0	(0.47751324370660897+0j)
0.6925	0.47955625	0.0014202180498491318	0.4809769577487246	0.0	(0.4809769577487246+0j)
0.6950000000000001	0.4830250000000001	0.0014276801263291645	0.48445316722929394	0.0	(0.48445316722929394+0j)
0.6975	0.48650625000000003	0.0014351374170596997	0.4879418719626332	0.0	(0.4879418719626332+0j)
0.7000000000000001	0.4900000000000001	0.0014425897376942173	0.4914430717643791	0.0	(0.4914430717643791+0j)
0.7025	0.49350625000000004	0.001450036905196953	0.49495676645149106	0.0	(0.49495676645149106+0j)
0.705	0.49702499999999994	0.001457478737847583	0.49848295584225294	0.0	(0.49848295584225294+0j)
0.7075	0.50055625	0.001464915055245743	0.5020216397562741	0.0	(0.5020216397562741+0j)
0.71	0.5041	0.0014723456783154055	0.5055728180145063	0.0	(0.5055728180145063+0j)
0.7125	0.50765625	0.0014797704293091076	0.5091364904392288	0.0	(0.5091364904392288+0j)
0.715	0.5112249999999999	0.0014871891318120247	0.5127126568540762	0.0	(0.5127126568540762+0j)
0.7175	0.51480625	0.0014946016107459034	0.5163013170840273	0.0	(0.5163013170840273+0j)
0.72	0.5184	0.001502007692372837	0.5199024709553959	0.0	(0.5199024709553959+0j)
0.7225	0.52200625	0.0015094072042989041	0.5235161182958694	0.0	(0.5235161182958694+0j)
0.725	0.525625	0.0015167999754776495	0.5271422589344918	0.0	(0.5271422589344918+0j)
0.7275	0.5292562500000001	0.0015241858362134285	0.5307808927016515	0.0	(0.5307808927016515+0j)
0.73	0.5328999999999999	0.0015315646181646005	0.5344320194291151	0.0	(0.5344320194291151+0j)
0.7325	0.5365562500000001	0.0015389361543465773	0.5380956389500132	0.0	(0.5380956389500132+0j)
0.735	0.540225	0.0015463002791347264	0.5417717510988305	0.0	(0.5417717510988305+0j)
0.7375	0.54390625	0.001553656828267137	0.5454603557114618	0.0	(0.5454603557114618+0j)
0.74	0.5476	0.0015610056388472334	0.5491614526251435	0.0	(0.5491614526251435+0j)
0.7425	0.5513062500000001	0.0015683465493462523	0.5528750416785017	0.0	(0.5528750416785017+0j)
0.745	0.555025	0.0015756793996055758	0.5566011227115465	0.0	(0.5566011227115465+0j)
0.7475	0.5587562500000001	0.001583004030838925	0.5603396955656675	0.0	(0.5603396955656675+0j)
0.75	0.5625	0.0015903202856344105	0.5640907600836242	0.0	(0.5640907600836242+0j)
0.7525000000000001	0.5662562500000001	0.0015976280079564482	0.5678543161096021	0.0	(0.5678543161096021+0j)
0.755	0.570025	0.0016049270431475263	0.571630363489142	0.0	(0.571630363489142+0j)
0.7575000000000001	0.5738062500000001	0.0016122172379298496	0.5754189020691954	0.0	(0.5754189020691954+0j)
0.76	0.5776	0.0016194984404068289	0.5792199316980777	0.0	(0.5792199316980777+0j)
0.7625000000000001	0.5814062500000001	0.00162677050006445	0.5830334522255437	0.0	(0.5830334522255437+0j)
0.765	0.585225	0.0016340332677724926	0.5868594635027062	0.0	(0.5868594635027062+0j)
0.7675000000000001	0.5890562500000001	0.0016412865957856253	0.5906979653820921	0.0	(0.5906979653820921+0j)
0.77	0.5929	0.0016485303377443618	0.5945489577176405	0.0	(0.5945489577176405+0j)
0.7725	0.59675625	0.0016557643486758825	0.5984124403646366	0.0	(0.5984124403646366+0j)
0.775	0.6006250000000001	0.0016629884849947243	0.6022884131798478	0.0	(0.6022884131798478+0j)
0.7775	0.6045062499999999	0.0016702026045033423	0.6061768760213824	0.0	(0.6061768760213824+0j)
0.78	0.6084	0.0016774065663925381	0.6100778287487754	0.0	(0.6100778287487754+0j)
0.7825	0.6123062499999999	0.0016846002312417537	0.6139912712229618	0.0	(0.6139912712229618+0j)
0.785	0.616225	0.0016917834610192467	0.6179172033062839	0.0	(0.6179172033062839+0j)
0.7875	0.62015625	0.001698956119082127	0.6218556248624943	0.0	(0.6218556248624943+0j)
0.79	0.6241000000000001	0.0017061180701762762	0.6258065357567307	0.0	(0.6258065357567307+0j)
0.7925	0.62805625	0.0017132691804361286	0.6297699358555663	0.0	(0.6297699358555663+0j)
0.795	0.6320250000000001	0.0017204093173843406	0.6337458250269711	0.0	(0.6337458250269711+0j)
0.7975	0.63600625	0.0017275383499313257	0.6377342031403159	0.0	(0.6377342031403159+0j)
0.8	0.6400000000000001	0.0017346561483746687	0.6417350700663847	0.0	(0.6417350700663847+0j)
0.8025	0.64400625	0.0017417625843984211	0.6457484256773688	0.0	(0.6457484256773688+0j)
0.805	0.6480250000000001	0.0017488575310722705	0.649774269846888	0.0	(0.649774269846888+0j)
0.8075	0.65205625	0.0017559408628505927	0.6538126024499328	0.0	(0.6538126024499328+0j)
0.81	0.6561000000000001	0.0017630124555713788	0.6578634233629373	0.0	(0.6578634233629373+0j)
0.8125	0.66015625	0.0017700721864550555	0.661926732463724	0.0	(0.661926732463724+0j)
0.8150000000000001	0.6642250000000001	0.001777119934103174	0.6660025296315387	0.0	(0.6660025296315387+0j)
0.8175	0.66830625	0.0017841555784969918	0.6700908147470386	0.0	(0.6700908147470386+0j)
0.8200000000000001	0.6724000000000001	0.0017911790009959372	0.6741915876922794	0.0	(0.6741915876922794+0j)
0.8225	0.67650625	0.0017981900843359563	0.6783048483507301	0.0	(0.6783048483507301+0j)
0.8250000000000001	0.6806250000000001	0.001805188712627752	0.6824305966072683	0.0	(0.6824305966072683+0j)
0.8275	0.6847562500000001	0.001812174771354905	0.6865688323482004	0.0	(0.6865688323482004+0j)
0.8300000000000001	0.6889000000000001	0.0018191481473718903	0.6907195554612244	0.0	(0.6907195554612244+0j)
0.8325	0.69305625	0.0018261087289019762	0.6948827658354512	0.0	(0.6948827658354512+0j)
0.835	0.697225	0.0018330564055350192	0.6990584633614115	0.0	(0.6990584633614115+0j)
0.8375	0.70140625	0.0018399910682251525	0.7032466479310502	0.0	(0.7032466479310502+0j)
0.84	0.7055999999999999	0.0018469126092883607	0.7074473194377081	0.0	(0.7074473194377081+0j)
0.8425	0.7098062500000001	0.0018538209223999556	0.7116604777761674	0.0	(0.7116604777761674+0j)
0.845	0.7140249999999999	0.001860715902591945	0.7158861228426029	0.0	(0.7158861228426029+0j)
0.8475	0.71825625	0.0018675974462502968	0.7201242545346049	0.0	(0.7201242545346049+0j)
0.85	0.7224999999999999	0.0018744654511121017	0.7243748727512029	0.0	(0.7243748727512029+0j)
0.8525	0.7267562500000001	0.0018813198162626367	0.7286379773928104	0.0	(0.7286379773928104+0j)
0.855	0.7310249999999999	0.0018881604421323213	0.7329135683613044	0.0	(0.7329135683613044+0j)
0.8575	0.73530625	0.0018949872304935861	0.737201645559957	0.0	(0.737201645559957+0j)
0.86	0.7395999999999999	0.001901800084457634	0.7415022088934653	0.0	(0.7415022088934653+0j)
0.8625	0.7439062500000001	0.001908598908471107	0.7458152582679655	0.0	(0.7458152582679655+0j)
0.865	0.748225	0.001915383608312659	0.7501407935910243	0.0	(0.7501407935910243+0j)
0.8675	0.75255625	0.0019221540910894332	0.7544788147716437	0.0	(0.7544788147716437+0j)
0.87	0.7569	0.0019289102652334479	0.758829321720266	0.0	(0.758829321720266+0j)
0.8725	0.7612562500000001	0.0019356520404978858	0.7631923143487962	0.0	(0.7631923143487962+0j)
0.875	0.765625	0.0019423793279532958	0.7675677925705627	0.0	(0.7675677925705627+0j)
0.8775000000000001	0.7700062500000001	0.0019490920399837066	0.7719557563003902	0.0	(0.7719557563003902+0j)
0.88	0.7744	0.001955790090282644	0.7763562054545255	0.0	(0.7763562054545255+0j)
0.8825000000000001	0.7788062500000001	0.0019624733938490716	0.7807691399507561	0.0	(0.7807691399507561+0j)
0.885	0.7832250000000001	0.001969141866983234	0.7851945597083053	0.0	(0.7851945597083053+0j)
0.8875000000000001	0.7876562500000002	0.0019757954272824267	0.7896324646479298	0.0	(0.7896324646479298+0j)
0.89	0.7921	0.0019824339936366673	0.7940828546918817	0.0	(0.7940828546918817+0j)
0.8925000000000001	0.7965562500000001	0.001989057486224299	0.7985457297639693	0.0	(0.7985457297639693+0j)
0.895	0.801025	0.0019956658265075	0.8030210897895462	0.0	(0.8030210897895462+0j)
0.8975	0.80550625	0.002002258937227723	0.8075089346955223	0.0	(0.8075089346955223+0j)
0.9	0.81	0.0020088367424010486	0.8120092644104436	0.0	(0.8120092644104436+0j)
0.9025	0.81450625	0.0020153991673134575	0.8165220788644327	0.0	(0.8165220788644327+0j)
0.905	0.819025	0.0020219461385160386	0.821047377989304	0.0	(0.821047377989304+0j)
0.9075	0.82355625	0.0020284775838201054	0.8255851617185713	0.0	(0.8255851617185713+0j)
0.91	0.8281000000000001	0.0020349934322922525	0.8301354299874842	0.0	(0.8301354299874842+0j)
0.9125	0.83265625	0.0020414936142493247	0.8346981827330691	0.0	(0.8346981827330691+0j)
0.915	0.8372250000000001	0.002047978061253329	0.8392734198941973	0.0	(0.8392734198941973+0j)
0.9175	0.84180625	0.0020544467061062613	0.8438611414116777	0.0	(0.8438611414116777+0j)
0.92	0.8464	0.002060899482844871	0.8484613472282952	0.0	(0.8484613472282952+0j)
0.9225	0.85100625	0.002067336326735356	0.8530740372889243	0.0	(0.8530740372889243+0j)
0.925	0.8556250000000001	0.0020737571742679927	0.8576992115406193	0.0	(0.8576992115406193+0j)
0.9275	0.86025625	0.0020801619631516883	0.8623368699327473	0.0	(0.8623368699327473+0j)
0.93	0.8649000000000001	0.0020865506323084863	0.8669870124171514	0.0	(0.8669870124171514+0j)
0.9325	0.86955625	0.0020929231218679905	0.8716496389482914	0.0	(0.8716496389482914+0j)
0.935	0.8742250000000001	0.0020992793731617375	0.876324749483481	0.0	(0.876324749483481+0j)
0.9375	0.87890625	0.002105619328717502	0.8810123439831282	0.0	(0.8810123439831282+0j)
0.9400000000000001	0.8836000000000002	0.0021119429322535455	0.8857124224110386	0.0	(0.8857124224110386+0j)
0.9425	0.88830625	0.0021182501286728	0.8904249847347697	0.0	(0.8904249847347697+0j)
0.9450000000000001	0.8930250000000001	0.0021245408640570037	0.8951500309260961	0.0	(0.8951500309260961+0j)
0.9475	0.89775625	0.0021308150856607644	0.8998875609615336	0.0	(0.8998875609615336+0j)
0.9500000000000001	0.9025000000000001	0.0021370727419055854	0.9046375748230506	0.0	(0.9046375748230506+0j)
0.9525	0.90725625	0.0021433137823738207	0.9094000724989081	0.0	(0.9094000724989081+0j)
0.9550000000000001	0.9120250000000001	0.0021495381578025864	0.9141750539847341	0.0	(0.9141750539847341+0j)
0.9575	0.91680625	0.0021557458200776175	0.9189625192849253	0.0	(0.9189625192849253+0j)
0.96	0.9216	0.002161936722227071	0.9237624684144498	0.0	(0.9237624684144498+0j)
0.9625	0.9264062500000001	0.002168110818415283	0.9285749014011748	0.0	(0.9285749014011748+0j)
0.965	0.931225	0.002174268063936472	0.9333998182890637	0.0	(0.9333998182890637+0j)
0.9675	0.93605625	0.002180408415208403	0.9382372191424136	0.0	(0.9382372191424136+0j)
0.97	0.9409	0.002186531829765992	0.9430871040518507	0.0	(0.9430871040518507+0j)
0.9725	0.9457562500000001	0.002192638266254879	0.9479494731427055	0.0	(0.9479494731427055+0j)
0.975	0.9506249999999999	0.002198727684424948	0.9528243265872935	0.0	(0.9528243265872935+0j)
0.9775	0.9555062500000001	0.0022048000451238034	0.9577116646232695	0.0	(0.9577116646232695+0j)
0.98	0.9603999999999999	0.0022108553102902113	0.962611487582291	0.0	(0.962611487582291+0j)
0.9825	0.96530625	0.0022168934429474953	0.9675237959364995	0.0	(0.9675237959364995+0j)
0.985	0.970225	0.0022229144071968863	0.9724485903782477	0.0	(0.9724485903782477+0j)
0.9875	0.9751562500000001	0.00222891816821085	0.9773858719661256	0.0	(0.9773858719661256+0j)
0.99	0.9801	0.0022349046922263585	0.9823356424169231	0.0	(0.9823356424169231+0j)
0.9925	0.9850562500000001	0.002240873946538139	0.9872979047613549	0.0	(0.9872979047613549+0j)
0.995	0.990025	0.002246825899491879	0.9922726650884686	0.0	(0.9922726650884686+0j)
0.9975	0.9950062500000001	0.0022527605204774	0.9972599386236315	0.0	(0.9972599386236315+0j)
1.0	1.0	0.0022586777799217996	1.0022597858168893	0.0	(1.0022597858168893+0j)
