-1.0	-1.0	-0.00015597184423005745	-1.0001560168505768	0.0	(-1.0001560168505768+0j)
-0.9966666666666667	-0.9933444444444445	-0.00015595051699414018	-0.9935004273633096	0.0	(-0.9935004273633096+0j)
-0.9933333333333334	-0.9867111111111112	-0.00015592897469446493	-0.9868670662803435	0.0	(-0.9868670662803435+0j)
-0.9900000000000001	-0.9801000000000002	-0.00015590721442967936	-0.9802559293397425	0.0	(-0.9802559293397425+0j)
-0.9866666666666667	-0.9735111111111112	-0.00015588523324933906	-0.9736670154758496	0.0	(-0.9736670154758496+0j)
-0.9833333333333334	-0.9669444444444446	-0.00015586302815290756	-0.9671003242617989	0.0	(-0.9671003242617989+0j)
-0.9800000000000001	-0.9604000000000001	-0.00015584059608873217	-0.960555855483096	0.0	(-0.960555855483096+0j)
-0.9766666666666667	-0.9538777777777778	-0.0001558179339529955	-0.9540336090159497	0.0	(-0.9540336090159497+0j)
-0.9733333333333334	-0.9473777777777779	-0.00015579503858864177	-0.9475335847817168	0.0	(-0.9475335847817168+0j)
-0.9700000000000001	-0.9409000000000002	-0.0001557719067842772	-0.9410557827266539	0.0	(-0.9410557827266539+0j)
-0.9666666666666667	-0.9344444444444444	-0.00015574853527304384	-0.9346002028118897	0.0	(-0.9346002028118897+0j)
-0.9633333333333334	-0.9280111111111112	-0.0001557249207314661	-0.9281668450078956	0.0	(-0.9281668450078956+0j)
-0.9600000000000001	-0.9216000000000002	-0.00015570105977826915	-0.9217557092913526	0.0	(-0.9217557092913526+0j)
-0.9566666666666668	-0.9152111111111113	-0.00015567694897316848	-0.9153667956431613	0.0	(-0.9153667956431613+0j)
-0.9533333333333334	-0.9088444444444445	-0.00015565258481562986	-0.9090001040472249	0.0	(-0.9090001040472249+0j)
-0.9500000000000001	-0.9025000000000001	-0.0001556279637435985	-0.9026556344896128	0.0	(-0.9026556344896128+0j)
-0.9466666666666668	-0.896177777777778	-0.00015560308213219724	-0.8963333869580103	0.0	(-0.8963333869580103+0j)
-0.9433333333333334	-0.8898777777777778	-0.00015557793629239215	-0.8900333614413194	0.0	(-0.8900333614413194+0j)
-0.9400000000000001	-0.8836000000000002	-0.0001555525224696252	-0.8837555579293992	0.0	(-0.8837555579293992+0j)
-0.9366666666666668	-0.8773444444444446	-0.00015552683684241255	-0.8774999764128669	0.0	(-0.8774999764128669+0j)
-0.9333333333333333	-0.8711111111111112	-0.00015550087552090795	-0.8712666168828974	0.0	(-0.8712666168828974+0j)
-0.93	-0.8649000000000001	-0.00015547463454542996	-0.865055479331194	0.0	(-0.865055479331194+0j)
-0.9266666666666667	-0.8587111111111113	-0.00015544810988495197	-0.858866563749836	0.0	(-0.858866563749836+0j)
-0.9233333333333333	-0.8525444444444444	-0.00015542129743555404	-0.8526998701312553	0.0	(-0.8526998701312553+0j)
-0.92	-0.8464	-0.00015539419301883542	-0.8465553984681508	0.0	(-0.8465553984681508+0j)
-0.9166666666666667	-0.8402777777777779	-0.0001553667923802866	-0.8404331487534787	0.0	(-0.8404331487534787+0j)
-0.9133333333333334	-0.834177777777778	-0.00015533909118761952	-0.8343331209803931	0.0	(-0.8343331209803931+0j)
-0.91	-0.8281000000000001	-0.0001553110850290552	-0.8282553151422264	0.0	(-0.8282553151422264+0j)
-0.9066666666666667	-0.8220444444444446	-0.000155282769411567	-0.8221997312324647	0.0	(-0.8221997312324647+0j)
-0.9033333333333334	-0.8160111111111112	-0.00015525413975907838	-0.8161663692447165	0.0	(-0.8161663692447165+0j)
-0.9	-0.81	-0.00015522519141061397	-0.8101552291727067	0.0	(-0.8101552291727067+0j)
-0.8966666666666667	-0.8040111111111112	-0.00015519591961840257	-0.8041663110102518	0.0	(-0.8041663110102518+0j)
-0.8933333333333334	-0.7980444444444446	-0.00015516631954593007	-0.7981996147512316	0.0	(-0.7981996147512316+0j)
-0.89	-0.7921	-0.00015513638626594168	-0.792255140389598	0.0	(-0.792255140389598+0j)
-0.8866666666666667	-0.7861777777777779	-0.0001551061147583913	-0.7863328879193213	0.0	(-0.7863328879193213+0j)
-0.8833333333333334	-0.780277777777778	-0.0001550754999083366	-0.780432857334427	0.0	(-0.780432857334427+0j)
-0.88	-0.7744	-0.0001550445365037782	-0.7745550486289308	0.0	(-0.7745550486289308+0j)
-0.8766666666666667	-0.7685444444444445	-0.00015501321923344126	-0.7686994617968715	0.0	(-0.7686994617968715+0j)
-0.8733333333333334	-0.7627111111111112	-0.0001549815426844976	-0.7628660968322429	0.0	(-0.7628660968322429+0j)
-0.8700000000000001	-0.7569000000000002	-0.00015494950134022683	-0.7570549537290518	0.0	(-0.7570549537290518+0j)
-0.8666666666666667	-0.7511111111111112	-0.00015491708957761412	-0.7512660324812476	0.0	(-0.7512660324812476+0j)
-0.8633333333333334	-0.7453444444444446	-0.00015488430166488306	-0.7454993330827376	0.0	(-0.7454993330827376+0j)
-0.8600000000000001	-0.7396000000000001	-0.00015485113175896145	-0.7397548555273811	0.0	(-0.7397548555273811+0j)
-0.8566666666666667	-0.7338777777777779	-0.00015481757390287793	-0.7340325998089805	0.0	(-0.7340325998089805+0j)
-0.8533333333333334	-0.7281777777777779	-0.00015478362202308717	-0.7283325659212371	0.0	(-0.7283325659212371+0j)
-0.8500000000000001	-0.7225000000000001	-0.00015474926992672177	-0.7226547538577988	0.0	(-0.7226547538577988+0j)
-0.8466666666666667	-0.7168444444444445	-0.0001547145112987679	-0.7169991636122073	0.0	(-0.7169991636122073+0j)
-0.8433333333333334	-0.7112111111111112	-0.0001546793396991629	-0.7113657951779111	0.0	(-0.7113657951779111+0j)
-0.8400000000000001	-0.7056000000000001	-0.00015464374855981213	-0.7057546485482614	0.0	(-0.7057546485482614+0j)
-0.8366666666666667	-0.7000111111111111	-0.0001546077311815223	-0.7001657237164999	0.0	(-0.7001657237164999+0j)
-0.8333333333333334	-0.6944444444444445	-0.00015457128073084877	-0.6945990206757418	0.0	(-0.6945990206757418+0j)
-0.8300000000000001	-0.6889000000000001	-0.00015453439023685412	-0.6890545394189848	0.0	(-0.6890545394189848+0j)
-0.8266666666666668	-0.683377777777778	-0.0001544970525877751	-0.6835322799391067	0.0	(-0.6835322799391067+0j)
-0.8233333333333334	-0.6778777777777778	-0.0001544592605275948	-0.6780322422288377	0.0	(-0.6780322422288377+0j)
-0.8200000000000001	-0.6724000000000001	-0.00015442100665251715	-0.6725544262807834	0.0	(-0.6725544262807834+0j)
-0.8166666666666668	-0.6669444444444446	-0.0001543822834073404	-0.6670988320873948	0.0	(-0.6670988320873948+0j)
-0.8133333333333334	-0.6615111111111112	-0.00015434308308172654	-0.6616654596409857	0.0	(-0.6616654596409857+0j)
-0.81	-0.6561000000000001	-0.0001543033978063628	-0.65625430893371	0.0	(-0.65625430893371+0j)
-0.8066666666666668	-0.6507111111111112	-0.00015426321954901219	-0.6508653799575563	0.0	(-0.6508653799575563+0j)
-0.8033333333333333	-0.6453444444444445	-0.00015422254011044858	-0.6454986727043696	0.0	(-0.6454986727043696+0j)
-0.8	-0.6400000000000001	-0.00015418135112027368	-0.6401541871658087	0.0	(-0.6401541871658087+0j)
-0.7966666666666667	-0.6346777777777779	-0.00015413964403261055	-0.6348319233333759	0.0	(-0.6348319233333759+0j)
-0.7933333333333333	-0.6293777777777778	-0.00015409741012167069	-0.6295318811983833	0.0	(-0.6295318811983833+0j)
-0.79	-0.6241000000000001	-0.00015405464047718966	-0.6242540607519698	0.0	(-0.6242540607519698+0j)
-0.7866666666666667	-0.6188444444444445	-0.00015401132599972712	-0.6189984619850886	0.0	(-0.6189984619850886+0j)
-0.7833333333333334	-0.6136111111111112	-0.00015396745739582656	-0.6137650848884911	0.0	(-0.6137650848884911+0j)
-0.78	-0.6084	-0.00015392302517302993	-0.6085539294527423	0.0	(-0.6085539294527423+0j)
-0.7766666666666667	-0.6032111111111113	-0.00015387801963474216	-0.6033649956681935	0.0	(-0.6033649956681935+0j)
-0.7733333333333334	-0.5980444444444446	-0.00015383243087494042	-0.598198283525007	0.0	(-0.598198283525007+0j)
-0.77	-0.5929	-0.00015378624877272266	-0.5930537930131153	0.0	(-0.5930537930131153+0j)
-0.7666666666666667	-0.5877777777777778	-0.00015373946298669002	-0.5879315241222364	0.0	(-0.5879315241222364+0j)
-0.7633333333333334	-0.582677777777778	-0.00015369206294915688	-0.5828314768418739	0.0	(-0.5828314768418739+0j)
-0.76	-0.5776	-0.0001536440378601831	-0.5777536511612861	0.0	(-0.5777536511612861+0j)
-0.7566666666666667	-0.5725444444444445	-0.0001535953766814215	-0.5726980470695114	0.0	(-0.5726980470695114+0j)
-0.7533333333333334	-0.5675111111111112	-0.00015354606812977467	-0.5676646645553279	0.0	(-0.5676646645553279+0j)
-0.75	-0.5625	-0.00015349610067085363	-0.5626535036072787	0.0	(-0.5626535036072787+0j)
-0.7466666666666667	-0.5575111111111112	-0.000153445462512232	-0.557664564213642	0.0	(-0.557664564213642+0j)
-0.7433333333333334	-0.5525444444444445	-0.00015339414159648777	-0.552697846362442	0.0	(-0.552697846362442+0j)
-0.7400000000000001	-0.5476000000000002	-0.00015334212559402498	-0.547753350041422	0.0	(-0.547753350041422+0j)
-0.7366666666666667	-0.5426777777777778	-0.00015328940189566798	-0.5428310752380638	0.0	(-0.5428310752380638+0j)
-0.7333333333333334	-0.5377777777777779	-0.0001532359576050191	-0.5379310219395492	0.0	(-0.5379310219395492+0j)
-0.7300000000000001	-0.5329000000000002	-0.00015318177953057167	-0.5330531901327772	0.0	(-0.5330531901327772+0j)
-0.7266666666666667	-0.5280444444444444	-0.00015312685417756926	-0.5281975798043368	0.0	(-0.5281975798043368+0j)
-0.7233333333333334	-0.5232111111111112	-0.0001530711677396015	-0.5233641909405218	0.0	(-0.5233641909405218+0j)
-0.7200000000000001	-0.5184000000000001	-0.0001530147060899272	-0.5185530235272969	0.0	(-0.5185530235272969+0j)
-0.7166666666666667	-0.5136111111111111	-0.00015295745477251414	-0.5137640775503044	0.0	(-0.5137640775503044+0j)
-0.7133333333333334	-0.5088444444444445	-0.00015289939899278506	-0.5089973529948557	0.0	(-0.5089973529948557+0j)
-0.7100000000000001	-0.5041000000000001	-0.00015284052360805904	-0.5042528498459078	0.0	(-0.5042528498459078+0j)
-0.7066666666666667	-0.49937777777777775	-0.00015278081311767615	-0.49953056808807467	0.0	(-0.49953056808807467+0j)
-0.7033333333333334	-0.4946777777777778	-0.00015272025165279427	-0.49483050770559484	0.0	(-0.49483050770559484+0j)
-0.7000000000000001	-0.4900000000000001	-0.0001526588229658443	-0.4901526686823389	0.0	(-0.4901526686823389+0j)
-0.6966666666666667	-0.4853444444444444	-0.00015259651041963208	-0.4854970510017905	0.0	(-0.4854970510017905+0j)
-0.6933333333333334	-0.48071111111111114	-0.00015253329697607215	-0.4808636546470348	0.0	(-0.4808636546470348+0j)
-0.6900000000000001	-0.4761000000000001	-0.00015246916518454003	-0.47625247960074574	0.0	(-0.47625247960074574+0j)
-0.6866666666666668	-0.4715111111111112	-0.00015240409716982733	-0.4716635258451835	0.0	(-0.4716635258451835+0j)
-0.6833333333333333	-0.46694444444444444	-0.00015233807461968504	-0.4670967933621688	0.0	(-0.4670967933621688+0j)
-0.68	-0.4624000000000001	-0.00015227107877193818	-0.46255228213308686	0.0	(-0.46255228213308686+0j)
-0.6766666666666667	-0.4578777777777779	-0.0001522030904011549	-0.4580299921388558	0.0	(-0.4580299921388558+0j)
-0.6733333333333333	-0.45337777777777777	-0.00015213408980485307	-0.45352992335992104	0.0	(-0.45352992335992104+0j)
-0.67	-0.4489000000000001	-0.0001520640567892246	-0.4490520757762475	0.0	(-0.4490520757762475+0j)
-0.6666666666666667	-0.44444444444444453	-0.00015199297065435978	-0.4445964493672935	0.0	(-0.4445964493672935+0j)
-0.6633333333333333	-0.44001111111111113	-0.00015192081017895013	-0.44016304411200763	0.0	(-0.44016304411200763+0j)
-0.66	-0.43560000000000004	-0.0001518475536044493	-0.43575185998880567	0.0	(-0.43575185998880567+0j)
-0.6566666666666667	-0.4312111111111112	-0.00015177317861867005	-0.4313628969755521	0.0	(-0.4313628969755521+0j)
-0.6533333333333333	-0.4268444444444444	-0.000151697662338794	-0.4269961550495498	0.0	(-0.4269961550495498+0j)
-0.65	-0.42250000000000004	-0.0001516209812937701	-0.4226516341875176	0.0	(-0.4226516341875176+0j)
-0.6466666666666667	-0.41817777777777787	-0.00015154311140607682	-0.41832933436558134	0.0	(-0.41832933436558134+0j)
-0.6433333333333334	-0.4138777777777779	-0.00015146402797282124	-0.4140292555592339	0.0	(-0.4140292555592339+0j)
-0.64	-0.4096	-0.0001513837056461479	-0.409751397743351	0.0	(-0.409751397743351+0j)
-0.6366666666666667	-0.4053444444444445	-0.0001513021184129282	-0.40549576089213096	0.0	(-0.40549576089213096+0j)
-0.6333333333333334	-0.4011111111111112	-0.00015121923957370022	-0.4012623449791123	0.0	(-0.4012623449791123+0j)
-0.63	-0.39690000000000003	-0.0001511350417208269	-0.39705114997711793	0.0	(-0.39705114997711793+0j)
-0.6266666666666667	-0.3927111111111112	-0.0001510494967158402	-0.3928621758582525	0.0	(-0.3928621758582525+0j)
-0.6233333333333334	-0.3885444444444445	-0.0001509625756659356	-0.3886954225938878	0.0	(-0.3886954225938878+0j)
-0.62	-0.3844	-0.00015087424889958113	-0.38455089015460425	0.0	(-0.38455089015460425+0j)
-0.6166666666666667	-0.3802777777777778	-0.00015078448594120237	-0.3804285785102049	0.0	(-0.3804285785102049+0j)
-0.6133333333333334	-0.37617777777777783	-0.00015069325548490374	-0.376328487629669	0.0	(-0.376328487629669+0j)
-0.61	-0.3721	-0.0001506005253671842	-0.3722506174811227	0.0	(-0.3722506174811227+0j)
-0.6066666666666667	-0.36804444444444445	-0.0001505062625386031	-0.3681949680318252	0.0	(-0.3681949680318252+0j)
-0.6033333333333334	-0.3640111111111112	-0.00015041043303435077	-0.36416153924812833	0.0	(-0.36416153924812833+0j)
-0.6000000000000001	-0.3600000000000001	-0.00015031300194367486	-0.36015033109544975	0.0	(-0.36015033109544975+0j)
-0.5966666666666667	-0.3560111111111111	-0.00015021393337811273	-0.3561613435382443	0.0	(-0.3561613435382443+0j)
-0.5933333333333334	-0.3520444444444445	-0.00015011319043847635	-0.35219457653995995	0.0	(-0.35219457653995995+0j)
-0.5900000000000001	-0.3481000000000001	-0.00015001073518053416	-0.3482500300630299	0.0	(-0.3482500300630299+0j)
-0.5866666666666667	-0.3441777777777778	-0.0001499065285793322	-0.34432770406880636	0.0	(-0.34432770406880636+0j)
-0.5833333333333334	-0.34027777777777785	-0.00014980053049209297	-0.3404275985175473	0.0	(-0.3404275985175473+0j)
-0.5800000000000001	-0.3364000000000001	-0.0001496926996196283	-0.33654971336835976	0.0	(-0.33654971336835976+0j)
-0.5766666666666667	-0.3325444444444444	-0.0001495829934661996	-0.33269404857918583	0.0	(-0.33269404857918583+0j)
-0.5733333333333334	-0.3287111111111111	-0.00014947136829775436	-0.32886060410673185	0.0	(-0.32886060410673185+0j)
-0.5700000000000001	-0.3249000000000001	-0.00014935777909846706	-0.32504937990644955	0.0	(-0.32504937990644955+0j)
-0.5666666666666667	-0.32111111111111107	-0.00014924217952550542	-0.3212603759324744	0.0	(-0.3212603759324744+0j)
-0.5633333333333334	-0.3173444444444445	-0.00014912452186194368	-0.31749359213759676	0.0	(-0.31749359213759676+0j)
-0.56	-0.31360000000000005	-0.00014900475696773665	-0.3137490284731967	0.0	(-0.3137490284731967+0j)
-0.5566666666666668	-0.30987777777777786	-0.00014888283422866805	-0.31002668488919766	0.0	(-0.31002668488919766+0j)
-0.5533333333333333	-0.30617777777777777	-0.0001487587015031795	-0.3063265613340287	0.0	(-0.3063265613340287+0j)
-0.55	-0.30250000000000005	-0.00014863230506698502	-0.30264865775455774	0.0	(-0.30264865775455774+0j)
-0.5466666666666667	-0.2988444444444445	-0.00014850358955536985	-0.29899297409602843	0.0	(-0.29899297409602843+0j)
-0.5433333333333333	-0.2952111111111111	-0.00014837249790306903	-0.29535951030202034	0.0	(-0.29535951030202034+0j)
-0.54	-0.2916	-0.00014823897128161563	-0.2917482663143638	0.0	(-0.2917482663143638+0j)
-0.5366666666666667	-0.28801111111111116	-0.00014810294903404574	-0.2881592420730982	0.0	(-0.2881592420730982+0j)
-0.5333333333333333	-0.28444444444444444	-0.0001479643686068404	-0.2845924375163949	0.0	(-0.2845924375163949+0j)
-0.53	-0.28090000000000004	-0.0001478231654789821	-0.28104785258048437	0.0	(-0.28104785258048437+0j)
-0.5266666666666667	-0.27737777777777783	-0.0001476792730879969	-0.27752548719959214	0.0	(-0.27752548719959214+0j)
-0.5233333333333333	-0.2738777777777778	-0.00014753262275285013	-0.2740253413058552	0.0	(-0.2740253413058552+0j)
-0.52	-0.27040000000000003	-0.00014738314359355744	-0.27054741482925215	0.0	(-0.27054741482925215+0j)
-0.5166666666666667	-0.2669444444444445	-0.00014723076244736947	-0.26709170769750823	0.0	(-0.26709170769750823+0j)
-0.5133333333333334	-0.2635111111111112	-0.00014707540378138318	-0.26365821983602533	0.0	(-0.26365821983602533+0j)
-0.51	-0.2601	-0.00014691698960142855	-0.26024695116778396	0.0	(-0.26024695116778396+0j)
-0.5066666666666667	-0.25671111111111117	-0.0001467554393570758	-0.2568579016132459	0.0	(-0.2568579016132459+0j)
-0.5033333333333334	-0.25334444444444454	-0.00014659066984260358	-0.25349107109026786	0.0	(-0.25349107109026786+0j)
-0.5	-0.25	-0.00014642259509376558	-0.2501464595139961	0.0	(-0.2501464595139961+0j)
-0.4966666666666667	-0.2466777777777778	-0.00014625112628018994	-0.24682406679675672	0.0	(-0.24682406679675672+0j)
-0.49333333333333335	-0.2433777777777778	-0.00014607617159324257	-0.24352389284795525	0.0	(-0.24352389284795525+0j)
-0.49000000000000005	-0.24010000000000004	-0.00014589763612918533	-0.24024593757395296	0.0	(-0.24024593757395296+0j)
-0.4866666666666667	-0.23684444444444447	-0.0001457154217674563	-0.23699020087795475	0.0	(-0.23699020087795475+0j)
-0.48333333333333334	-0.2336111111111111	-0.00014552942704390163	-0.2337566826598825	0.0	(-0.2337566826598825+0j)
-0.48000000000000004	-0.23040000000000005	-0.00014533954701878747	-0.23054538281624784	0.0	(-0.23054538281624784+0j)
-0.4766666666666667	-0.2272111111111111	-0.00014514567313942347	-0.22735630124001827	0.0	(-0.22735630124001827+0j)
-0.4733333333333334	-0.2240444444444445	-0.0001449476930972318	-0.22418943782047226	0.0	(-0.22418943782047226+0j)
-0.47000000000000003	-0.22090000000000004	-0.00014474549067910108	-0.22104479244306152	0.0	(-0.22104479244306152+0j)
-0.4666666666666667	-0.2177777777777778	-0.00014453894561287104	-0.2179223649892634	0.0	(-0.2179223649892634+0j)
-0.4633333333333334	-0.21467777777777783	-0.0001443279334068018	-0.21482215533640958	0.0	(-0.21482215533640958+0j)
-0.46	-0.2116	-0.0001441123251828928	-0.2117441633575432	0.0	(-0.2117441633575432+0j)
-0.4566666666666667	-0.2085444444444445	-0.00014389198750392924	-0.20868838892123295	0.0	(-0.20868838892123295+0j)
-0.45333333333333337	-0.20551111111111114	-0.00014366678219415	-0.20565483189141145	0.0	(-0.20565483189141145+0j)
-0.45	-0.2025	-0.00014343656615344903	-0.2026434921271943	0.0	(-0.2026434921271943+0j)
-0.4466666666666667	-0.19951111111111114	-0.00014320119116504498	-0.19965436948267962	0.0	(-0.19965436948267962+0j)
-0.44333333333333336	-0.19654444444444447	-0.00014296050369657908	-0.19668746380677474	0.0	(-0.19668746380677474+0j)
-0.44	-0.1936	-0.00014271434469463086	-0.19374277494298492	0.0	(-0.19374277494298492+0j)
-0.4366666666666667	-0.1906777777777778	-0.0001424625493726748	-0.19082030272920963	0.0	(-0.19082030272920963+0j)
-0.43333333333333335	-0.1877777777777778	-0.00014220494699253948	-0.18792004699753587	0.0	(-0.18792004699753587+0j)
-0.43000000000000005	-0.18490000000000004	-0.00014194136063947442	-0.1850420075740165	0.0	(-0.1850420075740165+0j)
-0.4266666666666667	-0.18204444444444448	-0.00014167160699097786	-0.1821861842784506	0.0	(-0.1821861842784506+0j)
-0.42333333333333334	-0.17921111111111113	-0.00014139549607959304	-0.17935257692415194	0.0	(-0.17935257692415194+0j)
-0.42000000000000004	-0.17640000000000003	-0.00014111283104994174	-0.17654118531772095	0.0	(-0.17654118531772095+0j)
-0.4166666666666667	-0.17361111111111113	-0.0001408234079103295	-0.17375200925879597	0.0	(-0.17375200925879597+0j)
-0.4133333333333334	-0.1708444444444445	-0.0001405270152793312	-0.1709850485398237	0.0	(-0.1709850485398237+0j)
-0.41000000000000003	-0.16810000000000003	-0.0001402234341278467	-0.1682403029458034	0.0	(-0.1682403029458034+0j)
-0.4066666666666667	-0.1653777777777778	-0.00013991243751720393	-0.16551777225404296	0.0	(-0.16551777225404296+0j)
-0.4033333333333334	-0.1626777777777778	-0.00013959379033398305	-0.1628174562338978	0.0	(-0.1628174562338978+0j)
-0.4	-0.16000000000000003	-0.0001392672490223401	-0.1601393546465297	0.0	(-0.1601393546465297+0j)
-0.39666666666666667	-0.15734444444444445	-0.0001389325613147201	-0.15748346724464168	0.0	(-0.15748346724464168+0j)
-0.39333333333333337	-0.15471111111111113	-0.00013858946596197145	-0.1548497937722315	0.0	(-0.1548497937722315+0j)
-0.39	-0.1521	-0.00013823769246400268	-0.1522383339643314	0.0	(-0.1522383339643314+0j)
-0.3866666666666667	-0.14951111111111115	-0.0001378769608022617	-0.14964908754676545	0.0	(-0.14964908754676545+0j)
-0.38333333333333336	-0.14694444444444446	-0.00013750698117546422	-0.14708205423590157	0.0	(-0.14708205423590157+0j)
-0.38	-0.1444	-0.0001371274537401552	-0.1445372337384138	0.0	(-0.1445372337384138+0j)
-0.3766666666666667	-0.1418777777777778	-0.00013673806835785035	-0.1420146257510458	0.0	(-0.1420146257510458+0j)
-0.37333333333333335	-0.1393777777777778	-0.0001363385043506792	-0.13951422996040294	0.0	(-0.13951422996040294+0j)
-0.37000000000000005	-0.13690000000000005	-0.00013592843026763058	-0.13703604604272815	0.0	(-0.13703604604272815+0j)
-0.3666666666666667	-0.13444444444444448	-0.0001355075036636912	-0.134580073663722	0.0	(-0.134580073663722+0j)
-0.36333333333333334	-0.1320111111111111	-0.00013507537089436155	-0.13214631247835387	0.0	(-0.13214631247835387+0j)
-0.36000000000000004	-0.12960000000000002	-0.0001346316669282358	-0.12973476213071317	0.0	(-0.12973476213071317+0j)
-0.3566666666666667	-0.12721111111111114	-0.00013417601518053783	-0.12734542225387438	0.0	(-0.12734542225387438+0j)
-0.35333333333333333	-0.12484444444444444	-0.00013370802737071565	-0.12497829246978975	0.0	(-0.12497829246978975+0j)
-0.35000000000000003	-0.12250000000000003	-0.00013322730340741093	-0.12263337238920745	0.0	(-0.12263337238920745+0j)
-0.3466666666666667	-0.12017777777777779	-0.00013273343130433153	-0.1203106616116402	0.0	(-0.1203106616116402+0j)
-0.3433333333333334	-0.1178777777777778	-0.00013222598713077274	-0.11801015972534375	0.0	(-0.11801015972534375+0j)
-0.34	-0.11560000000000002	-0.0001317045350007413	-0.11573186630736458	0.0	(-0.11573186630736458+0j)
-0.33666666666666667	-0.11334444444444444	-0.00013116862710484586	-0.11347578092361812	0.0	(-0.11347578092361812+0j)
-0.33333333333333337	-0.11111111111111113	-0.00013061780378931739	-0.11124190312901822	0.0	(-0.11124190312901822+0j)
-0.33	-0.10890000000000001	-0.00013005159368671617	-0.10903023246766862	0.0	(-0.10903023246766862+0j)
-0.32666666666666666	-0.1067111111111111	-0.0001294695139030619	-0.10684076847311431	0.0	(-0.10684076847311431+0j)
-0.32333333333333336	-0.10454444444444447	-0.00012887107026629053	-0.10467351066864888	0.0	(-0.10467351066864888+0j)
-0.32	-0.1024	-0.0001282557576410897	-0.10252845856770716	0.0	(-0.10252845856770716+0j)
-0.3166666666666667	-0.1002777777777778	-0.00012762306031529456	-0.10040561167432206	0.0	(-0.10040561167432206+0j)
-0.31333333333333335	-0.0981777777777778	-0.00012697245246312888	-0.09830496948367391	0.0	(-0.09830496948367391+0j)
-0.31	-0.0961	-0.0001263033986906558	-0.09622653148272022	0.0	(-0.09622653148272022+0j)
-0.3066666666666667	-0.09404444444444446	-0.0001256153546688478	-0.09417029715092426	0.0	(-0.09417029715092426+0j)
-0.30333333333333334	-0.09201111111111111	-0.00012490776785969876	-0.09213626596107749	0.0	(-0.09213626596107749+0j)
-0.30000000000000004	-0.09000000000000002	-0.00012418007834077462	-0.09012443738023741	0.0	(-0.09012443738023741+0j)
-0.2966666666666667	-0.08801111111111112	-0.00012343171973353134	-0.08813481087076176	0.0	(-0.08813481087076176+0j)
-0.29333333333333333	-0.08604444444444445	-0.00012266212024061588	-0.08616738589147697	0.0	(-0.08616738589147697+0j)
-0.29000000000000004	-0.08410000000000002	-0.00012187070379720178	-0.08422216189895529	0.0	(-0.08422216189895529+0j)
-0.2866666666666667	-0.08217777777777778	-0.00012105689134119646	-0.08229913834892437	0.0	(-0.08229913834892437+0j)
-0.2833333333333333	-0.08027777777777777	-0.0001202201022068845	-0.08039831469781165	0.0	(-0.08039831469781165+0j)
-0.28	-0.07840000000000001	-0.00011935975564623866	-0.07851969040442039	0.0	(-0.07851969040442039+0j)
-0.27666666666666667	-0.07654444444444444	-0.00011847527248173751	-0.07666326493175239	0.0	(-0.07666326493175239+0j)
-0.2733333333333334	-0.07471111111111113	-0.00011756607689406684	-0.07482903774897391	0.0	(-0.07482903774897391+0j)
-0.27	-0.0729	-0.00011663159834755656	-0.07301700833352345	0.0	(-0.07301700833352345+0j)
-0.26666666666666666	-0.07111111111111111	-0.00011567127365560632	-0.0712271761733832	0.0	(-0.0712271761733832+0j)
-0.26333333333333336	-0.06934444444444446	-0.00011468454918768684	-0.06945954076948492	0.0	(-0.06945954076948492+0j)
-0.26	-0.06760000000000001	-0.00011367088321876333	-0.06771410163828251	0.0	(-0.06771410163828251+0j)
-0.2566666666666667	-0.0658777777777778	-0.00011262974842117739	-0.0659908583144673	0.0	(-0.0659908583144673+0j)
-0.25333333333333335	-0.06417777777777779	-0.00011156063449814034	-0.06428981035383767	0.0	(-0.06428981035383767+0j)
-0.25	-0.0625	-0.0001104630509570379	-0.06261095733631007	0.0	(-0.06261095733631007+0j)
-0.24666666666666667	-0.06084444444444445	-0.00010933653001972612	-0.06095429886908037	0.0	(-0.06095429886908037+0j)
-0.24333333333333335	-0.05921111111111112	-0.00010818062966591026	-0.05931983458991273	0.0	(-0.05931983458991273+0j)
-0.24000000000000002	-0.05760000000000001	-0.00010699493680455099	-0.05770756417056209	0.0	(-0.05770756417056209+0j)
-0.2366666666666667	-0.05601111111111112	-0.00010577907056703621	-0.05611748732031451	0.0	(-0.05611748732031451+0j)
-0.23333333333333334	-0.05444444444444445	-0.00010453268571459915	-0.05454960378963408	0.0	(-0.05454960378963408+0j)
-0.23	-0.0529	-0.00010325547615116056	-0.05300391337390242	0.0	(-0.05300391337390242+0j)
-0.22666666666666668	-0.051377777777777786	-0.00010194717853143277	-0.051480415917237524	0.0	(-0.051480415917237524+0j)
-0.22333333333333336	-0.049877777777777785	-0.00010060757595275242	-0.04997911131637309	0.0	(-0.04997911131637309+0j)
-0.22	-0.0484	-9.92365017177187e-05	-0.04849999952457549	0.0	(-0.04849999952457549+0j)
-0.21666666666666667	-0.04694444444444445	-9.783384315331409e-05	-0.04704308055557773	0.0	(-0.04704308055557773+0j)
-0.21333333333333335	-0.04551111111111112	-9.639954547078437e-05	-0.04560835448751201	0.0	(-0.04560835448751201+0j)
-0.21000000000000002	-0.04410000000000001	-9.493361564917043e-05	-0.044195821466804654	0.0	(-0.044195821466804654+0j)
-0.2066666666666667	-0.04271111111111112	-9.343612632402308e-05	-0.042805481712016556	0.0	(-0.042805481712016556+0j)
-0.20333333333333334	-0.04134444444444445	-9.190721966151178e-05	-0.04143733551760066	0.0	(-0.04143733551760066+0j)
-0.2	-0.04000000000000001	-9.034711119687199e-05	-0.04009138325754625	0.0	(-0.04009138325754625+0j)
-0.19666666666666668	-0.03867777777777778	-8.875609361493432e-05	-0.03876762538889473	0.0	(-0.03876762538889473+0j)
-0.19333333333333336	-0.03737777777777779	-8.713454044936467e-05	-0.03746606245510369	0.0	(-0.03746606245510369+0j)
-0.19	-0.0361	-8.54829096762234e-05	-0.03618669508924988	0.0	(-0.03618669508924988+0j)
-0.18666666666666668	-0.03484444444444445	-8.380174717654735e-05	-0.03492952401706976	0.0	(-0.03492952401706976+0j)
-0.18333333333333335	-0.03361111111111112	-8.209169004188006e-05	-0.0336945500598487	0.0	(-0.0336945500598487+0j)
-0.18000000000000002	-0.032400000000000005	-8.035346969604194e-05	-0.03248177413719058	0.0	(-0.03248177413719058+0j)
-0.17666666666666667	-0.03121111111111111	-7.858791480595396e-05	-0.031291197269719795	0.0	(-0.031291197269719795+0j)
-0.17333333333333334	-0.030044444444444447	-7.679595395402417e-05	-0.030122820581799978	0.0	(-0.030122820581799978+0j)
-0.17	-0.028900000000000006	-7.49786180444841e-05	-0.028976645304380315	0.0	(-0.028976645304380315+0j)
-0.16666666666666669	-0.027777777777777783	-7.313704241613876e-05	-0.027852672778131953	0.0	(-0.027852672778131953+0j)
-0.16333333333333333	-0.026677777777777776	-7.127246863427671e-05	-0.02675090445707407	0.0	(-0.02675090445707407+0j)
-0.16	-0.0256	-6.938624593498672e-05	-0.0256713419129382	0.0	(-0.0256713419129382+0j)
-0.15666666666666668	-0.02454444444444445	-6.747983229585487e-05	-0.02461398684057787	0.0	(-0.02461398684057787+0j)
-0.15333333333333335	-0.023511111111111115	-6.555479510797194e-05	-0.023578841064773568	0.0	(-0.023578841064773568+0j)
-0.15000000000000002	-0.022500000000000006	-6.361281142537645e-05	-0.022565906548828778	0.0	(-0.022565906548828778+0j)
-0.14666666666666667	-0.021511111111111113	-6.165566776949042e-05	-0.021575185405380105	0.0	(-0.021575185405380105+0j)
-0.14333333333333334	-0.020544444444444445	-5.9685259467778537e-05	-0.02060667990985782	0.0	(-0.02060667990985782+0j)
-0.14	-0.019600000000000003	-5.770358950776866e-05	-0.019660392517006138	0.0	(-0.019660392517006138+0j)
-0.1366666666666667	-0.018677777777777783	-5.5712766889717316e-05	-0.018736325880812647	0.0	(-0.018736325880812647+0j)
-0.13333333333333333	-0.017777777777777778	-5.371500446356949e-05	-0.017834482878080694	0.0	(-0.017834482878080694+0j)
-0.13	-0.016900000000000002	-5.171261623845127e-05	-0.01695486663570338	0.0	(-0.01695486663570338+0j)
-0.12666666666666668	-0.016044444444444448	-4.9708014155722634e-05	-0.01609748056145889	0.0	(-0.01609748056145889+0j)
-0.12333333333333334	-0.015211111111111113	-4.770370431960362e-05	-0.015262328377827912	0.0	(-0.015262328377827912+0j)
-0.12000000000000001	-0.014400000000000003	-4.570228268254205e-05	-0.014449414157959922	0.0	(-0.014449414157959922+0j)
-0.11666666666666667	-0.013611111111111112	-4.3706430185804816e-05	-0.013658742362476507	0.0	(-0.013658742362476507+0j)
-0.11333333333333334	-0.012844444444444447	-4.171890735922307e-05	-0.012890317875325668	0.0	(-0.012890317875325668+0j)
-0.11	-0.0121	-3.974254838757629e-05	-0.012144146036426258	0.0	(-0.012144146036426258+0j)
-0.10666666666666667	-0.01137777777777778	-3.7780254654745296e-05	-0.011420232668389981	0.0	(-0.011420232668389981+0j)
-0.10333333333333335	-0.01067777777777778	-3.583498778046196e-05	-0.01071858409425395	0.0	(-0.01071858409425395+0j)
-0.1	-0.010000000000000002	-3.3909762168212464e-05	-0.01003920714296772	0.0	(-0.01003920714296772+0j)
-0.09666666666666668	-0.009344444444444447	-3.200763708657649e-05	-0.009382109139471777	0.0	(-0.009382109139471777+0j)
-0.09333333333333334	-0.008711111111111112	-3.0131708309975946e-05	-0.008747297876769543	0.0	(-0.008747297876769543+0j)
-0.09000000000000001	-0.008100000000000001	-2.8285099348436105e-05	-0.008134781568734836	0.0	(-0.008134781568734836+0j)
-0.08666666666666667	-0.007511111111111112	-2.647095229948481e-05	-0.007544568785000382	0.0	(-0.007544568785000382+0j)
-0.08333333333333334	-0.006944444444444446	-2.46924183587171e-05	-0.0069766683739224695	0.0	(-0.0069766683739224695+0j)
-0.08	-0.0064	-2.2952648028778296e-05	-0.006431089387459154	0.0	(-0.006431089387459154+0j)
-0.07666666666666667	-0.005877777777777779	-2.1254781069557536e-05	-0.005907841034436772	0.0	(-0.005907841034436772+0j)
-0.07333333333333333	-0.005377777777777778	-1.9601936235189284e-05	-0.0054069327081075445	0.0	(-0.0054069327081075445+0j)
-0.07	-0.004900000000000001	-1.7997200846007252e-05	-0.00492837416217374	0.0	(-0.00492837416217374+0j)
-0.06666666666666667	-0.0044444444444444444	-1.6443620245861282e-05	-0.004472175947710129	0.0	(-0.004472175947710129+0j)
-0.06333333333333334	-0.004011111111111112	-1.4944187197154028e-05	-0.004038350269601626	0.0	(-0.004038350269601626+0j)
-0.060000000000000005	-0.0036000000000000008	-1.3501831267567854e-05	-0.003626912465198522	0.0	(-0.003626912465198522+0j)
-0.05666666666666667	-0.0032111111111111116	-1.211940826370689e-05	-0.003237883322794277	0.0	(-0.003237883322794277+0j)
-0.05333333333333334	-0.002844444444444445	-1.0799689767755118e-05	-0.002871292384193901	0.0	(-0.002871292384193901+0j)
-0.05	-0.0025000000000000005	-9.545352833733971e-06	-0.0025271821043209167	0.0	(-0.0025271821043209167+0j)
-0.04666666666666667	-0.002177777777777778	-8.358969900025896e-06	-0.0022056121042102177	0.0	(-0.0022056121042102177+0j)
-0.043333333333333335	-0.001877777777777778	-7.242998974489081e-06	-0.001906661577411005	0.0	(-0.001906661577411005+0j)
-0.04	-0.0016	-6.199774147745696e-06	-0.0016304261997370899	0.0	(-0.0016304261997370899+0j)
-0.03666666666666667	-0.0013444444444444445	-5.231496489041879e-06	-0.0013770041926540186	0.0	(-0.0013770041926540186+0j)
-0.03333333333333333	-0.0011111111111111111	-4.340225377503365e-06	-0.0011464658395796464	0.0	(-0.0011464658395796464+0j)
-0.030000000000000002	-0.0009000000000000002	-3.527870319604276e-06	-0.0009388032307510548	0.0	(-0.0009388032307510548+0j)
-0.02666666666666667	-0.0007111111111111113	-2.7961833012762893e-06	-0.0007538617742744037	0.0	(-0.0007538617742744037+0j)
-0.023333333333333334	-0.0005444444444444445	-2.146751720304152e-06	-0.0005912575677733892	0.0	(-0.0005912575677733892+0j)
-0.02	-0.0004	-1.580991941525778e-06	-0.0004502789860832033	0.0	(-0.0004502789860832033+0j)
-0.016666666666666666	-0.0002777777777777778	-1.1001435138435767e-06	-0.00032975599950382605	0.0	(-0.00032975599950382605+0j)
-0.013333333333333334	-0.0001777777777777778	-7.052640842858393e-07	-0.00022786625332076564	0.0	(-0.00022786625332076564+0j)
-0.01	-0.0001	-3.9722504023842476e-07	-0.00014185408154930248	0.0	(-0.00014185408154930248+0j)
-0.006666666666666667	-4.444444444444445e-05	-1.7670790667390082e-07	-6.770642236013868e-05	0.0	(-6.770642236013868e-05+0j)
-0.0033333333333333335	-1.1111111111111113e-05	-4.420152057704741e-08	3.641225233656786e-17	-0.0017294803580115638	(3.641225233656786e-17-0.0017294803580115638j)
0.0033333333333333335	1.1111111111111113e-05	4.420152057704741e-08	3.641225233656786e-17	0.0017294803580115638	(3.641225233656786e-17+0.0017294803580115638j)
0.006666666666666667	4.444444444444445e-05	1.7670790667390082e-07	6.770642236011896e-05	0.0	(6.770642236011896e-05+0j)
0.01	0.0001	3.9722504023842476e-07	0.00014185408154930525	0.0	(0.00014185408154930525+0j)
0.013333333333333334	0.0001777777777777778	7.052640842858393e-07	0.00022786625332074805	0.0	(0.00022786625332074805+0j)
0.016666666666666666	0.0002777777777777778	1.1001435138435767e-06	0.00032975599950381987	0.0	(0.00032975599950381987+0j)
0.02	0.0004	1.580991941525778e-06	0.0004502789860832517	0.0	(0.0004502789860832517+0j)
0.023333333333333334	0.0005444444444444445	2.146751720304152e-06	0.0005912575677733913	0.0	(0.0005912575677733913+0j)
0.02666666666666667	0.0007111111111111113	2.7961833012762893e-06	0.0007538617742744338	0.0	(0.0007538617742744338+0j)
0.030000000000000002	0.0009000000000000002	3.527870319604276e-06	0.0009388032307510561	0.0	(0.0009388032307510561+0j)
0.03333333333333333	0.0011111111111111111	4.340225377503365e-06	0.001146465839579627	0.0	(0.001146465839579627+0j)
0.03666666666666667	0.0013444444444444445	5.231496489041879e-06	0.0013770041926540106	0.0	(0.0013770041926540106+0j)
0.04	0.0016	6.199774147745696e-06	0.0016304261997370582	0.0	(0.0016304261997370582+0j)
0.043333333333333335	0.001877777777777778	7.242998974489081e-06	0.00190666157741101	0.0	(0.00190666157741101+0j)
0.04666666666666667	0.002177777777777778	8.358969900025896e-06	0.0022056121042101995	0.0	(0.0022056121042101995+0j)
0.05	0.0025000000000000005	9.545352833733971e-06	0.0025271821043209115	0.0	(0.0025271821043209115+0j)
0.05333333333333334	0.002844444444444445	1.0799689767755118e-05	0.0028712923841939363	0.0	(0.0028712923841939363+0j)
0.05666666666666667	0.0032111111111111116	1.211940826370689e-05	0.0032378833227943065	0.0	(0.0032378833227943065+0j)
0.060000000000000005	0.0036000000000000008	1.3501831267567854e-05	0.003626912465198559	0.0	(0.003626912465198559+0j)
0.06333333333333334	0.004011111111111112	1.4944187197154028e-05	0.004038350269601638	0.0	(0.004038350269601638+0j)
0.06666666666666667	0.0044444444444444444	1.6443620245861282e-05	0.0044721759477101275	0.0	(0.0044721759477101275+0j)
0.07	0.004900000000000001	1.7997200846007252e-05	0.004928374162173739	0.0	(0.004928374162173739+0j)
0.07333333333333333	0.005377777777777778	1.9601936235189284e-05	0.00540693270810752	0.0	(0.00540693270810752+0j)
0.07666666666666667	0.005877777777777779	2.1254781069557536e-05	0.005907841034436793	0.0	(0.005907841034436793+0j)
0.08	0.0064	2.2952648028778296e-05	0.006431089387459168	0.0	(0.006431089387459168+0j)
0.08333333333333334	0.006944444444444446	2.46924183587171e-05	0.0069766683739225024	0.0	(0.0069766683739225024+0j)
0.08666666666666667	0.007511111111111112	2.647095229948481e-05	0.007544568785000388	0.0	(0.007544568785000388+0j)
0.09000000000000001	0.008100000000000001	2.8285099348436105e-05	0.008134781568734916	0.0	(0.008134781568734916+0j)
0.09333333333333334	0.008711111111111112	3.0131708309975946e-05	0.008747297876769542	0.0	(0.008747297876769542+0j)
0.09666666666666668	0.009344444444444447	3.200763708657649e-05	0.009382109139471748	0.0	(0.009382109139471748+0j)
0.1	0.010000000000000002	3.3909762168212464e-05	0.010039207142967745	0.0	(0.010039207142967745+0j)
0.10333333333333335	0.01067777777777778	3.583498778046196e-05	0.010718584094253938	0.0	(0.010718584094253938+0j)
0.10666666666666667	0.01137777777777778	3.7780254654745296e-05	0.011420232668389988	0.0	(0.011420232668389988+0j)
0.11	0.0121	3.974254838757629e-05	0.012144146036426296	0.0	(0.012144146036426296+0j)
0.11333333333333334	0.012844444444444447	4.171890735922307e-05	0.012890317875325597	0.0	(0.012890317875325597+0j)
0.11666666666666667	0.013611111111111112	4.3706430185804816e-05	0.013658742362476505	0.0	(0.013658742362476505+0j)
0.12000000000000001	0.014400000000000003	4.570228268254205e-05	0.014449414157959903	0.0	(0.014449414157959903+0j)
0.12333333333333334	0.015211111111111113	4.770370431960362e-05	0.01526232837782791	0.0	(0.01526232837782791+0j)
0.12666666666666668	0.016044444444444448	4.9708014155722634e-05	0.016097480561458936	0.0	(0.016097480561458936+0j)
0.13	0.016900000000000002	5.171261623845127e-05	0.016954866635703395	0.0	(0.016954866635703395+0j)
0.13333333333333333	0.017777777777777778	5.371500446356949e-05	0.017834482878080645	0.0	(0.017834482878080645+0j)
0.1366666666666667	0.018677777777777783	5.5712766889717316e-05	0.018736325880812744	0.0	(0.018736325880812744+0j)
0.14	0.019600000000000003	5.770358950776866e-05	0.019660392517006006	0.0	(0.019660392517006006+0j)
0.14333333333333334	0.020544444444444445	5.9685259467778537e-05	0.02060667990985754	0.0	(0.02060667990985754+0j)
0.14666666666666667	0.021511111111111113	6.165566776949042e-05	0.02157518540538009	0.0	(0.02157518540538009+0j)
0.15000000000000002	0.022500000000000006	6.361281142537645e-05	0.022565906548828837	0.0	(0.022565906548828837+0j)
0.15333333333333335	0.023511111111111115	6.555479510797194e-05	0.023578841064773672	0.0	(0.023578841064773672+0j)
0.15666666666666668	0.02454444444444445	6.747983229585487e-05	0.024613986840577848	0.0	(0.024613986840577848+0j)
0.16	0.0256	6.938624593498672e-05	0.02567134191293812	0.0	(0.02567134191293812+0j)
0.16333333333333333	0.026677777777777776	7.127246863427671e-05	0.026750904457074065	0.0	(0.026750904457074065+0j)
0.16666666666666669	0.027777777777777783	7.313704241613876e-05	0.02785267277813207	0.0	(0.02785267277813207+0j)
0.17	0.028900000000000006	7.49786180444841e-05	0.028976645304380415	0.0	(0.028976645304380415+0j)
0.17333333333333334	0.030044444444444447	7.679595395402417e-05	0.030122820581800124	0.0	(0.030122820581800124+0j)
0.17666666666666667	0.03121111111111111	7.858791480595396e-05	0.03129119726972001	0.0	(0.03129119726972001+0j)
0.18000000000000002	0.032400000000000005	8.035346969604194e-05	0.032481774137190444	0.0	(0.032481774137190444+0j)
0.18333333333333335	0.03361111111111112	8.209169004188006e-05	0.03369455005984854	0.0	(0.03369455005984854+0j)
0.18666666666666668	0.03484444444444445	8.380174717654735e-05	0.0349295240170695	0.0	(0.0349295240170695+0j)
0.19	0.0361	8.54829096762234e-05	0.0361866950892498	0.0	(0.0361866950892498+0j)
0.19333333333333336	0.03737777777777779	8.713454044936467e-05	0.03746606245510345	0.0	(0.03746606245510345+0j)
0.19666666666666668	0.03867777777777778	8.875609361493432e-05	0.038767625388894965	0.0	(0.038767625388894965+0j)
0.2	0.04000000000000001	9.034711119687199e-05	0.04009138325754655	0.0	(0.04009138325754655+0j)
0.20333333333333334	0.04134444444444445	9.190721966151178e-05	0.04143733551760067	0.0	(0.04143733551760067+0j)
0.2066666666666667	0.04271111111111112	9.343612632402308e-05	0.04280548171201662	0.0	(0.04280548171201662+0j)
0.21000000000000002	0.04410000000000001	9.493361564917043e-05	0.04419582146680477	0.0	(0.04419582146680477+0j)
0.21333333333333335	0.04551111111111112	9.639954547078437e-05	0.04560835448751197	0.0	(0.04560835448751197+0j)
0.21666666666666667	0.04694444444444445	9.783384315331409e-05	0.04704308055557802	0.0	(0.04704308055557802+0j)
0.22	0.0484	9.92365017177187e-05	0.0484999995245753	0.0	(0.0484999995245753+0j)
0.22333333333333336	0.049877777777777785	0.00010060757595275242	0.04997911131637353	0.0	(0.04997911131637353+0j)
0.22666666666666668	0.051377777777777786	0.00010194717853143277	0.05148041591723753	0.0	(0.05148041591723753+0j)
0.23	0.0529	0.00010325547615116056	0.053003913373902235	0.0	(0.053003913373902235+0j)
0.23333333333333334	0.05444444444444445	0.00010453268571459915	0.05454960378963454	0.0	(0.05454960378963454+0j)
0.2366666666666667	0.05601111111111112	0.00010577907056703621	0.056117487320314824	0.0	(0.056117487320314824+0j)
0.24000000000000002	0.05760000000000001	0.00010699493680455099	0.05770756417056233	0.0	(0.05770756417056233+0j)
0.24333333333333335	0.05921111111111112	0.00010818062966591026	0.05931983458991304	0.0	(0.05931983458991304+0j)
0.24666666666666667	0.06084444444444445	0.00010933653001972612	0.0609542988690804	0.0	(0.0609542988690804+0j)
0.25	0.0625	0.0001104630509570379	0.06261095733631028	0.0	(0.06261095733631028+0j)
0.25333333333333335	0.06417777777777779	0.00011156063449814034	0.06428981035383752	0.0	(0.06428981035383752+0j)
0.2566666666666667	0.0658777777777778	0.00011262974842117739	0.06599085831446794	0.0	(0.06599085831446794+0j)
0.26	0.06760000000000001	0.00011367088321876333	0.06771410163828277	0.0	(0.06771410163828277+0j)
0.26333333333333336	0.06934444444444446	0.00011468454918768684	0.06945954076948473	0.0	(0.06945954076948473+0j)
0.26666666666666666	0.07111111111111111	0.00011567127365560632	0.07122717617338321	0.0	(0.07122717617338321+0j)
0.27	0.0729	0.00011663159834755656	0.07301700833352386	0.0	(0.07301700833352386+0j)
0.2733333333333334	0.07471111111111113	0.00011756607689406684	0.07482903774897329	0.0	(0.07482903774897329+0j)
0.27666666666666667	0.07654444444444444	0.00011847527248173751	0.07666326493175217	0.0	(0.07666326493175217+0j)
0.28	0.07840000000000001	0.00011935975564623866	0.07851969040442025	0.0	(0.07851969040442025+0j)
0.2833333333333333	0.08027777777777777	0.0001202201022068845	0.0803983146978109	0.0	(0.0803983146978109+0j)
0.2866666666666667	0.08217777777777778	0.00012105689134119646	0.08229913834892398	0.0	(0.08229913834892398+0j)
0.29000000000000004	0.08410000000000002	0.00012187070379720178	0.08422216189895512	0.0	(0.08422216189895512+0j)
0.29333333333333333	0.08604444444444445	0.00012266212024061588	0.08616738589147684	0.0	(0.08616738589147684+0j)
0.2966666666666667	0.08801111111111112	0.00012343171973353134	0.08813481087076155	0.0	(0.08813481087076155+0j)
0.30000000000000004	0.09000000000000002	0.00012418007834077462	0.09012443738023707	0.0	(0.09012443738023707+0j)
0.30333333333333334	0.09201111111111111	0.00012490776785969876	0.0921362659610779	0.0	(0.0921362659610779+0j)
0.3066666666666667	0.09404444444444446	0.0001256153546688478	0.09417029715092445	0.0	(0.09417029715092445+0j)
0.31	0.0961	0.0001263033986906558	0.09622653148272071	0.0	(0.09622653148272071+0j)
0.31333333333333335	0.0981777777777778	0.00012697245246312888	0.0983049694836743	0.0	(0.0983049694836743+0j)
0.3166666666666667	0.1002777777777778	0.00012762306031529456	0.10040561167432274	0.0	(0.10040561167432274+0j)
0.32	0.1024	0.0001282557576410897	0.102528458567707	0.0	(0.102528458567707+0j)
0.32333333333333336	0.10454444444444447	0.00012887107026629053	0.104673510668649	0.0	(0.104673510668649+0j)
0.32666666666666666	0.1067111111111111	0.0001294695139030619	0.1068407684731142	0.0	(0.1068407684731142+0j)
0.33	0.10890000000000001	0.00013005159368671617	0.10903023246766881	0.0	(0.10903023246766881+0j)
0.33333333333333337	0.11111111111111113	0.00013061780378931739	0.11124190312901786	0.0	(0.11124190312901786+0j)
0.33666666666666667	0.11334444444444444	0.00013116862710484586	0.11347578092361803	0.0	(0.11347578092361803+0j)
0.34	0.11560000000000002	0.0001317045350007413	0.11573186630736479	0.0	(0.11573186630736479+0j)
0.3433333333333334	0.1178777777777778	0.00013222598713077274	0.11801015972534422	0.0	(0.11801015972534422+0j)
0.3466666666666667	0.12017777777777779	0.00013273343130433153	0.12031066161163984	0.0	(0.12031066161163984+0j)
0.35000000000000003	0.12250000000000003	0.00013322730340741093	0.12263337238920753	0.0	(0.12263337238920753+0j)
0.35333333333333333	0.12484444444444444	0.00013370802737071565	0.12497829246978835	0.0	(0.12497829246978835+0j)
0.3566666666666667	0.12721111111111114	0.00013417601518053783	0.1273454222538746	0.0	(0.1273454222538746+0j)
0.36000000000000004	0.12960000000000002	0.0001346316669282358	0.12973476213071347	0.0	(0.12973476213071347+0j)
0.36333333333333334	0.1320111111111111	0.00013507537089436155	0.132146312478354	0.0	(0.132146312478354+0j)
0.3666666666666667	0.13444444444444448	0.0001355075036636912	0.1345800736637211	0.0	(0.1345800736637211+0j)
0.37000000000000005	0.13690000000000005	0.00013592843026763058	0.1370360460427286	0.0	(0.1370360460427286+0j)
0.37333333333333335	0.1393777777777778	0.0001363385043506792	0.1395142299604032	0.0	(0.1395142299604032+0j)
0.3766666666666667	0.1418777777777778	0.00013673806835785035	0.1420146257510465	0.0	(0.1420146257510465+0j)
0.38	0.1444	0.0001371274537401552	0.144537233738413	0.0	(0.144537233738413+0j)
0.38333333333333336	0.14694444444444446	0.00013750698117546422	0.1470820542359019	0.0	(0.1470820542359019+0j)
0.3866666666666667	0.14951111111111115	0.0001378769608022617	0.14964908754676573	0.0	(0.14964908754676573+0j)
0.39	0.1521	0.00013823769246400268	0.15223833396433184	0.0	(0.15223833396433184+0j)
0.39333333333333337	0.15471111111111113	0.00013858946596197145	0.1548497937722314	0.0	(0.1548497937722314+0j)
0.39666666666666667	0.15734444444444445	0.0001389325613147201	0.15748346724464257	0.0	(0.15748346724464257+0j)
0.4	0.16000000000000003	0.0001392672490223401	0.1601393546465303	0.0	(0.1601393546465303+0j)
0.4033333333333334	0.1626777777777778	0.00013959379033398305	0.16281745623389807	0.0	(0.16281745623389807+0j)
0.4066666666666667	0.1653777777777778	0.00013991243751720393	0.16551777225404168	0.0	(0.16551777225404168+0j)
0.41000000000000003	0.16810000000000003	0.0001402234341278467	0.16824030294580367	0.0	(0.16824030294580367+0j)
0.4133333333333334	0.1708444444444445	0.0001405270152793312	0.17098504853982377	0.0	(0.17098504853982377+0j)
0.4166666666666667	0.17361111111111113	0.0001408234079103295	0.1737520092587952	0.0	(0.1737520092587952+0j)
0.42000000000000004	0.17640000000000003	0.00014111283104994174	0.17654118531772026	0.0	(0.17654118531772026+0j)
0.42333333333333334	0.17921111111111113	0.00014139549607959304	0.17935257692415255	0.0	(0.17935257692415255+0j)
0.4266666666666667	0.18204444444444448	0.00014167160699097786	0.182186184278451	0.0	(0.182186184278451+0j)
0.43000000000000005	0.18490000000000004	0.00014194136063947442	0.18504200757401634	0.0	(0.18504200757401634+0j)
0.43333333333333335	0.1877777777777778	0.00014220494699253948	0.18792004699753628	0.0	(0.18792004699753628+0j)
0.4366666666666667	0.1906777777777778	0.0001424625493726748	0.19082030272920839	0.0	(0.19082030272920839+0j)
0.44	0.1936	0.00014271434469463086	0.1937427749429836	0.0	(0.1937427749429836+0j)
0.44333333333333336	0.19654444444444447	0.00014296050369657908	0.19668746380677457	0.0	(0.19668746380677457+0j)
0.4466666666666667	0.19951111111111114	0.00014320119116504498	0.19965436948267928	0.0	(0.19965436948267928+0j)
0.45	0.2025	0.00014343656615344903	0.20264349212719276	0.0	(0.20264349212719276+0j)
0.45333333333333337	0.20551111111111114	0.00014366678219415	0.20565483189141062	0.0	(0.20565483189141062+0j)
0.4566666666666667	0.2085444444444445	0.00014389198750392924	0.20868838892123323	0.0	(0.20868838892123323+0j)
0.46	0.2116	0.0001441123251828928	0.21174416335754256	0.0	(0.21174416335754256+0j)
0.4633333333333334	0.21467777777777783	0.0001443279334068018	0.21482215533641164	0.0	(0.21482215533641164+0j)
0.4666666666666667	0.2177777777777778	0.00014453894561287104	0.2179223649892629	0.0	(0.2179223649892629+0j)
0.47000000000000003	0.22090000000000004	0.00014474549067910108	0.22104479244306294	0.0	(0.22104479244306294+0j)
0.4733333333333334	0.2240444444444445	0.0001449476930972318	0.224189437820471	0.0	(0.224189437820471+0j)
0.4766666666666667	0.2272111111111111	0.00014514567313942347	0.22735630124001727	0.0	(0.22735630124001727+0j)
0.48000000000000004	0.23040000000000005	0.00014533954701878747	0.23054538281624803	0.0	(0.23054538281624803+0j)
0.48333333333333334	0.2336111111111111	0.00014552942704390163	0.23375668265988386	0.0	(0.23375668265988386+0j)
0.4866666666666667	0.23684444444444447	0.0001457154217674563	0.23699020087795475	0.0	(0.23699020087795475+0j)
0.49000000000000005	0.24010000000000004	0.00014589763612918533	0.24024593757395235	0.0	(0.24024593757395235+0j)
0.49333333333333335	0.2433777777777778	0.00014607617159324257	0.24352389284795536	0.0	(0.24352389284795536+0j)
0.4966666666666667	0.2466777777777778	0.00014625112628018994	0.24682406679675747	0.0	(0.24682406679675747+0j)
0.5	0.25	0.00014642259509376558	0.2501464595139959	0.0	(0.2501464595139959+0j)
0.5033333333333334	0.25334444444444454	0.00014659066984260358	0.25349107109026897	0.0	(0.25349107109026897+0j)
0.5066666666666667	0.25671111111111117	0.0001467554393570758	0.2568579016132438	0.0	(0.2568579016132438+0j)
0.51	0.2601	0.00014691698960142855	0.26024695116778324	0.0	(0.26024695116778324+0j)
0.5133333333333334	0.2635111111111112	0.00014707540378138318	0.2636582198360266	0.0	(0.2636582198360266+0j)
0.5166666666666667	0.2669444444444445	0.00014723076244736947	0.26709170769750784	0.0	(0.26709170769750784+0j)
0.52	0.27040000000000003	0.00014738314359355744	0.2705474148292507	0.0	(0.2705474148292507+0j)
0.5233333333333333	0.2738777777777778	0.00014753262275285013	0.2740253413058572	0.0	(0.2740253413058572+0j)
0.5266666666666667	0.27737777777777783	0.0001476792730879969	0.27752548719959247	0.0	(0.27752548719959247+0j)
0.53	0.28090000000000004	0.0001478231654789821	0.2810478525804854	0.0	(0.2810478525804854+0j)
0.5333333333333333	0.28444444444444444	0.0001479643686068404	0.28459243751639596	0.0	(0.28459243751639596+0j)
0.5366666666666667	0.28801111111111116	0.00014810294903404574	0.2881592420730986	0.0	(0.2881592420730986+0j)
0.54	0.2916	0.00014823897128161563	0.2917482663143638	0.0	(0.2917482663143638+0j)
0.5433333333333333	0.2952111111111111	0.00014837249790306903	0.29535951030201907	0.0	(0.29535951030201907+0j)
0.5466666666666667	0.2988444444444445	0.00014850358955536985	0.29899297409602904	0.0	(0.29899297409602904+0j)
0.55	0.30250000000000005	0.00014863230506698502	0.3026486577545613	0.0	(0.3026486577545613+0j)
0.5533333333333333	0.30617777777777777	0.0001487587015031795	0.30632656133403297	0.0	(0.30632656133403297+0j)
0.5566666666666668	0.30987777777777786	0.00014888283422866805	0.31002668488919577	0.0	(0.31002668488919577+0j)
0.56	0.31360000000000005	0.00014900475696773665	0.3137490284731943	0.0	(0.3137490284731943+0j)
0.5633333333333334	0.3173444444444445	0.00014912452186194368	0.3174935921375965	0.0	(0.3174935921375965+0j)
0.5666666666666667	0.32111111111111107	0.00014924217952550542	0.32126037593247597	0.0	(0.32126037593247597+0j)
0.5700000000000001	0.3249000000000001	0.00014935777909846706	0.3250493799064494	0.0	(0.3250493799064494+0j)
0.5733333333333334	0.3287111111111111	0.00014947136829775436	0.3288606041067319	0.0	(0.3288606041067319+0j)
0.5766666666666667	0.3325444444444444	0.0001495829934661996	0.3326940485791847	0.0	(0.3326940485791847+0j)
0.5800000000000001	0.3364000000000001	0.0001496926996196283	0.33654971336836226	0.0	(0.33654971336836226+0j)
0.5833333333333334	0.34027777777777785	0.00014980053049209297	0.3404275985175457	0.0	(0.3404275985175457+0j)
0.5866666666666667	0.3441777777777778	0.0001499065285793322	0.3443277040688063	0.0	(0.3443277040688063+0j)
0.5900000000000001	0.3481000000000001	0.00015001073518053416	0.34825003006303	0.0	(0.34825003006303+0j)
0.5933333333333334	0.3520444444444445	0.00015011319043847635	0.3521945765399634	0.0	(0.3521945765399634+0j)
0.5966666666666667	0.3560111111111111	0.00015021393337811273	0.35616134353824147	0.0	(0.35616134353824147+0j)
0.6000000000000001	0.3600000000000001	0.00015031300194367486	0.3601503310954485	0.0	(0.3601503310954485+0j)
0.6033333333333334	0.3640111111111112	0.00015041043303435077	0.364161539248125	0.0	(0.364161539248125+0j)
0.6066666666666667	0.36804444444444445	0.0001505062625386031	0.3681949680318264	0.0	(0.3681949680318264+0j)
0.61	0.3721	0.0001506005253671842	0.3722506174811221	0.0	(0.3722506174811221+0j)
0.6133333333333334	0.37617777777777783	0.00015069325548490374	0.37632848762966936	0.0	(0.37632848762966936+0j)
0.6166666666666667	0.3802777777777778	0.00015078448594120237	0.3804285785102064	0.0	(0.3804285785102064+0j)
0.62	0.3844	0.00015087424889958113	0.3845508901546059	0.0	(0.3845508901546059+0j)
0.6233333333333334	0.3885444444444445	0.0001509625756659356	0.3886954225938874	0.0	(0.3886954225938874+0j)
0.6266666666666667	0.3927111111111112	0.0001510494967158402	0.392862175858257	0.0	(0.392862175858257+0j)
0.63	0.39690000000000003	0.0001511350417208269	0.3970511499771165	0.0	(0.3970511499771165+0j)
0.6333333333333334	0.4011111111111112	0.00015121923957370022	0.40126234497911106	0.0	(0.40126234497911106+0j)
0.6366666666666667	0.4053444444444445	0.0001513021184129282	0.4054957608921313	0.0	(0.4054957608921313+0j)
0.64	0.4096	0.0001513837056461479	0.4097513977433491	0.0	(0.4097513977433491+0j)
0.6433333333333334	0.4138777777777779	0.00015146402797282124	0.414029255559236	0.0	(0.414029255559236+0j)
0.6466666666666667	0.41817777777777787	0.00015154311140607682	0.41832933436557623	0.0	(0.41832933436557623+0j)
0.65	0.42250000000000004	0.0001516209812937701	0.4226516341875177	0.0	(0.4226516341875177+0j)
0.6533333333333333	0.4268444444444444	0.000151697662338794	0.42699615504955024	0.0	(0.42699615504955024+0j)
0.6566666666666667	0.4312111111111112	0.00015177317861867005	0.4313628969755513	0.0	(0.4313628969755513+0j)
0.66	0.43560000000000004	0.0001518475536044493	0.43575185998880267	0.0	(0.43575185998880267+0j)
0.6633333333333333	0.44001111111111113	0.00015192081017895013	0.4401630441120044	0.0	(0.4401630441120044+0j)
0.6666666666666667	0.44444444444444453	0.00015199297065435978	0.4445964493672937	0.0	(0.4445964493672937+0j)
0.67	0.4489000000000001	0.0001520640567892246	0.4490520757762456	0.0	(0.4490520757762456+0j)
0.6733333333333333	0.45337777777777777	0.00015213408980485307	0.45352992335992215	0.0	(0.45352992335992215+0j)
0.6766666666666667	0.4578777777777779	0.0001522030904011549	0.4580299921388542	0.0	(0.4580299921388542+0j)
0.68	0.4624000000000001	0.00015227107877193818	0.46255228213308675	0.0	(0.46255228213308675+0j)
0.6833333333333333	0.46694444444444444	0.00015233807461968504	0.4670967933621699	0.0	(0.4670967933621699+0j)
0.6866666666666668	0.4715111111111112	0.00015240409716982733	0.47166352584518506	0.0	(0.47166352584518506+0j)
0.6900000000000001	0.4761000000000001	0.00015246916518454003	0.4762524796007456	0.0	(0.4762524796007456+0j)
0.6933333333333334	0.48071111111111114	0.00015253329697607215	0.480863654647034	0.0	(0.480863654647034+0j)
0.6966666666666667	0.4853444444444444	0.00015259651041963208	0.4854970510017906	0.0	(0.4854970510017906+0j)
0.7000000000000001	0.4900000000000001	0.0001526588229658443	0.49015266868234036	0.0	(0.49015266868234036+0j)
0.7033333333333334	0.4946777777777778	0.00015272025165279427	0.4948305077055954	0.0	(0.4948305077055954+0j)
0.7066666666666667	0.49937777777777775	0.00015278081311767615	0.49953056808807483	0.0	(0.49953056808807483+0j)
0.7100000000000001	0.5041000000000001	0.00015284052360805904	0.5042528498459097	0.0	(0.5042528498459097+0j)
0.7133333333333334	0.5088444444444445	0.00015289939899278506	0.5089973529948568	0.0	(0.5089973529948568+0j)
0.7166666666666667	0.5136111111111111	0.00015295745477251414	0.5137640775503047	0.0	(0.5137640775503047+0j)
0.7200000000000001	0.5184000000000001	0.0001530147060899272	0.5185530235272966	0.0	(0.5185530235272966+0j)
0.7233333333333334	0.5232111111111112	0.0001530711677396015	0.523364190940523	0.0	(0.523364190940523+0j)
0.7266666666666667	0.5280444444444444	0.00015312685417756926	0.528197579804338	0.0	(0.528197579804338+0j)
0.7300000000000001	0.5329000000000002	0.00015318177953057167	0.5330531901327767	0.0	(0.5330531901327767+0j)
0.7333333333333334	0.5377777777777779	0.0001532359576050191	0.5379310219395491	0.0	(0.5379310219395491+0j)
0.7366666666666667	0.5426777777777778	0.00015328940189566798	0.5428310752380634	0.0	(0.5428310752380634+0j)
0.7400000000000001	0.5476000000000002	0.00015334212559402498	0.5477533500414269	0.0	(0.5477533500414269+0j)
0.7433333333333334	0.5525444444444445	0.00015339414159648777	0.5526978463624418	0.0	(0.5526978463624418+0j)
0.7466666666666667	0.5575111111111112	0.000153445462512232	0.5576645642136399	0.0	(0.5576645642136399+0j)
0.75	0.5625	0.00015349610067085363	0.562653503607278	0.0	(0.562653503607278+0j)
0.7533333333333334	0.5675111111111112	0.00015354606812977467	0.5676646645553313	0.0	(0.5676646645553313+0j)
0.7566666666666667	0.5725444444444445	0.0001535953766814215	0.57269804706951	0.0	(0.57269804706951+0j)
0.76	0.5776	0.0001536440378601831	0.5777536511612826	0.0	(0.5777536511612826+0j)
0.7633333333333334	0.582677777777778	0.00015369206294915688	0.5828314768418748	0.0	(0.5828314768418748+0j)
0.7666666666666667	0.5877777777777778	0.00015373946298669002	0.587931524122236	0.0	(0.587931524122236+0j)
0.77	0.5929	0.00015378624877272266	0.5930537930131158	0.0	(0.5930537930131158+0j)
0.7733333333333334	0.5980444444444446	0.00015383243087494042	0.5981982835250038	0.0	(0.5981982835250038+0j)
0.7766666666666667	0.6032111111111113	0.00015387801963474216	0.6033649956681935	0.0	(0.6033649956681935+0j)
0.78	0.6084	0.00015392302517302993	0.6085539294527395	0.0	(0.6085539294527395+0j)
0.7833333333333334	0.6136111111111112	0.00015396745739582656	0.6137650848884907	0.0	(0.6137650848884907+0j)
0.7866666666666667	0.6188444444444445	0.00015401132599972712	0.6189984619850897	0.0	(0.6189984619850897+0j)
0.79	0.6241000000000001	0.00015405464047718966	0.6242540607519742	0.0	(0.6242540607519742+0j)
0.7933333333333333	0.6293777777777778	0.00015409741012167069	0.6295318811983882	0.0	(0.6295318811983882+0j)
0.7966666666666667	0.6346777777777779	0.00015413964403261055	0.6348319233333766	0.0	(0.6348319233333766+0j)
0.8	0.6400000000000001	0.00015418135112027368	0.6401541871658106	0.0	(0.6401541871658106+0j)
0.8033333333333333	0.6453444444444445	0.00015422254011044858	0.6454986727043688	0.0	(0.6454986727043688+0j)
0.8066666666666668	0.6507111111111112	0.00015426321954901219	0.6508653799575592	0.0	(0.6508653799575592+0j)
0.81	0.6561000000000001	0.0001543033978063628	0.6562543089337093	0.0	(0.6562543089337093+0j)
0.8133333333333334	0.6615111111111112	0.00015434308308172654	0.6616654596409834	0.0	(0.6616654596409834+0j)
0.8166666666666668	0.6669444444444446	0.0001543822834073404	0.6670988320873984	0.0	(0.6670988320873984+0j)
0.8200000000000001	0.6724000000000001	0.00015442100665251715	0.6725544262807823	0.0	(0.6725544262807823+0j)
0.8233333333333334	0.6778777777777778	0.0001544592605275948	0.6780322422288417	0.0	(0.6780322422288417+0j)
0.8266666666666668	0.683377777777778	0.0001544970525877751	0.6835322799391085	0.0	(0.6835322799391085+0j)
0.8300000000000001	0.6889000000000001	0.00015453439023685412	0.6890545394189898	0.0	(0.6890545394189898+0j)
0.8333333333333334	0.6944444444444445	0.00015457128073084877	0.6945990206757445	0.0	(0.6945990206757445+0j)
0.8366666666666667	0.7000111111111111	0.0001546077311815223	0.7001657237165022	0.0	(0.7001657237165022+0j)
0.8400000000000001	0.7056000000000001	0.00015464374855981213	0.705754648548261	0.0	(0.705754648548261+0j)
0.8433333333333334	0.7112111111111112	0.0001546793396991629	0.7113657951779133	0.0	(0.7113657951779133+0j)
0.8466666666666667	0.7168444444444445	0.0001547145112987679	0.7169991636122091	0.0	(0.7169991636122091+0j)
0.8500000000000001	0.7225000000000001	0.00015474926992672177	0.7226547538577991	0.0	(0.7226547538577991+0j)
0.8533333333333334	0.7281777777777779	0.00015478362202308717	0.7283325659212393	0.0	(0.7283325659212393+0j)
0.8566666666666667	0.7338777777777779	0.00015481757390287793	0.7340325998089852	0.0	(0.7340325998089852+0j)
0.8600000000000001	0.7396000000000001	0.00015485113175896145	0.7397548555273892	0.0	(0.7397548555273892+0j)
0.8633333333333334	0.7453444444444446	0.00015488430166488306	0.745499333082742	0.0	(0.745499333082742+0j)
0.8666666666666667	0.7511111111111112	0.00015491708957761412	0.7512660324812483	0.0	(0.7512660324812483+0j)
0.8700000000000001	0.7569000000000002	0.00015494950134022683	0.7570549537290486	0.0	(0.7570549537290486+0j)
0.8733333333333334	0.7627111111111112	0.0001549815426844976	0.7628660968322382	0.0	(0.7628660968322382+0j)
0.8766666666666667	0.7685444444444445	0.00015501321923344126	0.7686994617968647	0.0	(0.7686994617968647+0j)
0.88	0.7744	0.0001550445365037782	0.7745550486289356	0.0	(0.7745550486289356+0j)
0.8833333333333334	0.780277777777778	0.0001550754999083366	0.7804328573344301	0.0	(0.7804328573344301+0j)
0.8866666666666667	0.7861777777777779	0.0001551061147583913	0.7863328879193202	0.0	(0.7863328879193202+0j)
0.89	0.7921	0.00015513638626594168	0.7922551403895945	0.0	(0.7922551403895945+0j)
0.8933333333333334	0.7980444444444446	0.00015516631954593007	0.7981996147512308	0.0	(0.7981996147512308+0j)
0.8966666666666667	0.8040111111111112	0.00015519591961840257	0.8041663110102513	0.0	(0.8041663110102513+0j)
0.9	0.81	0.00015522519141061397	0.8101552291727027	0.0	(0.8101552291727027+0j)
0.9033333333333334	0.8160111111111112	0.00015525413975907838	0.8161663692447132	0.0	(0.8161663692447132+0j)
0.9066666666666667	0.8220444444444446	0.000155282769411567	0.8221997312324594	0.0	(0.8221997312324594+0j)
0.91	0.8281000000000001	0.0001553110850290552	0.828255315142222	0.0	(0.828255315142222+0j)
0.9133333333333334	0.834177777777778	0.00015533909118761952	0.8343331209803896	0.0	(0.8343331209803896+0j)
0.9166666666666667	0.8402777777777779	0.0001553667923802866	0.8404331487534815	0.0	(0.8404331487534815+0j)
0.92	0.8464	0.00015539419301883542	0.8465553984681491	0.0	(0.8465553984681491+0j)
0.9233333333333333	0.8525444444444444	0.00015542129743555404	0.8526998701312541	0.0	(0.8526998701312541+0j)
0.9266666666666667	0.8587111111111113	0.00015544810988495197	0.8588665637498367	0.0	(0.8588665637498367+0j)
0.93	0.8649000000000001	0.00015547463454542996	0.8650554793311978	0.0	(0.8650554793311978+0j)
0.9333333333333333	0.8711111111111112	0.00015550087552090795	0.8712666168828981	0.0	(0.8712666168828981+0j)
0.9366666666666668	0.8773444444444446	0.00015552683684241255	0.8774999764128614	0.0	(0.8774999764128614+0j)
0.9400000000000001	0.8836000000000002	0.0001555525224696252	0.8837555579294074	0.0	(0.8837555579294074+0j)
0.9433333333333334	0.8898777777777778	0.00015557793629239215	0.8900333614413186	0.0	(0.8900333614413186+0j)
0.9466666666666668	0.896177777777778	0.00015560308213219724	0.8963333869580065	0.0	(0.8963333869580065+0j)
0.9500000000000001	0.9025000000000001	0.0001556279637435985	0.9026556344896126	0.0	(0.9026556344896126+0j)
0.9533333333333334	0.9088444444444445	0.00015565258481562986	0.9090001040472246	0.0	(0.9090001040472246+0j)
0.9566666666666668	0.9152111111111113	0.00015567694897316848	0.9153667956431649	0.0	(0.9153667956431649+0j)
0.9600000000000001	0.9216000000000002	0.00015570105977826915	0.921755709291353	0.0	(0.921755709291353+0j)
0.9633333333333334	0.9280111111111112	0.0001557249207314661	0.9281668450078979	0.0	(0.9281668450078979+0j)
0.9666666666666667	0.9344444444444444	0.00015574853527304384	0.9346002028118887	0.0	(0.9346002028118887+0j)
0.9700000000000001	0.9409000000000002	0.0001557719067842772	0.9410557827266536	0.0	(0.9410557827266536+0j)
0.9733333333333334	0.9473777777777779	0.00015579503858864177	0.9475335847817157	0.0	(0.9475335847817157+0j)
0.9766666666666667	0.9538777777777778	0.0001558179339529955	0.9540336090159458	0.0	(0.9540336090159458+0j)
0.9800000000000001	0.9604000000000001	0.00015584059608873217	0.9605558554830919	0.0	(0.9605558554830919+0j)
0.9833333333333334	0.9669444444444446	0.00015586302815290756	0.9671003242617927	0.0	(0.9671003242617927+0j)
0.9866666666666667	0.9735111111111112	0.00015588523324933906	0.9736670154758543	0.0	(0.9736670154758543+0j)
0.9900000000000001	0.9801000000000002	0.00015590721442967936	0.9802559293397449	0.0	(0.9802559293397449+0j)
0.9933333333333334	0.9867111111111112	0.00015592897469446493	0.9868670662803426	0.0	(0.9868670662803426+0j)
0.9966666666666667	0.9933444444444445	0.00015595051699414018	0.9935004273633119	0.0	(0.9935004273633119+0j)
1.0	1.0	0.00015597184423005745	1.0001560168505728	0.0	(1.0001560168505728+0j)
