-1.0	-1.0	-0.01695488108410624	-1.0169559318801524	0.0	-1.0169559318801524
-0.9975	-0.9950062500000001	-0.016883131602502377	-1.011890217973754	0.0	-1.011890217973754
-0.995	-0.990025	-0.016811447732523646	-1.006837173342595	0.0	-1.006837173342595
-0.9925	-0.9850562500000001	-0.01673983012464199	-1.0017967301843562	0.0	-1.0017967301843562
-0.99	-0.9801	-0.01666827942988748	-0.9967688717677914	0.0	-0.9967688717677914
-0.9875	-0.9751562500000001	-0.016596796299838193	-0.9917535917266682	0.0	-0.9917535917266682
-0.985	-0.970225	-0.016525381386609778	-0.9867508871789591	0.0	-0.9867508871789591
-0.9825	-0.96530625	-0.01645403534284516	-0.9817607567454947	0.0	-0.9817607567454947
-0.98	-0.9603999999999999	-0.016382758821704188	-0.9767831998026462	0.0	-0.9767831998026462
-0.9775	-0.9555062500000001	-0.016311552476853258	-0.971818216148647	0.0	-0.971818216148647
-0.975	-0.9506249999999999	-0.016240416962454762	-0.9668658058360704	0.0	-0.9668658058360704
-0.9725	-0.9457562500000001	-0.016169352933156717	-0.9619259690801202	0.0	-0.9619259690801202
-0.97	-0.9409	-0.016098361044082188	-0.9569987062049722	0.0	-0.9569987062049722
-0.9675	-0.93605625	-0.016027441950818774	-0.9520840176105811	0.0	-0.9520840176105811
-0.965	-0.931225	-0.015956596309408003	-0.9471819037513929	0.0	-0.9471819037513929
-0.9625	-0.9264062500000001	-0.015885824776334767	-0.9422923651219893	0.0	-0.9422923651219893
-0.96	-0.9216	-0.015815128008516546	-0.9374154022472693	0.0	-0.9374154022472693
-0.9575	-0.91680625	-0.015744506663292884	-0.9325510156754696	0.0	-0.9325510156754696
-0.9550000000000001	-0.9120250000000001	-0.015673961398414635	-0.9276992059731006	0.0	-0.9276992059731006
-0.9525	-0.90725625	-0.015603492872033053	-0.9228599737212241	0.0	-0.9228599737212241
-0.9500000000000001	-0.9025000000000001	-0.015533101742689251	-0.9180333195126482	0.0	-0.9180333195126482
-0.9475	-0.89775625	-0.015462788669303215	-0.9132192439497406	0.0	-0.9132192439497406
-0.9450000000000001	-0.8930250000000001	-0.015392554311163029	-0.908417747642836	0.0	-0.908417747642836
-0.9425	-0.88830625	-0.01532239932791396	-0.9036288312088424	0.0	-0.9036288312088424
-0.9400000000000001	-0.8836000000000002	-0.015252324379547613	-0.8988524952702631	0.0	-0.8988524952702631
-0.9375	-0.87890625	-0.015182330126390822	-0.8940887404543248	0.0	-0.8940887404543248
-0.935	-0.8742250000000001	-0.015112417229094982	-0.8893375673923175	0.0	-0.8893375673923175
-0.9325	-0.86955625	-0.015042586348624695	-0.8845989767190343	0.0	-0.8845989767190343
-0.93	-0.8649000000000001	-0.014972838146246933	-0.8798729690723015	0.0	-0.8798729690723015
-0.9275	-0.86025625	-0.014903173283520005	-0.8751595450925973	0.0	-0.8751595450925973
-0.925	-0.8556250000000001	-0.014833592422282271	-0.8704587054227453	0.0	-0.8704587054227453
-0.9225	-0.85100625	-0.014764096224641227	-0.8657704507076286	0.0	-0.8657704507076286
-0.92	-0.8464	-0.014694685352962214	-0.8610947815939457	0.0	-0.8610947815939457
-0.9175	-0.84180625	-0.01462536046985724	-0.8564316987300524	0.0	-0.8564316987300524
-0.915	-0.8372250000000001	-0.014556122238173833	-0.8517812027657423	0.0	-0.8517812027657423
-0.9125	-0.83265625	-0.014486971320983796	-0.8471432943521244	0.0	-0.8471432943521244
-0.91	-0.8281000000000001	-0.01441790838157174	-0.8425179741414913	0.0	-0.8425179741414913
-0.9075	-0.82355625	-0.014348934083424122	-0.837905242787202	0.0	-0.837905242787202
-0.905	-0.819025	-0.014280049090217559	-0.8333051009435779	0.0	-0.8333051009435779
-0.9025	-0.81450625	-0.014211254065807796	-0.8287175492658128	0.0	-0.8287175492658128
-0.9	-0.81	-0.014142549674218033	-0.8241425884098996	0.0	-0.8241425884098996
-0.8975	-0.80550625	-0.014073936579627674	-0.8195802190325711	0.0	-0.8195802190325711
-0.895	-0.801025	-0.0140054154463609	-0.8150304417911677	0.0	-0.8150304417911677
-0.8925000000000001	-0.7965562500000001	-0.01393698693887506	-0.8104932573436912	0.0	-0.8104932573436912
-0.89	-0.7921	-0.013868651721749323	-0.8059686663486467	0.0	-0.8059686663486467
-0.8875000000000001	-0.7876562500000002	-0.013800410459673132	-0.8014566694650763	0.0	-0.8014566694650763
-0.885	-0.7832250000000001	-0.013732263817434517	-0.7969572673524351	0.0	-0.7969572673524351
-0.8825000000000001	-0.7788062500000001	-0.013664212459908745	-0.7924704606706043	0.0	-0.7924704606706043
-0.88	-0.7744	-0.013596257052046562	-0.7879962500798645	0.0	-0.7879962500798645
-0.8775000000000001	-0.7700062500000001	-0.013528398258862623	-0.7835346362407926	0.0	-0.7835346362407926
-0.875	-0.765625	-0.013460636745423776	-0.779085619814296	0.0	-0.779085619814296
-0.8725	-0.7612562500000001	-0.013392973176837547	-0.7746492014615557	0.0	-0.7746492014615557
-0.87	-0.7569	-0.013325408218240214	-0.770225381843981	0.0	-0.770225381843981
-0.8675	-0.75255625	-0.013257942534785405	-0.7658141616232036	0.0	-0.7658141616232036
-0.865	-0.748225	-0.013190576791631992	-0.7614155414610579	0.0	-0.7614155414610579
-0.8625	-0.7439062500000001	-0.013123311653932573	-0.7570295220195291	0.0	-0.7570295220195291
-0.86	-0.7395999999999999	-0.01305614778682157	-0.7526561039607529	0.0	-0.7526561039607529
-0.8575	-0.73530625	-0.012989085855403454	-0.748295287946952	0.0	-0.748295287946952
-0.855	-0.7310249999999999	-0.012922126524740868	-0.7439470746404869	0.0	-0.7439470746404869
-0.8525	-0.7267562500000001	-0.012855270459842888	-0.7396114647037786	0.0	-0.7396114647037786
-0.85	-0.7224999999999999	-0.012788518325652809	-0.7352884587992856	0.0	-0.7352884587992856
-0.8475	-0.71825625	-0.012721870787036904	-0.7309780575895235	0.0	-0.7309780575895235
-0.845	-0.7140249999999999	-0.01265532850877163	-0.726680261737001	0.0	-0.726680261737001
-0.8425	-0.7098062500000001	-0.012588892155532438	-0.7223950719042426	0.0	-0.7223950719042426
-0.84	-0.7055999999999999	-0.01252256239188132	-0.71812248875374	0.0	-0.71812248875374
-0.8375	-0.70140625	-0.01245633988225503	-0.7138625129479592	0.0	-0.7138625129479592
-0.835	-0.697225	-0.012390225290953183	-0.7096151451492778	0.0	-0.7096151451492778
-0.8325	-0.69305625	-0.012324219282125987	-0.7053803860200302	0.0	-0.7053803860200302
-0.8300000000000001	-0.6889000000000001	-0.012258322519762166	-0.70115823622246	0.0	-0.70115823622246
-0.8275	-0.6847562500000001	-0.012192535667677223	-0.6969486964186844	0.0	-0.6969486964186844
-0.8250000000000001	-0.6806250000000001	-0.01212685938950106	-0.6927517672707161	0.0	-0.6927517672707161
-0.8225	-0.67650625	-0.012061294348666068	-0.6885674494404043	0.0	-0.6885674494404043
-0.8200000000000001	-0.6724000000000001	-0.011995841208394836	-0.68439574358948	0.0	-0.68439574358948
-0.8175	-0.66830625	-0.01193050063168799	-0.6802366503794828	0.0	-0.6802366503794828
-0.8150000000000001	-0.6642250000000001	-0.011865273281312372	-0.676090170471764	0.0	-0.676090170471764
-0.8125	-0.66015625	-0.011800159819788353	-0.6719563045274938	0.0	-0.6719563045274938
-0.81	-0.6561000000000001	-0.011735160909378095	-0.6678350532076086	0.0	-0.6678350532076086
-0.8075	-0.65205625	-0.011670277212073144	-0.6637264171728315	0.0	-0.6637264171728315
-0.805	-0.6480250000000001	-0.01160550938958213	-0.6596303970836338	0.0	-0.6596303970836338
-0.8025	-0.64400625	-0.01154085810331873	-0.6555469936002316	0.0	-0.6555469936002316
-0.8	-0.6400000000000001	-0.011476324014389139	-0.651476207382559	0.0	-0.651476207382559
-0.7975	-0.63600625	-0.011411907783580116	-0.6474180390902877	0.0	-0.6474180390902877
-0.795	-0.6320250000000001	-0.011347610071346409	-0.6433724893827651	0.0	-0.6433724893827651
-0.7925	-0.62805625	-0.011283431537798677	-0.6393395589190495	0.0	-0.6393395589190495
-0.79	-0.6241000000000001	-0.011219372842691033	-0.635319248357837	0.0	-0.635319248357837
-0.7875	-0.62015625	-0.011155434645408774	-0.6313115583575134	0.0	-0.6313115583575134
-0.785	-0.616225	-0.011091617604956028	-0.6273164895760844	0.0	-0.6273164895760844
-0.7825	-0.6123062499999999	-0.011027922379943322	-0.6233340426711974	0.0	-0.6233340426711974
-0.78	-0.6084	-0.010964349628575343	-0.6193642183001364	0.0	-0.6193642183001364
-0.7775	-0.6045062499999999	-0.01090090000863847	-0.6154070171197568	0.0	-0.6154070171197568
-0.775	-0.6006250000000001	-0.010837574177488402	-0.6114624397865054	0.0	-0.6114624397865054
-0.7725	-0.59675625	-0.0107743727920378	-0.6075304869564357	0.0	-0.6075304869564357
-0.77	-0.5929	-0.010711296508743612	-0.6036111592851368	0.0	-0.6036111592851368
-0.7675000000000001	-0.5890562500000001	-0.010648345983595153	-0.599704457427751	0.0	-0.599704457427751
-0.765	-0.585225	-0.0105855218721011	-0.5958103820389818	0.0	-0.5958103820389818
-0.7625000000000001	-0.5814062500000001	-0.010522824829277355	-0.5919289337730163	0.0	-0.5919289337730163
-0.76	-0.5776	-0.010460255509634614	-0.5880601132835792	0.0	-0.5880601132835792
-0.7575000000000001	-0.5738062500000001	-0.010397814567165709	-0.5842039212238825	0.0	-0.5842039212238825
-0.755	-0.570025	-0.0103355026553332	-0.5803603582466202	0.0	-0.5803603582466202
-0.7525000000000001	-0.5662562500000001	-0.010273320427056948	-0.576529425003969	0.0	-0.576529425003969
-0.75	-0.5625	-0.010211268534701556	-0.572711122147543	0.0	-0.572711122147543
-0.7475	-0.5587562500000001	-0.010149347630063865	-0.5689054503284097	0.0	-0.5689054503284097
-0.745	-0.555025	-0.010087558364360427	-0.5651124101970697	0.0	-0.5651124101970697
-0.7425	-0.5513062500000001	-0.010025901388214992	-0.5613320024034433	0.0	-0.5613320024034433
-0.74	-0.5476	-0.009964377351645959	-0.5575642275968433	0.0	-0.5575642275968433
-0.7375	-0.54390625	-0.00990298690405389	-0.5538090864259945	0.0	-0.5538090864259945
-0.735	-0.540225	-0.009841730694208878	-0.5500665795389759	0.0	-0.5500665795389759
-0.7325	-0.5365562500000001	-0.009780609370238114	-0.5463367075832481	0.0	-0.5463367075832481
-0.73	-0.5328999999999999	-0.009719623579613063	-0.5426194712056247	0.0	-0.5426194712056247
-0.7275	-0.5292562500000001	-0.009658773969137363	-0.5389148710522437	0.0	-0.5389148710522437
-0.725	-0.525625	-0.009598061184933754	-0.5352229077685996	0.0	-0.5352229077685996
-0.7225	-0.52200625	-0.00953748587243175	-0.5315435819994636	0.0	-0.5315435819994636
-0.72	-0.5184	-0.009477048676355126	-0.5278768943889379	0.0	-0.5278768943889379
-0.7175	-0.51480625	-0.009416750240709149	-0.5242228455803959	0.0	-0.5242228455803959
-0.715	-0.5112249999999999	-0.009356591208768111	-0.5205814362164861	0.0	-0.5205814362164861
-0.7125	-0.50765625	-0.009296572223062682	-0.5169526669391303	0.0	-0.5169526669391303
-0.71	-0.5041	-0.009236693925367329	-0.5133365383895023	0.0	-0.5133365383895023
-0.7075	-0.50055625	-0.009176956956687743	-0.5097330512079833	0.0	-0.5097330512079833
-0.705	-0.49702499999999994	-0.009117361957248216	-0.5061422060342107	0.0	-0.5061422060342107
-0.7025	-0.49350625000000004	-0.00905790956647895	-0.5025640035070198	0.0	-0.5025640035070198
-0.7000000000000001	-0.4900000000000001	-0.008998600423003655	-0.4989984442644394	0.0	-0.4989984442644394
-0.6975	-0.48650625000000003	-0.008939435164626641	-0.49544552894368654	0.0	-0.49544552894368654
-0.6950000000000001	-0.4830250000000001	-0.008880414428320604	-0.4919052581811583	0.0	-0.4919052581811583
-0.6925	-0.47955625	-0.008821538850213695	-0.4883776326123996	0.0	-0.4883776326123996
-0.6900000000000001	-0.4761000000000001	-0.008762809065576915	-0.48486265287211144	0.0	-0.48486265287211144
-0.6875	-0.47265625	-0.008704225708811797	-0.4813603195941193	0.0	-0.4813603195941193
-0.685	-0.46922500000000006	-0.00864578941343741	-0.47787063341138025	0.0	-0.47787063341138025
-0.6825	-0.46580625	-0.008587500812078097	-0.4743935949559525	0.0	-0.4743935949559525
-0.68	-0.4624000000000001	-0.008529360536450592	-0.4709292048589893	0.0	-0.4709292048589893
-0.6775	-0.45900625	-0.008471369217351643	-0.4674774637507306	0.0	-0.4674774637507306
-0.675	-0.45562500000000006	-0.008413527484645189	-0.46403837226048805	0.0	-0.46403837226048805
-0.6725	-0.45225624999999997	-0.00835583596724987	-0.4606119310166265	0.0	-0.4606119310166265
-0.67	-0.4489000000000001	-0.008298295293126479	-0.4571981406465575	0.0	-0.4571981406465575
-0.6675	-0.44555625	-0.00824090608926542	-0.45379700177672244	0.0	-0.45379700177672244
-0.665	-0.44222500000000003	-0.00818366898167372	-0.4504085150325845	0.0	-0.4504085150325845
-0.6625	-0.43890625	-0.008126584595362862	-0.4470326810386173	0.0	-0.4470326810386173
-0.66	-0.43560000000000004	-0.008069653554336198	-0.4436695004182822	0.0	-0.4436695004182822
-0.6575	-0.43230624999999995	-0.008012876481575948	-0.4403189737940219	0.0	-0.4403189737940219
-0.655	-0.42902500000000005	-0.007956253999031104	-0.4369811017872517	0.0	-0.4369811017872517
-0.6525	-0.42575624999999995	-0.007899786727604607	-0.43365588501834335	0.0	-0.43365588501834335
-0.65	-0.42250000000000004	-0.0078434752871408	-0.43034332410660625	0.0	-0.43034332410660625
-0.6475	-0.41925624999999994	-0.007787320296412881	-0.42704341967028914	0.0	-0.42704341967028914
-0.645	-0.41602500000000003	-0.007731322373110361	-0.4237561723265528	0.0	-0.4237561723265528
-0.6425	-0.41280624999999993	-0.007675482133826572	-0.42048158269147123	0.0	-0.42048158269147123
-0.64	-0.4096	-0.007619800194046122	-0.4172196513800006	0.0	-0.4172196513800006
-0.6375000000000001	-0.4064062500000001	-0.0075642771681321275	-0.41397037900598693	0.0	-0.41397037900598693
-0.635	-0.403225	-0.0075089136693139436	-0.41073376618213864	0.0	-0.41073376618213864
-0.6325000000000001	-0.40005625000000006	-0.007453710309674733	-0.4075098135200243	0.0	-0.4075098135200243
-0.63	-0.39690000000000003	-0.007398667700138584	-0.4042985216300558	0.0	-0.4042985216300558
-0.6275000000000001	-0.3937562500000001	-0.007343786450458356	-0.4010998911214696	0.0	-0.4010998911214696
-0.625	-0.390625	-0.007289067169203023	-0.3979139226023283	0.0	-0.3979139226023283
-0.6225	-0.38750625000000005	-0.007234510463745181	-0.3947406166794909	0.0	-0.3947406166794909
-0.62	-0.3844	-0.007180116940248726	-0.3915799739586232	0.0	-0.3915799739586232
-0.6175	-0.38130625000000007	-0.0071258872036562	-0.3884319950441565	0.0	-0.3884319950441565
-0.615	-0.378225	-0.0070718218576764635	-0.38529668053929883	0.0	-0.38529668053929883
-0.6125	-0.3751562500000001	-0.007017921504772262	-0.38217403104601544	0.0	-0.38217403104601544
-0.61	-0.3721	-0.0069641867461477935	-0.3790640471650107	0.0	-0.3790640471650107
-0.6075	-0.36905625000000003	-0.006910618181735995	-0.37596672949572435	0.0	-0.37596672949572435
-0.605	-0.366025	-0.006857216410186828	-0.37288207863630773	0.0	-0.37288207863630773
-0.6025	-0.36300625000000003	-0.0068039820288542385	-0.3698100951836284	0.0	-0.3698100951836284
-0.6	-0.36	-0.006750915633783938	-0.36675077973324166	0.0	-0.36675077973324166
-0.5975	-0.35700625	-0.006698017819701252	-0.3637041328793861	0.0	-0.3637041328793861
-0.595	-0.354025	-0.00664528917999857	-0.360670155214972	0.0	-0.360670155214972
-0.5925	-0.35105625	-0.006592730306723138	-0.3576488473315585	0.0	-0.3576488473315585
-0.59	-0.34809999999999997	-0.006540341790564563	-0.35464020981935956	0.0	-0.35464020981935956
-0.5875	-0.34515625000000005	-0.0064881242208426615	-0.3516442432672217	0.0	-0.3516442432672217
-0.585	-0.34222499999999995	-0.006436078185495242	-0.3486609482626042	0.0	-0.3486609482626042
-0.5825	-0.33930625000000003	-0.006384204271065452	-0.34569032539157835	0.0	-0.34569032539157835
-0.58	-0.3364	-0.006332503062690009	-0.34273237523881334	0.0	-0.34273237523881334
-0.5775	-0.33350625	-0.0062809751440866535	-0.33978709838756077	0.0	-0.33978709838756077
-0.5750000000000001	-0.33062500000000006	-0.006229621097541882	-0.33685449541964513	0.0	-0.33685449541964513
-0.5725	-0.32775625	-0.006178441503899068	-0.3339345669154445	0.0	-0.3339345669154445
-0.5700000000000001	-0.3249000000000001	-0.006127436942545916	-0.33102731345389413	0.0	-0.33102731345389413
-0.5675	-0.32205625	-0.006076607991402472	-0.32813273561245926	0.0	-0.32813273561245926
-0.5650000000000001	-0.3192250000000001	-0.006025955226908852	-0.32525083396712196	0.0	-0.32525083396712196
-0.5625	-0.31640625	-0.005975479224013203	-0.3223816090923891	0.0	-0.3223816090923891
-0.56	-0.31360000000000005	-0.005925180556159759	-0.3195250615612545	0.0	-0.3195250615612545
-0.5575	-0.31080625	-0.0058750597952762496	-0.31668119194521255	0.0	-0.31668119194521255
-0.555	-0.30802500000000005	-0.0058251175117623455	-0.31385000081421455	0.0	-0.31385000081421455
-0.5525	-0.30525625	-0.005775354274477229	-0.3110314887366913	0.0	-0.3110314887366913
-0.55	-0.30250000000000005	-0.005725770650727768	-0.30822565627951354	0.0	-0.30822565627951354
-0.5475	-0.29975625	-0.005676367206256583	-0.3054325040079991	0.0	-0.3054325040079991
-0.545	-0.29702500000000004	-0.005627144505229664	-0.30265203248588946	0.0	-0.30265203248588946
-0.5425	-0.29430625	-0.005578103110224719	-0.29988424227533866	0.0	-0.29988424227533866
-0.54	-0.2916	-0.00552924358221929	-0.29712913393691176	0.0	-0.29712913393691176
-0.5375	-0.28890625	-0.0054805664805785415	-0.2943867080295577	0.0	-0.2943867080295577
-0.535	-0.286225	-0.005432072363043605	-0.29165696511061184	0.0	-0.29165696511061184
-0.5325	-0.28355624999999995	-0.005383761785719476	-0.28893990573577166	0.0	-0.28893990573577166
-0.53	-0.28090000000000004	-0.005335635303063302	-0.28623553045909206	0.0	-0.28623553045909206
-0.5275	-0.27825625	-0.005287693467872556	-0.2835438398329764	0.0	-0.2835438398329764
-0.525	-0.275625	-0.005239936831273273	-0.2808648344081598	0.0	-0.2808648344081598
-0.5225	-0.27300624999999995	-0.005192365942707999	-0.27819851473369334	0.0	-0.27819851473369334
-0.52	-0.27040000000000003	-0.00514498134992436	-0.2755448813569416	0.0	-0.2755448813569416
-0.5175	-0.26780624999999997	-0.00509778359896329	-0.27290393482356484	0.0	-0.27290393482356484
-0.515	-0.265225	-0.0050507732341469325	-0.270275675677513	0.0	-0.270275675677513
-0.5125	-0.26265625	-0.005003950798067369	-0.2676601044610078	0.0	-0.2676601044610078
-0.51	-0.2601	-0.004957316831574965	-0.26505722171453205	0.0	-0.26505722171453205
-0.5075000000000001	-0.25755625000000004	-0.004910871873766487	-0.26246702797682503	0.0	-0.26246702797682503
-0.505	-0.255025	-0.004864616461973559	-0.25988952378486	0.0	-0.25988952378486
-0.5025000000000001	-0.25250625000000004	-0.004818551131751447	-0.25732470967383947	0.0	-0.25732470967383947
-0.5	-0.25	-0.004772676416867072	-0.25477258617718834	0.0	-0.25477258617718834
-0.4975	-0.24750625	-0.004726992849287459	-0.25223315382652933	0.0	-0.25223315382652933
-0.495	-0.245025	-0.0046815009591687495	-0.24970641315168365	0.0	-0.24970641315168365
-0.4925	-0.24255625	-0.00463620127484432	-0.2471923646806513	0.0	-0.2471923646806513
-0.49	-0.24009999999999998	-0.004591094322813349	-0.2446910089396093	0.0	-0.2446910089396093
-0.4875	-0.23765624999999999	-0.004546180627729934	-0.242202346452888	0.0	-0.242202346452888
-0.485	-0.235225	-0.00450146071239077	-0.23972637774296918	0.0	-0.23972637774296918
-0.4825	-0.23280625	-0.0044569350977248234	-0.23726310333047415	0.0	-0.23726310333047415
-0.48	-0.2304	-0.004412604302781342	-0.2348125237341447	0.0	-0.2348125237341447
-0.47750000000000004	-0.22800625000000002	-0.004368468844719087	-0.23237463947084327	0.0	-0.23237463947084327
-0.47500000000000003	-0.22562500000000002	-0.00432452923879445	-0.22994945105552886	0.0	-0.22994945105552886
-0.47250000000000003	-0.22325625000000002	-0.0042807859983508	-0.22753695900125862	0.0	-0.22753695900125862
-0.47000000000000003	-0.22090000000000004	-0.004237239634807155	-0.22513716381916973	0.0	-0.22513716381916973
-0.4675	-0.21855625000000004	-0.004193890657646859	-0.22275006601846686	0.0	-0.22275006601846686
-0.465	-0.21622500000000003	-0.004150739574406814	-0.2203756661064161	0.0	-0.2203756661064161
-0.4625	-0.21390625000000002	-0.004107786890665932	-0.21801396458832936	0.0	-0.21801396458832936
-0.46	-0.2116	-0.004065033110034588	-0.2156649619675635	0.0	-0.2156649619675635
-0.4575	-0.20930625000000003	-0.004022478734143187	-0.21332865874548798	0.0	-0.21332865874548798
-0.455	-0.20702500000000001	-0.003980124262631501	-0.211005055421495	0.0	-0.211005055421495
-0.4525	-0.20475625	-0.003937970193137685	-0.20869415249298312	0.0	-0.20869415249298312
-0.45	-0.2025	-0.003896017021286946	-0.20639595045533882	0.0	-0.20639595045533882
-0.4475	-0.20025625	-0.0038542652406814426	-0.20411044980193235	0.0	-0.20411044980193235
-0.445	-0.198025	-0.0038127153428886285	-0.20183765102410897	0.0	-0.20183765102410897
-0.4425	-0.19580625000000002	-0.0037713678174312593	-0.19957755461117202	0.0	-0.19957755461117202
-0.44	-0.1936	-0.0037302231517758466	-0.19733016105037368	0.0	-0.19733016105037368
-0.4375	-0.19140625	-0.003689281831322666	-0.1950954708269084	0.0	-0.1950954708269084
-0.435	-0.189225	-0.0036485443393943218	-0.1928734844238978	0.0	-0.1928734844238978
-0.4325	-0.18705625	-0.0036080111572257545	-0.1906642023223829	0.0	-0.1906642023223829
-0.43	-0.18489999999999998	-0.0035676827639533615	-0.18846762500130682	0.0	-0.18846762500130682
-0.4275	-0.18275624999999998	-0.0035275596366045603	-0.18628375293751695	0.0	-0.18628375293751695
-0.425	-0.18062499999999998	-0.0034876422500867976	-0.18411258660574378	0.0	-0.18411258660574378
-0.4225	-0.17850624999999998	-0.0034479310771775573	-0.18195412647859244	0.0	-0.18195412647859244
-0.42	-0.17639999999999997	-0.003408426588513924	-0.17980837302653743	0.0	-0.17980837302653743
-0.4175	-0.17430625	-0.003369129252581593	-0.1776753267179029	0.0	-0.1776753267179029
-0.41500000000000004	-0.17222500000000002	-0.0033300395357054313	-0.1755549880188619	0.0	-0.1755549880188619
-0.41250000000000003	-0.17015625000000004	-0.0032911579020380444	-0.17344735739342068	0.0	-0.17344735739342068
-0.41000000000000003	-0.16810000000000003	-0.003252484813550449	-0.17135243530340313	0.0	-0.17135243530340313
-0.40750000000000003	-0.16605625000000002	-0.0032140207300211943	-0.16927022220845944	0.0	-0.16927022220845944
-0.405	-0.16402500000000003	-0.00317576610902659	-0.16720071856603339	0.0	-0.16720071856603339
-0.4025	-0.16200625000000002	-0.0031377214059301606	-0.16514392483136695	0.0	-0.16514392483136695
-0.4	-0.16000000000000003	-0.0030998870738727646	-0.16309984145748116	0.0	-0.16309984145748116
-0.3975	-0.15800625000000001	-0.0030622635637623796	-0.16106846889517348	0.0	-0.16106846889517348
-0.395	-0.15602500000000002	-0.0030248513242642217	-0.1590498075930038	0.0	-0.1590498075930038
-0.3925	-0.15405625	-0.0029876508017905312	-0.15704385799728415	0.0	-0.15704385799728415
-0.39	-0.1521	-0.0029506624404909143	-0.15505062055206834	0.0	-0.15505062055206834
-0.3875	-0.15015625000000002	-0.0029138866822420173	-0.15307009569914556	0.0	-0.15307009569914556
-0.385	-0.148225	-0.002877323966638201	-0.15110228387802657	0.0	-0.15110228387802657
-0.3825	-0.14630625	-0.002840974730981216	-0.1491471855259365	0.0	-0.1491471855259365
-0.38	-0.1444	-0.0028048394102708762	-0.14720480107780257	0.0	-0.14720480107780257
-0.3775	-0.14250625	-0.002768918437194623	-0.14527513096624775	0.0	-0.14527513096624775
-0.375	-0.140625	-0.0027332122421188654	-0.1433581756215762	0.0	-0.1433581756215762
-0.3725	-0.13875625	-0.0026977212530785444	-0.14145393547176843	0.0	-0.14145393547176843
-0.37	-0.1369	-0.0026624458957678065	-0.13956241094246935	0.0	-0.13956241094246935
-0.3675	-0.13505625	-0.0026273865935306784	-0.13768360245697742	0.0	-0.13768360245697742
-0.365	-0.13322499999999998	-0.00259254376735063	-0.1358175104362378	0.0	-0.1358175104362378
-0.3625	-0.13140625	-0.0025579178358428045	-0.133964135298832	0.0	-0.133964135298832
-0.36	-0.1296	-0.002523509215243136	-0.13212347746096603	0.0	-0.13212347746096603
-0.3575	-0.12780624999999998	-0.0024893183193992474	-0.1302955373364648	0.0	-0.1302955373364648
-0.355	-0.126025	-0.00245534555976179	-0.1284803153367604	0.0	-0.1284803153367604
-0.3525	-0.12425624999999998	-0.002421591345374896	-0.12667781187088387	0.0	-0.12667781187088387
-0.35000000000000003	-0.12250000000000003	-0.0023880560828666297	-0.12488802734545436	0.0	-0.12488802734545436
-0.34750000000000003	-0.12075625000000002	-0.0023547401764401066	-0.1231109621646706	0.0	-0.1231109621646706
-0.34500000000000003	-0.11902500000000002	-0.002321644027864167	-0.12134661673030289	0.0	-0.12134661673030289
-0.3425	-0.11730625000000001	-0.0022887680364649388	-0.11959499144168309	0.0	-0.11959499144168309
-0.34	-0.11560000000000002	-0.002256112599116067	-0.11785608669569501	0.0	-0.11785608669569501
-0.3375	-0.11390625000000001	-0.002223678110230276	-0.11612990288676629	0.0	-0.11612990288676629
-0.335	-0.11222500000000002	-0.0021914649617498227	-0.11441644040685872	0.0	-0.11441644040685872
-0.3325	-0.11055625000000001	-0.0021594735431389456	-0.11271569964546091	0.0	-0.11271569964546091
-0.33	-0.10890000000000001	-0.002127704241372763	-0.11102768098957473	0.0	-0.11102768098957473
-0.3275	-0.10725625000000001	-0.002096157440931279	-0.10935238482371401	0.0	-0.10935238482371401
-0.325	-0.10562500000000001	-0.002064833523788945	-0.10768981152988708	0.0	-0.10768981152988708
-0.3225	-0.10400625000000001	-0.002033732869406002	-0.10603996148759741	0.0	-0.10603996148759741
-0.32	-0.1024	-0.0020028558547204867	-0.10440283507382693	0.0	-0.10440283507382693
-0.3175	-0.10080625	-0.001972202854139571	-0.10277843266302977	0.0	-0.10277843266302977
-0.315	-0.09922500000000001	-0.0019417742395313464	-0.10116675462712817	0.0	-0.10116675462712817
-0.3125	-0.09765625	-0.0019115703802148332	-0.09956780133549586	0.0	-0.09956780133549586
-0.31	-0.0961	-0.0018815916429542057	-0.09798157315495594	0.0	-0.09798157315495594
-0.3075	-0.09455625	-0.0018518383919481352	-0.09640807044977154	0.0	-0.09640807044977154
-0.305	-0.093025	-0.00182231098882224	-0.0948472935816336	0.0	-0.0948472935816336
-0.3025	-0.09150625	-0.0017930097926219801	-0.09329924290965774	0.0	-0.09329924290965774
-0.3	-0.09	-0.0017639351598024433	-0.09176391879037239	0.0	-0.09176391879037239
-0.2975	-0.08850625	-0.0017350874442216835	-0.09024132157771259	0.0	-0.09024132157771259
-0.295	-0.08702499999999999	-0.0017064669971327273	-0.08873145162300912	0.0	-0.08873145162300912
-0.2925	-0.08555624999999999	-0.0016780741671746924	-0.08723430927498539	0.0	-0.08723430927498539
-0.29	-0.0841	-0.0016499093003654597	-0.0857498948797425	0.0	-0.0857498948797425
-0.28750000000000003	-0.08265625000000001	-0.001621972740093014	-0.08427820878075788	0.0	-0.08427820878075788
-0.28500000000000003	-0.08122500000000002	-0.0015942648271090043	-0.08281925131887216	0.0	-0.08281925131887216
-0.28250000000000003	-0.07980625000000002	-0.0015667858995198625	-0.08137302283228735	0.0	-0.08137302283228735
-0.28	-0.07840000000000001	-0.0015395362927792533	-0.07993952365655069	0.0	-0.07993952365655069
-0.2775	-0.07700625000000001	-0.0015125163396803032	-0.07851875412455592	0.0	-0.07851875412455592
-0.275	-0.07562500000000001	-0.0014857263703489387	-0.0771107145665278	0.0	-0.0771107145665278
-0.2725	-0.07425625000000001	-0.0014591667122343388	-0.07571540531001811	0.0	-0.07571540531001811
-0.27	-0.0729	-0.0014328376901042716	-0.07433282667990086	0.0	-0.07433282667990086
-0.2675	-0.07155625	-0.0014067396260348808	-0.0729629789983584	0.0	-0.0729629789983584
-0.265	-0.07022500000000001	-0.0013808728394058	-0.07160586258487918	0.0	-0.07160586258487918
-0.2625	-0.06890625	-0.0013552376468894956	-0.07026147775624678	0.0	-0.07026147775624678
-0.26	-0.06760000000000001	-0.0013298343624481568	-0.06892982482653602	0.0	-0.06892982482653602
-0.2575	-0.06630625	-0.0013046632973230388	-0.06761090410710169	0.0	-0.06761090410710169
-0.255	-0.065025	-0.001279724760029577	-0.06630471590657525	0.0	-0.06630471590657525
-0.2525	-0.06375625	-0.0012550190563489494	-0.06501126053085586	0.0	-0.06501126053085586
-0.25	-0.0625	-0.0012305464893214157	-0.06373053828310131	0.0	-0.06373053828310131
-0.2475	-0.06125625	-0.0012063073592396556	-0.06246254946372538	0.0	-0.06246254946372538
-0.245	-0.060024999999999995	-0.0011823019636421073	-0.06120729437038697	0.0	-0.06120729437038697
-0.2425	-0.05880625	-0.0011585305973054183	-0.05996477329798526	0.0	-0.05996477329798526
-0.24	-0.0576	-0.001134993552236896	-0.058734986538650974	0.0	-0.058734986538650974
-0.23750000000000002	-0.056406250000000005	-0.0011116911176705102	-0.05751793438174261	0.0	-0.05751793438174261
-0.23500000000000001	-0.05522500000000001	-0.0010886235800575683	-0.05631361711383666	0.0	-0.05631361711383666
-0.2325	-0.05405625000000001	-0.0010657912230618294	-0.05512203501872254	0.0	-0.05512203501872254
-0.23	-0.0529	-0.0010431943275510669	-0.053943188377394875	0.0	-0.053943188377394875
-0.2275	-0.051756250000000004	-0.0010208331715930719	-0.0527770774680496	0.0	-0.0527770774680496
-0.225	-0.050625	-0.0009987080304472151	-0.05162370256607264	0.0	-0.05162370256607264
-0.2225	-0.04950625	-0.0009768191765591183	-0.05048306394403942	0.0	-0.05048306394403942
-0.22	-0.0484	-0.0009551668795539925	-0.049355161871703135	0.0	-0.049355161871703135
-0.2175	-0.04730625	-0.0009337514062308649	-0.04823999661599203	0.0	-0.04823999661599203
-0.215	-0.046224999999999995	-0.0009125730205550298	-0.04713756844100046	0.0	-0.04713756844100046
-0.2125	-0.045156249999999995	-0.000891631983654495	-0.04604787760798684	0.0	-0.04604787760798684
-0.21	-0.04409999999999999	-0.0008709285538115452	-0.04497092437536239	0.0	-0.04497092437536239
-0.20750000000000002	-0.043056250000000004	-0.000850462986457412	-0.04390670899868826	0.0	-0.04390670899868826
-0.20500000000000002	-0.04202500000000001	-0.0008302355341682777	-0.04285523173066991	0.0	-0.04285523173066991
-0.2025	-0.04100625000000001	-0.0008102464466550607	-0.041816492821148	0.0	-0.041816492821148
-0.2	-0.04000000000000001	-0.0007904959707625281	-0.04079049251709647	0.0	-0.04079049251709647
-0.1975	-0.039006250000000006	-0.0007709843504617453	-0.039777231062615444	0.0	-0.039777231062615444
-0.195	-0.038025	-0.000751711826842083	-0.038776708698923086	0.0	-0.038776708698923086
-0.1925	-0.03705625	-0.0007326786381094408	-0.03778892566435395	0.0	-0.03778892566435395
-0.19	-0.0361	-0.000713885019577809	-0.036813882194349584	0.0	-0.036813882194349584
-0.1875	-0.03515625	-0.0006953312036666048	-0.03585157852145683	0.0	-0.03585157852145683
-0.185	-0.034225	-0.0006770174198909018	-0.03490201487531751	0.0	-0.03490201487531751
-0.1825	-0.033306249999999996	-0.0006589438948614301	-0.033965191482668945	0.0	-0.033965191482668945
-0.18	-0.0324	-0.0006411108522756948	-0.03304110856733425	0.0	-0.03304110856733425
-0.1775	-0.03150625	-0.0006235185129153109	-0.03212976635021949	0.0	-0.03212976635021949
-0.17500000000000002	-0.030625000000000006	-0.0006061670946353459	-0.031231165049304038	0.0	-0.031231165049304038
-0.17250000000000001	-0.029756250000000005	-0.0005890568123678719	-0.030345304879643313	0.0	-0.030345304879643313
-0.17	-0.028900000000000006	-0.0005721878781113077	-0.029472186053357916	0.0	-0.029472186053357916
-0.1675	-0.028056250000000005	-0.0005555605009242015	-0.028611808779628545	0.0	-0.028611808779628545
-0.165	-0.027225000000000003	-0.0005391748869261193	-0.027764173264694138	0.0	-0.027764173264694138
-0.1625	-0.026406250000000003	-0.0005230312392869862	-0.026929279711844667	0.0	-0.026929279711844667
-0.16	-0.0256	-0.0005071297582261991	-0.026107128321418104	0.0	-0.026107128321418104
-0.1575	-0.024806250000000002	-0.0004914706410072966	-0.025297719290795155	0.0	-0.025297719290795155
-0.155	-0.024025	-0.00047605408192996634	-0.024501052814391196	0.0	-0.024501052814391196
-0.1525	-0.02325625	-0.0004608802723327088	-0.023717129083660218	0.0	-0.023717129083660218
-0.15	-0.0225	-0.0004459494005804032	-0.02294594828708053	0.0	-0.02294594828708053
-0.1475	-0.021756249999999998	-0.0004312616520634194	-0.022187510610155114	0.0	-0.022187510610155114
-0.145	-0.021025	-0.00041681720919672927	-0.021441816235410006	0.0	-0.021441816235410006
-0.14250000000000002	-0.020306250000000005	-0.00040261625140924906	-0.020708865342384156	0.0	-0.020708865342384156
-0.14	-0.019600000000000003	-0.0003886589551438391	-0.019988658107628537	0.0	-0.019988658107628537
-0.1375	-0.018906250000000003	-0.0003749454938528629	-0.019281194704702884	0.0	-0.019281194704702884
-0.135	-0.018225	-0.00036147603799108197	-0.01858647530416739	0.0	-0.01858647530416739
-0.1325	-0.017556250000000002	-0.00034825075501743186	-0.01790450007358508	0.0	-0.01790450007358508
-0.13	-0.016900000000000002	-0.0003352698093852524	-0.017235269177512	0.0	-0.017235269177512
-0.1275	-0.01625625	-0.00032253336254051135	-0.01657878277749524	0.0	-0.01657878277749524
-0.125	-0.015625	-0.0003100415729200279	-0.01593504103207132	0.0	-0.01593504103207132
-0.1225	-0.015006249999999999	-0.0002977945959443673	-0.01530404409675872	0.0	-0.01530404409675872
-0.12	-0.0144	-0.00028579258402139374	-0.014685792124061672	0.0	-0.014685792124061672
-0.11750000000000001	-0.013806250000000003	-0.00027403568652673016	-0.014080285263450707	0.0	-0.014080285263450707
-0.115	-0.013225	-0.000262524049821522	-0.01348752366138002	0.0	-0.01348752366138002
-0.1125	-0.01265625	-0.0002512578172328972	-0.012907507461268177	0.0	-0.012907507461268177
-0.11	-0.0121	-0.00024023712905574257	-0.012340236803499896	0.0	-0.012340236803499896
-0.1075	-0.011556249999999999	-0.00022946212255448017	-0.011785711825427765	0.0	-0.011785711825427765
-0.105	-0.011024999999999998	-0.00021893293195240915	-0.011243932661361198	0.0	-0.011243932661361198
-0.10250000000000001	-0.010506250000000002	-0.000208649688428153	-0.010714899442563592	0.0	-0.010714899442563592
-0.1	-0.010000000000000002	-0.00019861252011921238	-0.010198612297255272	0.0	-0.010198612297255272
-0.0975	-0.00950625	-0.00018882155211841223	-0.009695071350609973	0.0	-0.009695071350609973
-0.095	-0.009025	-0.000179276906454362	-0.009204276724735729	0.0	-0.009204276724735729
-0.0925	-0.00855625	-0.00016997870212520638	-0.008726228538708	0.0	-0.008726228538708
-0.09	-0.0081	-0.0001609270550559927	-0.00826092690852741	0.0	-0.00826092690852741
-0.08750000000000001	-0.007656250000000002	-0.0001521220781128818	-0.007808371947133954	0.0	-0.007808371947133954
-0.085	-0.007225000000000001	-0.00014356388111025353	-0.007368563764413929	0.0	-0.007368563764413929
-0.0825	-0.006806250000000001	-0.00013525257079294306	-0.0069415024671821155	0.0	-0.0069415024671821155
-0.08	-0.0064	-0.00012718825083624097	-0.006527188159182007	0.0	-0.006527188159182007
-0.0775	-0.00600625	-0.00011937102185299864	-0.006125620941092654	0.0	-0.006125620941092654
-0.075	-0.005625	-0.00011180098138297012	-0.005736800910518178	0.0	-0.005736800910518178
-0.0725	-0.00525625	-0.00010447822388570671	-0.005360728161980542	0.0	-0.005360728161980542
-0.07	-0.004900000000000001	-9.740284075121508e-05	-0.004997402786930208	0.0	-0.004997402786930208
-0.0675	-0.00455625	-9.057492029285186e-05	-0.00464682487373907	0.0	-0.00464682487373907
-0.065	-0.0042250000000000005	-8.399454775087634e-05	-0.004308994507704021	0.0	-0.004308994507704021
-0.0625	-0.00390625	-7.766180525692334e-05	-0.003983911771011266	0.0	-0.003983911771011266
-0.06	-0.0036	-7.157677188729394e-05	-0.0036715767427897925	0.0	-0.0036715767427897925
-0.0575	-0.00330625	-6.573952361321744e-05	-0.003371989499061456	0.0	-0.003371989499061456
-0.055	-0.003025	-6.015013334348396e-05	-0.003085150112783752	0.0	-0.003085150112783752
-0.0525	-0.0027562499999999996	-5.480867086049557e-05	-0.0028110586537857586	0.0	-0.0028110586537857586
-0.05	-0.0025000000000000005	-4.971520289132059e-05	-0.0025497151888392187	0.0	-0.0025497151888392187
-0.0475	-0.00225625	-4.486979304374472e-05	-0.002301119781594542	0.0	-0.002301119781594542
-0.045	-0.002025	-4.027250184890363e-05	-0.002065272492623514	0.0	-0.002065272492623514
-0.0425	-0.0018062500000000003	-3.592338674707207e-05	-0.0018421733794050244	0.0	-0.0018421733794050244
-0.04	-0.0016	-3.182250205213677e-05	-0.0016318224962894542	0.0	-0.0016318224962894542
-0.0375	-0.00140625	-2.7969899008439825e-05	-0.0014342198945556915	0.0	-0.0014342198945556915
-0.035	-0.0012250000000000002	-2.4365625762357013e-05	-0.001249365622382609	0.0	-0.001249365622382609
-0.0325	-0.0010562500000000001	-2.100972733387607e-05	-0.0010772597248205479	0.0	-0.0010772597248205479
-0.03	-0.0009	-1.790224567344012e-05	-0.0009179022438482925	0.0	-0.0009179022438482925
-0.0275	-0.00075625	-1.5043219576682532e-05	-0.0007712932182877129	0.0	-0.0007712932182877129
-0.025	-0.0006250000000000001	-1.2432684826535478e-05	-0.0006374326839459996	0.0	-0.0006374326839459996
-0.0225	-0.00050625	-1.0070674022699677e-05	-0.0005163206734448808	0.0	-0.0005163206734448808
-0.02	-0.0004	-7.957216723752936e-06	-0.00040795721636296365	0.0	-0.00040795721636296365
-0.0175	-0.00030625000000000004	-6.092339162933058e-06	-0.00031234233895140396	0.0	-0.00031234233895140396
-0.015	-0.000225	-4.476064873415453e-06	-0.00022947606475922272	0.0	-0.00022947606475922272
-0.0125	-0.00015625000000000003	-3.108413920926978e-06	-0.00015935841386585715	0.0	-0.00015935841386585715
-0.01	-0.0001	-1.989403472180129e-06	-0.00010198940344962077	0.0	-0.00010198940344962077
-0.0075	-5.625e-05	-1.1190481927769724e-06	-5.736904818563954e-05	0.0	-5.736904818563954e-05
-0.005	-2.5e-05	-4.973571776645258e-07	-2.5497357176259347e-05	0.0	-2.5497357176259347e-05
-0.0025	-6.25e-06	-1.2433883966878057e-07	-6.374338839579797e-06	0.0	-6.374338839579797e-06
0.0025	6.25e-06	1.2433883966878057e-07	6.374338839581061e-06	0.0	6.374338839581061e-06
0.005	2.5e-05	4.973571776645258e-07	2.549735717623862e-05	0.0	2.549735717623862e-05
0.0075	5.625e-05	1.1190481927769724e-06	5.736904818562648e-05	0.0	5.736904818562648e-05
0.01	0.0001	1.989403472180129e-06	0.00010198940344961659	0.0	0.00010198940344961659
0.0125	0.00015625000000000003	3.108413920926978e-06	0.00015935841386582688	0.0	0.00015935841386582688
0.015	0.000225	4.476064873415453e-06	0.00022947606475923096	0.0	0.00022947606475923096
0.0175	0.00030625000000000004	6.092339162933058e-06	0.0003123423389514069	0.0	0.0003123423389514069
0.02	0.0004	7.957216723752936e-06	0.0004079572163629525	0.0	0.0004079572163629525
0.0225	0.00050625	1.0070674022699677e-05	0.0005163206734448607	0.0	0.0005163206734448607
0.025	0.0006250000000000001	1.2432684826535478e-05	0.0006374326839459801	0.0	0.0006374326839459801
0.0275	0.00075625	1.5043219576682532e-05	0.0007712932182877453	0.0	0.0007712932182877453
0.03	0.0009	1.790224567344012e-05	0.0009179022438482948	0.0	0.0009179022438482948
0.0325	0.0010562500000000001	2.100972733387607e-05	0.0010772597248205626	0.0	0.0010772597248205626
0.035	0.0012250000000000002	2.4365625762357013e-05	0.0012493656223826375	0.0	0.0012493656223826375
0.0375	0.00140625	2.7969899008439825e-05	0.0014342198945557052	0.0	0.0014342198945557052
0.04	0.0016	3.182250205213677e-05	0.0016318224962894362	0.0	0.0016318224962894362
0.0425	0.0018062500000000003	3.592338674707207e-05	0.0018421733794049921	0.0	0.0018421733794049921
0.045	0.002025	4.027250184890363e-05	0.002065272492623515	0.0	0.002065272492623515
0.0475	0.00225625	4.486979304374472e-05	0.002301119781594543	0.0	0.002301119781594543
0.05	0.0025000000000000005	4.971520289132059e-05	0.002549715188839218	0.0	0.002549715188839218
0.0525	0.0027562499999999996	5.480867086049557e-05	0.0028110586537857633	0.0	0.0028110586537857633
0.055	0.003025	6.015013334348396e-05	0.0030851501127837607	0.0	0.0030851501127837607
0.0575	0.00330625	6.573952361321744e-05	0.003371989499061436	0.0	0.003371989499061436
0.06	0.0036	7.157677188729394e-05	0.0036715767427897786	0.0	0.0036715767427897786
0.0625	0.00390625	7.766180525692334e-05	0.003983911771011266	0.0	0.003983911771011266
0.065	0.0042250000000000005	8.399454775087634e-05	0.00430899450770402	0.0	0.00430899450770402
0.0675	0.00455625	9.057492029285186e-05	0.004646824873739055	0.0	0.004646824873739055
0.07	0.004900000000000001	9.740284075121508e-05	0.004997402786930197	0.0	0.004997402786930197
0.0725	0.00525625	0.00010447822388570671	0.005360728161980544	0.0	0.005360728161980544
0.075	0.005625	0.00011180098138297012	0.005736800910518168	0.0	0.005736800910518168
0.0775	0.00600625	0.00011937102185299864	0.006125620941092634	0.0	0.006125620941092634
0.08	0.0064	0.00012718825083624097	0.006527188159182041	0.0	0.006527188159182041
0.0825	0.006806250000000001	0.00013525257079294306	0.006941502467182097	0.0	0.006941502467182097
0.085	0.007225000000000001	0.00014356388111025353	0.007368563764413924	0.0	0.007368563764413924
0.08750000000000001	0.007656250000000002	0.0001521220781128818	0.007808371947133969	0.0	0.007808371947133969
0.09	0.0081	0.0001609270550559927	0.0082609269085274	0.0	0.0082609269085274
0.0925	0.00855625	0.00016997870212520638	0.00872622853870796	0.0	0.00872622853870796
0.095	0.009025	0.000179276906454362	0.009204276724735708	0.0	0.009204276724735708
0.0975	0.00950625	0.00018882155211841223	0.009695071350610006	0.0	0.009695071350610006
0.1	0.010000000000000002	0.00019861252011921238	0.010198612297255268	0.0	0.010198612297255268
0.10250000000000001	0.010506250000000002	0.000208649688428153	0.010714899442563534	0.0	0.010714899442563534
0.105	0.011024999999999998	0.00021893293195240915	0.011243932661361198	0.0	0.011243932661361198
0.1075	0.011556249999999999	0.00022946212255448017	0.011785711825427751	0.0	0.011785711825427751
0.11	0.0121	0.00024023712905574257	0.01234023680349992	0.0	0.01234023680349992
0.1125	0.01265625	0.0002512578172328972	0.012907507461268225	0.0	0.012907507461268225
0.115	0.013225	0.000262524049821522	0.013487523661380028	0.0	0.013487523661380028
0.11750000000000001	0.013806250000000003	0.00027403568652673016	0.014080285263450724	0.0	0.014080285263450724
0.12	0.0144	0.00028579258402139374	0.014685792124061745	0.0	0.014685792124061745
0.1225	0.015006249999999999	0.0002977945959443673	0.01530404409675875	0.0	0.01530404409675875
0.125	0.015625	0.0003100415729200279	0.015935041032071284	0.0	0.015935041032071284
0.1275	0.01625625	0.00032253336254051135	0.01657878277749529	0.0	0.01657878277749529
0.13	0.016900000000000002	0.0003352698093852524	0.01723526917751198	0.0	0.01723526917751198
0.1325	0.017556250000000002	0.00034825075501743186	0.01790450007358498	0.0	0.01790450007358498
0.135	0.018225	0.00036147603799108197	0.018586475304167224	0.0	0.018586475304167224
0.1375	0.018906250000000003	0.0003749454938528629	0.01928119470470277	0.0	0.01928119470470277
0.14	0.019600000000000003	0.0003886589551438391	0.019988658107628593	0.0	0.019988658107628593
0.14250000000000002	0.020306250000000005	0.00040261625140924906	0.02070886534238422	0.0	0.02070886534238422
0.145	0.021025	0.00041681720919672927	0.02144181623541003	0.0	0.02144181623541003
0.1475	0.021756249999999998	0.0004312616520634194	0.02218751061015512	0.0	0.02218751061015512
0.15	0.0225	0.0004459494005804032	0.022945948287080572	0.0	0.022945948287080572
0.1525	0.02325625	0.0004608802723327088	0.023717129083660096	0.0	0.023717129083660096
0.155	0.024025	0.00047605408192996634	0.024501052814391123	0.0	0.024501052814391123
0.1575	0.024806250000000002	0.0004914706410072966	0.025297719290795086	0.0	0.025297719290795086
0.16	0.0256	0.0005071297582261991	0.026107128321418083	0.0	0.026107128321418083
0.1625	0.026406250000000003	0.0005230312392869862	0.026929279711844632	0.0	0.026929279711844632
0.165	0.027225000000000003	0.0005391748869261193	0.027764173264694117	0.0	0.027764173264694117
0.1675	0.028056250000000005	0.0005555605009242015	0.028611808779628174	0.0	0.028611808779628174
0.17	0.028900000000000006	0.0005721878781113077	0.029472186053357986	0.0	0.029472186053357986
0.17250000000000001	0.029756250000000005	0.0005890568123678719	0.030345304879643445	0.0	0.030345304879643445
0.17500000000000002	0.030625000000000006	0.0006061670946353459	0.031231165049304208	0.0	0.031231165049304208
0.1775	0.03150625	0.0006235185129153109	0.032129766350219656	0.0	0.032129766350219656
0.18	0.0324	0.0006411108522756948	0.033041108567334124	0.0	0.033041108567334124
0.1825	0.033306249999999996	0.0006589438948614301	0.03396519148266885	0.0	0.03396519148266885
0.185	0.034225	0.0006770174198909018	0.03490201487531736	0.0	0.03490201487531736
0.1875	0.03515625	0.0006953312036666048	0.03585157852145677	0.0	0.03585157852145677
0.19	0.0361	0.000713885019577809	0.03681388219434952	0.0	0.03681388219434952
0.1925	0.03705625	0.0007326786381094408	0.037788925664354135	0.0	0.037788925664354135
0.195	0.038025	0.000751711826842083	0.03877670869892338	0.0	0.03877670869892338
0.1975	0.039006250000000006	0.0007709843504617453	0.03977723106261553	0.0	0.03977723106261553
0.2	0.04000000000000001	0.0007904959707625281	0.04079049251709635	0.0	0.04079049251709635
0.2025	0.04100625000000001	0.0008102464466550607	0.0418164928211478	0.0	0.0418164928211478
0.20500000000000002	0.04202500000000001	0.0008302355341682777	0.04285523173066975	0.0	0.04285523173066975
0.20750000000000002	0.043056250000000004	0.000850462986457412	0.04390670899868809	0.0	0.04390670899868809
0.21	0.04409999999999999	0.0008709285538115452	0.044970924375362396	0.0	0.044970924375362396
0.2125	0.045156249999999995	0.000891631983654495	0.04604787760798709	0.0	0.04604787760798709
0.215	0.046224999999999995	0.0009125730205550298	0.047137568441000866	0.0	0.047137568441000866
0.2175	0.04730625	0.0009337514062308649	0.04823999661599197	0.0	0.04823999661599197
0.22	0.0484	0.0009551668795539925	0.049355161871702836	0.0	0.049355161871702836
0.2225	0.04950625	0.0009768191765591183	0.0504830639440393	0.0	0.0504830639440393
0.225	0.050625	0.0009987080304472151	0.05162370256607258	0.0	0.05162370256607258
0.2275	0.051756250000000004	0.0010208331715930719	0.05277707746804943	0.0	0.05277707746804943
0.23	0.0529	0.0010431943275510669	0.05394318837739463	0.0	0.05394318837739463
0.2325	0.05405625000000001	0.0010657912230618294	0.05512203501872238	0.0	0.05512203501872238
0.23500000000000001	0.05522500000000001	0.0010886235800575683	0.05631361711383674	0.0	0.05631361711383674
0.23750000000000002	0.056406250000000005	0.0011116911176705102	0.057517934381742644	0.0	0.057517934381742644
0.24	0.0576	0.001134993552236896	0.05873498653865099	0.0	0.05873498653865099
0.2425	0.05880625	0.0011585305973054183	0.059964773297985365	0.0	0.059964773297985365
0.245	0.060024999999999995	0.0011823019636421073	0.061207294370387015	0.0	0.061207294370387015
0.2475	0.06125625	0.0012063073592396556	0.06246254946372533	0.0	0.06246254946372533
0.25	0.0625	0.0012305464893214157	0.0637305382831013	0.0	0.0637305382831013
0.2525	0.06375625	0.0012550190563489494	0.06501126053085597	0.0	0.06501126053085597
0.255	0.065025	0.001279724760029577	0.06630471590657533	0.0	0.06630471590657533
0.2575	0.06630625	0.0013046632973230388	0.06761090410710148	0.0	0.06761090410710148
0.26	0.06760000000000001	0.0013298343624481568	0.0689298248265357	0.0	0.0689298248265357
0.2625	0.06890625	0.0013552376468894956	0.070261477756247	0.0	0.070261477756247
0.265	0.07022500000000001	0.0013808728394058	0.07160586258487923	0.0	0.07160586258487923
0.2675	0.07155625	0.0014067396260348808	0.07296297899835844	0.0	0.07296297899835844
0.27	0.0729	0.0014328376901042716	0.07433282667990068	0.0	0.07433282667990068
0.2725	0.07425625000000001	0.0014591667122343388	0.07571540531001825	0.0	0.07571540531001825
0.275	0.07562500000000001	0.0014857263703489387	0.07711071456652738	0.0	0.07711071456652738
0.2775	0.07700625000000001	0.0015125163396803032	0.07851875412455539	0.0	0.07851875412455539
0.28	0.07840000000000001	0.0015395362927792533	0.07993952365655099	0.0	0.07993952365655099
0.28250000000000003	0.07980625000000002	0.0015667858995198625	0.08137302283228713	0.0	0.08137302283228713
0.28500000000000003	0.08122500000000002	0.0015942648271090043	0.0828192513188725	0.0	0.0828192513188725
0.28750000000000003	0.08265625000000001	0.001621972740093014	0.08427820878075783	0.0	0.08427820878075783
0.29	0.0841	0.0016499093003654597	0.08574989487974305	0.0	0.08574989487974305
0.2925	0.08555624999999999	0.0016780741671746924	0.08723430927498468	0.0	0.08723430927498468
0.295	0.08702499999999999	0.0017064669971327273	0.08873145162300891	0.0	0.08873145162300891
0.2975	0.08850625	0.0017350874442216835	0.09024132157771289	0.0	0.09024132157771289
0.3	0.09	0.0017639351598024433	0.09176391879037235	0.0	0.09176391879037235
0.3025	0.09150625	0.0017930097926219801	0.09329924290965813	0.0	0.09329924290965813
0.305	0.093025	0.00182231098882224	0.0948472935816325	0.0	0.0948472935816325
0.3075	0.09455625	0.0018518383919481352	0.09640807044977136	0.0	0.09640807044977136
0.31	0.0961	0.0018815916429542057	0.0979815731549561	0.0	0.0979815731549561
0.3125	0.09765625	0.0019115703802148332	0.09956780133549581	0.0	0.09956780133549581
0.315	0.09922500000000001	0.0019417742395313464	0.10116675462712792	0.0	0.10116675462712792
0.3175	0.10080625	0.001972202854139571	0.10277843266303022	0.0	0.10277843266303022
0.32	0.1024	0.0020028558547204867	0.10440283507382686	0.0	0.10440283507382686
0.3225	0.10400625000000001	0.002033732869406002	0.10603996148759773	0.0	0.10603996148759773
0.325	0.10562500000000001	0.002064833523788945	0.10768981152988798	0.0	0.10768981152988798
0.3275	0.10725625000000001	0.002096157440931279	0.10935238482371343	0.0	0.10935238482371343
0.33	0.10890000000000001	0.002127704241372763	0.11102768098957524	0.0	0.11102768098957524
0.3325	0.11055625000000001	0.0021594735431389456	0.11271569964546067	0.0	0.11271569964546067
0.335	0.11222500000000002	0.0021914649617498227	0.11441644040685933	0.0	0.11441644040685933
0.3375	0.11390625000000001	0.002223678110230276	0.11612990288676633	0.0	0.11612990288676633
0.34	0.11560000000000002	0.002256112599116067	0.11785608669569458	0.0	0.11785608669569458
0.3425	0.11730625000000001	0.0022887680364649388	0.11959499144168269	0.0	0.11959499144168269
0.34500000000000003	0.11902500000000002	0.002321644027864167	0.12134661673030248	0.0	0.12134661673030248
0.34750000000000003	0.12075625000000002	0.0023547401764401066	0.12311096216467013	0.0	0.12311096216467013
0.35000000000000003	0.12250000000000003	0.0023880560828666297	0.12488802734545397	0.0	0.12488802734545397
0.3525	0.12425624999999998	0.002421591345374896	0.12667781187088395	0.0	0.12667781187088395
0.355	0.126025	0.00245534555976179	0.12848031533675996	0.0	0.12848031533675996
0.3575	0.12780624999999998	0.0024893183193992474	0.13029553733646373	0.0	0.13029553733646373
0.36	0.1296	0.002523509215243136	0.13212347746096523	0.0	0.13212347746096523
0.3625	0.13140625	0.0025579178358428045	0.1339641352988313	0.0	0.1339641352988313
0.365	0.13322499999999998	0.00259254376735063	0.1358175104362371	0.0	0.1358175104362371
0.3675	0.13505625	0.0026273865935306784	0.13768360245697667	0.0	0.13768360245697667
0.37	0.1369	0.0026624458957678065	0.13956241094246968	0.0	0.13956241094246968
0.3725	0.13875625	0.0026977212530785444	0.1414539354717686	0.0	0.1414539354717686
0.375	0.140625	0.0027332122421188654	0.1433581756215764	0.0	0.1433581756215764
0.3775	0.14250625	0.002768918437194623	0.14527513096624825	0.0	0.14527513096624825
0.38	0.1444	0.0028048394102708762	0.14720480107780187	0.0	0.14720480107780187
0.3825	0.14630625	0.002840974730981216	0.14914718552593562	0.0	0.14914718552593562
0.385	0.148225	0.002877323966638201	0.15110228387802546	0.0	0.15110228387802546
0.3875	0.15015625000000002	0.0029138866822420173	0.15307009569914473	0.0	0.15307009569914473
0.39	0.1521	0.0029506624404909143	0.15505062055206667	0.0	0.15505062055206667
0.3925	0.15405625	0.0029876508017905312	0.15704385799728357	0.0	0.15704385799728357
0.395	0.15602500000000002	0.0030248513242642217	0.1590498075930042	0.0	0.1590498075930042
0.3975	0.15800625000000001	0.0030622635637623796	0.161068468895173	0.0	0.161068468895173
0.4	0.16000000000000003	0.0030998870738727646	0.16309984145747994	0.0	0.16309984145747994
0.4025	0.16200625000000002	0.0031377214059301606	0.16514392483136703	0.0	0.16514392483136703
0.405	0.16402500000000003	0.00317576610902659	0.16720071856603252	0.0	0.16720071856603252
0.40750000000000003	0.16605625000000002	0.0032140207300211943	0.16927022220845886	0.0	0.16927022220845886
0.41000000000000003	0.16810000000000003	0.003252484813550449	0.17135243530340266	0.0	0.17135243530340266
0.41250000000000003	0.17015625000000004	0.0032911579020380444	0.17344735739341938	0.0	0.17344735739341938
0.41500000000000004	0.17222500000000002	0.0033300395357054313	0.1755549880188608	0.0	0.1755549880188608
0.4175	0.17430625	0.003369129252581593	0.17767532671790295	0.0	0.17767532671790295
0.42	0.17639999999999997	0.003408426588513924	0.17980837302653702	0.0	0.17980837302653702
0.4225	0.17850624999999998	0.0034479310771775573	0.18195412647859324	0.0	0.18195412647859324
0.425	0.18062499999999998	0.0034876422500867976	0.18411258660574376	0.0	0.18411258660574376
0.4275	0.18275624999999998	0.0035275596366045603	0.18628375293751737	0.0	0.18628375293751737
0.43	0.18489999999999998	0.0035676827639533615	0.1884676250013066	0.0	0.1884676250013066
0.4325	0.18705625	0.0036080111572257545	0.19066420232238138	0.0	0.19066420232238138
0.435	0.189225	0.0036485443393943218	0.19287348442389915	0.0	0.19287348442389915
0.4375	0.19140625	0.003689281831322666	0.1950954708269087	0.0	0.1950954708269087
0.44	0.1936	0.0037302231517758466	0.19733016105037463	0.0	0.19733016105037463
0.4425	0.19580625000000002	0.0037713678174312593	0.19957755461117224	0.0	0.19957755461117224
0.445	0.198025	0.0038127153428886285	0.20183765102410867	0.0	0.20183765102410867
0.4475	0.20025625	0.0038542652406814426	0.20411044980193127	0.0	0.20411044980193127
0.45	0.2025	0.003896017021286946	0.20639595045533632	0.0	0.20639595045533632
0.4525	0.20475625	0.003937970193137685	0.20869415249298162	0.0	0.20869415249298162
0.455	0.20702500000000001	0.003980124262631501	0.21100505542149367	0.0	0.21100505542149367
0.4575	0.20930625000000003	0.004022478734143187	0.21332865874548712	0.0	0.21332865874548712
0.46	0.2116	0.004065033110034588	0.2156649619675631	0.0	0.2156649619675631
0.4625	0.21390625000000002	0.004107786890665932	0.21801396458833033	0.0	0.21801396458833033
0.465	0.21622500000000003	0.004150739574406814	0.22037566610641732	0.0	0.22037566610641732
0.4675	0.21855625000000004	0.004193890657646859	0.22275006601846745	0.0	0.22275006601846745
0.47000000000000003	0.22090000000000004	0.004237239634807155	0.2251371638191692	0.0	0.2251371638191692
0.47250000000000003	0.22325625000000002	0.0042807859983508	0.22753695900125803	0.0	0.22753695900125803
0.47500000000000003	0.22562500000000002	0.00432452923879445	0.2299494510555293	0.0	0.2299494510555293
0.47750000000000004	0.22800625000000002	0.004368468844719087	0.2323746394708423	0.0	0.2323746394708423
0.48	0.2304	0.004412604302781342	0.23481252373414488	0.0	0.23481252373414488
0.4825	0.23280625	0.0044569350977248234	0.23726310333047435	0.0	0.23726310333047435
0.485	0.235225	0.00450146071239077	0.23972637774296948	0.0	0.23972637774296948
0.4875	0.23765624999999999	0.004546180627729934	0.2422023464528878	0.0	0.2422023464528878
0.49	0.24009999999999998	0.004591094322813349	0.2446910089396091	0.0	0.2446910089396091
0.4925	0.24255625	0.00463620127484432	0.24719236468065264	0.0	0.24719236468065264
0.495	0.245025	0.0046815009591687495	0.24970641315168185	0.0	0.24970641315168185
0.4975	0.24750625	0.004726992849287459	0.2522331538265285	0.0	0.2522331538265285
0.5	0.25	0.004772676416867072	0.2547725861771892	0.0	0.2547725861771892
0.5025000000000001	0.25250625000000004	0.004818551131751447	0.2573247096738407	0.0	0.2573247096738407
0.505	0.255025	0.004864616461973559	0.25988952378486013	0.0	0.25988952378486013
0.5075000000000001	0.25755625000000004	0.004910871873766487	0.2624670279768262	0.0	0.2624670279768262
0.51	0.2601	0.004957316831574965	0.2650572217145318	0.0	0.2650572217145318
0.5125	0.26265625	0.005003950798067369	0.267660104461008	0.0	0.267660104461008
0.515	0.265225	0.0050507732341469325	0.2702756756775135	0.0	0.2702756756775135
0.5175	0.26780624999999997	0.00509778359896329	0.2729039348235632	0.0	0.2729039348235632
0.52	0.27040000000000003	0.00514498134992436	0.27554488135694066	0.0	0.27554488135694066
0.5225	0.27300624999999995	0.005192365942707999	0.2781985147336925	0.0	0.2781985147336925
0.525	0.275625	0.005239936831273273	0.28086483440816057	0.0	0.28086483440816057
0.5275	0.27825625	0.005287693467872556	0.28354383983297765	0.0	0.28354383983297765
0.53	0.28090000000000004	0.005335635303063302	0.28623553045909245	0.0	0.28623553045909245
0.5325	0.28355624999999995	0.005383761785719476	0.2889399057357722	0.0	0.2889399057357722
0.535	0.286225	0.005432072363043605	0.2916569651106127	0.0	0.2916569651106127
0.5375	0.28890625	0.0054805664805785415	0.29438670802955863	0.0	0.29438670802955863
0.54	0.2916	0.00552924358221929	0.29712913393691115	0.0	0.29712913393691115
0.5425	0.29430625	0.005578103110224719	0.29988424227534144	0.0	0.29988424227534144
0.545	0.29702500000000004	0.005627144505229664	0.3026520324858887	0.0	0.3026520324858887
0.5475	0.29975625	0.005676367206256583	0.30543250400800054	0.0	0.30543250400800054
0.55	0.30250000000000005	0.005725770650727768	0.30822565627951404	0.0	0.30822565627951404
0.5525	0.30525625	0.005775354274477229	0.31103148873669056	0.0	0.31103148873669056
0.555	0.30802500000000005	0.0058251175117623455	0.31385000081421516	0.0	0.31385000081421516
0.5575	0.31080625	0.0058750597952762496	0.3166811919452123	0.0	0.3166811919452123
0.56	0.31360000000000005	0.005925180556159759	0.31952506156125454	0.0	0.31952506156125454
0.5625	0.31640625	0.005975479224013203	0.322381609092388	0.0	0.322381609092388
0.5650000000000001	0.3192250000000001	0.006025955226908852	0.3252508339671227	0.0	0.3252508339671227
0.5675	0.32205625	0.006076607991402472	0.32813273561245765	0.0	0.32813273561245765
0.5700000000000001	0.3249000000000001	0.006127436942545916	0.33102731345389563	0.0	0.33102731345389563
0.5725	0.32775625	0.006178441503899068	0.33393456691544415	0.0	0.33393456691544415
0.5750000000000001	0.33062500000000006	0.006229621097541882	0.3368544954196441	0.0	0.3368544954196441
0.5775	0.33350625	0.0062809751440866535	0.33978709838756155	0.0	0.33978709838756155
0.58	0.3364	0.006332503062690009	0.3427323752388142	0.0	0.3427323752388142
0.5825	0.33930625000000003	0.006384204271065452	0.34569032539157885	0.0	0.34569032539157885
0.585	0.34222499999999995	0.006436078185495242	0.34866094826260496	0.0	0.34866094826260496
0.5875	0.34515625000000005	0.0064881242208426615	0.3516442432672227	0.0	0.3516442432672227
0.59	0.34809999999999997	0.006540341790564563	0.35464020981936006	0.0	0.35464020981936006
0.5925	0.35105625	0.006592730306723138	0.3576488473315588	0.0	0.3576488473315588
0.595	0.354025	0.00664528917999857	0.3606701552149704	0.0	0.3606701552149704
0.5975	0.35700625	0.006698017819701252	0.36370413287938586	0.0	0.36370413287938586
0.6	0.36	0.006750915633783938	0.36675077973324266	0.0	0.36675077973324266
0.6025	0.36300625000000003	0.0068039820288542385	0.36981009518362795	0.0	0.36981009518362795
0.605	0.366025	0.006857216410186828	0.37288207863630995	0.0	0.37288207863630995
0.6075	0.36905625000000003	0.006910618181735995	0.3759667294957236	0.0	0.3759667294957236
0.61	0.3721	0.0069641867461477935	0.3790640471650131	0.0	0.3790640471650131
0.6125	0.3751562500000001	0.007017921504772262	0.3821740310460141	0.0	0.3821740310460141
0.615	0.378225	0.0070718218576764635	0.38529668053930083	0.0	0.38529668053930083
0.6175	0.38130625000000007	0.0071258872036562	0.3884319950441575	0.0	0.3884319950441575
0.62	0.3844	0.007180116940248726	0.39157997395862487	0.0	0.39157997395862487
0.6225	0.38750625000000005	0.007234510463745181	0.3947406166794928	0.0	0.3947406166794928
0.625	0.390625	0.007289067169203023	0.39791392260233066	0.0	0.39791392260233066
0.6275000000000001	0.3937562500000001	0.007343786450458356	0.40109989112147143	0.0	0.40109989112147143
0.63	0.39690000000000003	0.007398667700138584	0.4042985216300574	0.0	0.4042985216300574
0.6325000000000001	0.40005625000000006	0.007453710309674733	0.4075098135200272	0.0	0.4075098135200272
0.635	0.403225	0.0075089136693139436	0.41073376618213947	0.0	0.41073376618213947
0.6375000000000001	0.4064062500000001	0.0075642771681321275	0.4139703790059882	0.0	0.4139703790059882
0.64	0.4096	0.007619800194046122	0.41721965138000056	0.0	0.41721965138000056
0.6425	0.41280624999999993	0.007675482133826572	0.42048158269146935	0.0	0.42048158269146935
0.645	0.41602500000000003	0.007731322373110361	0.4237561723265564	0.0	0.4237561723265564
0.6475	0.41925624999999994	0.007787320296412881	0.4270434196702859	0.0	0.4270434196702859
0.65	0.42250000000000004	0.0078434752871408	0.43034332410660453	0.0	0.43034332410660453
0.6525	0.42575624999999995	0.007899786727604607	0.4336558850183416	0.0	0.4336558850183416
0.655	0.42902500000000005	0.007956253999031104	0.436981101787251	0.0	0.436981101787251
0.6575	0.43230624999999995	0.008012876481575948	0.44031897379401974	0.0	0.44031897379401974
0.66	0.43560000000000004	0.008069653554336198	0.4436695004182808	0.0	0.4436695004182808
0.6625	0.43890625	0.008126584595362862	0.4470326810386166	0.0	0.4470326810386166
0.665	0.44222500000000003	0.00818366898167372	0.4504085150325865	0.0	0.4504085150325865
0.6675	0.44555625	0.00824090608926542	0.4537970017767213	0.0	0.4537970017767213
0.67	0.4489000000000001	0.008298295293126479	0.4571981406465541	0.0	0.4571981406465541
0.6725	0.45225624999999997	0.00835583596724987	0.4606119310166262	0.0	0.4606119310166262
0.675	0.45562500000000006	0.008413527484645189	0.46403837226048883	0.0	0.46403837226048883
0.6775	0.45900625	0.008471369217351643	0.4674774637507334	0.0	0.4674774637507334
0.68	0.4624000000000001	0.008529360536450592	0.47092920485898937	0.0	0.47092920485898937
0.6825	0.46580625	0.008587500812078097	0.4743935949559505	0.0	0.4743935949559505
0.685	0.46922500000000006	0.00864578941343741	0.4778706334113824	0.0	0.4778706334113824
0.6875	0.47265625	0.008704225708811797	0.48136031959412073	0.0	0.48136031959412073
0.6900000000000001	0.4761000000000001	0.008762809065576915	0.484862652872111	0.0	0.484862652872111
0.6925	0.47955625	0.008821538850213695	0.4883776326124032	0.0	0.4883776326124032
0.6950000000000001	0.4830250000000001	0.008880414428320604	0.49190525818115893	0.0	0.49190525818115893
0.6975	0.48650625000000003	0.008939435164626641	0.49544552894368643	0.0	0.49544552894368643
0.7000000000000001	0.4900000000000001	0.008998600423003655	0.4989984442644393	0.0	0.4989984442644393
0.7025	0.49350625000000004	0.00905790956647895	0.5025640035070185	0.0	0.5025640035070185
0.705	0.49702499999999994	0.009117361957248216	0.5061422060342134	0.0	0.5061422060342134
0.7075	0.50055625	0.009176956956687743	0.5097330512079846	0.0	0.5097330512079846
0.71	0.5041	0.009236693925367329	0.513336538389503	0.0	0.513336538389503
0.7125	0.50765625	0.009296572223062682	0.5169526669391369	0.0	0.5169526669391369
0.715	0.5112249999999999	0.009356591208768111	0.5205814362164882	0.0	0.5205814362164882
0.7175	0.51480625	0.009416750240709149	0.5242228455803942	0.0	0.5242228455803942
0.72	0.5184	0.009477048676355126	0.5278768943889386	0.0	0.5278768943889386
0.7225	0.52200625	0.00953748587243175	0.5315435819994634	0.0	0.5315435819994634
0.725	0.525625	0.009598061184933754	0.5352229077686005	0.0	0.5352229077686005
0.7275	0.5292562500000001	0.009658773969137363	0.5389148710522524	0.0	0.5389148710522524
0.73	0.5328999999999999	0.009719623579613063	0.5426194712056212	0.0	0.5426194712056212
0.7325	0.5365562500000001	0.009780609370238114	0.5463367075832468	0.0	0.5463367075832468
0.735	0.540225	0.009841730694208878	0.5500665795389715	0.0	0.5500665795389715
0.7375	0.54390625	0.00990298690405389	0.5538090864259926	0.0	0.5538090864259926
0.74	0.5476	0.009964377351645959	0.5575642275968482	0.0	0.5575642275968482
0.7425	0.5513062500000001	0.010025901388214992	0.5613320024034436	0.0	0.5613320024034436
0.745	0.555025	0.010087558364360427	0.5651124101970715	0.0	0.5651124101970715
0.7475	0.5587562500000001	0.010149347630063865	0.5689054503284066	0.0	0.5689054503284066
0.75	0.5625	0.010211268534701556	0.572711122147544	0.0	0.572711122147544
0.7525000000000001	0.5662562500000001	0.010273320427056948	0.5765294250039713	0.0	0.5765294250039713
0.755	0.570025	0.0103355026553332	0.5803603582466245	0.0	0.5803603582466245
0.7575000000000001	0.5738062500000001	0.010397814567165709	0.5842039212238793	0.0	0.5842039212238793
0.76	0.5776	0.010460255509634614	0.5880601132835817	0.0	0.5880601132835817
0.7625000000000001	0.5814062500000001	0.010522824829277355	0.5919289337730133	0.0	0.5919289337730133
0.765	0.585225	0.0105855218721011	0.5958103820389785	0.0	0.5958103820389785
0.7675000000000001	0.5890562500000001	0.010648345983595153	0.5997044574277615	0.0	0.5997044574277615
0.77	0.5929	0.010711296508743612	0.6036111592851353	0.0	0.6036111592851353
0.7725	0.59675625	0.0107743727920378	0.6075304869564375	0.0	0.6075304869564375
0.775	0.6006250000000001	0.010837574177488402	0.6114624397864997	0.0	0.6114624397864997
0.7775	0.6045062499999999	0.01090090000863847	0.6154070171197484	0.0	0.6154070171197484
0.78	0.6084	0.010964349628575343	0.6193642183001311	0.0	0.6193642183001311
0.7825	0.6123062499999999	0.011027922379943322	0.6233340426712005	0.0	0.6233340426712005
0.785	0.616225	0.011091617604956028	0.6273164895760768	0.0	0.6273164895760768
0.7875	0.62015625	0.011155434645408774	0.6313115583575104	0.0	0.6313115583575104
0.79	0.6241000000000001	0.011219372842691033	0.6353192483578376	0.0	0.6353192483578376
0.7925	0.62805625	0.011283431537798677	0.6393395589190464	0.0	0.6393395589190464
0.795	0.6320250000000001	0.011347610071346409	0.6433724893827696	0.0	0.6433724893827696
0.7975	0.63600625	0.011411907783580116	0.64741803909029	0.0	0.64741803909029
0.8	0.6400000000000001	0.011476324014389139	0.6514762073825612	0.0	0.6514762073825612
0.8025	0.64400625	0.01154085810331873	0.6555469936002253	0.0	0.6555469936002253
0.805	0.6480250000000001	0.01160550938958213	0.6596303970836302	0.0	0.6596303970836302
0.8075	0.65205625	0.011670277212073144	0.6637264171728321	0.0	0.6637264171728321
0.81	0.6561000000000001	0.011735160909378095	0.6678350532076128	0.0	0.6678350532076128
0.8125	0.66015625	0.011800159819788353	0.6719563045274918	0.0	0.6719563045274918
0.8150000000000001	0.6642250000000001	0.011865273281312372	0.6760901704717626	0.0	0.6760901704717626
0.8175	0.66830625	0.01193050063168799	0.6802366503794796	0.0	0.6802366503794796
0.8200000000000001	0.6724000000000001	0.011995841208394836	0.684395743589479	0.0	0.684395743589479
0.8225	0.67650625	0.012061294348666068	0.6885674494404059	0.0	0.6885674494404059
0.8250000000000001	0.6806250000000001	0.01212685938950106	0.692751767270711	0.0	0.692751767270711
0.8275	0.6847562500000001	0.012192535667677223	0.6969486964186895	0.0	0.6969486964186895
0.8300000000000001	0.6889000000000001	0.012258322519762166	0.7011582362224681	0.0	0.7011582362224681
0.8325	0.69305625	0.012324219282125987	0.7053803860200332	0.0	0.7053803860200332
0.835	0.697225	0.012390225290953183	0.7096151451492789	0.0	0.7096151451492789
0.8375	0.70140625	0.01245633988225503	0.7138625129479594	0.0	0.7138625129479594
0.84	0.7055999999999999	0.01252256239188132	0.718122488753745	0.0	0.718122488753745
0.8425	0.7098062500000001	0.012588892155532438	0.7223950719042438	0.0	0.7223950719042438
0.845	0.7140249999999999	0.01265532850877163	0.7266802617370024	0.0	0.7266802617370024
0.8475	0.71825625	0.012721870787036904	0.7309780575895232	0.0	0.7309780575895232
0.85	0.7224999999999999	0.012788518325652809	0.7352884587992831	0.0	0.7352884587992831
0.8525	0.7267562500000001	0.012855270459842888	0.7396114647037758	0.0	0.7396114647037758
0.855	0.7310249999999999	0.012922126524740868	0.7439470746404839	0.0	0.7439470746404839
0.8575	0.73530625	0.012989085855403454	0.7482952879469478	0.0	0.7482952879469478
0.86	0.7395999999999999	0.01305614778682157	0.7526561039607439	0.0	0.7526561039607439
0.8625	0.7439062500000001	0.013123311653932573	0.7570295220195352	0.0	0.7570295220195352
0.865	0.748225	0.013190576791631992	0.761415541461061	0.0	0.761415541461061
0.8675	0.75255625	0.013257942534785405	0.765814161623201	0.0	0.765814161623201
0.87	0.7569	0.013325408218240214	0.7702253818439776	0.0	0.7702253818439776
0.8725	0.7612562500000001	0.013392973176837547	0.7746492014615511	0.0	0.7746492014615511
0.875	0.765625	0.013460636745423776	0.7790856198142971	0.0	0.7790856198142971
0.8775000000000001	0.7700062500000001	0.013528398258862623	0.7835346362407903	0.0	0.7835346362407903
0.88	0.7744	0.013596257052046562	0.7879962500798604	0.0	0.7879962500798604
0.8825000000000001	0.7788062500000001	0.013664212459908745	0.7924704606706046	0.0	0.7924704606706046
0.885	0.7832250000000001	0.013732263817434517	0.7969572673524319	0.0	0.7969572673524319
0.8875000000000001	0.7876562500000002	0.013800410459673132	0.801456669465078	0.0	0.801456669465078
0.89	0.7921	0.013868651721749323	0.8059686663486508	0.0	0.8059686663486508
0.8925000000000001	0.7965562500000001	0.01393698693887506	0.8104932573436878	0.0	0.8104932573436878
0.895	0.801025	0.0140054154463609	0.8150304417911635	0.0	0.8150304417911635
0.8975	0.80550625	0.014073936579627674	0.8195802190325648	0.0	0.8195802190325648
0.9	0.81	0.014142549674218033	0.8241425884099056	0.0	0.8241425884099056
0.9025	0.81450625	0.014211254065807796	0.8287175492658133	0.0	0.8287175492658133
0.905	0.819025	0.014280049090217559	0.8333051009435759	0.0	0.8333051009435759
0.9075	0.82355625	0.014348934083424122	0.8379052427872034	0.0	0.8379052427872034
0.91	0.8281000000000001	0.01441790838157174	0.8425179741414948	0.0	0.8425179741414948
0.9125	0.83265625	0.014486971320983796	0.8471432943521269	0.0	0.8471432943521269
0.915	0.8372250000000001	0.014556122238173833	0.8517812027657403	0.0	0.8517812027657403
0.9175	0.84180625	0.01462536046985724	0.8564316987300529	0.0	0.8564316987300529
0.92	0.8464	0.014694685352962214	0.8610947815939484	0.0	0.8610947815939484
0.9225	0.85100625	0.014764096224641227	0.8657704507076273	0.0	0.8657704507076273
0.925	0.8556250000000001	0.014833592422282271	0.8704587054227455	0.0	0.8704587054227455
0.9275	0.86025625	0.014903173283520005	0.875159545092596	0.0	0.875159545092596
0.93	0.8649000000000001	0.014972838146246933	0.8798729690723022	0.0	0.8798729690723022
0.9325	0.86955625	0.015042586348624695	0.8845989767190312	0.0	0.8845989767190312
0.935	0.8742250000000001	0.015112417229094982	0.8893375673923148	0.0	0.8893375673923148
0.9375	0.87890625	0.015182330126390822	0.8940887404543238	0.0	0.8940887404543238
0.9400000000000001	0.8836000000000002	0.015252324379547613	0.8988524952702603	0.0	0.8988524952702603
0.9425	0.88830625	0.01532239932791396	0.9036288312088427	0.0	0.9036288312088427
0.9450000000000001	0.8930250000000001	0.015392554311163029	0.9084177476428371	0.0	0.9084177476428371
0.9475	0.89775625	0.015462788669303215	0.9132192439497462	0.0	0.9132192439497462
0.9500000000000001	0.9025000000000001	0.015533101742689251	0.9180333195126446	0.0	0.9180333195126446
0.9525	0.90725625	0.015603492872033053	0.9228599737212277	0.0	0.9228599737212277
0.9550000000000001	0.9120250000000001	0.015673961398414635	0.9276992059730991	0.0	0.9276992059730991
0.9575	0.91680625	0.015744506663292884	0.932551015675473	0.0	0.932551015675473
0.96	0.9216	0.015815128008516546	0.9374154022472759	0.0	0.9374154022472759
0.9625	0.9264062500000001	0.015885824776334767	0.9422923651219953	0.0	0.9422923651219953
0.965	0.931225	0.015956596309408003	0.9471819037513947	0.0	0.9471819037513947
0.9675	0.93605625	0.016027441950818774	0.9520840176105775	0.0	0.9520840176105775
0.97	0.9409	0.016098361044082188	0.9569987062049655	0.0	0.9569987062049655
0.9725	0.9457562500000001	0.016169352933156717	0.9619259690801256	0.0	0.9619259690801256
0.975	0.9506249999999999	0.016240416962454762	0.9668658058360715	0.0	0.9668658058360715
0.9775	0.9555062500000001	0.016311552476853258	0.9718182161486442	0.0	0.9718182161486442
0.98	0.9603999999999999	0.016382758821704188	0.9767831998026473	0.0	0.9767831998026473
0.9825	0.96530625	0.01645403534284516	0.9817607567455001	0.0	0.9817607567455001
0.985	0.970225	0.016525381386609778	0.9867508871789606	0.0	0.9867508871789606
0.9875	0.9751562500000001	0.016596796299838193	0.9917535917266699	0.0	0.9917535917266699
0.99	0.9801	0.01666827942988748	0.9967688717677982	0.0	0.9967688717677982
0.9925	0.9850562500000001	0.01673983012464199	1.0017967301843609	0.0	1.0017967301843609
0.995	0.990025	0.016811447732523646	1.0068371733425927	0.0	1.0068371733425927
0.9975	0.9950062500000001	0.016883131602502377	1.0118902179737597	0.0	1.0118902179737597
1.0	1.0	0.01695488108410624	1.016955931880155	0.0	1.016955931880155
