-1.0	-1.0	-0.0029284519018753117	-1.0029325445608874	0.0	(-1.0029325445608874+0j)
-0.9975	-0.9950062500000001	-0.0029271739379117755	-0.9979366933599048	0.0	(-0.9979366933599048+0j)
-0.995	-0.990025	-0.0029258863329191657	-0.992953740956235	0.0	(-0.992953740956235+0j)
-0.9925	-0.9850562500000001	-0.002924588989880973	-0.9879834177229082	0.0	(-0.9879834177229082+0j)
-0.99	-0.9801	-0.0029232818105685535	-0.9830256546905621	0.0	(-0.9830256546905621+0j)
-0.9875	-0.9751562500000001	-0.002921964695523494	-0.9780804239531943	0.0	(-0.9780804239531943+0j)
-0.985	-0.970225	-0.0029206375440396985	-0.9731477114360502	0.0	(-0.9731477114360502+0j)
-0.9825	-0.96530625	-0.0029193002541452024	-0.9682275090285616	0.0	(-0.9682275090285616+0j)
-0.98	-0.9603999999999999	-0.0029179527225837065	-0.9633198116139109	0.0	(-0.9633198116139109+0j)
-0.9775	-0.9555062500000001	-0.002916594844795827	-0.958424615742602	0.0	(-0.958424615742602+0j)
-0.975	-0.9506249999999999	-0.002915226514900057	-0.9535419189668972	0.0	(-0.9535419189668972+0j)
-0.9725	-0.9457562500000001	-0.002913847625673445	-0.9486717194769083	0.0	(-0.9486717194769083+0j)
-0.97	-0.9409	-0.0029124580685319697	-0.9438140158878345	0.0	(-0.9438140158878345+0j)
-0.9675	-0.93605625	-0.002911057733510622	-0.9389688071088451	0.0	(-0.9389688071088451+0j)
-0.965	-0.931225	-0.0029096465092431907	-0.9341360922586533	0.0	(-0.9341360922586533+0j)
-0.9625	-0.9264062500000001	-0.0029082242829417335	-0.9293158706092457	0.0	(-0.9293158706092457+0j)
-0.96	-0.9216	-0.0029067909403757493	-0.9245081415470848	0.0	(-0.9245081415470848+0j)
-0.9575	-0.91680625	-0.0029053463658510353	-0.9197129045457317	0.0	(-0.9197129045457317+0j)
-0.9550000000000001	-0.9120250000000001	-0.0029038904421882293	-0.9149301591461146	0.0	(-0.9149301591461146+0j)
-0.9525	-0.90725625	-0.0029024230507010353	-0.9101599049419024	0.0	(-0.9101599049419024+0j)
-0.9500000000000001	-0.9025000000000001	-0.002900944071174127	-0.9054021415685789	0.0	(-0.9054021415685789+0j)
-0.9475	-0.89775625	-0.002899453381840727	-0.9006568686950902	0.0	(-0.9006568686950902+0j)
-0.9450000000000001	-0.8930250000000001	-0.00289795085935986	-0.8959240860174261	0.0	(-0.8959240860174261+0j)
-0.9425	-0.88830625	-0.002896436378793273	-0.8912037932535396	0.0	(-0.8912037932535396+0j)
-0.9400000000000001	-0.8836000000000002	-0.0028949098135820214	-0.8864959901393561	0.0	(-0.8864959901393561+0j)
-0.9375	-0.87890625	-0.002893371035522722	-0.8818006764255917	0.0	(-0.8818006764255917+0j)
-0.935	-0.8742250000000001	-0.0028918199147434627	-0.8771178518751308	0.0	(-0.8771178518751308+0j)
-0.9325	-0.86955625	-0.002890256319679374	-0.8724475162609494	0.0	(-0.8724475162609494+0j)
-0.93	-0.8649000000000001	-0.0028886801170478495	-0.8677896693643464	0.0	(-0.8677896693643464+0j)
-0.9275	-0.86025625	-0.0028870911718234258	-0.8631443109735267	0.0	(-0.8631443109735267+0j)
-0.925	-0.8556250000000001	-0.002885489347212309	-0.8585114408823911	0.0	(-0.8585114408823911+0j)
-0.9225	-0.85100625	-0.002883874504626548	-0.853891058889529	0.0	(-0.853891058889529+0j)
-0.92	-0.8464	-0.0028822465036578556	-0.8492831647973454	0.0	(-0.8492831647973454+0j)
-0.9175	-0.84180625	-0.002880605202051074	-0.8446877584113742	0.0	(-0.8446877584113742+0j)
-0.915	-0.8372250000000001	-0.002878950455677279	-0.8401048395396168	0.0	(-0.8401048395396168+0j)
-0.9125	-0.83265625	-0.0028772821185065267	-0.8355344079919963	0.0	(-0.8355344079919963+0j)
-0.91	-0.8281000000000001	-0.0028756000425802404	-0.8309764635799569	0.0	(-0.8309764635799569+0j)
-0.9075	-0.82355625	-0.0028739040779832276	-0.8264310061159854	0.0	(-0.8264310061159854+0j)
-0.905	-0.819025	-0.0028721940728153417	-0.8218980354132919	0.0	(-0.8218980354132919+0j)
-0.9025	-0.81450625	-0.002870469873162774	-0.8173775512855194	0.0	(-0.8173775512855194+0j)
-0.9	-0.81	-0.0028687313230689807	-0.8128695535464276	0.0	(-0.8128695535464276+0j)
-0.8975	-0.80550625	-0.002866978264505244	-0.8083740420096658	0.0	(-0.8083740420096658+0j)
-0.895	-0.801025	-0.0028652105373408675	-0.8038910164885751	0.0	(-0.8038910164885751+0j)
-0.8925000000000001	-0.7965562500000001	-0.002863427979313003	-0.7994204767959664	0.0	(-0.7994204767959664+0j)
-0.89	-0.7921	-0.002861630425996114	-0.7949624227439527	0.0	(-0.7949624227439527+0j)
-0.8875000000000001	-0.7876562500000002	-0.002859817710771069	-0.7905168541438123	0.0	(-0.7905168541438123+0j)
-0.885	-0.7832250000000001	-0.002857989664793877	-0.78608377080579	0.0	(-0.78608377080579+0j)
-0.8825000000000001	-0.7788062500000001	-0.002856146116964052	-0.7816631725390545	0.0	(-0.7816631725390545+0j)
-0.88	-0.7744	-0.002854286893892617	-0.7772550591514902	0.0	(-0.7772550591514902+0j)
-0.8775000000000001	-0.7700062500000001	-0.0028524118198697515	-0.7728594304496315	0.0	(-0.7728594304496315+0j)
-0.875	-0.765625	-0.002850520716832073	-0.7684762862385518	0.0	(-0.7684762862385518+0j)
-0.8725	-0.7612562500000001	-0.00284861340432957	-0.7641056263217673	0.0	(-0.7641056263217673+0j)
-0.87	-0.7569	-0.0028466896994921768	-0.7597474505011511	0.0	(-0.7597474505011511+0j)
-0.8675	-0.75255625	-0.0028447494169959995	-0.7554017585768482	0.0	(-0.7554017585768482+0j)
-0.865	-0.748225	-0.002842792369029196	-0.7510685503471989	0.0	(-0.7510685503471989+0j)
-0.8625	-0.7439062500000001	-0.0028408183652575136	-0.7467478256086479	0.0	(-0.7467478256086479+0j)
-0.86	-0.7395999999999999	-0.0028388272127894882	-0.7424395841556946	0.0	(-0.7424395841556946+0j)
-0.8575	-0.73530625	-0.0028368187161413125	-0.7381438257808183	0.0	(-0.7381438257808183+0j)
-0.855	-0.7310249999999999	-0.0028347926772013744	-0.7338605502744205	0.0	(-0.7338605502744205+0j)
-0.8525	-0.7267562500000001	-0.002832748895194475	-0.7295897574247383	0.0	(-0.7295897574247383+0j)
-0.85	-0.7224999999999999	-0.002830687166645733	-0.7253314470178251	0.0	(-0.7253314470178251+0j)
-0.8475	-0.71825625	-0.00282860728534418	-0.7210856188374396	0.0	(-0.7210856188374396+0j)
-0.845	-0.7140249999999999	-0.002826509042306056	-0.7168522726650451	0.0	(-0.7168522726650451+0j)
-0.8425	-0.7098062500000001	-0.0028243922257378128	-0.7126314082797188	0.0	(-0.7126314082797188+0j)
-0.84	-0.7055999999999999	-0.002822256620998835	-0.7084230254581085	0.0	(-0.7084230254581085+0j)
-0.8375	-0.70140625	-0.0028201020105638836	-0.7042271239743684	0.0	(-0.7042271239743684+0j)
-0.835	-0.697225	-0.002817928173985283	-0.7000437036001389	0.0	(-0.7000437036001389+0j)
-0.8325	-0.69305625	-0.0028157348878548485	-0.6958727641044644	0.0	(-0.6958727641044644+0j)
-0.8300000000000001	-0.6889000000000001	-0.002813521925765573	-0.691714305253758	0.0	(-0.691714305253758+0j)
-0.8275	-0.6847562500000001	-0.002811289058273088	-0.6875683268117265	0.0	(-0.6875683268117265+0j)
-0.8250000000000001	-0.6806250000000001	-0.002809036052856905	-0.6834348285393855	0.0	(-0.6834348285393855+0j)
-0.8225	-0.67650625	-0.0028067626738814536	-0.6793138101949282	0.0	(-0.6793138101949282+0j)
-0.8200000000000001	-0.6724000000000001	-0.002804468682556934	-0.6752052715337574	0.0	(-0.6752052715337574+0j)
-0.8175	-0.66830625	-0.002802153836899992	-0.6711092123083624	0.0	(-0.6711092123083624+0j)
-0.8150000000000001	-0.6642250000000001	-0.0027998178916942384	-0.6670256322683381	0.0	(-0.6670256322683381+0j)
-0.8125	-0.66015625	-0.002797460598450631	-0.662954531160305	0.0	(-0.662954531160305+0j)
-0.81	-0.6561000000000001	-0.00279508170536773	-0.6588959087278302	0.0	(-0.6588959087278302+0j)
-0.8075	-0.65205625	-0.0027926809572918487	-0.6548497647114617	0.0	(-0.6548497647114617+0j)
-0.805	-0.6480250000000001	-0.002790258095677125	-0.6508160988486191	0.0	(-0.6508160988486191+0j)
-0.8025	-0.64400625	-0.0027878128585455244	-0.6467949108735797	0.0	(-0.6467949108735797+0j)
-0.8	-0.6400000000000001	-0.002785344980446802	-0.6427862005173939	0.0	(-0.6427862005173939+0j)
-0.7975	-0.63600625	-0.0027828541924184444	-0.6387899675078803	0.0	(-0.6387899675078803+0j)
-0.795	-0.6320250000000001	-0.0027803402219456186	-0.6348062115695714	0.0	(-0.6348062115695714+0j)
-0.7925	-0.62805625	-0.002777802792921146	-0.6308349324236637	0.0	(-0.6308349324236637+0j)
-0.79	-0.6241000000000001	-0.0027752416256055282	-0.6268761297879547	0.0	(-0.6268761297879547+0j)
-0.7875	-0.62015625	-0.002772656436587064	-0.6229298033768287	0.0	(-0.6229298033768287+0j)
-0.785	-0.616225	-0.002770046938742061	-0.6189959529012015	0.0	(-0.6189959529012015+0j)
-0.7825	-0.6123062499999999	-0.002767412841195199	-0.615074578068466	0.0	(-0.615074578068466+0j)
-0.78	-0.6084	-0.0027647538492800534	-0.6111656785824567	0.0	(-0.6111656785824567+0j)
-0.7775	-0.6045062499999999	-0.002762069664499822	-0.6072692541434176	0.0	(-0.6072692541434176+0j)
-0.775	-0.6006250000000001	-0.0027593599844882833	-0.6033853044479348	0.0	(-0.6033853044479348+0j)
-0.7725	-0.59675625	-0.002756624502971021	-0.5995138291889109	0.0	(-0.5995138291889109+0j)
-0.77	-0.5929	-0.002753862909726955	-0.5956548280555338	0.0	(-0.5956548280555338+0j)
-0.7675000000000001	-0.5890562500000001	-0.002751074890550204	-0.5918083007331799	0.0	(-0.5918083007331799+0j)
-0.765	-0.585225	-0.0027482601272123303	-0.5879742469034684	0.0	(-0.5879742469034684+0j)
-0.7625000000000001	-0.5814062500000001	-0.002745418297425002	-0.5841526662441203	0.0	(-0.5841526662441203+0j)
-0.76	-0.5776	-0.0027425490748031038	-0.5803435584289754	0.0	(-0.5803435584289754+0j)
-0.7575000000000001	-0.5738062500000001	-0.0027396521288283546	-0.5765469231279556	0.0	(-0.5765469231279556+0j)
-0.755	-0.570025	-0.002736727124813466	-0.5727627600069902	0.0	(-0.5727627600069902+0j)
-0.7525000000000001	-0.5662562500000001	-0.0027337737238668854	-0.5689910687280146	0.0	(-0.5689910687280146+0j)
-0.75	-0.5625	-0.002730791582858175	-0.5652318489488937	0.0	(-0.5652318489488937+0j)
-0.7475	-0.5587562500000001	-0.0027277803543840737	-0.561485100323436	0.0	(-0.561485100323436+0j)
-0.745	-0.555025	-0.002724739686735288	-0.5577508225013156	0.0	(-0.5577508225013156+0j)
-0.7425	-0.5513062500000001	-0.0027216692238640665	-0.554029015128038	0.0	(-0.554029015128038+0j)
-0.74	-0.5476	-0.0027185686053526116	-0.5503196778449574	0.0	(-0.5503196778449574+0j)
-0.7375	-0.54390625	-0.0027154374663823744	-0.5466228102891701	0.0	(-0.5466228102891701+0j)
-0.735	-0.540225	-0.0027122754377043004	-0.5429384120935272	0.0	(-0.5429384120935272+0j)
-0.7325	-0.5365562500000001	-0.002709082145610078	-0.5392664828866055	0.0	(-0.5392664828866055+0j)
-0.73	-0.5328999999999999	-0.0027058572119044396	-0.5356070222926633	0.0	(-0.5356070222926633+0j)
-0.7275	-0.5292562500000001	-0.0027026002538785947	-0.5319600299316136	0.0	(-0.5319600299316136+0j)
-0.725	-0.525625	-0.002699310884284841	-0.5283255054190031	0.0	(-0.5283255054190031+0j)
-0.7225	-0.52200625	-0.0026959887113124255	-0.5247034483659858	0.0	(-0.5247034483659858+0j)
-0.72	-0.5184	-0.002692633338564716	-0.5210938583792871	0.0	(-0.5210938583792871+0j)
-0.7175	-0.51480625	-0.00268924436503776	-0.5174967350612006	0.0	(-0.5174967350612006+0j)
-0.715	-0.5112249999999999	-0.0026858213851002834	-0.5139120780095633	0.0	(-0.5139120780095633+0j)
-0.7125	-0.50765625	-0.002682363988475218	-0.5103398868177123	0.0	(-0.5103398868177123+0j)
-0.71	-0.5041	-0.002678871760222814	-0.5067801610745045	0.0	(-0.5067801610745045+0j)
-0.7075	-0.50055625	-0.002675344280725425	-0.5032329003642656	0.0	(-0.5032329003642656+0j)
-0.705	-0.49702499999999994	-0.00267178112567403	-0.4996981042668146	0.0	(-0.4996981042668146+0j)
-0.7025	-0.49350625000000004	-0.0026681818660565762	-0.4961757723574055	0.0	(-0.4961757723574055+0j)
-0.7000000000000001	-0.4900000000000001	-0.0026645460681482187	-0.49266590420675993	0.0	(-0.49266590420675993+0j)
-0.6975	-0.48650625000000003	-0.0026608732935035407	-0.4891684993810308	0.0	(-0.4891684993810308+0j)
-0.6950000000000001	-0.4830250000000001	-0.0026571630989508303	-0.4856835574418158	0.0	(-0.4856835574418158+0j)
-0.6925	-0.47955625	-0.0026534150365885092	-0.48221107794613627	0.0	(-0.48221107794613627+0j)
-0.6900000000000001	-0.4761000000000001	-0.0026496286537837804	-0.47875106044646215	0.0	(-0.47875106044646215+0j)
-0.6875	-0.47265625	-0.0026458034931736043	-0.4753035044906799	0.0	(-0.4753035044906799+0j)
-0.685	-0.46922500000000006	-0.0026419390926680757	-0.4718684096221245	0.0	(-0.4718684096221245+0j)
-0.6825	-0.46580625	-0.0026380349854562934	-0.4684457753795775	0.0	(-0.4684457753795775+0j)
-0.68	-0.4624000000000001	-0.002634090700014826	-0.4650356012972685	0.0	(-0.4650356012972685+0j)
-0.6775	-0.45900625	-0.0026301057601188517	-0.46163788690490165	0.0	(-0.46163788690490165+0j)
-0.675	-0.45562500000000006	-0.0026260796848560797	-0.4582526317276596	0.0	(-0.4582526317276596+0j)
-0.6725	-0.45225624999999997	-0.002622011988643539	-0.45487983528622683	0.0	(-0.45487983528622683+0j)
-0.67	-0.4489000000000001	-0.002617902181247344	-0.45151949709681816	0.0	(-0.45151949709681816+0j)
-0.6675	-0.44555625	-0.002613749767805522	-0.4481716166711849	0.0	(-0.4481716166711849+0j)
-0.665	-0.44222500000000003	-0.0026095542488540177	-0.4448361935166624	0.0	(-0.4448361935166624+0j)
-0.6625	-0.43890625	-0.0026053151203559626	-0.4415132271361909	0.0	(-0.4415132271361909+0j)
-0.66	-0.43560000000000004	-0.0026010318737343233	-0.4382027170283502	0.0	(-0.4382027170283502+0j)
-0.6575	-0.43230624999999995	-0.0025967039959080285	-0.43490466268740696	0.0	(-0.43490466268740696+0j)
-0.655	-0.42902500000000005	-0.0025923309693316773	-0.431619063603348	0.0	(-0.431619063603348+0j)
-0.6525	-0.42575624999999995	-0.002587912272038939	-0.4283459192619306	0.0	(-0.4283459192619306+0j)
-0.65	-0.42250000000000004	-0.0025834473776897523	-0.42508522914472924	0.0	(-0.42508522914472924+0j)
-0.6475	-0.41925624999999994	-0.002578935755621426	-0.42183699272920616	0.0	(-0.42183699272920616+0j)
-0.645	-0.41602500000000003	-0.0025743768709037642	-0.41860120948874097	0.0	(-0.41860120948874097+0j)
-0.6425	-0.41280624999999993	-0.002569770184398302	-0.41537787889271344	0.0	(-0.41537787889271344+0j)
-0.64	-0.4096	-0.002565115152821794	-0.4121670004065717	0.0	(-0.4121670004065717+0j)
-0.6375000000000001	-0.4064062500000001	-0.002560411228814038	-0.40896857349189164	0.0	(-0.40896857349189164+0j)
-0.635	-0.403225	-0.002555657861010162	-0.4057825976064641	0.0	(-0.4057825976064641+0j)
-0.6325000000000001	-0.40005625000000006	-0.0025508544941174856	-0.4026090722043766	0.0	(-0.4026090722043766+0j)
-0.63	-0.39690000000000003	-0.0025460005689970605	-0.3994479967360798	0.0	(-0.3994479967360798+0j)
-0.6275000000000001	-0.3937562500000001	-0.002541095522750014	-0.39629937064851084	0.0	(-0.39629937064851084+0j)
-0.625	-0.390625	-0.0025361387888088007	-0.39316319338515576	0.0	(-0.39316319338515576+0j)
-0.6225	-0.38750625000000005	-0.002531129797033477	-0.39003946438617954	0.0	(-0.39003946438617954+0j)
-0.62	-0.3844	-0.0025260679738131155	-0.38692818308851457	0.0	(-0.38692818308851457+0j)
-0.6175	-0.38130625000000007	-0.0025209527421724705	-0.38382934892597115	0.0	(-0.38382934892597115+0j)
-0.615	-0.378225	-0.002515783521884003	-0.3807429613293653	0.0	(-0.3807429613293653+0j)
-0.6125	-0.3751562500000001	-0.0025105597295853868	-0.37766901972664146	0.0	(-0.37766901972664146+0j)
-0.61	-0.3721	-0.0025052807789025934	-0.37460752354299126	0.0	(-0.37460752354299126+0j)
-0.6075	-0.36905625000000003	-0.002499946080578691	-0.37155847220099875	0.0	(-0.37155847220099875+0j)
-0.605	-0.366025	-0.0024945550426084366	-0.36852186512077056	0.0	(-0.36852186512077056+0j)
-0.6025	-0.36300625000000003	-0.0024891070703787965	-0.36549770172008944	0.0	(-0.36549770172008944+0j)
-0.6	-0.36	-0.002483601566815492	-0.3624859814145725	0.0	(-0.3624859814145725+0j)
-0.5975	-0.35700625	-0.0024780379325356804	-0.35948670361782087	0.0	(-0.35948670361782087+0j)
-0.595	-0.354025	-0.0024724155660068767	-0.3564998677415793	0.0	(-0.3564998677415793+0j)
-0.5925	-0.35105625	-0.0024667338637122164	-0.35352547319593075	0.0	(-0.35352547319593075+0j)
-0.59	-0.34809999999999997	-0.0024609922203221745	-0.3505635193894542	0.0	(-0.3505635193894542+0j)
-0.5875	-0.34515625000000005	-0.0024551900288728237	-0.34761400572941953	0.0	(-0.34761400572941953+0j)
-0.585	-0.34222499999999995	-0.002449326680950744	-0.34467693162197854	0.0	(-0.34467693162197854+0j)
-0.5825	-0.33930625000000003	-0.0024434015668846816	-0.3417522964723585	0.0	(-0.3417522964723585+0j)
-0.58	-0.3364	-0.002437414075944035	-0.3388400996850883	0.0	(-0.3388400996850883+0j)
-0.5775	-0.33350625	-0.0024313635965442807	-0.33594034066418194	0.0	(-0.33594034066418194+0j)
-0.5750000000000001	-0.33062500000000006	-0.0024252495164594143	-0.3330530188133816	0.0	(-0.3330530188133816+0j)
-0.5725	-0.32775625	-0.0024190712230414955	-0.3301781335363746	0.0	(-0.3301781335363746+0j)
-0.5700000000000001	-0.3249000000000001	-0.0024128281034473875	-0.32731568423704505	0.0	(-0.32731568423704505+0j)
-0.5675	-0.32205625	-0.002406519544872756	-0.32446567031968143	0.0	(-0.32446567031968143+0j)
-0.5650000000000001	-0.3192250000000001	-0.0024001449347934222	-0.3216280911892735	0.0	(-0.3216280911892735+0j)
-0.5625	-0.31640625	-0.0023937036612141243	-0.3188029462517323	0.0	(-0.3188029462517323+0j)
-0.56	-0.31360000000000005	-0.002387195112924773	-0.3159902349141768	0.0	(-0.3159902349141768+0j)
-0.5575	-0.31080625	-0.0023806186797642533	-0.313189956585195	0.0	(-0.313189956585195+0j)
-0.555	-0.30802500000000005	-0.0023739737528918393	-0.31040211067513934	0.0	(-0.31040211067513934+0j)
-0.5525	-0.30525625	-0.002367259725066276	-0.30762669659639286	0.0	(-0.30762669659639286+0j)
-0.55	-0.30250000000000005	-0.0023604759909325837	-0.30486371376369836	0.0	(-0.30486371376369836+0j)
-0.5475	-0.29975625	-0.0023536219473166216	-0.3021131615944321	0.0	(-0.3021131615944321+0j)
-0.545	-0.29702500000000004	-0.0023466969935274657	-0.2993750395089317	0.0	(-0.2993750395089317+0j)
-0.5425	-0.29430625	-0.002339700531667624	-0.29664934693082073	0.0	(-0.29664934693082073+0j)
-0.54	-0.2916	-0.002332631966951131	-0.29393608328733156	0.0	(-0.29393608328733156+0j)
-0.5375	-0.28890625	-0.0023254907080295355	-0.29123524800964007	0.0	(-0.29123524800964007+0j)
-0.535	-0.286225	-0.0023182761673258136	-0.28854684053321716	0.0	(-0.28854684053321716+0j)
-0.5325	-0.28355624999999995	-0.0023109877613762047	-0.2858708602981792	0.0	(-0.2858708602981792+0j)
-0.53	-0.28090000000000004	-0.002303624911179993	-0.28320730674964817	0.0	(-0.28320730674964817+0j)
-0.5275	-0.27825625	-0.0022961870425572185	-0.28055617933813065	0.0	(-0.28055617933813065+0j)
-0.525	-0.275625	-0.0022886735865143273	-0.2779174775198727	0.0	(-0.2779174775198727+0j)
-0.5225	-0.27300624999999995	-0.00228108397961773	-0.27529120075727515	0.0	(-0.27529120075727515+0j)
-0.52	-0.27040000000000003	-0.0022734176643752664	-0.2726773485192725	0.0	(-0.2726773485192725+0j)
-0.5175	-0.26780624999999997	-0.0022656740896255254	-0.2700759202817209	0.0	(-0.2700759202817209+0j)
-0.515	-0.265225	-0.0022578527109350125	-0.2674869155278427	0.0	(-0.2674869155278427+0j)
-0.5125	-0.26265625	-0.0022499529910030916	-0.2649103337486163	0.0	(-0.2649103337486163+0j)
-0.51	-0.2601	-0.0022419744000746686	-0.26234617444320313	0.0	(-0.26234617444320313+0j)
-0.5075000000000001	-0.25755625000000004	-0.0022339164163605566	-0.2597944371194024	0.0	(-0.2597944371194024+0j)
-0.505	-0.255025	-0.00222577852646544	-0.25725512129406786	0.0	(-0.25725512129406786+0j)
-0.5025000000000001	-0.25250625000000004	-0.0022175602258233803	-0.25472822649356996	0.0	(-0.25472822649356996+0j)
-0.5	-0.25	-0.0022092610191407577	-0.2522137522542552	0.0	(-0.2522137522542552+0j)
-0.4975	-0.24750625	-0.002200880420846575	-0.24971169812289348	0.0	(-0.24971169812289348+0j)
-0.495	-0.245025	-0.0021924179555500027	-0.2472220636571747	0.0	(-0.2472220636571747+0j)
-0.4925	-0.24255625	-0.0021838731585050565	-0.24474484842616395	0.0	(-0.24474484842616395+0j)
-0.49	-0.24009999999999998	-0.0021752455760822974	-0.24228005201079678	0.0	(-0.24228005201079678+0j)
-0.4875	-0.23765624999999999	-0.002166534766247403	-0.23982767400437402	0.0	(-0.23982767400437402+0j)
-0.485	-0.235225	-0.0021577402990464855	-0.23738771401305908	0.0	(-0.23738771401305908+0j)
-0.4825	-0.23280625	-0.0021488617570979886	-0.2349601716563775	0.0	(-0.2349601716563775+0j)
-0.48	-0.2304	-0.0021398987360910196	-0.2325450465677403	0.0	(-0.2325450465677403+0j)
-0.47750000000000004	-0.22800625000000002	-0.002130850845289929	-0.2301423383949543	0.0	(-0.2301423383949543+0j)
-0.47500000000000003	-0.22562500000000002	-0.002121717708044965	-0.22775204680074673	0.0	(-0.22775204680074673+0j)
-0.47250000000000003	-0.22325625000000002	-0.002112498962308806	-0.22537417146330097	0.0	(-0.22537417146330097+0j)
-0.47000000000000003	-0.22090000000000004	-0.0021031942611587735	-0.2230087120767845	0.0	(-0.2230087120767845+0j)
-0.4675	-0.21855625000000004	-0.0020938032733244997	-0.2206556683518985	0.0	(-0.2206556683518985+0j)
-0.465	-0.21622500000000003	-0.0020843256837208457	-0.21831504001641722	0.0	(-0.21831504001641722+0j)
-0.4625	-0.21390625000000002	-0.0020747611939858105	-0.21598682681573775	0.0	(-0.21598682681573775+0j)
-0.46	-0.2116	-0.002065109523023211	-0.21367102851344325	0.0	(-0.21367102851344325+0j)
-0.4575	-0.20930625000000003	-0.0020553704075498506	-0.21136764489185472	0.0	(-0.21136764489185472+0j)
-0.455	-0.20702500000000001	-0.002045543602646928	-0.2090766757526018	0.0	(-0.2090766757526018+0j)
-0.4525	-0.20475625	-0.0020356288823154055	-0.20679812091718078	0.0	(-0.20679812091718078+0j)
-0.45	-0.2025	-0.0020256260400350295	-0.20453198022752977	0.0	(-0.20453198022752977+0j)
-0.4475	-0.20025625	-0.0020155348893267267	-0.2022782535466073	0.0	(-0.2022782535466073+0j)
-0.445	-0.198025	-0.002005355264318051	-0.2000369407589571	0.0	(-0.2000369407589571+0j)
-0.4425	-0.19580625000000002	-0.0019950870203113563	-0.19780804177129613	0.0	(-0.19780804177129613+0j)
-0.44	-0.1936	-0.001984730034354374	-0.19559155651308743	0.0	(-0.19559155651308743+0j)
-0.4375	-0.19140625	-0.0019742842058128375	-0.19338748493712618	0.0	(-0.19338748493712618+0j)
-0.435	-0.189225	-0.0019637494569448035	-0.19119582702012752	0.0	(-0.19119582702012752+0j)
-0.4325	-0.18705625	-0.0019531257334763135	-0.18901658276329203	0.0	(-0.18901658276329203+0j)
-0.43	-0.18489999999999998	-0.0019424130051779998	-0.18684975219291228	0.0	(-0.18684975219291228+0j)
-0.4275	-0.18275624999999998	-0.0019316112664422662	-0.18469533536093913	0.0	(-0.18469533536093913+0j)
-0.425	-0.18062499999999998	-0.0019207205368606372	-0.18255333234557353	0.0	(-0.18255333234557353+0j)
-0.4225	-0.17850624999999998	-0.0019097408618008694	-0.1804237432518455	0.0	(-0.1804237432518455+0j)
-0.42	-0.17639999999999997	-0.0018986723129834084	-0.17830656821220098	0.0	(-0.17830656821220098+0j)
-0.4175	-0.17430625	-0.0018875149890567602	-0.17620180738707217	0.0	(-0.17620180738707217+0j)
-0.41500000000000004	-0.17222500000000002	-0.0018762690161713434	-0.17410946096546323	0.0	(-0.17410946096546323+0j)
-0.41250000000000003	-0.17015625000000004	-0.0018649345485513694	-0.1720295291655207	0.0	(-0.1720295291655207+0j)
-0.41000000000000003	-0.16810000000000003	-0.0018535117690642996	-0.16996201223510765	0.0	(-0.16996201223510765+0j)
-0.40750000000000003	-0.16605625000000002	-0.0018420008897874097	-0.1679069104523648	0.0	(-0.1679069104523648+0j)
-0.405	-0.16402500000000003	-0.0018304021525709833	-0.16586422412628948	0.0	(-0.16586422412628948+0j)
-0.4025	-0.16200625000000002	-0.0018187158295976612	-0.16383395359727956	0.0	(-0.16383395359727956+0j)
-0.4	-0.16000000000000003	-0.0018069422239374397	-0.1618160992377031	0.0	(-0.1618160992377031+0j)
-0.3975	-0.15800625000000001	-0.0017950816700978331	-0.15981066145244627	0.0	(-0.15981066145244627+0j)
-0.395	-0.15602500000000002	-0.0017831345345686795	-0.15781764067944737	0.0	(-0.15781764067944737+0j)
-0.3925	-0.15405625	-0.0017711012163610816	-0.15583703739025742	0.0	(-0.15583703739025742+0j)
-0.39	-0.1521	-0.0017589821475399582	-0.15386885209055842	0.0	(-0.15386885209055842+0j)
-0.3875	-0.15015625000000002	-0.0017467777937496755	-0.15191308532069986	0.0	(-0.15191308532069986+0j)
-0.385	-0.148225	-0.0017344886547322259	-0.1499697376562172	0.0	(-0.1499697376562172+0j)
-0.3825	-0.14630625	-0.001722115264837409	-0.14803880970835226	0.0	(-0.14803880970835226+0j)
-0.38	-0.1444	-0.001709658193524468	-0.1461203021245573	0.0	(-0.1461203021245573+0j)
-0.3775	-0.14250625	-0.0016971180458546316	-0.14421421558899858	0.0	(-0.14421421558899858+0j)
-0.375	-0.140625	-0.0016844954629740014	-0.14232055082305842	0.0	(-0.14232055082305842+0j)
-0.3725	-0.13875625	-0.0016717911225862258	-0.1404393085858148	0.0	(-0.1404393085858148+0j)
-0.37	-0.1369	-0.0016590057394143937	-0.13857048967453237	0.0	(-0.13857048967453237+0j)
-0.3675	-0.13505625	-0.001646140065651577	-0.13671409492512995	0.0	(-0.13671409492512995+0j)
-0.365	-0.13322499999999998	-0.0016331948913994596	-0.13487012521266217	0.0	(-0.13487012521266217+0j)
-0.3625	-0.13140625	-0.0016201710450944686	-0.13303858145177372	0.0	(-0.13303858145177372+0j)
-0.36	-0.1296	-0.0016070693939208383	-0.13121946459716488	0.0	(-0.13121946459716488+0j)
-0.3575	-0.12780624999999998	-0.0015938908442100323	-0.12941277564404446	0.0	(-0.12941277564404446+0j)
-0.355	-0.126025	-0.001580636341825941	-0.12761851562857862	0.0	(-0.12761851562857862+0j)
-0.3525	-0.12425624999999998	-0.001567306872535284	-0.12583668562834083	0.0	(-0.12583668562834083+0j)
-0.35000000000000003	-0.12250000000000003	-0.0015539034623626368	-0.12406728676275582	0.0	(-0.12406728676275582+0j)
-0.34750000000000003	-0.12075625000000002	-0.0015404271779295058	-0.12231032019354461	0.0	(-0.12231032019354461+0j)
-0.34500000000000003	-0.11902500000000002	-0.0015268791267768855	-0.12056578712516755	0.0	(-0.12056578712516755+0j)
-0.3425	-0.11730625000000001	-0.001513260457670716	-0.11883368880526755	0.0	(-0.11883368880526755+0j)
-0.34	-0.11560000000000002	-0.0014995723608896817	-0.11711402652512594	0.0	(-0.11711402652512594+0j)
-0.3375	-0.11390625000000001	-0.0014858160684947832	-0.11540680162010747	0.0	(-0.11540680162010747+0j)
-0.335	-0.11222500000000002	-0.0014719928545801218	-0.11371201547012286	0.0	(-0.11371201547012286+0j)
-0.3325	-0.11055625000000001	-0.0014581040355043451	-0.11202966950009922	0.0	(-0.11202966950009922+0j)
-0.33	-0.10890000000000001	-0.0014441509701022012	-0.11035976518045701	0.0	(-0.11035976518045701+0j)
-0.3275	-0.10725625000000001	-0.0014301350598756547	-0.10870230402760234	0.0	(-0.10870230402760234+0j)
-0.325	-0.10562500000000001	-0.0014160577491640442	-0.10705728760443713	0.0	(-0.10705728760443713+0j)
-0.3225	-0.10400625000000001	-0.00140192052529273	-0.10542471752088742	0.0	(-0.10542471752088742+0j)
-0.32	-0.1024	-0.0013877249186997345	-0.10380459543444823	0.0	(-0.10380459543444823+0j)
-0.3175	-0.10080625	-0.001373472503039846	-0.10219692305076336	0.0	(-0.10219692305076336+0j)
-0.315	-0.09922500000000001	-0.0013591648952657014	-0.10060170212422755	0.0	(-0.10060170212422755+0j)
-0.3125	-0.09765625	-0.0013448037556853425	-0.09901893445861873	0.0	(-0.09901893445861873+0j)
-0.31	-0.0961	-0.0013303907879957792	-0.09744862190777284	0.0	(-0.09744862190777284+0j)
-0.3075	-0.09455625	-0.0013159277392920824	-0.09589076637629707	0.0	(-0.09589076637629707+0j)
-0.305	-0.093025	-0.0013014164000515595	-0.09434536982032127	0.0	(-0.09434536982032127+0j)
-0.3025	-0.09150625	-0.0012868586040925658	-0.09281243424830751	0.0	(-0.09281243424830751+0j)
-0.3	-0.09	-0.0012722562285075283	-0.09129196172190458	0.0	(-0.09129196172190458+0j)
-0.2975	-0.08850625	-0.0012576111935697655	-0.08978395435686326	0.0	(-0.08978395435686326+0j)
-0.295	-0.08702499999999999	-0.0012429254626137093	-0.08828841432401852	0.0	(-0.08828841432401852+0j)
-0.2925	-0.08555624999999999	-0.0012282010418881474	-0.08680534385032813	0.0	(-0.08680534385032813+0j)
-0.29	-0.0841	-0.0012134399803821188	-0.08533474521999233	0.0	(-0.08533474521999233+0j)
-0.28750000000000003	-0.08265625000000001	-0.0011986443696231194	-0.08387662077564396	0.0	(-0.08387662077564396+0j)
-0.28500000000000003	-0.08122500000000002	-0.0011838163434472857	-0.08243097291962333	0.0	(-0.08243097291962333+0j)
-0.28250000000000003	-0.07980625000000002	-0.0011689580777412502	-0.08099780411533555	0.0	(-0.08099780411533555+0j)
-0.28	-0.07840000000000001	-0.0011540717901553732	-0.07957711688869855	0.0	(-0.07957711688869855+0j)
-0.2775	-0.07700625000000001	-0.0011391597397880854	-0.07816891382968566	0.0	(-0.07816891382968566+0j)
-0.275	-0.07562500000000001	-0.001124224226841086	-0.07677319759396606	0.0	(-0.07677319759396606+0j)
-0.2725	-0.07425625000000001	-0.001109267592245173	-0.07538997090464356	0.0	(-0.07538997090464356+0j)
-0.27	-0.0729	-0.001094292217256497	-0.07401923655410377	0.0	(-0.07401923655410377+0j)
-0.2675	-0.07155625	-0.001079300523023049	-0.0726609974059687	0.0	(-0.0726609974059687+0j)
-0.265	-0.07022500000000001	-0.0010642949701212317	-0.07131525639715824	0.0	(-0.07131525639715824+0j)
-0.2625	-0.06890625	-0.0010492780580623657	-0.06998201654006535	0.0	(-0.06998201654006535+0j)
-0.26	-0.06760000000000001	-0.0010342523247690253	-0.06866128092484662	0.0	(-0.06866128092484662+0j)
-0.2575	-0.06630625	-0.0010192203460211051	-0.06735305272182038	0.0	(-0.06735305272182038+0j)
-0.255	-0.065025	-0.0010041847348715672	-0.0660573351839867	0.0	(-0.0660573351839867+0j)
-0.2525	-0.06375625	-0.0009891481410318156	-0.06477413164965481	0.0	(-0.06477413164965481+0j)
-0.25	-0.0625	-0.0009741132502266955	-0.06350344554518586	0.0	(-0.06350344554518586+0j)
-0.2475	-0.06125625	-0.0009590827835191261	-0.062245280387843695	0.0	(-0.062245280387843695+0j)
-0.245	-0.060024999999999995	-0.0009440594966044122	-0.06099963978875291	0.0	(-0.06099963978875291+0j)
-0.2425	-0.05880625	-0.0009290461790742938	-0.059766527455962545	0.0	(-0.059766527455962545+0j)
-0.24	-0.0576	-0.0009140456536508405	-0.05854594719760792	0.0	(-0.05854594719760792+0j)
-0.23750000000000002	-0.056406250000000005	-0.0008990607753903033	-0.05733790292516357	0.0	(-0.05733790292516357+0j)
-0.23500000000000001	-0.05522500000000001	-0.0008840944308570798	-0.05614239865679205	0.0	(-0.05614239865679205+0j)
-0.2325	-0.05405625000000001	-0.0008691495372679706	-0.054959438520765305	0.0	(-0.054959438520765305+0j)
-0.23	-0.0529	-0.0008542290416069381	-0.053789026758969835	0.0	(-0.053789026758969835+0j)
-0.2275	-0.051756250000000004	-0.0008393359197106003	-0.05263116773047227	0.0	(-0.05263116773047227+0j)
-0.225	-0.050625	-0.0008244731753247227	-0.05148586591514974	0.0	(-0.05148586591514974+0j)
-0.2225	-0.04950625	-0.0008096438391320109	-0.05035312591736401	0.0	(-0.05035312591736401+0j)
-0.22	-0.0484	-0.0007948509677515258	-0.04923295246968348	0.0	(-0.04923295246968348+0j)
-0.2175	-0.04730625	-0.0007800976427100636	-0.04812535043663271	0.0	(-0.04812535043663271+0j)
-0.215	-0.046224999999999995	-0.0007653869693858952	-0.04703032481846292	0.0	(-0.04703032481846292+0j)
-0.2125	-0.045156249999999995	-0.0007507220759252792	-0.04594788075493717	0.0	(-0.04594788075493717+0j)
-0.21	-0.04409999999999999	-0.0007361061121321667	-0.0448780235291128	0.0	(-0.0448780235291128+0j)
-0.20750000000000002	-0.043056250000000004	-0.0007215422483315996	-0.0438207585711154	0.0	(-0.0438207585711154+0j)
-0.20500000000000002	-0.04202500000000001	-0.00070703367420727	-0.042776091461884255	0.0	(-0.042776091461884255+0j)
-0.2025	-0.04100625000000001	-0.0006925835976137958	-0.04174402793688895	0.0	(-0.04174402793688895+0j)
-0.2	-0.04000000000000001	-0.0006781952433642493	-0.04072457388978676	0.0	(-0.04072457388978676+0j)
-0.1975	-0.039006250000000006	-0.0006638718519935273	-0.03971773537601764	0.0	(-0.03971773537601764+0j)
-0.195	-0.038025	-0.0006496166784981908	-0.03872351861631109	0.0	(-0.03872351861631109+0j)
-0.1925	-0.03705625	-0.00063543299105339	-0.03774193000008489	0.0	(-0.03774193000008489+0j)
-0.19	-0.0361	-0.0006213240697075704	-0.03677297608870797	0.0	(-0.03677297608870797+0j)
-0.1875	-0.03515625	-0.000607293205055634	-0.035816663618599816	0.0	(-0.035816663618599816+0j)
-0.185	-0.034225	-0.0005933436968912917	-0.034872999504123675	0.0	(-0.034872999504123675+0j)
-0.1825	-0.033306249999999996	-0.0005794788528393508	-0.0339419908402323	0.0	(-0.0339419908402323+0j)
-0.18	-0.0324	-0.0005657019869687212	-0.03302364490480226	0.0	(-0.03302364490480226+0j)
-0.1775	-0.03150625	-0.0005520164183869247	-0.03211796916059879	0.0	(-0.03211796916059879+0j)
-0.17500000000000002	-0.030625000000000006	-0.0005384254698169513	-0.031224971256775664	0.0	(-0.031224971256775664+0j)
-0.17250000000000001	-0.029756250000000005	-0.0005249324661573043	-0.030344659029816822	0.0	(-0.030344659029816822+0j)
-0.17	-0.028900000000000006	-0.0005115407330261133	-0.029477040503792417	0.0	(-0.029477040503792417+0j)
-0.1675	-0.028056250000000005	-0.0004982535952902031	-0.028622123889784367	0.0	(-0.028622123889784367+0j)
-0.165	-0.027225000000000003	-0.0004850743755800439	-0.027779917584303898	0.0	(-0.027779917584303898+0j)
-0.1625	-0.026406250000000003	-0.0004720063927915342	-0.026950430166497254	0.0	(-0.026950430166497254+0j)
-0.16	-0.0256	-0.00045905296057556586	-0.02613367039388995	0.0	(-0.02613367039388995+0j)
-0.1575	-0.024806250000000002	-0.0004462173858163516	-0.025329647196394925	0.0	(-0.025329647196394925+0j)
-0.155	-0.024025	-0.0004335029670995364	-0.02453836966824747	0.0	(-0.02453836966824747+0j)
-0.1525	-0.02325625	-0.0004209129931710947	-0.023759847057501345	0.0	(-0.023759847057501345+0j)
-0.15	-0.0225	-0.0004084507413880615	-0.022994088752658518	0.0	(-0.022994088752658518+0j)
-0.1475	-0.021756249999999998	-0.0003961194761621552	-0.022241104265959127	0.0	(-0.022241104265959127+0j)
-0.145	-0.021025	-0.0003839224473973484	-0.021500903212810715	0.0	(-0.021500903212810715+0j)
-0.14250000000000002	-0.020306250000000005	-0.00037186288892250563	-0.020773495286779967	0.0	(-0.020773495286779967+0j)
-0.14	-0.019600000000000003	-0.00035994401692014504	-0.020058890229536705	0.0	(-0.020058890229536705+0j)
-0.1375	-0.018906250000000003	-0.000348169028352472	-0.019357097795095327	0.0	(-0.019357097795095327+0j)
-0.135	-0.018225	-0.0003365410993858061	-0.018668127707679432	0.0	(-0.018668127707679432+0j)
-0.1325	-0.017556250000000002	-0.00032506338381451533	-0.017991989612522793	0.0	(-0.017991989612522793+0j)
-0.13	-0.016900000000000002	-0.00031373901148563227	-0.01732869301892845	0.0	(-0.01732869301892845+0j)
-0.1275	-0.01625625	-0.00030257108672528295	-0.01667824723493427	0.0	(-0.01667824723493427+0j)
-0.125	-0.015625	-0.0002915626867681202	-0.01604066129299085	0.0	(-0.01604066129299085+0j)
-0.1225	-0.015006249999999999	-0.00028071686019089277	-0.015415943866133184	0.0	(-0.015415943866133184+0j)
-0.12	-0.0144	-0.00027003662535135704	-0.014804103174239467	0.0	(-0.014804103174239467+0j)
-0.11750000000000001	-0.013806250000000003	-0.00025952496883370653	-0.014205146880096489	0.0	(-0.014205146880096489+0j)
-0.115	-0.013225	-0.00024918484390167375	-0.013619081975150892	0.0	(-0.013619081975150892+0j)
-0.1125	-0.01265625	-0.00023901916896052616	-0.013045914654989693	0.0	(-0.013045914654989693+0j)
-0.11	-0.0121	-0.0002290308260291113	-0.012485650184768852	0.0	(-0.012485650184768852+0j)
-0.1075	-0.011556249999999999	-0.00021922265922313944	-0.011938292754968053	0.0	(-0.011938292754968053+0j)
-0.105	-0.011024999999999998	-0.00020959747325093037	-0.011403845327991366	0.0	(-0.011403845327991366+0j)
-0.10250000000000001	-0.010506250000000002	-0.00020015803192269602	-0.010882309476221822	0.0	(-0.010882309476221822+0j)
-0.1	-0.010000000000000002	-0.00019090705667467942	-0.010373685212159344	0.0	(-0.010373685212159344+0j)
-0.0975	-0.00950625	-0.0001818472251091975	-0.009877970811206999	0.0	(-0.009877970811206999+0j)
-0.095	-0.009025	-0.000172981169551778	-0.009395162627482235	0.0	(-0.009395162627482235+0j)
-0.0925	-0.00855625	-0.00016431147562663562	-0.008925254902712162	0.0	(-0.008925254902712162+0j)
-0.09	-0.0081	-0.00015584068085147673	-0.00846823956778653	0.0	(-0.00846823956778653+0j)
-0.08750000000000001	-0.007656250000000002	-0.00014757127325290206	-0.008024106035882498	0.0	(-0.008024106035882498+0j)
-0.085	-0.007225000000000001	-0.00013950569000347607	-0.007592840985213498	0.0	(-0.007592840985213498+0j)
-0.0825	-0.006806250000000001	-0.00013164631608152816	-0.007174428128377065	0.0	(-0.007174428128377065+0j)
-0.08	-0.0064	-0.00012399548295491392	-0.006768847963962921	0.0	(-0.006768847963962921+0j)
-0.0775	-0.00600625	-0.00011655546728968347	-0.00637607750450986	0.0	(-0.00637607750450986+0j)
-0.075	-0.005625	-0.00010932848968475684	-0.005996089973039813	0.0	(-0.005996089973039813+0j)
-0.0725	-0.00525625	-0.00010231671343371995	-0.005628854458206949	0.0	(-0.005628854458206949+0j)
-0.07	-0.004900000000000001	-9.552224331466769e-05	-0.005274335515532409	0.0	(-0.005274335515532409+0j)
-0.0675	-0.00455625	-8.894712440921104e-05	-0.0049324926991717415	0.0	(-0.0049324926991717415+0j)
-0.065	-0.0042250000000000005	-8.259334095156445e-05	-0.004603280005099849	0.0	(-0.004603280005099849+0j)
-0.0625	-0.00390625	-7.646281520860138e-05	-0.004286645202377833	0.0	(-0.004286645202377833+0j)
-0.06	-0.0036	-7.05574063920994e-05	-0.003982529024162757	0.0	(-0.003982529024162757+0j)
-0.0575	-0.00330625	-6.487890960371612e-05	-0.0036908641841764595	0.0	(-0.0036908641841764595+0j)
-0.055	-0.003025	-5.942905481394478e-05	-0.0034115741773195246	0.0	(-0.0034115741773195246+0j)
-0.0525	-0.0027562499999999996	-5.4209505875577046e-05	-0.0031445718148654183	0.0	(-0.0031445718148654183+0j)
-0.05	-0.0025000000000000005	-4.9221859572859405e-05	-0.0028897574351198644	0.0	(-0.0028897574351198644+0j)
-0.0475	-0.00225625	-4.4467644706808196e-05	-0.0026470167196431032	0.0	(-0.0026470167196431032+0j)
-0.045	-0.002025	-3.994832121788361e-05	-0.002416218033382154	0.0	(-0.002416218033382154+0j)
-0.0425	-0.0018062500000000003	-3.566527934617536e-05	-0.002197209195040811	0.0	(-0.002197209195040811+0j)
-0.04	-0.0016	-3.1619838830515556e-05	-0.001989813573041622	0.0	(-0.001989813573041622+0j)
-0.0375	-0.00140625	-2.7813248146657532e-05	-0.0017938253948193874	0.0	(-0.0017938253948193874+0j)
-0.035	-0.0012250000000000002	-2.4246683785422718e-05	-0.001609004156664547	0.0	(-0.001609004156664547+0j)
-0.0325	-0.0010562500000000001	-2.092124957148167e-05	-0.001435068033619802	0.0	(-0.001435068033619802+0j)
-0.03	-0.0009	-1.783797602322723e-05	-0.0012716862222360498	0.0	(-0.0012716862222360498+0j)
-0.0275	-0.00075625	-1.4997819754114516e-05	-0.0011184702143367817	0.0	(-0.0011184702143367817+0j)
-0.025	-0.0006250000000000001	-1.240166291682776e-05	-0.0009749641108063909	0.0	(-0.0009749641108063909+0j)
-0.0225	-0.00050625	-1.0050312689302565e-05	-0.0008406342550191722	0.0	(-0.0008406342550191722+0j)
-0.02	-0.0004	-7.944500804768495e-06	-0.0007148587066475635	0.0	(-0.0007148587066475635+0j)
-0.0175	-0.00030625000000000004	-6.084883124368723e-06	-0.0005969173878901419	0.0	(-0.0005969173878901419+0j)
-0.015	-0.000225	-4.472039255354332e-06	-0.0004859840921624716	0.0	(-0.0004859840921624716+0j)
-0.0125	-0.00015625000000000003	-3.10647221035687e-06	-0.00038112188844265506	0.0	(-0.00038112188844265506+0j)
-0.01	-0.0001	-1.988608115510715e-06	-0.0002812836705012079	0.0	(-0.0002812836705012079+0j)
-0.0075	-5.625e-05	-1.1187959607639186e-06	-0.00018531952958418814	0.0	(-0.00018531952958418814+0j)
-0.005	-2.5e-05	-4.973073934877448e-07	-9.199210431581859e-05	0.0	(-9.199210431581859e-05+0j)
-0.0025	-6.25e-06	-1.2433655882659878e-07	-4.529254575558195e-17	-0.0163895532852147	(-4.529254575558195e-17-0.0163895532852147j)
0.0025	6.25e-06	1.2433655882659878e-07	-4.529254575558195e-17	0.0163895532852147	(-4.529254575558195e-17+0.0163895532852147j)
0.005	2.5e-05	4.973073934877448e-07	9.199210431581771e-05	0.0	(9.199210431581771e-05+0j)
0.0075	5.625e-05	1.1187959607639186e-06	0.0001853195295841782	0.0	(0.0001853195295841782+0j)
0.01	0.0001	1.988608115510715e-06	0.0002812836705012095	0.0	(0.0002812836705012095+0j)
0.0125	0.00015625000000000003	3.10647221035687e-06	0.00038112188844268156	0.0	(0.00038112188844268156+0j)
0.015	0.000225	4.472039255354332e-06	0.0004859840921625525	0.0	(0.0004859840921625525+0j)
0.0175	0.00030625000000000004	6.084883124368723e-06	0.0005969173878901432	0.0	(0.0005969173878901432+0j)
0.02	0.0004	7.944500804768495e-06	0.0007148587066475859	0.0	(0.0007148587066475859+0j)
0.0225	0.00050625	1.0050312689302565e-05	0.0008406342550191619	0.0	(0.0008406342550191619+0j)
0.025	0.0006250000000000001	1.240166291682776e-05	0.0009749641108063907	0.0	(0.0009749641108063907+0j)
0.0275	0.00075625	1.4997819754114516e-05	0.0011184702143367932	0.0	(0.0011184702143367932+0j)
0.03	0.0009	1.783797602322723e-05	0.0012716862222360314	0.0	(0.0012716862222360314+0j)
0.0325	0.0010562500000000001	2.092124957148167e-05	0.0014350680336198088	0.0	(0.0014350680336198088+0j)
0.035	0.0012250000000000002	2.4246683785422718e-05	0.001609004156664614	0.0	(0.001609004156664614+0j)
0.0375	0.00140625	2.7813248146657532e-05	0.0017938253948193807	0.0	(0.0017938253948193807+0j)
0.04	0.0016	3.1619838830515556e-05	0.001989813573041644	0.0	(0.001989813573041644+0j)
0.0425	0.0018062500000000003	3.566527934617536e-05	0.0021972091950407833	0.0	(0.0021972091950407833+0j)
0.045	0.002025	3.994832121788361e-05	0.0024162180333821646	0.0	(0.0024162180333821646+0j)
0.0475	0.00225625	4.4467644706808196e-05	0.0026470167196430846	0.0	(0.0026470167196430846+0j)
0.05	0.0025000000000000005	4.9221859572859405e-05	0.002889757435119875	0.0	(0.002889757435119875+0j)
0.0525	0.0027562499999999996	5.4209505875577046e-05	0.0031445718148654426	0.0	(0.0031445718148654426+0j)
0.055	0.003025	5.942905481394478e-05	0.0034115741773195797	0.0	(0.0034115741773195797+0j)
0.0575	0.00330625	6.487890960371612e-05	0.0036908641841764396	0.0	(0.0036908641841764396+0j)
0.06	0.0036	7.05574063920994e-05	0.003982529024162786	0.0	(0.003982529024162786+0j)
0.0625	0.00390625	7.646281520860138e-05	0.004286645202377826	0.0	(0.004286645202377826+0j)
0.065	0.0042250000000000005	8.259334095156445e-05	0.004603280005099869	0.0	(0.004603280005099869+0j)
0.0675	0.00455625	8.894712440921104e-05	0.004932492699171791	0.0	(0.004932492699171791+0j)
0.07	0.004900000000000001	9.552224331466769e-05	0.005274335515532441	0.0	(0.005274335515532441+0j)
0.0725	0.00525625	0.00010231671343371995	0.005628854458206932	0.0	(0.005628854458206932+0j)
0.075	0.005625	0.00010932848968475684	0.005996089973039822	0.0	(0.005996089973039822+0j)
0.0775	0.00600625	0.00011655546728968347	0.006376077504509883	0.0	(0.006376077504509883+0j)
0.08	0.0064	0.00012399548295491392	0.0067688479639629335	0.0	(0.0067688479639629335+0j)
0.0825	0.006806250000000001	0.00013164631608152816	0.007174428128377087	0.0	(0.007174428128377087+0j)
0.085	0.007225000000000001	0.00013950569000347607	0.007592840985213496	0.0	(0.007592840985213496+0j)
0.08750000000000001	0.007656250000000002	0.00014757127325290206	0.008024106035882475	0.0	(0.008024106035882475+0j)
0.09	0.0081	0.00015584068085147673	0.008468239567786544	0.0	(0.008468239567786544+0j)
0.0925	0.00855625	0.00016431147562663562	0.008925254902712176	0.0	(0.008925254902712176+0j)
0.095	0.009025	0.000172981169551778	0.009395162627482237	0.0	(0.009395162627482237+0j)
0.0975	0.00950625	0.0001818472251091975	0.009877970811207034	0.0	(0.009877970811207034+0j)
0.1	0.010000000000000002	0.00019090705667467942	0.010373685212159362	0.0	(0.010373685212159362+0j)
0.10250000000000001	0.010506250000000002	0.00020015803192269602	0.01088230947622177	0.0	(0.01088230947622177+0j)
0.105	0.011024999999999998	0.00020959747325093037	0.011403845327991345	0.0	(0.011403845327991345+0j)
0.1075	0.011556249999999999	0.00021922265922313944	0.011938292754968056	0.0	(0.011938292754968056+0j)
0.11	0.0121	0.0002290308260291113	0.012485650184768845	0.0	(0.012485650184768845+0j)
0.1125	0.01265625	0.00023901916896052616	0.013045914654989686	0.0	(0.013045914654989686+0j)
0.115	0.013225	0.00024918484390167375	0.01361908197515074	0.0	(0.01361908197515074+0j)
0.11750000000000001	0.013806250000000003	0.00025952496883370653	0.0142051468800964	0.0	(0.0142051468800964+0j)
0.12	0.0144	0.00027003662535135704	0.014804103174239481	0.0	(0.014804103174239481+0j)
0.1225	0.015006249999999999	0.00028071686019089277	0.015415943866133194	0.0	(0.015415943866133194+0j)
0.125	0.015625	0.0002915626867681202	0.016040661292990786	0.0	(0.016040661292990786+0j)
0.1275	0.01625625	0.00030257108672528295	0.01667824723493427	0.0	(0.01667824723493427+0j)
0.13	0.016900000000000002	0.00031373901148563227	0.017328693018928566	0.0	(0.017328693018928566+0j)
0.1325	0.017556250000000002	0.00032506338381451533	0.017991989612522814	0.0	(0.017991989612522814+0j)
0.135	0.018225	0.0003365410993858061	0.018668127707679477	0.0	(0.018668127707679477+0j)
0.1375	0.018906250000000003	0.000348169028352472	0.01935709779509547	0.0	(0.01935709779509547+0j)
0.14	0.019600000000000003	0.00035994401692014504	0.0200588902295367	0.0	(0.0200588902295367+0j)
0.14250000000000002	0.020306250000000005	0.00037186288892250563	0.020773495286779912	0.0	(0.020773495286779912+0j)
0.145	0.021025	0.0003839224473973484	0.021500903212810566	0.0	(0.021500903212810566+0j)
0.1475	0.021756249999999998	0.0003961194761621552	0.022241104265959086	0.0	(0.022241104265959086+0j)
0.15	0.0225	0.0004084507413880615	0.022994088752658518	0.0	(0.022994088752658518+0j)
0.1525	0.02325625	0.0004209129931710947	0.02375984705750141	0.0	(0.02375984705750141+0j)
0.155	0.024025	0.0004335029670995364	0.024538369668247552	0.0	(0.024538369668247552+0j)
0.1575	0.024806250000000002	0.0004462173858163516	0.025329647196394908	0.0	(0.025329647196394908+0j)
0.16	0.0256	0.00045905296057556586	0.026133670393889967	0.0	(0.026133670393889967+0j)
0.1625	0.026406250000000003	0.0004720063927915342	0.02695043016649728	0.0	(0.02695043016649728+0j)
0.165	0.027225000000000003	0.0004850743755800439	0.027779917584304033	0.0	(0.027779917584304033+0j)
0.1675	0.028056250000000005	0.0004982535952902031	0.028622123889784436	0.0	(0.028622123889784436+0j)
0.17	0.028900000000000006	0.0005115407330261133	0.029477040503792545	0.0	(0.029477040503792545+0j)
0.17250000000000001	0.029756250000000005	0.0005249324661573043	0.03034465902981672	0.0	(0.03034465902981672+0j)
0.17500000000000002	0.030625000000000006	0.0005384254698169513	0.0312249712567756	0.0	(0.0312249712567756+0j)
0.1775	0.03150625	0.0005520164183869247	0.03211796916059865	0.0	(0.03211796916059865+0j)
0.18	0.0324	0.0005657019869687212	0.033023644904802245	0.0	(0.033023644904802245+0j)
0.1825	0.033306249999999996	0.0005794788528393508	0.0339419908402321	0.0	(0.0339419908402321+0j)
0.185	0.034225	0.0005933436968912917	0.03487299950412376	0.0	(0.03487299950412376+0j)
0.1875	0.03515625	0.000607293205055634	0.035816663618599594	0.0	(0.035816663618599594+0j)
0.19	0.0361	0.0006213240697075704	0.03677297608870797	0.0	(0.03677297608870797+0j)
0.1925	0.03705625	0.00063543299105339	0.03774193000008491	0.0	(0.03774193000008491+0j)
0.195	0.038025	0.0006496166784981908	0.03872351861631102	0.0	(0.03872351861631102+0j)
0.1975	0.039006250000000006	0.0006638718519935273	0.039717735376017554	0.0	(0.039717735376017554+0j)
0.2	0.04000000000000001	0.0006781952433642493	0.04072457388978674	0.0	(0.04072457388978674+0j)
0.2025	0.04100625000000001	0.0006925835976137958	0.041744027936888625	0.0	(0.041744027936888625+0j)
0.20500000000000002	0.04202500000000001	0.00070703367420727	0.04277609146188414	0.0	(0.04277609146188414+0j)
0.20750000000000002	0.043056250000000004	0.0007215422483315996	0.043820758571115184	0.0	(0.043820758571115184+0j)
0.21	0.04409999999999999	0.0007361061121321667	0.04487802352911289	0.0	(0.04487802352911289+0j)
0.2125	0.045156249999999995	0.0007507220759252792	0.04594788075493706	0.0	(0.04594788075493706+0j)
0.215	0.046224999999999995	0.0007653869693858952	0.04703032481846296	0.0	(0.04703032481846296+0j)
0.2175	0.04730625	0.0007800976427100636	0.04812535043663316	0.0	(0.04812535043663316+0j)
0.22	0.0484	0.0007948509677515258	0.04923295246968393	0.0	(0.04923295246968393+0j)
0.2225	0.04950625	0.0008096438391320109	0.050353125917364114	0.0	(0.050353125917364114+0j)
0.225	0.050625	0.0008244731753247227	0.05148586591514962	0.0	(0.05148586591514962+0j)
0.2275	0.051756250000000004	0.0008393359197106003	0.05263116773047222	0.0	(0.05263116773047222+0j)
0.23	0.0529	0.0008542290416069381	0.05378902675896946	0.0	(0.05378902675896946+0j)
0.2325	0.05405625000000001	0.0008691495372679706	0.05495943852076533	0.0	(0.05495943852076533+0j)
0.23500000000000001	0.05522500000000001	0.0008840944308570798	0.05614239865679204	0.0	(0.05614239865679204+0j)
0.23750000000000002	0.056406250000000005	0.0008990607753903033	0.057337902925163754	0.0	(0.057337902925163754+0j)
0.24	0.0576	0.0009140456536508405	0.05854594719760775	0.0	(0.05854594719760775+0j)
0.2425	0.05880625	0.0009290461790742938	0.05976652745596261	0.0	(0.05976652745596261+0j)
0.245	0.060024999999999995	0.0009440594966044122	0.060999639788752884	0.0	(0.060999639788752884+0j)
0.2475	0.06125625	0.0009590827835191261	0.06224528038784385	0.0	(0.06224528038784385+0j)
0.25	0.0625	0.0009741132502266955	0.0635034455451862	0.0	(0.0635034455451862+0j)
0.2525	0.06375625	0.0009891481410318156	0.06477413164965475	0.0	(0.06477413164965475+0j)
0.255	0.065025	0.0010041847348715672	0.06605733518398658	0.0	(0.06605733518398658+0j)
0.2575	0.06630625	0.0010192203460211051	0.06735305272182056	0.0	(0.06735305272182056+0j)
0.26	0.06760000000000001	0.0010342523247690253	0.06866128092484679	0.0	(0.06866128092484679+0j)
0.2625	0.06890625	0.0010492780580623657	0.06998201654006583	0.0	(0.06998201654006583+0j)
0.265	0.07022500000000001	0.0010642949701212317	0.07131525639715862	0.0	(0.07131525639715862+0j)
0.2675	0.07155625	0.001079300523023049	0.0726609974059689	0.0	(0.0726609974059689+0j)
0.27	0.0729	0.001094292217256497	0.07401923655410399	0.0	(0.07401923655410399+0j)
0.2725	0.07425625000000001	0.001109267592245173	0.07538997090464285	0.0	(0.07538997090464285+0j)
0.275	0.07562500000000001	0.001124224226841086	0.07677319759396564	0.0	(0.07677319759396564+0j)
0.2775	0.07700625000000001	0.0011391597397880854	0.07816891382968584	0.0	(0.07816891382968584+0j)
0.28	0.07840000000000001	0.0011540717901553732	0.07957711688869819	0.0	(0.07957711688869819+0j)
0.28250000000000003	0.07980625000000002	0.0011689580777412502	0.08099780411533544	0.0	(0.08099780411533544+0j)
0.28500000000000003	0.08122500000000002	0.0011838163434472857	0.0824309729196236	0.0	(0.0824309729196236+0j)
0.28750000000000003	0.08265625000000001	0.0011986443696231194	0.08387662077564365	0.0	(0.08387662077564365+0j)
0.29	0.0841	0.0012134399803821188	0.08533474521999336	0.0	(0.08533474521999336+0j)
0.2925	0.08555624999999999	0.0012282010418881474	0.08680534385032837	0.0	(0.08680534385032837+0j)
0.295	0.08702499999999999	0.0012429254626137093	0.08828841432401897	0.0	(0.08828841432401897+0j)
0.2975	0.08850625	0.0012576111935697655	0.08978395435686339	0.0	(0.08978395435686339+0j)
0.3	0.09	0.0012722562285075283	0.09129196172190417	0.0	(0.09129196172190417+0j)
0.3025	0.09150625	0.0012868586040925658	0.09281243424830757	0.0	(0.09281243424830757+0j)
0.305	0.093025	0.0013014164000515595	0.0943453698203215	0.0	(0.0943453698203215+0j)
0.3075	0.09455625	0.0013159277392920824	0.09589076637629683	0.0	(0.09589076637629683+0j)
0.31	0.0961	0.0013303907879957792	0.09744862190777327	0.0	(0.09744862190777327+0j)
0.3125	0.09765625	0.0013448037556853425	0.09901893445861813	0.0	(0.09901893445861813+0j)
0.315	0.09922500000000001	0.0013591648952657014	0.10060170212422714	0.0	(0.10060170212422714+0j)
0.3175	0.10080625	0.001373472503039846	0.10219692305076372	0.0	(0.10219692305076372+0j)
0.32	0.1024	0.0013877249186997345	0.10380459543444792	0.0	(0.10380459543444792+0j)
0.3225	0.10400625000000001	0.00140192052529273	0.10542471752088697	0.0	(0.10542471752088697+0j)
0.325	0.10562500000000001	0.0014160577491640442	0.10705728760443721	0.0	(0.10705728760443721+0j)
0.3275	0.10725625000000001	0.0014301350598756547	0.10870230402760232	0.0	(0.10870230402760232+0j)
0.33	0.10890000000000001	0.0014441509701022012	0.11035976518045675	0.0	(0.11035976518045675+0j)
0.3325	0.11055625000000001	0.0014581040355043451	0.11202966950009957	0.0	(0.11202966950009957+0j)
0.335	0.11222500000000002	0.0014719928545801218	0.11371201547012291	0.0	(0.11371201547012291+0j)
0.3375	0.11390625000000001	0.0014858160684947832	0.11540680162010779	0.0	(0.11540680162010779+0j)
0.34	0.11560000000000002	0.0014995723608896817	0.11711402652512685	0.0	(0.11711402652512685+0j)
0.3425	0.11730625000000001	0.001513260457670716	0.11883368880526761	0.0	(0.11883368880526761+0j)
0.34500000000000003	0.11902500000000002	0.0015268791267768855	0.12056578712516701	0.0	(0.12056578712516701+0j)
0.34750000000000003	0.12075625000000002	0.0015404271779295058	0.12231032019354468	0.0	(0.12231032019354468+0j)
0.35000000000000003	0.12250000000000003	0.0015539034623626368	0.12406728676275622	0.0	(0.12406728676275622+0j)
0.3525	0.12425624999999998	0.001567306872535284	0.12583668562834097	0.0	(0.12583668562834097+0j)
0.355	0.126025	0.001580636341825941	0.12761851562857862	0.0	(0.12761851562857862+0j)
0.3575	0.12780624999999998	0.0015938908442100323	0.12941277564404413	0.0	(0.12941277564404413+0j)
0.36	0.1296	0.0016070693939208383	0.13121946459716438	0.0	(0.13121946459716438+0j)
0.3625	0.13140625	0.0016201710450944686	0.13303858145177283	0.0	(0.13303858145177283+0j)
0.365	0.13322499999999998	0.0016331948913994596	0.13487012521266153	0.0	(0.13487012521266153+0j)
0.3675	0.13505625	0.001646140065651577	0.13671409492512945	0.0	(0.13671409492512945+0j)
0.37	0.1369	0.0016590057394143937	0.1385704896745311	0.0	(0.1385704896745311+0j)
0.3725	0.13875625	0.0016717911225862258	0.14043930858581513	0.0	(0.14043930858581513+0j)
0.375	0.140625	0.0016844954629740014	0.14232055082305792	0.0	(0.14232055082305792+0j)
0.3775	0.14250625	0.0016971180458546316	0.14421421558899894	0.0	(0.14421421558899894+0j)
0.38	0.1444	0.001709658193524468	0.14612030212455646	0.0	(0.14612030212455646+0j)
0.3825	0.14630625	0.001722115264837409	0.14803880970835315	0.0	(0.14803880970835315+0j)
0.385	0.148225	0.0017344886547322259	0.14996973765621832	0.0	(0.14996973765621832+0j)
0.3875	0.15015625000000002	0.0017467777937496755	0.15191308532070036	0.0	(0.15191308532070036+0j)
0.39	0.1521	0.0017589821475399582	0.15386885209055784	0.0	(0.15386885209055784+0j)
0.3925	0.15405625	0.0017711012163610816	0.15583703739025817	0.0	(0.15583703739025817+0j)
0.395	0.15602500000000002	0.0017831345345686795	0.15781764067944765	0.0	(0.15781764067944765+0j)
0.3975	0.15800625000000001	0.0017950816700978331	0.1598106614524454	0.0	(0.1598106614524454+0j)
0.4	0.16000000000000003	0.0018069422239374397	0.16181609923770449	0.0	(0.16181609923770449+0j)
0.4025	0.16200625000000002	0.0018187158295976612	0.16383395359727904	0.0	(0.16383395359727904+0j)
0.405	0.16402500000000003	0.0018304021525709833	0.1658642241262882	0.0	(0.1658642241262882+0j)
0.40750000000000003	0.16605625000000002	0.0018420008897874097	0.16790691045236483	0.0	(0.16790691045236483+0j)
0.41000000000000003	0.16810000000000003	0.0018535117690642996	0.16996201223510768	0.0	(0.16996201223510768+0j)
0.41250000000000003	0.17015625000000004	0.0018649345485513694	0.17202952916552208	0.0	(0.17202952916552208+0j)
0.41500000000000004	0.17222500000000002	0.0018762690161713434	0.17410946096546395	0.0	(0.17410946096546395+0j)
0.4175	0.17430625	0.0018875149890567602	0.17620180738707278	0.0	(0.17620180738707278+0j)
0.42	0.17639999999999997	0.0018986723129834084	0.17830656821220014	0.0	(0.17830656821220014+0j)
0.4225	0.17850624999999998	0.0019097408618008694	0.18042374325184557	0.0	(0.18042374325184557+0j)
0.425	0.18062499999999998	0.0019207205368606372	0.18255333234557194	0.0	(0.18255333234557194+0j)
0.4275	0.18275624999999998	0.0019316112664422662	0.184695335360939	0.0	(0.184695335360939+0j)
0.43	0.18489999999999998	0.0019424130051779998	0.18684975219291244	0.0	(0.18684975219291244+0j)
0.4325	0.18705625	0.0019531257334763135	0.18901658276329342	0.0	(0.18901658276329342+0j)
0.435	0.189225	0.0019637494569448035	0.1911958270201275	0.0	(0.1911958270201275+0j)
0.4375	0.19140625	0.0019742842058128375	0.1933874849371266	0.0	(0.1933874849371266+0j)
0.44	0.1936	0.001984730034354374	0.19559155651308657	0.0	(0.19559155651308657+0j)
0.4425	0.19580625000000002	0.0019950870203113563	0.19780804177129493	0.0	(0.19780804177129493+0j)
0.445	0.198025	0.002005355264318051	0.20003694075895617	0.0	(0.20003694075895617+0j)
0.4475	0.20025625	0.0020155348893267267	0.2022782535466074	0.0	(0.2022782535466074+0j)
0.45	0.2025	0.0020256260400350295	0.2045319802275284	0.0	(0.2045319802275284+0j)
0.4525	0.20475625	0.0020356288823154055	0.2067981209171788	0.0	(0.2067981209171788+0j)
0.455	0.20702500000000001	0.002045543602646928	0.20907667575260064	0.0	(0.20907667575260064+0j)
0.4575	0.20930625000000003	0.0020553704075498506	0.21136764489185447	0.0	(0.21136764489185447+0j)
0.46	0.2116	0.002065109523023211	0.2136710285134434	0.0	(0.2136710285134434+0j)
0.4625	0.21390625000000002	0.0020747611939858105	0.21598682681573722	0.0	(0.21598682681573722+0j)
0.465	0.21622500000000003	0.0020843256837208457	0.2183150400164157	0.0	(0.2183150400164157+0j)
0.4675	0.21855625000000004	0.0020938032733244997	0.2206556683518998	0.0	(0.2206556683518998+0j)
0.47000000000000003	0.22090000000000004	0.0021031942611587735	0.22300871207678608	0.0	(0.22300871207678608+0j)
0.47250000000000003	0.22325625000000002	0.002112498962308806	0.22537417146330121	0.0	(0.22537417146330121+0j)
0.47500000000000003	0.22562500000000002	0.002121717708044965	0.22775204680074737	0.0	(0.22775204680074737+0j)
0.47750000000000004	0.22800625000000002	0.002130850845289929	0.23014233839495454	0.0	(0.23014233839495454+0j)
0.48	0.2304	0.0021398987360910196	0.23254504656774105	0.0	(0.23254504656774105+0j)
0.4825	0.23280625	0.0021488617570979886	0.23496017165637836	0.0	(0.23496017165637836+0j)
0.485	0.235225	0.0021577402990464855	0.237387714013058	0.0	(0.237387714013058+0j)
0.4875	0.23765624999999999	0.002166534766247403	0.23982767400437502	0.0	(0.23982767400437502+0j)
0.49	0.24009999999999998	0.0021752455760822974	0.24228005201079664	0.0	(0.24228005201079664+0j)
0.4925	0.24255625	0.0021838731585050565	0.24474484842616245	0.0	(0.24474484842616245+0j)
0.495	0.245025	0.0021924179555500027	0.24722206365717564	0.0	(0.24722206365717564+0j)
0.4975	0.24750625	0.002200880420846575	0.2497116981228938	0.0	(0.2497116981228938+0j)
0.5	0.25	0.0022092610191407577	0.25221375225425324	0.0	(0.25221375225425324+0j)
0.5025000000000001	0.25250625000000004	0.0022175602258233803	0.2547282264935698	0.0	(0.2547282264935698+0j)
0.505	0.255025	0.00222577852646544	0.2572551212940668	0.0	(0.2572551212940668+0j)
0.5075000000000001	0.25755625000000004	0.0022339164163605566	0.25979443711940065	0.0	(0.25979443711940065+0j)
0.51	0.2601	0.0022419744000746686	0.26234617444320446	0.0	(0.26234617444320446+0j)
0.5125	0.26265625	0.0022499529910030916	0.2649103337486149	0.0	(0.2649103337486149+0j)
0.515	0.265225	0.0022578527109350125	0.2674869155278442	0.0	(0.2674869155278442+0j)
0.5175	0.26780624999999997	0.0022656740896255254	0.27007592028172167	0.0	(0.27007592028172167+0j)
0.52	0.27040000000000003	0.0022734176643752664	0.27267734851926945	0.0	(0.27267734851926945+0j)
0.5225	0.27300624999999995	0.00228108397961773	0.275291200757276	0.0	(0.275291200757276+0j)
0.525	0.275625	0.0022886735865143273	0.2779174775198734	0.0	(0.2779174775198734+0j)
0.5275	0.27825625	0.0022961870425572185	0.2805561793381293	0.0	(0.2805561793381293+0j)
0.53	0.28090000000000004	0.002303624911179993	0.2832073067496507	0.0	(0.2832073067496507+0j)
0.5325	0.28355624999999995	0.0023109877613762047	0.2858708602981811	0.0	(0.2858708602981811+0j)
0.535	0.286225	0.0023182761673258136	0.28854684053321766	0.0	(0.28854684053321766+0j)
0.5375	0.28890625	0.0023254907080295355	0.2912352480096412	0.0	(0.2912352480096412+0j)
0.54	0.2916	0.002332631966951131	0.2939360832873322	0.0	(0.2939360832873322+0j)
0.5425	0.29430625	0.002339700531667624	0.29664934693082246	0.0	(0.29664934693082246+0j)
0.545	0.29702500000000004	0.0023466969935274657	0.2993750395089325	0.0	(0.2993750395089325+0j)
0.5475	0.29975625	0.0023536219473166216	0.3021131615944325	0.0	(0.3021131615944325+0j)
0.55	0.30250000000000005	0.0023604759909325837	0.3048637137636978	0.0	(0.3048637137636978+0j)
0.5525	0.30525625	0.002367259725066276	0.307626696596395	0.0	(0.307626696596395+0j)
0.555	0.30802500000000005	0.0023739737528918393	0.3104021106751383	0.0	(0.3104021106751383+0j)
0.5575	0.31080625	0.0023806186797642533	0.31318995658519677	0.0	(0.31318995658519677+0j)
0.56	0.31360000000000005	0.002387195112924773	0.31599023491417677	0.0	(0.31599023491417677+0j)
0.5625	0.31640625	0.0023937036612141243	0.3188029462517311	0.0	(0.3188029462517311+0j)
0.5650000000000001	0.3192250000000001	0.0024001449347934222	0.3216280911892723	0.0	(0.3216280911892723+0j)
0.5675	0.32205625	0.002406519544872756	0.32446567031968077	0.0	(0.32446567031968077+0j)
0.5700000000000001	0.3249000000000001	0.0024128281034473875	0.32731568423704144	0.0	(0.32731568423704144+0j)
0.5725	0.32775625	0.0024190712230414955	0.3301781335363768	0.0	(0.3301781335363768+0j)
0.5750000000000001	0.33062500000000006	0.0024252495164594143	0.3330530188133809	0.0	(0.3330530188133809+0j)
0.5775	0.33350625	0.0024313635965442807	0.33594034066418055	0.0	(0.33594034066418055+0j)
0.58	0.3364	0.002437414075944035	0.3388400996850893	0.0	(0.3388400996850893+0j)
0.5825	0.33930625000000003	0.0024434015668846816	0.3417522964723578	0.0	(0.3417522964723578+0j)
0.585	0.34222499999999995	0.002449326680950744	0.34467693162197754	0.0	(0.34467693162197754+0j)
0.5875	0.34515625000000005	0.0024551900288728237	0.34761400572941714	0.0	(0.34761400572941714+0j)
0.59	0.34809999999999997	0.0024609922203221745	0.3505635193894545	0.0	(0.3505635193894545+0j)
0.5925	0.35105625	0.0024667338637122164	0.3535254731959309	0.0	(0.3535254731959309+0j)
0.595	0.354025	0.0024724155660068767	0.3564998677415798	0.0	(0.3564998677415798+0j)
0.5975	0.35700625	0.0024780379325356804	0.35948670361782253	0.0	(0.35948670361782253+0j)
0.6	0.36	0.002483601566815492	0.36248598141457544	0.0	(0.36248598141457544+0j)
0.6025	0.36300625000000003	0.0024891070703787965	0.36549770172009177	0.0	(0.36549770172009177+0j)
0.605	0.366025	0.0024945550426084366	0.36852186512077195	0.0	(0.36852186512077195+0j)
0.6075	0.36905625000000003	0.002499946080578691	0.371558472200999	0.0	(0.371558472200999+0j)
0.61	0.3721	0.0025052807789025934	0.37460752354299354	0.0	(0.37460752354299354+0j)
0.6125	0.3751562500000001	0.0025105597295853868	0.37766901972663863	0.0	(0.37766901972663863+0j)
0.615	0.378225	0.002515783521884003	0.3807429613293659	0.0	(0.3807429613293659+0j)
0.6175	0.38130625000000007	0.0025209527421724705	0.38382934892596937	0.0	(0.38382934892596937+0j)
0.62	0.3844	0.0025260679738131155	0.3869281830885136	0.0	(0.3869281830885136+0j)
0.6225	0.38750625000000005	0.002531129797033477	0.39003946438618275	0.0	(0.39003946438618275+0j)
0.625	0.390625	0.0025361387888088007	0.3931631933851565	0.0	(0.3931631933851565+0j)
0.6275000000000001	0.3937562500000001	0.002541095522750014	0.3962993706485103	0.0	(0.3962993706485103+0j)
0.63	0.39690000000000003	0.0025460005689970605	0.3994479967360809	0.0	(0.3994479967360809+0j)
0.6325000000000001	0.40005625000000006	0.0025508544941174856	0.4026090722043744	0.0	(0.4026090722043744+0j)
0.635	0.403225	0.002555657861010162	0.4057825976064639	0.0	(0.4057825976064639+0j)
0.6375000000000001	0.4064062500000001	0.002560411228814038	0.4089685734918903	0.0	(0.4089685734918903+0j)
0.64	0.4096	0.002565115152821794	0.4121670004065669	0.0	(0.4121670004065669+0j)
0.6425	0.41280624999999993	0.002569770184398302	0.415377878892714	0.0	(0.415377878892714+0j)
0.645	0.41602500000000003	0.0025743768709037642	0.4186012094887378	0.0	(0.4186012094887378+0j)
0.6475	0.41925624999999994	0.002578935755621426	0.42183699272920666	0.0	(0.42183699272920666+0j)
0.65	0.42250000000000004	0.0025834473776897523	0.42508522914473085	0.0	(0.42508522914473085+0j)
0.6525	0.42575624999999995	0.002587912272038939	0.4283459192619315	0.0	(0.4283459192619315+0j)
0.655	0.42902500000000005	0.0025923309693316773	0.4316190636033472	0.0	(0.4316190636033472+0j)
0.6575	0.43230624999999995	0.0025967039959080285	0.43490466268740524	0.0	(0.43490466268740524+0j)
0.66	0.43560000000000004	0.0026010318737343233	0.43820271702835006	0.0	(0.43820271702835006+0j)
0.6625	0.43890625	0.0026053151203559626	0.44151322713618896	0.0	(0.44151322713618896+0j)
0.665	0.44222500000000003	0.0026095542488540177	0.4448361935166623	0.0	(0.4448361935166623+0j)
0.6675	0.44555625	0.002613749767805522	0.4481716166711882	0.0	(0.4481716166711882+0j)
0.67	0.4489000000000001	0.002617902181247344	0.4515194970968183	0.0	(0.4515194970968183+0j)
0.6725	0.45225624999999997	0.002622011988643539	0.4548798352862296	0.0	(0.4548798352862296+0j)
0.675	0.45562500000000006	0.0026260796848560797	0.45825263172765834	0.0	(0.45825263172765834+0j)
0.6775	0.45900625	0.0026301057601188517	0.46163788690489965	0.0	(0.46163788690489965+0j)
0.68	0.4624000000000001	0.002634090700014826	0.4650356012972694	0.0	(0.4650356012972694+0j)
0.6825	0.46580625	0.0026380349854562934	0.4684457753795778	0.0	(0.4684457753795778+0j)
0.685	0.46922500000000006	0.0026419390926680757	0.47186840962212667	0.0	(0.47186840962212667+0j)
0.6875	0.47265625	0.0026458034931736043	0.47530350449067943	0.0	(0.47530350449067943+0j)
0.6900000000000001	0.4761000000000001	0.0026496286537837804	0.47875106044646215	0.0	(0.47875106044646215+0j)
0.6925	0.47955625	0.0026534150365885092	0.4822110779461367	0.0	(0.4822110779461367+0j)
0.6950000000000001	0.4830250000000001	0.0026571630989508303	0.48568355744181524	0.0	(0.48568355744181524+0j)
0.6975	0.48650625000000003	0.0026608732935035407	0.48916849938103063	0.0	(0.48916849938103063+0j)
0.7000000000000001	0.4900000000000001	0.0026645460681482187	0.49266590420676065	0.0	(0.49266590420676065+0j)
0.7025	0.49350625000000004	0.0026681818660565762	0.49617577235740684	0.0	(0.49617577235740684+0j)
0.705	0.49702499999999994	0.00267178112567403	0.49969810426681366	0.0	(0.49969810426681366+0j)
0.7075	0.50055625	0.002675344280725425	0.5032329003642685	0.0	(0.5032329003642685+0j)
0.71	0.5041	0.002678871760222814	0.5067801610745014	0.0	(0.5067801610745014+0j)
0.7125	0.50765625	0.002682363988475218	0.5103398868177089	0.0	(0.5103398868177089+0j)
0.715	0.5112249999999999	0.0026858213851002834	0.5139120780095647	0.0	(0.5139120780095647+0j)
0.7175	0.51480625	0.00268924436503776	0.5174967350612006	0.0	(0.5174967350612006+0j)
0.72	0.5184	0.002692633338564716	0.5210938583792857	0.0	(0.5210938583792857+0j)
0.7225	0.52200625	0.0026959887113124255	0.5247034483659849	0.0	(0.5247034483659849+0j)
0.725	0.525625	0.002699310884284841	0.528325505419007	0.0	(0.528325505419007+0j)
0.7275	0.5292562500000001	0.0027026002538785947	0.5319600299316152	0.0	(0.5319600299316152+0j)
0.73	0.5328999999999999	0.0027058572119044396	0.5356070222926635	0.0	(0.5356070222926635+0j)
0.7325	0.5365562500000001	0.002709082145610078	0.5392664828866058	0.0	(0.5392664828866058+0j)
0.735	0.540225	0.0027122754377043004	0.5429384120935262	0.0	(0.5429384120935262+0j)
0.7375	0.54390625	0.0027154374663823744	0.5466228102891673	0.0	(0.5466228102891673+0j)
0.74	0.5476	0.0027185686053526116	0.5503196778449563	0.0	(0.5503196778449563+0j)
0.7425	0.5513062500000001	0.0027216692238640665	0.5540290151280404	0.0	(0.5540290151280404+0j)
0.745	0.555025	0.002724739686735288	0.557750822501308	0.0	(0.557750822501308+0j)
0.7475	0.5587562500000001	0.0027277803543840737	0.5614851003234318	0.0	(0.5614851003234318+0j)
0.75	0.5625	0.002730791582858175	0.5652318489488919	0.0	(0.5652318489488919+0j)
0.7525000000000001	0.5662562500000001	0.0027337737238668854	0.5689910687280102	0.0	(0.5689910687280102+0j)
0.755	0.570025	0.002736727124813466	0.5727627600069936	0.0	(0.5727627600069936+0j)
0.7575000000000001	0.5738062500000001	0.0027396521288283546	0.5765469231279575	0.0	(0.5765469231279575+0j)
0.76	0.5776	0.0027425490748031038	0.5803435584289772	0.0	(0.5803435584289772+0j)
0.7625000000000001	0.5814062500000001	0.002745418297425002	0.5841526662441182	0.0	(0.5841526662441182+0j)
0.765	0.585225	0.0027482601272123303	0.5879742469034666	0.0	(0.5879742469034666+0j)
0.7675000000000001	0.5890562500000001	0.002751074890550204	0.5918083007331831	0.0	(0.5918083007331831+0j)
0.77	0.5929	0.002753862909726955	0.5956548280555256	0.0	(0.5956548280555256+0j)
0.7725	0.59675625	0.002756624502971021	0.5995138291889168	0.0	(0.5995138291889168+0j)
0.775	0.6006250000000001	0.0027593599844882833	0.603385304447941	0.0	(0.603385304447941+0j)
0.7775	0.6045062499999999	0.002762069664499822	0.6072692541434203	0.0	(0.6072692541434203+0j)
0.78	0.6084	0.0027647538492800534	0.6111656785824607	0.0	(0.6111656785824607+0j)
0.7825	0.6123062499999999	0.002767412841195199	0.6150745780684681	0.0	(0.6150745780684681+0j)
0.785	0.616225	0.002770046938742061	0.6189959529012007	0.0	(0.6189959529012007+0j)
0.7875	0.62015625	0.002772656436587064	0.6229298033768296	0.0	(0.6229298033768296+0j)
0.79	0.6241000000000001	0.0027752416256055282	0.6268761297879542	0.0	(0.6268761297879542+0j)
0.7925	0.62805625	0.002777802792921146	0.6308349324236658	0.0	(0.6308349324236658+0j)
0.795	0.6320250000000001	0.0027803402219456186	0.6348062115695743	0.0	(0.6348062115695743+0j)
0.7975	0.63600625	0.0027828541924184444	0.6387899675078792	0.0	(0.6387899675078792+0j)
0.8	0.6400000000000001	0.002785344980446802	0.6427862005173922	0.0	(0.6427862005173922+0j)
0.8025	0.64400625	0.0027878128585455244	0.646794910873576	0.0	(0.646794910873576+0j)
0.805	0.6480250000000001	0.002790258095677125	0.650816098848621	0.0	(0.650816098848621+0j)
0.8075	0.65205625	0.0027926809572918487	0.6548497647114664	0.0	(0.6548497647114664+0j)
0.81	0.6561000000000001	0.00279508170536773	0.6588959087278297	0.0	(0.6588959087278297+0j)
0.8125	0.66015625	0.002797460598450631	0.6629545311603036	0.0	(0.6629545311603036+0j)
0.8150000000000001	0.6642250000000001	0.0027998178916942384	0.6670256322683483	0.0	(0.6670256322683483+0j)
0.8175	0.66830625	0.002802153836899992	0.6711092123083676	0.0	(0.6711092123083676+0j)
0.8200000000000001	0.6724000000000001	0.002804468682556934	0.6752052715337534	0.0	(0.6752052715337534+0j)
0.8225	0.67650625	0.0028067626738814536	0.6793138101949326	0.0	(0.6793138101949326+0j)
0.8250000000000001	0.6806250000000001	0.002809036052856905	0.683434828539377	0.0	(0.683434828539377+0j)
0.8275	0.6847562500000001	0.002811289058273088	0.6875683268117214	0.0	(0.6875683268117214+0j)
0.8300000000000001	0.6889000000000001	0.002813521925765573	0.6917143052537568	0.0	(0.6917143052537568+0j)
0.8325	0.69305625	0.0028157348878548485	0.6958727641044637	0.0	(0.6958727641044637+0j)
0.835	0.697225	0.002817928173985283	0.7000437036001432	0.0	(0.7000437036001432+0j)
0.8375	0.70140625	0.0028201020105638836	0.7042271239743696	0.0	(0.7042271239743696+0j)
0.84	0.7055999999999999	0.002822256620998835	0.7084230254581062	0.0	(0.7084230254581062+0j)
0.8425	0.7098062500000001	0.0028243922257378128	0.7126314082797192	0.0	(0.7126314082797192+0j)
0.845	0.7140249999999999	0.002826509042306056	0.7168522726650475	0.0	(0.7168522726650475+0j)
0.8475	0.71825625	0.00282860728534418	0.7210856188374405	0.0	(0.7210856188374405+0j)
0.85	0.7224999999999999	0.002830687166645733	0.7253314470178213	0.0	(0.7253314470178213+0j)
0.8525	0.7267562500000001	0.002832748895194475	0.7295897574247417	0.0	(0.7295897574247417+0j)
0.855	0.7310249999999999	0.0028347926772013744	0.7338605502744189	0.0	(0.7338605502744189+0j)
0.8575	0.73530625	0.0028368187161413125	0.7381438257808188	0.0	(0.7381438257808188+0j)
0.86	0.7395999999999999	0.0028388272127894882	0.7424395841556874	0.0	(0.7424395841556874+0j)
0.8625	0.7439062500000001	0.0028408183652575136	0.7467478256086494	0.0	(0.7467478256086494+0j)
0.865	0.748225	0.002842792369029196	0.7510685503471959	0.0	(0.7510685503471959+0j)
0.8675	0.75255625	0.0028447494169959995	0.7554017585768567	0.0	(0.7554017585768567+0j)
0.87	0.7569	0.0028466896994921768	0.7597474505011552	0.0	(0.7597474505011552+0j)
0.8725	0.7612562500000001	0.00284861340432957	0.7641056263217667	0.0	(0.7641056263217667+0j)
0.875	0.765625	0.002850520716832073	0.7684762862385502	0.0	(0.7684762862385502+0j)
0.8775000000000001	0.7700062500000001	0.0028524118198697515	0.7728594304496291	0.0	(0.7728594304496291+0j)
0.88	0.7744	0.002854286893892617	0.7772550591514883	0.0	(0.7772550591514883+0j)
0.8825000000000001	0.7788062500000001	0.002856146116964052	0.7816631725390495	0.0	(0.7816631725390495+0j)
0.885	0.7832250000000001	0.002857989664793877	0.7860837708057957	0.0	(0.7860837708057957+0j)
0.8875000000000001	0.7876562500000002	0.002859817710771069	0.7905168541438052	0.0	(0.7905168541438052+0j)
0.89	0.7921	0.002861630425996114	0.7949624227439477	0.0	(0.7949624227439477+0j)
0.8925000000000001	0.7965562500000001	0.002863427979313003	0.79942047679597	0.0	(0.79942047679597+0j)
0.895	0.801025	0.0028652105373408675	0.803891016488578	0.0	(0.803891016488578+0j)
0.8975	0.80550625	0.002866978264505244	0.8083740420096666	0.0	(0.8083740420096666+0j)
0.9	0.81	0.0028687313230689807	0.8128695535464248	0.0	(0.8128695535464248+0j)
0.9025	0.81450625	0.002870469873162774	0.8173775512855178	0.0	(0.8173775512855178+0j)
0.905	0.819025	0.0028721940728153417	0.8218980354132941	0.0	(0.8218980354132941+0j)
0.9075	0.82355625	0.0028739040779832276	0.8264310061159899	0.0	(0.8264310061159899+0j)
0.91	0.8281000000000001	0.0028756000425802404	0.8309764635799626	0.0	(0.8309764635799626+0j)
0.9125	0.83265625	0.0028772821185065267	0.8355344079920004	0.0	(0.8355344079920004+0j)
0.915	0.8372250000000001	0.002878950455677279	0.8401048395396128	0.0	(0.8401048395396128+0j)
0.9175	0.84180625	0.002880605202051074	0.8446877584113774	0.0	(0.8446877584113774+0j)
0.92	0.8464	0.0028822465036578556	0.8492831647973493	0.0	(0.8492831647973493+0j)
0.9225	0.85100625	0.002883874504626548	0.8538910588895278	0.0	(0.8538910588895278+0j)
0.925	0.8556250000000001	0.002885489347212309	0.8585114408823947	0.0	(0.8585114408823947+0j)
0.9275	0.86025625	0.0028870911718234258	0.8631443109735295	0.0	(0.8631443109735295+0j)
0.93	0.8649000000000001	0.0028886801170478495	0.8677896693643501	0.0	(0.8677896693643501+0j)
0.9325	0.86955625	0.002890256319679374	0.8724475162609497	0.0	(0.8724475162609497+0j)
0.935	0.8742250000000001	0.0028918199147434627	0.8771178518751336	0.0	(0.8771178518751336+0j)
0.9375	0.87890625	0.002893371035522722	0.8818006764255902	0.0	(0.8818006764255902+0j)
0.9400000000000001	0.8836000000000002	0.0028949098135820214	0.886495990139361	0.0	(0.886495990139361+0j)
0.9425	0.88830625	0.002896436378793273	0.8912037932535418	0.0	(0.8912037932535418+0j)
0.9450000000000001	0.8930250000000001	0.00289795085935986	0.8959240860174287	0.0	(0.8959240860174287+0j)
0.9475	0.89775625	0.002899453381840727	0.9006568686950942	0.0	(0.9006568686950942+0j)
0.9500000000000001	0.9025000000000001	0.002900944071174127	0.9054021415685775	0.0	(0.9054021415685775+0j)
0.9525	0.90725625	0.0029024230507010353	0.9101599049419069	0.0	(0.9101599049419069+0j)
0.9550000000000001	0.9120250000000001	0.0029038904421882293	0.9149301591461187	0.0	(0.9149301591461187+0j)
0.9575	0.91680625	0.0029053463658510353	0.9197129045457318	0.0	(0.9197129045457318+0j)
0.96	0.9216	0.0029067909403757493	0.924508141547081	0.0	(0.924508141547081+0j)
0.9625	0.9264062500000001	0.0029082242829417335	0.9293158706092483	0.0	(0.9293158706092483+0j)
0.965	0.931225	0.0029096465092431907	0.9341360922586502	0.0	(0.9341360922586502+0j)
0.9675	0.93605625	0.002911057733510622	0.9389688071088446	0.0	(0.9389688071088446+0j)
0.97	0.9409	0.0029124580685319697	0.9438140158878362	0.0	(0.9438140158878362+0j)
0.9725	0.9457562500000001	0.002913847625673445	0.9486717194769074	0.0	(0.9486717194769074+0j)
0.975	0.9506249999999999	0.002915226514900057	0.9535419189668938	0.0	(0.9535419189668938+0j)
0.9775	0.9555062500000001	0.002916594844795827	0.9584246157426006	0.0	(0.9584246157426006+0j)
0.98	0.9603999999999999	0.0029179527225837065	0.9633198116139154	0.0	(0.9633198116139154+0j)
0.9825	0.96530625	0.0029193002541452024	0.9682275090285581	0.0	(0.9682275090285581+0j)
0.985	0.970225	0.0029206375440396985	0.9731477114360481	0.0	(0.9731477114360481+0j)
0.9875	0.9751562500000001	0.002921964695523494	0.9780804239531888	0.0	(0.9780804239531888+0j)
0.99	0.9801	0.0029232818105685535	0.9830256546905661	0.0	(0.9830256546905661+0j)
0.9925	0.9850562500000001	0.002924588989880973	0.987983417722907	0.0	(0.987983417722907+0j)
0.995	0.990025	0.0029258863329191657	0.9929537409562365	0.0	(0.9929537409562365+0j)
0.9975	0.9950062500000001	0.0029271739379117755	0.9979366933599036	0.0	(0.9979366933599036+0j)
1.0	1.0	0.0029284519018753117	1.00293254456089	0.0	(1.00293254456089+0j)
