-1.0	-1.0	-0.11293388899608998	-1.1141343837368183	0.0	(-1.1141343837368183+0j)
-0.9966666666666667	-0.9933444444444445	-0.11253921205516139	-1.107001162798252	0.0	(-1.107001162798252+0j)
-0.9933333333333334	-0.9867111111111112	-0.11214299273811	-1.0999228932698457	0.0	(-1.0999228932698457+0j)
-0.9900000000000001	-0.9801000000000002	-0.11174523461131793	-1.0928789460672268	0.0	(-1.0928789460672268+0j)
-0.9866666666666667	-0.9735111111111112	-0.11134594140580492	-1.0858631908424157	0.0	(-1.0858631908424157+0j)
-0.9833333333333334	-0.9669444444444446	-0.11094511701866791	-1.0788729374251713	0.0	(-1.0788729374251713+0j)
-0.9800000000000001	-0.9604000000000001	-0.1105427655145106	-1.0719067534258306	0.0	(-1.0719067534258306+0j)
-0.9766666666666667	-0.9538777777777778	-0.11013889112686345	-1.0649637810399861	0.0	(-1.0649637810399861+0j)
-0.9733333333333334	-0.9473777777777779	-0.10973349825959287	-1.0580434641840484	0.0	(-1.0580434641840484+0j)
-0.9700000000000001	-0.9409000000000002	-0.1093265914882996	-1.0511454212268263	0.0	(-1.0511454212268263+0j)
-0.9666666666666667	-0.9344444444444444	-0.10891817556170583	-1.04426937881402	0.0	(-1.04426937881402+0j)
-0.9633333333333334	-0.9280111111111112	-0.10850825540303073	-1.0374151345622755	0.0	(-1.0374151345622755+0j)
-0.9600000000000001	-0.9216000000000002	-0.10809683611135357	-1.0305825346683553	0.0	(-1.0305825346683553+0j)
-0.9566666666666668	-0.9152111111111113	-0.10768392296296453	-1.023771459780173	0.0	(-1.023771459780173+0j)
-0.9533333333333334	-0.9088444444444445	-0.10726952141270245	-1.0169818157081074	0.0	(-1.0169818157081074+0j)
-0.9500000000000001	-0.9025000000000001	-0.10685363709527927	-1.0102135271060995	0.0	(-1.0102135271060995+0j)
-0.9466666666666668	-0.896177777777778	-0.10643627582659033	-1.0034665330465062	0.0	(-1.0034665330465062+0j)
-0.9433333333333334	-0.8898777777777778	-0.10601744360501081	-0.9967407838433208	0.0	(-0.9967407838433208+0j)
-0.9400000000000001	-0.8836000000000002	-0.10559714661267727	-0.9900362387217891	0.0	(-0.9900362387217891+0j)
-0.9366666666666668	-0.8773444444444446	-0.10517539121675405	-0.9833528640761222	0.0	(-0.9833528640761222+0j)
-0.9333333333333333	-0.8711111111111112	-0.1047521839706842	-0.9766906321452483	0.0	(-0.9766906321452483+0j)
-0.93	-0.8649000000000001	-0.10432753161542432	-0.9700495199909167	0.0	(-0.9700495199909167+0j)
-0.9266666666666667	-0.8587111111111113	-0.10390144108066307	-0.9634295086988652	0.0	(-0.9634295086988652+0j)
-0.9233333333333333	-0.8525444444444444	-0.10347391948602275	-0.956830582746546	0.0	(-0.956830582746546+0j)
-0.92	-0.8464	-0.10304497414224353	-0.950252729497442	0.0	(-0.950252729497442+0j)
-0.9166666666666667	-0.8402777777777779	-0.1026146125523501	-0.9436959387925139	0.0	(-0.9436959387925139+0j)
-0.9133333333333334	-0.834177777777778	-0.10218284241279982	-0.9371602026171648	0.0	(-0.9371602026171648+0j)
-0.91	-0.8281000000000001	-0.10174967161461261	-0.9306455148274781	0.0	(-0.9306455148274781+0j)
-0.9066666666666667	-0.8220444444444446	-0.10131510824448152	-0.9241518709235634	0.0	(-0.9241518709235634+0j)
-0.9033333333333334	-0.8160111111111112	-0.1008791605858639	-0.9176792678604343	0.0	(-0.9176792678604343+0j)
-0.9	-0.81	-0.10044183712005243	-0.9112277038893302	0.0	(-0.9112277038893302+0j)
-0.8966666666666667	-0.8040111111111112	-0.10000314652722603	-0.9047971784236614	0.0	(-0.9047971784236614+0j)
-0.8933333333333334	-0.7980444444444446	-0.09956309768747976	-0.8983876919251903	0.0	(-0.8983876919251903+0j)
-0.89	-0.7921	-0.09912169968183336	-0.8919992458068602	0.0	(-0.8919992458068602+0j)
-0.8866666666666667	-0.7861777777777779	-0.09867896179321833	-0.885631842349435	0.0	(-0.885631842349435+0j)
-0.8833333333333334	-0.780277777777778	-0.09823489350744247	-0.8792854846296377	0.0	(-0.8792854846296377+0j)
-0.88	-0.7744	-0.0977895045141322	-0.8729601764579836	0.0	(-0.8729601764579836+0j)
-0.8766666666666667	-0.7685444444444445	-0.09734280470765148	-0.8666559223247526	0.0	(-0.8666559223247526+0j)
-0.8733333333333334	-0.7627111111111112	-0.09689480418799754	-0.8603727273527901	0.0	(-0.8603727273527901+0j)
-0.8700000000000001	-0.7569000000000002	-0.0964455132616724	-0.8541105972562784	0.0	(-0.8541105972562784+0j)
-0.8666666666666667	-0.7511111111111112	-0.09599494244253022	-0.847869538304441	0.0	(-0.847869538304441+0j)
-0.8633333333333334	-0.7453444444444446	-0.09554310245259978	-0.8416495572895549	0.0	(-0.8416495572895549+0j)
-0.8600000000000001	-0.7396000000000001	-0.09509000422288172	-0.8354506614986942	0.0	(-0.8354506614986942+0j)
-0.8566666666666667	-0.7338777777777779	-0.09463565889412003	-0.829272858688626	0.0	(-0.829272858688626+0j)
-0.8533333333333334	-0.7281777777777779	-0.09418007781754764	-0.8231161570634907	0.0	(-0.8231161570634907+0j)
-0.8500000000000001	-0.7225000000000001	-0.09372327255560511	-0.8169805652549237	0.0	(-0.8169805652549237+0j)
-0.8466666666666667	-0.7168444444444445	-0.09326525488263279	-0.8108660923041582	0.0	(-0.8108660923041582+0j)
-0.8433333333333334	-0.7112111111111112	-0.09280603678553528	-0.8047727476461463	0.0	(-0.8047727476461463+0j)
-0.8400000000000001	-0.7056000000000001	-0.09234563046441803	-0.7987005410950773	0.0	(-0.7987005410950773+0j)
-0.8366666666666667	-0.7000111111111111	-0.09188404833319602	-0.7926494828314737	0.0	(-0.7926494828314737+0j)
-0.8333333333333334	-0.6944444444444445	-0.09142130302017347	-0.7866195833904415	0.0	(-0.7866195833904415+0j)
-0.8300000000000001	-0.6889000000000001	-0.09095740736859452	-0.7806108536510146	0.0	(-0.7806108536510146+0j)
-0.8266666666666668	-0.683377777777778	-0.09049237443716457	-0.7746233048264903	0.0	(-0.7746233048264903+0j)
-0.8233333333333334	-0.6778777777777778	-0.09002621750054149	-0.7686569484556062	0.0	(-0.7686569484556062+0j)
-0.8200000000000001	-0.6724000000000001	-0.08955895004979686	-0.762711796394489	0.0	(-0.762711796394489+0j)
-0.8166666666666668	-0.6669444444444446	-0.0890905857928459	-0.7567878608092404	0.0	(-0.7567878608092404+0j)
-0.8133333333333334	-0.6615111111111112	-0.08862113865484696	-0.7508851541691159	0.0	(-0.7508851541691159+0j)
-0.81	-0.6561000000000001	-0.08815062277856894	-0.7450036892403189	0.0	(-0.7450036892403189+0j)
-0.8066666666666668	-0.6507111111111112	-0.08767905252472723	-0.7391434790800856	0.0	(-0.7391434790800856+0j)
-0.8033333333333333	-0.6453444444444445	-0.08720644247228687	-0.7333045370313772	0.0	(-0.7333045370313772+0j)
-0.8	-0.6400000000000001	-0.08673280741873343	-0.7274868767178309	0.0	(-0.7274868767178309+0j)
-0.7966666666666667	-0.6346777777777779	-0.08625816238031064	-0.7216905120390474	0.0	(-0.7216905120390474+0j)
-0.7933333333333333	-0.6293777777777778	-0.08578252259222455	-0.7159154571661684	0.0	(-0.7159154571661684+0j)
-0.79	-0.6241000000000001	-0.08530590350881381	-0.7101617265377628	0.0	(-0.7101617265377628+0j)
-0.7866666666666667	-0.6188444444444445	-0.08482832080368585	-0.7044293348558763	0.0	(-0.7044293348558763+0j)
-0.7833333333333334	-0.6136111111111112	-0.08434979036981859	-0.6987182970822772	0.0	(-0.6987182970822772+0j)
-0.78	-0.6084	-0.0838703283196269	-0.6930286284349375	0.0	(-0.6930286284349375+0j)
-0.7766666666666667	-0.6032111111111113	-0.08338995098499402	-0.6873603443846047	0.0	(-0.6873603443846047+0j)
-0.7733333333333334	-0.5980444444444446	-0.08290867491726733	-0.6817134606515225	0.0	(-0.6817134606515225+0j)
-0.77	-0.5929	-0.08242651688721808	-0.6760879932022893	0.0	(-0.6760879932022893+0j)
-0.7666666666666667	-0.5877777777777778	-0.08194349388496494	-0.6704839582467631	0.0	(-0.6704839582467631+0j)
-0.7633333333333334	-0.582677777777778	-0.08145962311986055	-0.6649013722350924	0.0	(-0.6649013722350924+0j)
-0.76	-0.5776	-0.08097492202034144	-0.6593402518547816	0.0	(-0.6593402518547816+0j)
-0.7566666666666667	-0.5725444444444445	-0.0804894082337408	-0.653800614027841	0.0	(-0.653800614027841+0j)
-0.7533333333333334	-0.5675111111111112	-0.08000309962606295	-0.6482824759079548	0.0	(-0.6482824759079548+0j)
-0.75	-0.5625	-0.07951601428172053	-0.6427858548776568	0.0	(-0.6427858548776568+0j)
-0.7466666666666667	-0.5575111111111112	-0.07902817050323341	-0.6373107685455865	0.0	(-0.6373107685455865+0j)
-0.7433333333333334	-0.5525444444444445	-0.07853958681088852	-0.6318572347436997	0.0	(-0.6318572347436997+0j)
-0.7400000000000001	-0.5476000000000002	-0.07805028194236169	-0.6264252715245037	0.0	(-0.6264252715245037+0j)
-0.7366666666666667	-0.5426777777777778	-0.07756027485229959	-0.6210148971582866	0.0	(-0.6210148971582866+0j)
-0.7333333333333334	-0.5377777777777779	-0.07706958471186307	-0.6156261301303152	0.0	(-0.6156261301303152+0j)
-0.7300000000000001	-0.5329000000000002	-0.07657823090823004	-0.6102589891380229	0.0	(-0.6102589891380229+0j)
-0.7266666666666667	-0.5280444444444444	-0.07608623304405927	-0.6049134930881792	0.0	(-0.6049134930881792+0j)
-0.7233333333333334	-0.5232111111111112	-0.07559361093691339	-0.5995896610939695	0.0	(-0.5995896610939695+0j)
-0.7200000000000001	-0.5184000000000001	-0.07510038461864188	-0.5942875124721068	0.0	(-0.5942875124721068+0j)
-0.7166666666666667	-0.5136111111111111	-0.07460657433472316	-0.5890070667398314	0.0	(-0.5890070667398314+0j)
-0.7133333333333334	-0.5088444444444445	-0.07411220054356615	-0.5837483436118934	0.0	(-0.5837483436118934+0j)
-0.7100000000000001	-0.5041000000000001	-0.0736172839157703	-0.5785113629974467	0.0	(-0.5785113629974467+0j)
-0.7066666666666667	-0.49937777777777775	-0.0731218453333446	-0.5732961449969016	0.0	(-0.5732961449969016+0j)
-0.7033333333333334	-0.4946777777777778	-0.07262590588888518	-0.5681027098986943	0.0	(-0.5681027098986943+0j)
-0.7000000000000001	-0.4900000000000001	-0.07212948688471085	-0.5629310781759708	0.0	(-0.5629310781759708+0j)
-0.6966666666666667	-0.4853444444444444	-0.07163260983195692	-0.5577812704832061	0.0	(-0.5577812704832061+0j)
-0.6933333333333334	-0.48071111111111114	-0.0711352964496271	-0.5526533076527286	0.0	(-0.5526533076527286+0j)
-0.6900000000000001	-0.4761000000000001	-0.07063756866360299	-0.5475472106911725	0.0	(-0.5475472106911725+0j)
-0.6866666666666668	-0.4715111111111112	-0.07013944860561086	-0.5424630007757798	0.0	(-0.5424630007757798+0j)
-0.6833333333333333	-0.46694444444444444	-0.06964095861214664	-0.5374006992506727	0.0	(-0.5374006992506727+0j)
-0.68	-0.4624000000000001	-0.06914212122335742	-0.5323603276229979	0.0	(-0.5323603276229979+0j)
-0.6766666666666667	-0.4578777777777779	-0.06864295918188038	-0.5273419075589265	0.0	(-0.5273419075589265+0j)
-0.6733333333333333	-0.45337777777777777	-0.06814349543163895	-0.522345460879585	0.0	(-0.522345460879585+0j)
-0.67	-0.4489000000000001	-0.06764375311659575	-0.5173710095568511	0.0	(-0.5173710095568511+0j)
-0.6666666666666667	-0.44444444444444453	-0.06714375557946191	-0.5124185757090376	0.0	(-0.5124185757090376+0j)
-0.6633333333333333	-0.44001111111111113	-0.06664352636036394	-0.5074881815964295	0.0	(-0.5074881815964295+0j)
-0.66	-0.43560000000000004	-0.06614308919546655	-0.5025798496167151	0.0	(-0.5025798496167151+0j)
-0.6566666666666667	-0.4312111111111112	-0.06564246801555214	-0.49769360230025167	0.0	(-0.49769360230025167+0j)
-0.6533333333333333	-0.4268444444444444	-0.0651416869445571	-0.4928294623052354	0.0	(-0.4928294623052354+0j)
-0.65	-0.42250000000000004	-0.06464077029806406	-0.4879874524126682	0.0	(-0.4879874524126682+0j)
-0.6466666666666667	-0.41817777777777787	-0.06413974258175094	-0.48316759552121713	0.0	(-0.48316759552121713+0j)
-0.6433333333333334	-0.4138777777777779	-0.0636386284897959	-0.4783699146418882	0.0	(-0.4783699146418882+0j)
-0.64	-0.4096	-0.06313745290323902	-0.47359443289256214	0.0	(-0.47359443289256214+0j)
-0.6366666666666667	-0.4053444444444445	-0.0626362408883003	-0.4688411734923348	0.0	(-0.4688411734923348+0j)
-0.6333333333333334	-0.4011111111111112	-0.06213501769465328	-0.4641101597556965	0.0	(-0.4641101597556965+0j)
-0.63	-0.39690000000000003	-0.0616338087536559	-0.45940141508651455	0.0	(-0.45940141508651455+0j)
-0.6266666666666667	-0.3927111111111112	-0.061132639676537065	-0.4547149629718312	0.0	(-0.4547149629718312+0j)
-0.6233333333333334	-0.3885444444444445	-0.06063153625253967	-0.45005082697543874	0.0	(-0.45005082697543874+0j)
-0.62	-0.3844	-0.06013052444702016	-0.4454090307312721	0.0	(-0.4454090307312721+0j)
-0.6166666666666667	-0.3802777777777778	-0.05962963039950456	-0.44078959793654926	0.0	(-0.44078959793654926+0j)
-0.6133333333333334	-0.37617777777777783	-0.059128880421700676	-0.43619255234467996	0.0	(-0.43619255234467996+0j)
-0.61	-0.3721	-0.05862830099546728	-0.4316179177579288	0.0	(-0.4316179177579288+0j)
-0.6066666666666667	-0.36804444444444445	-0.05812791877073968	-0.42706571801978876	0.0	(-0.42706571801978876+0j)
-0.6033333333333334	-0.3640111111111112	-0.05762776056341222	-0.42253597700710405	0.0	(-0.42253597700710405+0j)
-0.6000000000000001	-0.3600000000000001	-0.05712785335317756	-0.4180287186218515	0.0	(-0.4180287186218515+0j)
-0.5966666666666667	-0.3560111111111111	-0.05662822428132295	-0.41354396678259636	0.0	(-0.41354396678259636+0j)
-0.5933333333333334	-0.3520444444444445	-0.056128900648483616	-0.40908174541561776	0.0	(-0.40908174541561776+0j)
-0.5900000000000001	-0.3481000000000001	-0.05562990991235349	-0.404642078445605	0.0	(-0.404642078445605+0j)
-0.5866666666666667	-0.3441777777777778	-0.05513127968535328	-0.40022498978598536	0.0	(-0.40022498978598536+0j)
-0.5833333333333334	-0.34027777777777785	-0.05463303773225604	-0.39583050332873676	0.0	(-0.39583050332873676+0j)
-0.5800000000000001	-0.3364000000000001	-0.05413521196777075	-0.3914586429337541	0.0	(-0.3914586429337541+0j)
-0.5766666666666667	-0.3325444444444444	-0.05363783045408351	-0.38710943241760765	0.0	(-0.38710943241760765+0j)
-0.5733333333333334	-0.3287111111111111	-0.05314092139835729	-0.38278289554174183	0.0	(-0.38278289554174183+0j)
-0.5700000000000001	-0.3249000000000001	-0.05264451315018952	-0.37847905599996773	0.0	(-0.37847905599996773+0j)
-0.5666666666666667	-0.32111111111111107	-0.05214863419902887	-0.37419793740519697	0.0	(-0.37419793740519697+0j)
-0.5633333333333334	-0.3173444444444445	-0.051653313171550336	-0.36993956327535715	0.0	(-0.36993956327535715+0j)
-0.56	-0.31360000000000005	-0.05115857882898967	-0.3657039570183566	0.0	(-0.3657039570183566+0j)
-0.5566666666666668	-0.30987777777777786	-0.0506644600644373	-0.3614911419159845	0.0	(-0.3614911419159845+0j)
-0.5533333333333333	-0.30617777777777777	-0.05017098590009112	-0.35730114110662053	0.0	(-0.35730114110662053+0j)
-0.55	-0.30250000000000005	-0.049678185484470436	-0.35313397756657183	0.0	(-0.35313397756657183+0j)
-0.5466666666666667	-0.2988444444444445	-0.04918608808958863	-0.3489896740899262	0.0	(-0.3489896740899262+0j)
-0.5433333333333333	-0.2952111111111111	-0.04869472310808771	-0.34486825326659076	0.0	(-0.34486825326659076+0j)
-0.54	-0.2916	-0.04820412005033255	-0.34076973745836503	0.0	(-0.34076973745836503+0j)
-0.5366666666666667	-0.28801111111111116	-0.04771430854146712	-0.3366941487727265	0.0	(-0.3366941487727265+0j)
-0.5333333333333333	-0.28444444444444444	-0.047225318318431624	-0.332641509033963	0.0	(-0.332641509033963+0j)
-0.53	-0.28090000000000004	-0.04673717922694186	-0.32861183975126224	0.0	(-0.32861183975126224+0j)
-0.5266666666666667	-0.27737777777777783	-0.046249921218430544	-0.32460516208330736	0.0	(-0.32460516208330736+0j)
-0.5233333333333333	-0.2738777777777778	-0.045763574346951615	-0.32062149679875646	0.0	(-0.32062149679875646+0j)
-0.52	-0.27040000000000003	-0.04527816876604706	-0.31666086423200046	0.0	(-0.31666086423200046+0j)
-0.5166666666666667	-0.2669444444444445	-0.04479373472557741	-0.312723284233343	0.0	(-0.312723284233343+0j)
-0.5133333333333334	-0.2635111111111112	-0.04431030256851622	-0.3088087761126868	0.0	(-0.3088087761126868+0j)
-0.51	-0.2601	-0.04382790272770817	-0.3049173585755673	0.0	(-0.3049173585755673+0j)
-0.5066666666666667	-0.25671111111111117	-0.04334656572259274	-0.3010490496501289	0.0	(-0.3010490496501289+0j)
-0.5033333333333334	-0.25334444444444454	-0.04286632215589215	-0.29720386660342685	0.0	(-0.29720386660342685+0j)
-0.5	-0.25	-0.0423872027102656	-0.29338182584498806	0.0	(-0.29338182584498806+0j)
-0.4966666666666667	-0.2466777777777778	-0.04190923814492906	-0.2895829428151677	0.0	(-0.2895829428151677+0j)
-0.49333333333333335	-0.2433777777777778	-0.04143245929224191	-0.2858072318552669	0.0	(-0.2858072318552669+0j)
-0.49000000000000005	-0.24010000000000004	-0.04095689705426047	-0.2820547060557139	0.0	(-0.2820547060557139+0j)
-0.4866666666666667	-0.23684444444444447	-0.04048258239925939	-0.2783253770776212	0.0	(-0.2783253770776212+0j)
-0.48333333333333334	-0.2336111111111111	-0.04000954635822056	-0.2746192549420475	0.0	(-0.2746192549420475+0j)
-0.48000000000000004	-0.23040000000000005	-0.039537820021291366	-0.27093634777966275	0.0	(-0.27093634777966275+0j)
-0.4766666666666667	-0.2272111111111111	-0.03906743453421121	-0.26727666153180923	0.0	(-0.26727666153180923+0j)
-0.4733333333333334	-0.2240444444444445	-0.03859842109470893	-0.2636401995913868	0.0	(-0.2636401995913868+0j)
-0.47000000000000003	-0.22090000000000004	-0.03813081094886903	-0.2600269623687951	0.0	(-0.2600269623687951+0j)
-0.4666666666666667	-0.2177777777777778	-0.03766463538746996	-0.25643694676400486	0.0	(-0.25643694676400486+0j)
-0.4633333333333334	-0.21467777777777783	-0.0371999257422935	-0.25287014552007286	0.0	(-0.25287014552007286+0j)
-0.46	-0.2116	-0.036736713382405535	-0.2493265464258455	0.0	(-0.2493265464258455+0j)
-0.4566666666666667	-0.2085444444444445	-0.036275029710410474	-0.2458061313252581	0.0	(-0.2458061313252581+0j)
-0.45333333333333337	-0.20551111111111114	-0.03581490615867818	-0.24230887487632755	0.0	(-0.24230887487632755+0j)
-0.45	-0.2025	-0.03535637418554508	-0.23883474298324722	0.0	(-0.23883474298324722+0j)
-0.4466666666666667	-0.19951111111111114	-0.034899465271489676	-0.23538369079714258	0.0	(-0.23538369079714258+0j)
-0.44333333333333336	-0.19654444444444447	-0.03444421091528319	-0.23195566014143085	0.0	(-0.23195566014143085+0j)
-0.44	-0.1936	-0.033990642630116405	-0.22855057616059035	0.0	(-0.22855057616059035+0j)
-0.4366666666666667	-0.1906777777777778	-0.03353879193970212	-0.22516834290739046	0.0	(-0.22516834290739046+0j)
-0.43333333333333335	-0.1877777777777778	-0.03308869037435595	-0.2218088374589287	0.0	(-0.2218088374589287+0j)
-0.43000000000000005	-0.18490000000000004	-0.032640369467053926	-0.21847190196328825	0.0	(-0.21847190196328825+0j)
-0.4266666666666667	-0.18204444444444448	-0.032193860749469144	-0.2151573327278524	0.0	(-0.2151573327278524+0j)
-0.42333333333333334	-0.17921111111111113	-0.03174919574798735	-0.21186486500381016	0.0	(-0.21186486500381016+0j)
-0.42000000000000004	-0.17640000000000003	-0.03130640597970323	-0.2085941513893658	0.0	(-0.2085941513893658+0j)
-0.4166666666666667	-0.17361111111111113	-0.03086552294839645	-0.20534473057537717	0.0	(-0.20534473057537717+0j)
-0.4133333333333334	-0.1708444444444445	-0.030426578140489227	-0.20211598115039542	0.0	(-0.20211598115039542+0j)
-0.41000000000000003	-0.16810000000000003	-0.02998960302098709	-0.1989070517502393	0.0	(-0.1989070517502393+0j)
-0.4066666666666667	-0.1653777777777778	-0.029554629029400828	-0.19571675285763052	0.0	(-0.19571675285763052+0j)
-0.4033333333333334	-0.1626777777777778	-0.02912168757565399	-0.19254338502178153	0.0	(-0.19254338502178153+0j)
-0.4	-0.16000000000000003	-0.028690810035972847	-0.18938445985786884	0.0	(-0.18938445985786884+0j)
-0.39666666666666667	-0.15734444444444445	-0.028262027748763366	-0.18623623995542463	0.0	(-0.18623623995542463+0j)
-0.39333333333333337	-0.15471111111111113	-0.027835372010472717	-0.1830929857879968	0.0	(-0.1830929857879968+0j)
-0.39	-0.1521	-0.027410874071438357	-0.17994581488907882	0.0	(-0.17994581488907882+0j)
-0.3866666666666667	-0.14951111111111115	-0.026988565131724623	-0.17678151887289087	0.0	(-0.17678151887289087+0j)
-0.38333333333333336	-0.14694444444444446	-0.026568476336946978	-0.1735840665438006	0.0	(-0.1735840665438006+0j)
-0.38	-0.1444	-0.026150638774086535	-0.17034819562675593	0.0	(-0.17034819562675593+0j)
-0.3766666666666667	-0.1418777777777778	-0.02573508346729335	-0.1685702407311668	-0.009688139037715765	(-0.1685702407311668-0.009688139037715765j)
-0.37333333333333335	-0.1393777777777778	-0.025321841373681445	-0.1685702407311668	0.009688139037715765	(-0.1685702407311668+0.009688139037715765j)
-0.37000000000000005	-0.13690000000000005	-0.024910943379114828	-0.16710857401675483	0.0	(-0.16710857401675483+0j)
-0.3666666666666667	-0.13444444444444448	-0.024502420293986624	-0.16393006685661252	0.0	(-0.16393006685661252+0j)
-0.36333333333333334	-0.1320111111111111	-0.024096302848990656	-0.1608447750900474	0.0	(-0.1608447750900474+0j)
-0.36000000000000004	-0.12960000000000002	-0.023692621690887816	-0.15784470019919625	0.0	(-0.15784470019919625+0j)
-0.3566666666666667	-0.12721111111111114	-0.023291407378267306	-0.15491208099826742	0.0	(-0.15491208099826742+0j)
-0.35333333333333333	-0.12484444444444444	-0.022892690377303224	-0.15203279540911885	0.0	(-0.15203279540911885+0j)
-0.35000000000000003	-0.12250000000000003	-0.02249650105750914	-0.14919749204540317	0.0	(-0.14919749204540317+0j)
-0.3466666666666667	-0.12017777777777779	-0.022102869687487953	-0.14640018399813295	0.0	(-0.14640018399813295+0j)
-0.3433333333333334	-0.1178777777777778	-0.021711826430683145	-0.1436369977434809	0.0	(-0.1436369977434809+0j)
-0.34	-0.11560000000000002	-0.02132340134112648	-0.14090536693834751	0.0	(-0.14090536693834751+0j)
-0.33666666666666667	-0.11334444444444444	-0.020937624359188278	-0.1382035460610067	0.0	(-0.1382035460610067+0j)
-0.33333333333333337	-0.11111111111111113	-0.020554525307326654	-0.13553031786999903	0.0	(-0.13553031786999903+0j)
-0.33	-0.10890000000000001	-0.020174133885840495	-0.13288481433118327	0.0	(-0.13288481433118327+0j)
-0.32666666666666666	-0.1067111111111111	-0.019796479668624245	-0.13026640432287057	0.0	(-0.13026640432287057+0j)
-0.32333333333333336	-0.10454444444444447	-0.019421592098926993	-0.127674621397583	0.0	(-0.127674621397583+0j)
-0.32	-0.1024	-0.019049500485115306	-0.12510911614651538	0.0	(-0.12510911614651538+0j)
-0.3166666666666667	-0.1002777777777778	-0.018680233996442586	-0.12256962404960879	0.0	(-0.12256962404960879+0j)
-0.31333333333333335	-0.0981777777777778	-0.01831382165882453	-0.12005594330717938	0.0	(-0.12005594330717938+0j)
-0.31	-0.0961	-0.017950292350621816	-0.11756791925122657	0.0	(-0.11756791925122657+0j)
-0.3066666666666667	-0.09404444444444446	-0.01758967479843082	-0.115105433185302	0.0	(-0.115105433185302+0j)
-0.30333333333333334	-0.09201111111111111	-0.017231997572884072	-0.11266839426305768	0.0	(-0.11266839426305768+0j)
-0.30000000000000004	-0.09000000000000002	-0.016877289084459846	-0.11025673348907633	0.0	(-0.11025673348907633+0j)
-0.2966666666666667	-0.08801111111111112	-0.01652557757930384	-0.10787039922635275	0.0	(-0.10787039922635275+0j)
-0.29333333333333333	-0.08604444444444445	-0.016176891135061683	-0.1055093537895448	0.0	(-0.1055093537895448+0j)
-0.29000000000000004	-0.08410000000000002	-0.015831257656725023	-0.10317357083158508	0.0	(-0.10317357083158508+0j)
-0.2866666666666667	-0.08217777777777778	-0.015488704872490405	-0.10086303331742413	0.0	(-0.10086303331742413+0j)
-0.2833333333333333	-0.08027777777777777	-0.015149260329633818	-0.09857773193744308	0.0	(-0.09857773193744308+0j)
-0.28	-0.07840000000000001	-0.014812951390399398	-0.09631766385368726	0.0	(-0.09631766385368726+0j)
-0.27666666666666667	-0.07654444444444444	-0.014479805227906178	-0.0940828317005852	0.0	(-0.0940828317005852+0j)
-0.2733333333333334	-0.07471111111111113	-0.014149848822070654	-0.09187324278208754	0.0	(-0.09187324278208754+0j)
-0.27	-0.0729	-0.013823108955548224	-0.08968890842167866	0.0	(-0.08968890842167866+0j)
-0.26666666666666666	-0.07111111111111111	-0.013499612209693923	-0.08752984343234922	0.0	(-0.08752984343234922+0j)
-0.26333333333333336	-0.06934444444444446	-0.013179384960542856	-0.0853960656813555	0.0	(-0.0853960656813555+0j)
-0.26	-0.06760000000000001	-0.0128624533748109	-0.08328759573040408	0.0	(-0.08328759573040408+0j)
-0.2566666666666667	-0.0658777777777778	-0.012548843405920107	-0.08120445653620663	0.0	(-0.08120445653620663+0j)
-0.25333333333333335	-0.06417777777777779	-0.012238580790041587	-0.07914667319960556	0.0	(-0.07914667319960556+0j)
-0.25	-0.0625	-0.01193169104216768	-0.0771142727540085	0.0	(-0.0771142727540085+0j)
-0.24666666666666667	-0.06084444444444445	-0.011628199452204668	-0.07510728398573929	0.0	(-0.07510728398573929+0j)
-0.24333333333333335	-0.05921111111111112	-0.011328131081093373	-0.07312573728040593	0.0	(-0.07312573728040593+0j)
-0.24000000000000002	-0.05760000000000001	-0.011031510756953633	-0.07116966449056714	0.0	(-0.07116966449056714+0j)
-0.2366666666666667	-0.05601111111111112	-0.010738363071257917	-0.06923909882084081	0.0	(-0.06923909882084081+0j)
-0.23333333333333334	-0.05444444444444445	-0.01044871237503242	-0.06733407472735332	0.0	(-0.06733407472735332+0j)
-0.23	-0.0529	-0.01016258277508647	-0.06545462782896862	0.0	(-0.06545462782896862+0j)
-0.22666666666666668	-0.051377777777777786	-0.00987999813027246	-0.0636007948282131	0.0	(-0.0636007948282131+0j)
-0.22333333333333336	-0.049877777777777785	-0.009600982047776874	-0.06177261344015624	0.0	(-0.06177261344015624+0j)
-0.22	-0.0484	-0.009325557879439617	-0.05997012232782092	0.0	(-0.05997012232782092+0j)
-0.21666666666666667	-0.04694444444444445	-0.009053748718111376	-0.058193361042929354	0.0	(-0.058193361042929354+0j)
-0.21333333333333335	-0.04551111111111112	-0.008785577394038457	-0.05644236997098558	0.0	(-0.05644236997098558+0j)
-0.21000000000000002	-0.04410000000000001	-0.00852106647128481	-0.05471719027985799	0.0	(-0.05471719027985799+0j)
-0.2066666666666667	-0.04271111111111112	-0.008260238244188756	-0.053017863871169184	0.0	(-0.053017863871169184+0j)
-0.20333333333333334	-0.04134444444444445	-0.008003114733854955	-0.05134443333389037	0.0	(-0.05134443333389037+0j)
-0.2	-0.04000000000000001	-0.007749717684681912	-0.04969694189964926	0.0	(-0.04969694189964926+0j)
-0.19666666666666668	-0.03867777777777778	-0.00750006856092833	-0.04807543339932976	0.0	(-0.04807543339932976+0j)
-0.19333333333333336	-0.03737777777777779	-0.007254188543316664	-0.04647995222060428	0.0	(-0.04647995222060428+0j)
-0.19	-0.0361	-0.007012098525677191	-0.044910543266107716	0.0	(-0.044910543266107716+0j)
-0.18666666666666668	-0.03484444444444445	-0.006773819111628443	-0.04336725191198634	0.0	(-0.04336725191198634+0j)
-0.18333333333333335	-0.03361111111111112	-0.006539370611302053	-0.04185012396662371	0.0	(-0.04185012396662371+0j)
-0.18000000000000002	-0.032400000000000005	-0.006308773038107285	-0.040359205629358734	0.0	(-0.040359205629358734+0j)
-0.17666666666666667	-0.03121111111111111	-0.006082046105536643	-0.03889454344905129	0.0	(-0.03889454344905129+0j)
-0.17333333333333334	-0.030044444444444447	-0.00585920922401395	-0.037456184282370714	0.0	(-0.037456184282370714+0j)
-0.17	-0.028900000000000006	-0.005640281497790167	-0.03604417525172133	0.0	(-0.03604417525172133+0j)
-0.16666666666666669	-0.027777777777777783	-0.005425281721879172	-0.03465856370271303	0.0	(-0.03465856370271303+0j)
-0.16333333333333333	-0.026677777777777776	-0.005214228379039065	-0.033299397161127675	0.0	(-0.033299397161127675+0j)
-0.16	-0.0256	-0.005007139636801217	-0.03196672328933529	0.0	(-0.03196672328933529+0j)
-0.15666666666666668	-0.02454444444444445	-0.004804033344544267	-0.030660589842133077	0.0	(-0.030660589842133077+0j)
-0.15333333333333335	-0.023511111111111115	-0.00460492703061699	-0.029381044621988314	0.0	(-0.029381044621988314+0j)
-0.15000000000000002	-0.022500000000000006	-0.004409837899505553	-0.02812813543368129	0.0	(-0.02812813543368129+0j)
-0.14666666666666667	-0.021511111111111113	-0.00421878282905519	-0.026901910038359535	0.0	(-0.026901910038359535+0j)
-0.14333333333333334	-0.020544444444444445	-0.004031778367732941	-0.025702416107009327	0.0	(-0.025702416107009327+0j)
-0.14	-0.019600000000000003	-0.0038488407319481333	-0.02452970117337977	0.0	(-0.02452970117337977+0j)
-0.1366666666666667	-0.018677777777777783	-0.0036699858034194843	-0.023383812586383623	0.0	(-0.023383812586383623+0j)
-0.13333333333333333	-0.017777777777777778	-0.0034952291265955004	-0.0222647974620188	0.0	(-0.0222647974620188+0j)
-0.13	-0.016900000000000002	-0.003324585906120392	-0.021172702634849785	0.0	(-0.021172702634849785+0j)
-0.12666666666666668	-0.016044444444444448	-0.003158071004362162	-0.02010757460911402	0.0	(-0.02010757460911402+0j)
-0.12333333333333334	-0.015211111111111113	-0.0029956989389878785	-0.019069459509497722	0.0	(-0.019069459509497722+0j)
-0.12000000000000001	-0.014400000000000003	-0.0028374838805922398	-0.01805840303164992	0.0	(-0.01805840303164992+0j)
-0.11666666666666667	-0.013611111111111112	-0.002683439650380537	-0.017074450392499944	0.0	(-0.017074450392499944+0j)
-0.11333333333333334	-0.012844444444444447	-0.0025335797179104613	-0.01611764628045393	0.0	(-0.01611764628045393+0j)
-0.11	-0.0121	-0.0023879171988849812	-0.015188034805540441	0.0	(-0.015188034805540441+0j)
-0.10666666666666667	-0.01137777777777778	-0.002246464852999619	-0.014285659449581383	0.0	(-0.014285659449581383+0j)
-0.10333333333333335	-0.01067777777777778	-0.0021092350818530115	-0.013410563016481464	0.0	(-0.013410563016481464+0j)
-0.1	-0.010000000000000002	-0.0019762399269063202	-0.012562787582703964	0.0	(-0.012562787582703964+0j)
-0.09666666666666668	-0.009344444444444447	-0.0018474910675081446	-0.011742374448034392	0.0	(-0.011742374448034392+0j)
-0.09333333333333334	-0.008711111111111112	-0.0017229998189649542	-0.010949364086701352	0.0	(-0.010949364086701352+0j)
-0.09000000000000001	-0.008100000000000001	-0.0016027771306892369	-0.010183796098972478	0.0	(-0.010183796098972478+0j)
-0.08666666666666667	-0.007511111111111112	-0.0014868335843831737	-0.009445709163278061	0.0	(-0.009445709163278061+0j)
-0.08333333333333334	-0.006944444444444446	-0.0013751793923044708	-0.008735140988994517	0.0	(-0.008735140988994517+0j)
-0.08	-0.0064	-0.0012678243955654978	-0.008052128269935557	0.0	(-0.008052128269935557+0j)
-0.07666666666666667	-0.005877777777777779	-0.0011647780625323456	-0.007396706638703082	0.0	(-0.007396706638703082+0j)
-0.07333333333333333	-0.005377777777777778	-0.0010660494872283266	-0.006768910621902033	0.0	(-0.006768910621902033+0j)
-0.07	-0.004900000000000001	-0.0009716473878595977	-0.006168773596417745	0.0	(-0.006168773596417745+0j)
-0.06666666666666667	-0.0044444444444444444	-0.0008815801053563277	-0.005596327746747675	0.0	(-0.005596327746747675+0j)
-0.06333333333333334	-0.004011111111111112	-0.0007958556019849183	-0.005051604023528005	0.0	(-0.005051604023528005+0j)
-0.060000000000000005	-0.0036000000000000008	-0.0007144814600534843	-0.004534632103363362	0.0	(-0.004534632103363362+0j)
-0.05666666666666667	-0.0032111111111111116	-0.0006374648806239946	-0.004045440349963557	0.0	(-0.004045440349963557+0j)
-0.05333333333333334	-0.002844444444444445	-0.0005648126823443178	-0.0035840557767782034	0.0	(-0.0035840557767782034+0j)
-0.05	-0.0025000000000000005	-0.0004965313002980309	-0.0031505040111136345	0.0	(-0.0031505040111136345+0j)
-0.04666666666666667	-0.002177777777777778	-0.0004326267849563692	-0.002744809259891094	0.0	(-0.002744809259891094+0j)
-0.043333333333333335	-0.001877777777777778	-0.0003731048011257343	-0.0023669942770189714	0.0	(-0.0023669942770189714+0j)
-0.04	-0.0016	-0.0003179706270906024	-0.002017080332646489	0.0	(-0.002017080332646489+0j)
-0.03666666666666667	-0.0013444444444444445	-0.00026722915364985056	-0.0016950871840728185	0.0	(-0.0016950871840728185+0j)
-0.03333333333333333	-0.0011111111111111111	-0.00022088488334404133	-0.0014010330486681267	0.0	(-0.0014010330486681267+0j)
-0.030000000000000002	-0.0009000000000000002	-0.00017894192971823486	-0.0011349345787165272	0.0	(-0.0011349345787165272+0j)
-0.02666666666666667	-0.0007111111111111113	-0.0001414040166025643	-0.0008968068382204067	0.0	(-0.0008968068382204067+0j)
-0.023333333333333334	-0.0005444444444444445	-0.00010827447752603803	-0.0006866632818333001	0.0	(-0.0006866632818333001+0j)
-0.02	-0.0004	-7.955625513034192e-05	-0.0005045157358387907	0.0	(-0.0005045157358387907+0j)
-0.016666666666666666	-0.0002777777777777778	-5.525190069022301e-05	-0.00035037438132496664	0.0	(-0.00035037438132496664+0j)
-0.013333333333333334	-0.0001777777777777778	-3.536357375821808e-05	-0.00022424773961181825	0.0	(-0.00022424773961181825+0j)
-0.01	-0.0001	-1.989304180938234e-05	-0.00012614265984277782	0.0	(-0.00012614265984277782+0j)
-0.006666666666666667	-4.444444444444445e-05	-8.841679175475292e-06	-5.606430806562739e-05	0.0	(-5.606430806562739e-05+0j)
-0.0033333333333333335	-1.1111111111111113e-05	-2.2104700292402413e-06	-1.4016163015482644e-05	0.0	(-1.4016163015482644e-05+0j)
0.0033333333333333335	1.1111111111111113e-05	2.2104700292402413e-06	1.401616301553773e-05	0.0	(1.401616301553773e-05+0j)
0.006666666666666667	4.444444444444445e-05	8.841679175475292e-06	5.6064308065658484e-05	0.0	(5.6064308065658484e-05+0j)
0.01	0.0001	1.989304180938234e-05	0.00012614265984277454	0.0	(0.00012614265984277454+0j)
0.013333333333333334	0.0001777777777777778	3.536357375821808e-05	0.00022424773961183045	0.0	(0.00022424773961183045+0j)
0.016666666666666666	0.0002777777777777778	5.525190069022301e-05	0.0003503743813249652	0.0	(0.0003503743813249652+0j)
0.02	0.0004	7.955625513034192e-05	0.0005045157358388327	0.0	(0.0005045157358388327+0j)
0.023333333333333334	0.0005444444444444445	0.00010827447752603803	0.0006866632818332746	0.0	(0.0006866632818332746+0j)
0.02666666666666667	0.0007111111111111113	0.0001414040166025643	0.0008968068382204313	0.0	(0.0008968068382204313+0j)
0.030000000000000002	0.0009000000000000002	0.00017894192971823486	0.0011349345787165228	0.0	(0.0011349345787165228+0j)
0.03333333333333333	0.0011111111111111111	0.00022088488334404133	0.0014010330486681163	0.0	(0.0014010330486681163+0j)
0.03666666666666667	0.0013444444444444445	0.00026722915364985056	0.0016950871840728243	0.0	(0.0016950871840728243+0j)
0.04	0.0016	0.0003179706270906024	0.002017080332646485	0.0	(0.002017080332646485+0j)
0.043333333333333335	0.001877777777777778	0.0003731048011257343	0.0023669942770189966	0.0	(0.0023669942770189966+0j)
0.04666666666666667	0.002177777777777778	0.0004326267849563692	0.002744809259891058	0.0	(0.002744809259891058+0j)
0.05	0.0025000000000000005	0.0004965313002980309	0.003150504011113586	0.0	(0.003150504011113586+0j)
0.05333333333333334	0.002844444444444445	0.0005648126823443178	0.0035840557767782117	0.0	(0.0035840557767782117+0j)
0.05666666666666667	0.0032111111111111116	0.0006374648806239946	0.00404544034996351	0.0	(0.00404544034996351+0j)
0.060000000000000005	0.0036000000000000008	0.0007144814600534843	0.004534632103363352	0.0	(0.004534632103363352+0j)
0.06333333333333334	0.004011111111111112	0.0007958556019849183	0.0050516040235280175	0.0	(0.0050516040235280175+0j)
0.06666666666666667	0.0044444444444444444	0.0008815801053563277	0.0055963277467476645	0.0	(0.0055963277467476645+0j)
0.07	0.004900000000000001	0.0009716473878595977	0.006168773596417727	0.0	(0.006168773596417727+0j)
0.07333333333333333	0.005377777777777778	0.0010660494872283266	0.006768910621902067	0.0	(0.006768910621902067+0j)
0.07666666666666667	0.005877777777777779	0.0011647780625323456	0.007396706638703073	0.0	(0.007396706638703073+0j)
0.08	0.0064	0.0012678243955654978	0.008052128269935495	0.0	(0.008052128269935495+0j)
0.08333333333333334	0.006944444444444446	0.0013751793923044708	0.00873514098899459	0.0	(0.00873514098899459+0j)
0.08666666666666667	0.007511111111111112	0.0014868335843831737	0.009445709163277976	0.0	(0.009445709163277976+0j)
0.09000000000000001	0.008100000000000001	0.0016027771306892369	0.01018379609897242	0.0	(0.01018379609897242+0j)
0.09333333333333334	0.008711111111111112	0.0017229998189649542	0.010949364086701283	0.0	(0.010949364086701283+0j)
0.09666666666666668	0.009344444444444447	0.0018474910675081446	0.011742374448034505	0.0	(0.011742374448034505+0j)
0.1	0.010000000000000002	0.0019762399269063202	0.012562787582703969	0.0	(0.012562787582703969+0j)
0.10333333333333335	0.01067777777777778	0.0021092350818530115	0.013410563016481414	0.0	(0.013410563016481414+0j)
0.10666666666666667	0.01137777777777778	0.002246464852999619	0.01428565944958128	0.0	(0.01428565944958128+0j)
0.11	0.0121	0.0023879171988849812	0.015188034805540363	0.0	(0.015188034805540363+0j)
0.11333333333333334	0.012844444444444447	0.0025335797179104613	0.016117646280453812	0.0	(0.016117646280453812+0j)
0.11666666666666667	0.013611111111111112	0.002683439650380537	0.01707445039249978	0.0	(0.01707445039249978+0j)
0.12000000000000001	0.014400000000000003	0.0028374838805922398	0.018058403031649982	0.0	(0.018058403031649982+0j)
0.12333333333333334	0.015211111111111113	0.0029956989389878785	0.019069459509497757	0.0	(0.019069459509497757+0j)
0.12666666666666668	0.016044444444444448	0.003158071004362162	0.02010757460911412	0.0	(0.02010757460911412+0j)
0.13	0.016900000000000002	0.003324585906120392	0.021172702634849883	0.0	(0.021172702634849883+0j)
0.13333333333333333	0.017777777777777778	0.0034952291265955004	0.02226479746201896	0.0	(0.02226479746201896+0j)
0.1366666666666667	0.018677777777777783	0.0036699858034194843	0.02338381258638373	0.0	(0.02338381258638373+0j)
0.14	0.019600000000000003	0.0038488407319481333	0.024529701173379784	0.0	(0.024529701173379784+0j)
0.14333333333333334	0.020544444444444445	0.004031778367732941	0.02570241610700922	0.0	(0.02570241610700922+0j)
0.14666666666666667	0.021511111111111113	0.00421878282905519	0.02690191003835941	0.0	(0.02690191003835941+0j)
0.15000000000000002	0.022500000000000006	0.004409837899505553	0.028128135433681214	0.0	(0.028128135433681214+0j)
0.15333333333333335	0.023511111111111115	0.00460492703061699	0.029381044621988178	0.0	(0.029381044621988178+0j)
0.15666666666666668	0.02454444444444445	0.004804033344544267	0.030660589842133202	0.0	(0.030660589842133202+0j)
0.16	0.0256	0.005007139636801217	0.031966723289335336	0.0	(0.031966723289335336+0j)
0.16333333333333333	0.026677777777777776	0.005214228379039065	0.03329939716112753	0.0	(0.03329939716112753+0j)
0.16666666666666669	0.027777777777777783	0.005425281721879172	0.03465856370271303	0.0	(0.03465856370271303+0j)
0.17	0.028900000000000006	0.005640281497790167	0.03604417525172148	0.0	(0.03604417525172148+0j)
0.17333333333333334	0.030044444444444447	0.00585920922401395	0.037456184282370755	0.0	(0.037456184282370755+0j)
0.17666666666666667	0.03121111111111111	0.006082046105536643	0.03889454344905126	0.0	(0.03889454344905126+0j)
0.18000000000000002	0.032400000000000005	0.006308773038107285	0.040359205629358935	0.0	(0.040359205629358935+0j)
0.18333333333333335	0.03361111111111112	0.006539370611302053	0.04185012396662367	0.0	(0.04185012396662367+0j)
0.18666666666666668	0.03484444444444445	0.006773819111628443	0.043367251911986454	0.0	(0.043367251911986454+0j)
0.19	0.0361	0.007012098525677191	0.04491054326610797	0.0	(0.04491054326610797+0j)
0.19333333333333336	0.03737777777777779	0.007254188543316664	0.046479952220604456	0.0	(0.046479952220604456+0j)
0.19666666666666668	0.03867777777777778	0.00750006856092833	0.04807543339932955	0.0	(0.04807543339932955+0j)
0.2	0.04000000000000001	0.007749717684681912	0.049696941899649405	0.0	(0.049696941899649405+0j)
0.20333333333333334	0.04134444444444445	0.008003114733854955	0.051344433333890244	0.0	(0.051344433333890244+0j)
0.2066666666666667	0.04271111111111112	0.008260238244188756	0.05301786387116903	0.0	(0.05301786387116903+0j)
0.21000000000000002	0.04410000000000001	0.00852106647128481	0.05471719027985808	0.0	(0.05471719027985808+0j)
0.21333333333333335	0.04551111111111112	0.008785577394038457	0.05644236997098495	0.0	(0.05644236997098495+0j)
0.21666666666666667	0.04694444444444445	0.009053748718111376	0.058193361042929194	0.0	(0.058193361042929194+0j)
0.22	0.0484	0.009325557879439617	0.05997012232782116	0.0	(0.05997012232782116+0j)
0.22333333333333336	0.049877777777777785	0.009600982047776874	0.06177261344015606	0.0	(0.06177261344015606+0j)
0.22666666666666668	0.051377777777777786	0.00987999813027246	0.06360079482821299	0.0	(0.06360079482821299+0j)
0.23	0.0529	0.01016258277508647	0.06545462782896878	0.0	(0.06545462782896878+0j)
0.23333333333333334	0.05444444444444445	0.01044871237503242	0.06733407472735337	0.0	(0.06733407472735337+0j)
0.2366666666666667	0.05601111111111112	0.010738363071257917	0.06923909882084081	0.0	(0.06923909882084081+0j)
0.24000000000000002	0.05760000000000001	0.011031510756953633	0.07116966449056687	0.0	(0.07116966449056687+0j)
0.24333333333333335	0.05921111111111112	0.011328131081093373	0.07312573728040556	0.0	(0.07312573728040556+0j)
0.24666666666666667	0.06084444444444445	0.011628199452204668	0.0751072839857387	0.0	(0.0751072839857387+0j)
0.25	0.0625	0.01193169104216768	0.07711427275400891	0.0	(0.07711427275400891+0j)
0.25333333333333335	0.06417777777777779	0.012238580790041587	0.07914667319960532	0.0	(0.07914667319960532+0j)
0.2566666666666667	0.0658777777777778	0.012548843405920107	0.08120445653620643	0.0	(0.08120445653620643+0j)
0.26	0.06760000000000001	0.0128624533748109	0.0832875957304043	0.0	(0.0832875957304043+0j)
0.26333333333333336	0.06934444444444446	0.013179384960542856	0.08539606568135537	0.0	(0.08539606568135537+0j)
0.26666666666666666	0.07111111111111111	0.013499612209693923	0.08752984343234992	0.0	(0.08752984343234992+0j)
0.27	0.0729	0.013823108955548224	0.08968890842167972	0.0	(0.08968890842167972+0j)
0.2733333333333334	0.07471111111111113	0.014149848822070654	0.0918732427820872	0.0	(0.0918732427820872+0j)
0.27666666666666667	0.07654444444444444	0.014479805227906178	0.0940828317005848	0.0	(0.0940828317005848+0j)
0.28	0.07840000000000001	0.014812951390399398	0.0963176638536868	0.0	(0.0963176638536868+0j)
0.2833333333333333	0.08027777777777777	0.015149260329633818	0.09857773193744299	0.0	(0.09857773193744299+0j)
0.2866666666666667	0.08217777777777778	0.015488704872490405	0.100863033317424	0.0	(0.100863033317424+0j)
0.29000000000000004	0.08410000000000002	0.015831257656725023	0.10317357083158518	0.0	(0.10317357083158518+0j)
0.29333333333333333	0.08604444444444445	0.016176891135061683	0.10550935378954536	0.0	(0.10550935378954536+0j)
0.2966666666666667	0.08801111111111112	0.01652557757930384	0.10787039922635247	0.0	(0.10787039922635247+0j)
0.30000000000000004	0.09000000000000002	0.016877289084459846	0.11025673348907568	0.0	(0.11025673348907568+0j)
0.30333333333333334	0.09201111111111111	0.017231997572884072	0.11266839426305805	0.0	(0.11266839426305805+0j)
0.3066666666666667	0.09404444444444446	0.01758967479843082	0.11510543318530234	0.0	(0.11510543318530234+0j)
0.31	0.0961	0.017950292350621816	0.11756791925122656	0.0	(0.11756791925122656+0j)
0.31333333333333335	0.0981777777777778	0.01831382165882453	0.12005594330717866	0.0	(0.12005594330717866+0j)
0.3166666666666667	0.1002777777777778	0.018680233996442586	0.12256962404960822	0.0	(0.12256962404960822+0j)
0.32	0.1024	0.019049500485115306	0.12510911614651526	0.0	(0.12510911614651526+0j)
0.32333333333333336	0.10454444444444447	0.019421592098926993	0.1276746213975825	0.0	(0.1276746213975825+0j)
0.32666666666666666	0.1067111111111111	0.019796479668624245	0.1302664043228702	0.0	(0.1302664043228702+0j)
0.33	0.10890000000000001	0.020174133885840495	0.132884814331183	0.0	(0.132884814331183+0j)
0.33333333333333337	0.11111111111111113	0.020554525307326654	0.13553031786999947	0.0	(0.13553031786999947+0j)
0.33666666666666667	0.11334444444444444	0.020937624359188278	0.13820354606100718	0.0	(0.13820354606100718+0j)
0.34	0.11560000000000002	0.02132340134112648	0.1409053669383469	0.0	(0.1409053669383469+0j)
0.3433333333333334	0.1178777777777778	0.021711826430683145	0.14363699774348204	0.0	(0.14363699774348204+0j)
0.3466666666666667	0.12017777777777779	0.022102869687487953	0.14640018399813362	0.0	(0.14640018399813362+0j)
0.35000000000000003	0.12250000000000003	0.02249650105750914	0.14919749204540314	0.0	(0.14919749204540314+0j)
0.35333333333333333	0.12484444444444444	0.022892690377303224	0.15203279540911852	0.0	(0.15203279540911852+0j)
0.3566666666666667	0.12721111111111114	0.023291407378267306	0.15491208099826814	0.0	(0.15491208099826814+0j)
0.36000000000000004	0.12960000000000002	0.023692621690887816	0.15784470019919694	0.0	(0.15784470019919694+0j)
0.36333333333333334	0.1320111111111111	0.024096302848990656	0.16084477509004683	0.0	(0.16084477509004683+0j)
0.3666666666666667	0.13444444444444448	0.024502420293986624	0.16393006685661318	0.0	(0.16393006685661318+0j)
0.37000000000000005	0.13690000000000005	0.024910943379114828	0.16710857401675458	0.0	(0.16710857401675458+0j)
0.37333333333333335	0.1393777777777778	0.025321841373681445	0.16857024073116772	-0.00968813903771632	(0.16857024073116772-0.00968813903771632j)
0.3766666666666667	0.1418777777777778	0.02573508346729335	0.16857024073116772	0.00968813903771632	(0.16857024073116772+0.00968813903771632j)
0.38	0.1444	0.026150638774086535	0.17034819562675582	0.0	(0.17034819562675582+0j)
0.38333333333333336	0.14694444444444446	0.026568476336946978	0.17358406654380176	0.0	(0.17358406654380176+0j)
0.3866666666666667	0.14951111111111115	0.026988565131724623	0.1767815188728919	0.0	(0.1767815188728919+0j)
0.39	0.1521	0.027410874071438357	0.17994581488907765	0.0	(0.17994581488907765+0j)
0.39333333333333337	0.15471111111111113	0.027835372010472717	0.1830929857879975	0.0	(0.1830929857879975+0j)
0.39666666666666667	0.15734444444444445	0.028262027748763366	0.1862362399554259	0.0	(0.1862362399554259+0j)
0.4	0.16000000000000003	0.028690810035972847	0.1893844598578682	0.0	(0.1893844598578682+0j)
0.4033333333333334	0.1626777777777778	0.02912168757565399	0.1925433850217822	0.0	(0.1925433850217822+0j)
0.4066666666666667	0.1653777777777778	0.029554629029400828	0.19571675285763002	0.0	(0.19571675285763002+0j)
0.41000000000000003	0.16810000000000003	0.02998960302098709	0.19890705175023854	0.0	(0.19890705175023854+0j)
0.4133333333333334	0.1708444444444445	0.030426578140489227	0.20211598115039378	0.0	(0.20211598115039378+0j)
0.4166666666666667	0.17361111111111113	0.03086552294839645	0.20534473057537772	0.0	(0.20534473057537772+0j)
0.42000000000000004	0.17640000000000003	0.03130640597970323	0.20859415138936796	0.0	(0.20859415138936796+0j)
0.42333333333333334	0.17921111111111113	0.03174919574798735	0.2118648650038103	0.0	(0.2118648650038103+0j)
0.4266666666666667	0.18204444444444448	0.032193860749469144	0.2151573327278528	0.0	(0.2151573327278528+0j)
0.43000000000000005	0.18490000000000004	0.032640369467053926	0.21847190196328833	0.0	(0.21847190196328833+0j)
0.43333333333333335	0.1877777777777778	0.03308869037435595	0.2218088374589283	0.0	(0.2218088374589283+0j)
0.4366666666666667	0.1906777777777778	0.03353879193970212	0.22516834290739068	0.0	(0.22516834290739068+0j)
0.44	0.1936	0.033990642630116405	0.22855057616058982	0.0	(0.22855057616058982+0j)
0.44333333333333336	0.19654444444444447	0.03444421091528319	0.2319556601414304	0.0	(0.2319556601414304+0j)
0.4466666666666667	0.19951111111111114	0.034899465271489676	0.23538369079714233	0.0	(0.23538369079714233+0j)
0.45	0.2025	0.03535637418554508	0.23883474298324886	0.0	(0.23883474298324886+0j)
0.45333333333333337	0.20551111111111114	0.03581490615867818	0.24230887487632724	0.0	(0.24230887487632724+0j)
0.4566666666666667	0.2085444444444445	0.036275029710410474	0.2458061313252589	0.0	(0.2458061313252589+0j)
0.46	0.2116	0.036736713382405535	0.24932654642584626	0.0	(0.24932654642584626+0j)
0.4633333333333334	0.21467777777777783	0.0371999257422935	0.2528701455200709	0.0	(0.2528701455200709+0j)
0.4666666666666667	0.2177777777777778	0.03766463538746996	0.2564369467640035	0.0	(0.2564369467640035+0j)
0.47000000000000003	0.22090000000000004	0.03813081094886903	0.2600269623687941	0.0	(0.2600269623687941+0j)
0.4733333333333334	0.2240444444444445	0.03859842109470893	0.26364019959138696	0.0	(0.26364019959138696+0j)
0.4766666666666667	0.2272111111111111	0.03906743453421121	0.26727666153180996	0.0	(0.26727666153180996+0j)
0.48000000000000004	0.23040000000000005	0.039537820021291366	0.27093634777966213	0.0	(0.27093634777966213+0j)
0.48333333333333334	0.2336111111111111	0.04000954635822056	0.27461925494204475	0.0	(0.27461925494204475+0j)
0.4866666666666667	0.23684444444444447	0.04048258239925939	0.27832537707762245	0.0	(0.27832537707762245+0j)
0.49000000000000005	0.24010000000000004	0.04095689705426047	0.28205470605571337	0.0	(0.28205470605571337+0j)
0.49333333333333335	0.2433777777777778	0.04143245929224191	0.28580723185526524	0.0	(0.28580723185526524+0j)
0.4966666666666667	0.2466777777777778	0.04190923814492906	0.2895829428151651	0.0	(0.2895829428151651+0j)
0.5	0.25	0.0423872027102656	0.29338182584498845	0.0	(0.29338182584498845+0j)
0.5033333333333334	0.25334444444444454	0.04286632215589215	0.2972038666034259	0.0	(0.2972038666034259+0j)
0.5066666666666667	0.25671111111111117	0.04334656572259274	0.3010490496501269	0.0	(0.3010490496501269+0j)
0.51	0.2601	0.04382790272770817	0.3049173585755665	0.0	(0.3049173585755665+0j)
0.5133333333333334	0.2635111111111112	0.04431030256851622	0.3088087761126891	0.0	(0.3088087761126891+0j)
0.5166666666666667	0.2669444444444445	0.04479373472557741	0.31272328423334195	0.0	(0.31272328423334195+0j)
0.52	0.27040000000000003	0.04527816876604706	0.31666086423199796	0.0	(0.31666086423199796+0j)
0.5233333333333333	0.2738777777777778	0.045763574346951615	0.3206214967987568	0.0	(0.3206214967987568+0j)
0.5266666666666667	0.27737777777777783	0.046249921218430544	0.3246051620833061	0.0	(0.3246051620833061+0j)
0.53	0.28090000000000004	0.04673717922694186	0.3286118397512618	0.0	(0.3286118397512618+0j)
0.5333333333333333	0.28444444444444444	0.047225318318431624	0.3326415090339611	0.0	(0.3326415090339611+0j)
0.5366666666666667	0.28801111111111116	0.04771430854146712	0.3366941487727259	0.0	(0.3366941487727259+0j)
0.54	0.2916	0.04820412005033255	0.3407697374583653	0.0	(0.3407697374583653+0j)
0.5433333333333333	0.2952111111111111	0.04869472310808771	0.344868253266588	0.0	(0.344868253266588+0j)
0.5466666666666667	0.2988444444444445	0.04918608808958863	0.34898967408992554	0.0	(0.34898967408992554+0j)
0.55	0.30250000000000005	0.049678185484470436	0.35313397756657555	0.0	(0.35313397756657555+0j)
0.5533333333333333	0.30617777777777777	0.05017098590009112	0.3573011411066163	0.0	(0.3573011411066163+0j)
0.5566666666666668	0.30987777777777786	0.0506644600644373	0.36149114191598536	0.0	(0.36149114191598536+0j)
0.56	0.31360000000000005	0.05115857882898967	0.36570395701835495	0.0	(0.36570395701835495+0j)
0.5633333333333334	0.3173444444444445	0.051653313171550336	0.36993956327535293	0.0	(0.36993956327535293+0j)
0.5666666666666667	0.32111111111111107	0.05214863419902887	0.37419793740519147	0.0	(0.37419793740519147+0j)
0.5700000000000001	0.3249000000000001	0.05264451315018952	0.37847905599996573	0.0	(0.37847905599996573+0j)
0.5733333333333334	0.3287111111111111	0.05314092139835729	0.38278289554174666	0.0	(0.38278289554174666+0j)
0.5766666666666667	0.3325444444444444	0.05363783045408351	0.3871094324176061	0.0	(0.3871094324176061+0j)
0.5800000000000001	0.3364000000000001	0.05413521196777075	0.3914586429337531	0.0	(0.3914586429337531+0j)
0.5833333333333334	0.34027777777777785	0.05463303773225604	0.39583050332874015	0.0	(0.39583050332874015+0j)
0.5866666666666667	0.3441777777777778	0.05513127968535328	0.40022498978598453	0.0	(0.40022498978598453+0j)
0.5900000000000001	0.3481000000000001	0.05562990991235349	0.4046420784456056	0.0	(0.4046420784456056+0j)
0.5933333333333334	0.3520444444444445	0.056128900648483616	0.40908174541561904	0.0	(0.40908174541561904+0j)
0.5966666666666667	0.3560111111111111	0.05662822428132295	0.4135439667825961	0.0	(0.4135439667825961+0j)
0.6000000000000001	0.3600000000000001	0.05712785335317756	0.41802871862185076	0.0	(0.41802871862185076+0j)
0.6033333333333334	0.3640111111111112	0.05762776056341222	0.42253597700710355	0.0	(0.42253597700710355+0j)
0.6066666666666667	0.36804444444444445	0.05812791877073968	0.4270657180197861	0.0	(0.4270657180197861+0j)
0.61	0.3721	0.05862830099546728	0.4316179177579241	0.0	(0.4316179177579241+0j)
0.6133333333333334	0.37617777777777783	0.059128880421700676	0.43619255234467896	0.0	(0.43619255234467896+0j)
0.6166666666666667	0.3802777777777778	0.05962963039950456	0.4407895979365505	0.0	(0.4407895979365505+0j)
0.62	0.3844	0.06013052444702016	0.4454090307312717	0.0	(0.4454090307312717+0j)
0.6233333333333334	0.3885444444444445	0.06063153625253967	0.4500508269754374	0.0	(0.4500508269754374+0j)
0.6266666666666667	0.3927111111111112	0.061132639676537065	0.4547149629718286	0.0	(0.4547149629718286+0j)
0.63	0.39690000000000003	0.0616338087536559	0.45940141508651433	0.0	(0.45940141508651433+0j)
0.6333333333333334	0.4011111111111112	0.06213501769465328	0.46411015975569647	0.0	(0.46411015975569647+0j)
0.6366666666666667	0.4053444444444445	0.0626362408883003	0.46884117349233256	0.0	(0.46884117349233256+0j)
0.64	0.4096	0.06313745290323902	0.47359443289255776	0.0	(0.47359443289255776+0j)
0.6433333333333334	0.4138777777777779	0.0636386284897959	0.4783699146418864	0.0	(0.4783699146418864+0j)
0.6466666666666667	0.41817777777777787	0.06413974258175094	0.4831675955212132	0.0	(0.4831675955212132+0j)
0.65	0.42250000000000004	0.06464077029806406	0.4879874524126691	0.0	(0.4879874524126691+0j)
0.6533333333333333	0.4268444444444444	0.0651416869445571	0.4928294623052346	0.0	(0.4928294623052346+0j)
0.6566666666666667	0.4312111111111112	0.06564246801555214	0.4976936023002494	0.0	(0.4976936023002494+0j)
0.66	0.43560000000000004	0.06614308919546655	0.5025798496167128	0.0	(0.5025798496167128+0j)
0.6633333333333333	0.44001111111111113	0.06664352636036394	0.5074881815964313	0.0	(0.5074881815964313+0j)
0.6666666666666667	0.44444444444444453	0.06714375557946191	0.5124185757090387	0.0	(0.5124185757090387+0j)
0.67	0.4489000000000001	0.06764375311659575	0.5173710095568499	0.0	(0.5173710095568499+0j)
0.6733333333333333	0.45337777777777777	0.06814349543163895	0.522345460879584	0.0	(0.522345460879584+0j)
0.6766666666666667	0.4578777777777779	0.06864295918188038	0.5273419075589267	0.0	(0.5273419075589267+0j)
0.68	0.4624000000000001	0.06914212122335742	0.5323603276229951	0.0	(0.5323603276229951+0j)
0.6833333333333333	0.46694444444444444	0.06964095861214664	0.537400699250672	0.0	(0.537400699250672+0j)
0.6866666666666668	0.4715111111111112	0.07013944860561086	0.5424630007757749	0.0	(0.5424630007757749+0j)
0.6900000000000001	0.4761000000000001	0.07063756866360299	0.5475472106911673	0.0	(0.5475472106911673+0j)
0.6933333333333334	0.48071111111111114	0.0711352964496271	0.5526533076527294	0.0	(0.5526533076527294+0j)
0.6966666666666667	0.4853444444444444	0.07163260983195692	0.5577812704832054	0.0	(0.5577812704832054+0j)
0.7000000000000001	0.4900000000000001	0.07212948688471085	0.5629310781759683	0.0	(0.5629310781759683+0j)
0.7033333333333334	0.4946777777777778	0.07262590588888518	0.5681027098986922	0.0	(0.5681027098986922+0j)
0.7066666666666667	0.49937777777777775	0.0731218453333446	0.5732961449968998	0.0	(0.5732961449968998+0j)
0.7100000000000001	0.5041000000000001	0.0736172839157703	0.5785113629974452	0.0	(0.5785113629974452+0j)
0.7133333333333334	0.5088444444444445	0.07411220054356615	0.5837483436118922	0.0	(0.5837483436118922+0j)
0.7166666666666667	0.5136111111111111	0.07460657433472316	0.5890070667398324	0.0	(0.5890070667398324+0j)
0.7200000000000001	0.5184000000000001	0.07510038461864188	0.5942875124721057	0.0	(0.5942875124721057+0j)
0.7233333333333334	0.5232111111111112	0.07559361093691339	0.5995896610939688	0.0	(0.5995896610939688+0j)
0.7266666666666667	0.5280444444444444	0.07608623304405927	0.6049134930881819	0.0	(0.6049134930881819+0j)
0.7300000000000001	0.5329000000000002	0.07657823090823004	0.6102589891380235	0.0	(0.6102589891380235+0j)
0.7333333333333334	0.5377777777777779	0.07706958471186307	0.615626130130317	0.0	(0.615626130130317+0j)
0.7366666666666667	0.5426777777777778	0.07756027485229959	0.6210148971582874	0.0	(0.6210148971582874+0j)
0.7400000000000001	0.5476000000000002	0.07805028194236169	0.6264252715245037	0.0	(0.6264252715245037+0j)
0.7433333333333334	0.5525444444444445	0.07853958681088852	0.6318572347436985	0.0	(0.6318572347436985+0j)
0.7466666666666667	0.5575111111111112	0.07902817050323341	0.6373107685455865	0.0	(0.6373107685455865+0j)
0.75	0.5625	0.07951601428172053	0.6427858548776563	0.0	(0.6427858548776563+0j)
0.7533333333333334	0.5675111111111112	0.08000309962606295	0.648282475907955	0.0	(0.648282475907955+0j)
0.7566666666666667	0.5725444444444445	0.0804894082337408	0.6538006140278416	0.0	(0.6538006140278416+0j)
0.76	0.5776	0.08097492202034144	0.6593402518547775	0.0	(0.6593402518547775+0j)
0.7633333333333334	0.582677777777778	0.08145962311986055	0.6649013722350949	0.0	(0.6649013722350949+0j)
0.7666666666666667	0.5877777777777778	0.08194349388496494	0.6704839582467611	0.0	(0.6704839582467611+0j)
0.77	0.5929	0.08242651688721808	0.6760879932023001	0.0	(0.6760879932023001+0j)
0.7733333333333334	0.5980444444444446	0.08290867491726733	0.6817134606515268	0.0	(0.6817134606515268+0j)
0.7766666666666667	0.6032111111111113	0.08338995098499402	0.6873603443846057	0.0	(0.6873603443846057+0j)
0.78	0.6084	0.0838703283196269	0.693028628434941	0.0	(0.693028628434941+0j)
0.7833333333333334	0.6136111111111112	0.08434979036981859	0.6987182970822747	0.0	(0.6987182970822747+0j)
0.7866666666666667	0.6188444444444445	0.08482832080368585	0.704429334855878	0.0	(0.704429334855878+0j)
0.79	0.6241000000000001	0.08530590350881381	0.7101617265377643	0.0	(0.7101617265377643+0j)
0.7933333333333333	0.6293777777777778	0.08578252259222455	0.7159154571661649	0.0	(0.7159154571661649+0j)
0.7966666666666667	0.6346777777777779	0.08625816238031064	0.7216905120390416	0.0	(0.7216905120390416+0j)
0.8	0.6400000000000001	0.08673280741873343	0.7274868767178301	0.0	(0.7274868767178301+0j)
0.8033333333333333	0.6453444444444445	0.08720644247228687	0.7333045370313791	0.0	(0.7333045370313791+0j)
0.8066666666666668	0.6507111111111112	0.08767905252472723	0.7391434790800798	0.0	(0.7391434790800798+0j)
0.81	0.6561000000000001	0.08815062277856894	0.7450036892403101	0.0	(0.7450036892403101+0j)
0.8133333333333334	0.6615111111111112	0.08862113865484696	0.7508851541691189	0.0	(0.7508851541691189+0j)
0.8166666666666668	0.6669444444444446	0.0890905857928459	0.7567878608092414	0.0	(0.7567878608092414+0j)
0.8200000000000001	0.6724000000000001	0.08955895004979686	0.7627117963944945	0.0	(0.7627117963944945+0j)
0.8233333333333334	0.6778777777777778	0.09002621750054149	0.768656948455603	0.0	(0.768656948455603+0j)
0.8266666666666668	0.683377777777778	0.09049237443716457	0.7746233048264853	0.0	(0.7746233048264853+0j)
0.8300000000000001	0.6889000000000001	0.09095740736859452	0.7806108536510158	0.0	(0.7806108536510158+0j)
0.8333333333333334	0.6944444444444445	0.09142130302017347	0.7866195833904407	0.0	(0.7866195833904407+0j)
0.8366666666666667	0.7000111111111111	0.09188404833319602	0.7926494828314776	0.0	(0.7926494828314776+0j)
0.8400000000000001	0.7056000000000001	0.09234563046441803	0.7987005410950672	0.0	(0.7987005410950672+0j)
0.8433333333333334	0.7112111111111112	0.09280603678553528	0.8047727476461427	0.0	(0.8047727476461427+0j)
0.8466666666666667	0.7168444444444445	0.09326525488263279	0.8108660923041541	0.0	(0.8108660923041541+0j)
0.8500000000000001	0.7225000000000001	0.09372327255560511	0.8169805652549225	0.0	(0.8169805652549225+0j)
0.8533333333333334	0.7281777777777779	0.09418007781754764	0.8231161570634921	0.0	(0.8231161570634921+0j)
0.8566666666666667	0.7338777777777779	0.09463565889412003	0.829272858688622	0.0	(0.829272858688622+0j)
0.8600000000000001	0.7396000000000001	0.09509000422288172	0.8354506614986932	0.0	(0.8354506614986932+0j)
0.8633333333333334	0.7453444444444446	0.09554310245259978	0.8416495572895545	0.0	(0.8416495572895545+0j)
0.8666666666666667	0.7511111111111112	0.09599494244253022	0.8478695383044419	0.0	(0.8478695383044419+0j)
0.8700000000000001	0.7569000000000002	0.0964455132616724	0.8541105972562761	0.0	(0.8541105972562761+0j)
0.8733333333333334	0.7627111111111112	0.09689480418799754	0.8603727273527889	0.0	(0.8603727273527889+0j)
0.8766666666666667	0.7685444444444445	0.09734280470765148	0.8666559223247509	0.0	(0.8666559223247509+0j)
0.88	0.7744	0.0977895045141322	0.8729601764579933	0.0	(0.8729601764579933+0j)
0.8833333333333334	0.780277777777778	0.09823489350744247	0.8792854846296397	0.0	(0.8792854846296397+0j)
0.8866666666666667	0.7861777777777779	0.09867896179321833	0.8856318423494387	0.0	(0.8856318423494387+0j)
0.89	0.7921	0.09912169968183336	0.8919992458068617	0.0	(0.8919992458068617+0j)
0.8933333333333334	0.7980444444444446	0.09956309768747976	0.8983876919251833	0.0	(0.8983876919251833+0j)
0.8966666666666667	0.8040111111111112	0.10000314652722603	0.904797178423657	0.0	(0.904797178423657+0j)
0.9	0.81	0.10044183712005243	0.9112277038893286	0.0	(0.9112277038893286+0j)
0.9033333333333334	0.8160111111111112	0.1008791605858639	0.9176792678604339	0.0	(0.9176792678604339+0j)
0.9066666666666667	0.8220444444444446	0.10131510824448152	0.924151870923568	0.0	(0.924151870923568+0j)
0.91	0.8281000000000001	0.10174967161461261	0.9306455148274829	0.0	(0.9306455148274829+0j)
0.9133333333333334	0.834177777777778	0.10218284241279982	0.9371602026171663	0.0	(0.9371602026171663+0j)
0.9166666666666667	0.8402777777777779	0.1026146125523501	0.9436959387925128	0.0	(0.9436959387925128+0j)
0.92	0.8464	0.10304497414224353	0.9502527294974422	0.0	(0.9502527294974422+0j)
0.9233333333333333	0.8525444444444444	0.10347391948602275	0.9568305827465445	0.0	(0.9568305827465445+0j)
0.9266666666666667	0.8587111111111113	0.10390144108066307	0.9634295086988668	0.0	(0.9634295086988668+0j)
0.93	0.8649000000000001	0.10432753161542432	0.970049519990921	0.0	(0.970049519990921+0j)
0.9333333333333333	0.8711111111111112	0.1047521839706842	0.9766906321452448	0.0	(0.9766906321452448+0j)
0.9366666666666668	0.8773444444444446	0.10517539121675405	0.9833528640761219	0.0	(0.9833528640761219+0j)
0.9400000000000001	0.8836000000000002	0.10559714661267727	0.9900362387217859	0.0	(0.9900362387217859+0j)
0.9433333333333334	0.8898777777777778	0.10601744360501081	0.9967407838433233	0.0	(0.9967407838433233+0j)
0.9466666666666668	0.896177777777778	0.10643627582659033	1.003466533046509	0.0	(1.003466533046509+0j)
0.9500000000000001	0.9025000000000001	0.10685363709527927	1.0102135271061097	0.0	(1.0102135271061097+0j)
0.9533333333333334	0.9088444444444445	0.10726952141270245	1.0169818157081163	0.0	(1.0169818157081163+0j)
0.9566666666666668	0.9152111111111113	0.10768392296296453	1.0237714597801708	0.0	(1.0237714597801708+0j)
0.9600000000000001	0.9216000000000002	0.10809683611135357	1.0305825346683595	0.0	(1.0305825346683595+0j)
0.9633333333333334	0.9280111111111112	0.10850825540303073	1.0374151345622784	0.0	(1.0374151345622784+0j)
0.9666666666666667	0.9344444444444444	0.10891817556170583	1.0442693788140212	0.0	(1.0442693788140212+0j)
0.9700000000000001	0.9409000000000002	0.1093265914882996	1.0511454212268245	0.0	(1.0511454212268245+0j)
0.9733333333333334	0.9473777777777779	0.10973349825959287	1.058043464184041	0.0	(1.058043464184041+0j)
0.9766666666666667	0.9538777777777778	0.11013889112686345	1.0649637810399826	0.0	(1.0649637810399826+0j)
0.9800000000000001	0.9604000000000001	0.1105427655145106	1.0719067534258313	0.0	(1.0719067534258313+0j)
0.9833333333333334	0.9669444444444446	0.11094511701866791	1.078872937425165	0.0	(1.078872937425165+0j)
0.9866666666666667	0.9735111111111112	0.11134594140580492	1.0858631908424186	0.0	(1.0858631908424186+0j)
0.9900000000000001	0.9801000000000002	0.11174523461131793	1.09287894606723	0.0	(1.09287894606723+0j)
0.9933333333333334	0.9867111111111112	0.11214299273811	1.099922893269842	0.0	(1.099922893269842+0j)
0.9966666666666667	0.9933444444444445	0.11253921205516139	1.1070011627982568	0.0	(1.1070011627982568+0j)
1.0	1.0	0.11293388899608998	1.11413438373681	0.0	(1.11413438373681+0j)
