-1.0	-1.0	-0.005646694449804499	-1.0056669948402897	0.0	(-1.0056669948402897+0j)
-0.99	-0.9801	-0.0055872617305658965	-0.985703659163594	0.0	(-0.985703659163594+0j)
-0.98	-0.9603999999999999	-0.005527138275725528	-0.9659416674794747	0.0	(-0.9659416674794747+0j)
-0.97	-0.9409	-0.005466329574414979	-0.9463796786033231	0.0	(-0.9463796786033231+0j)
-0.96	-0.9216	-0.005404841805567677	-0.9270173564586708	0.0	(-0.9270173564586708+0j)
-0.9500000000000001	-0.9025000000000001	-0.005342681854763964	-0.9078545707191334	0.0	(-0.9078545707191334+0j)
-0.9400000000000001	-0.8836000000000002	-0.005279857330633864	-0.8888912605842632	0.0	(-0.8888912605842632+0j)
-0.93	-0.8649000000000001	-0.005216376580771216	-0.8701273955374127	0.0	(-0.8701273955374127+0j)
-0.92	-0.8464	-0.005152248707112177	-0.8515629605827238	0.0	(-0.8515629605827238+0j)
-0.91	-0.8281000000000001	-0.0050874835807306305	-0.8331979496816891	0.0	(-0.8331979496816891+0j)
-0.9	-0.81	-0.0050220918560026214	-0.8150323624776533	0.0	(-0.8150323624776533+0j)
-0.89	-0.7921	-0.004956084984091668	-0.7970662025162909	0.0	(-0.7970662025162909+0j)
-0.88	-0.7744	-0.0048894752257066095	-0.7792994762138373	0.0	(-0.7792994762138373+0j)
-0.87	-0.7569	-0.004822275663083619	-0.7617321922275171	0.0	(-0.7617321922275171+0j)
-0.86	-0.7395999999999999	-0.004754500211144085	-0.7443643610552465	0.0	(-0.7443643610552465+0j)
-0.85	-0.7224999999999999	-0.004686163627780254	-0.7271959947724149	0.0	(-0.7271959947724149+0j)
-0.84	-0.7055999999999999	-0.0046172815232209015	-0.7102271068539383	0.0	(-0.7102271068539383+0j)
-0.8300000000000001	-0.6889000000000001	-0.004547870368429726	-0.6934577120510322	0.0	(-0.6934577120510322+0j)
-0.8200000000000001	-0.6724000000000001	-0.004477947502489843	-0.6768878263041692	0.0	(-0.6768878263041692+0j)
-0.81	-0.6561000000000001	-0.004407531138928447	-0.6605174666804529	0.0	(-0.6605174666804529+0j)
-0.8	-0.6400000000000001	-0.004336640370936671	-0.6443466513277875	0.0	(-0.6443466513277875+0j)
-0.79	-0.6241000000000001	-0.00426529517544069	-0.6283753994407407	0.0	(-0.6283753994407407+0j)
-0.78	-0.6084	-0.004193516415981345	-0.6126037312347411	0.0	(-0.6126037312347411+0j)
-0.77	-0.5929	-0.0041213258443609044	-0.5970316679260703	0.0	(-0.5970316679260703+0j)
-0.76	-0.5776	-0.004048746101017072	-0.5816592317161193	0.0	(-0.5816592317161193+0j)
-0.75	-0.5625	-0.003975800714086026	-0.5664864457785393	0.0	(-0.5664864457785393+0j)
-0.74	-0.5476	-0.0039025140971180833	-0.5515133342485092	0.0	(-0.5515133342485092+0j)
-0.73	-0.5328999999999999	-0.003828911545411501	-0.5367399222134487	0.0	(-0.5367399222134487+0j)
-0.72	-0.5184	-0.0037550192309320925	-0.5221662357046049	0.0	(-0.5221662357046049+0j)
-0.71	-0.5041	-0.0036808641957885137	-0.5077923016892537	0.0	(-0.5077923016892537+0j)
-0.7000000000000001	-0.4900000000000001	-0.003606474344235543	-0.49361814806310544	0.0	(-0.49361814806310544+0j)
-0.6900000000000001	-0.4761000000000001	-0.0035318784331801493	-0.4796438036427018	0.0	(-0.4796438036427018+0j)
-0.68	-0.4624000000000001	-0.003457106061167871	-0.46586929815764844	0.0	(-0.46586929815764844+0j)
-0.67	-0.4489000000000001	-0.0033821876558297872	-0.45229466224237613	0.0	(-0.45229466224237613+0j)
-0.66	-0.43560000000000004	-0.0033071544597733276	-0.43891992742733865	0.0	(-0.43891992742733865+0j)
-0.65	-0.42250000000000004	-0.003232038514903203	-0.42574512612938176	0.0	(-0.42574512612938176+0j)
-0.64	-0.4096	-0.0031568726451619514	-0.4127702916411125	0.0	(-0.4127702916411125+0j)
-0.63	-0.39690000000000003	-0.003081690437682795	-0.3999954581190039	0.0	(-0.3999954581190039+0j)
-0.62	-0.3844	-0.003006526222351008	-0.3874206605700024	0.0	(-0.3874206605700024+0j)
-0.61	-0.3721	-0.002931415049773364	-0.37504593483627807	0.0	(-0.37504593483627807+0j)
-0.6	-0.36	-0.002856392667658878	-0.36287131757779606	0.0	(-0.36287131757779606+0j)
-0.59	-0.34809999999999997	-0.002781495495617674	-0.3508968462522999	0.0	(-0.3508968462522999+0j)
-0.58	-0.3364	-0.0027067605983885365	-0.339122559092187	0.0	(-0.339122559092187+0j)
-0.5700000000000001	-0.3249000000000001	-0.002632225657509476	-0.32754849507777756	0.0	(-0.32754849507777756+0j)
-0.56	-0.31360000000000005	-0.0025579289414494836	-0.3161746939063078	0.0	(-0.3161746939063078+0j)
-0.55	-0.30250000000000005	-0.002483909274223522	-0.3050011959559444	0.0	(-0.3050011959559444+0j)
-0.54	-0.2916	-0.0024102060025166273	-0.29402804224398804	0.0	(-0.29402804224398804+0j)
-0.53	-0.28090000000000004	-0.002336858961347093	-0.28325527437834713	0.0	(-0.28325527437834713+0j)
-0.52	-0.27040000000000003	-0.002263908438302353	-0.27268293450118747	0.0	(-0.27268293450118747+0j)
-0.51	-0.2601	-0.0021913951363854087	-0.26231106522361264	0.0	(-0.26231106522361264+0j)
-0.5	-0.25	-0.00211936013551328	-0.2521397095499792	0.0	(-0.2521397095499792+0j)
-0.49	-0.24009999999999998	-0.0020478448527130235	-0.24216891079036695	0.0	(-0.24216891079036695+0j)
-0.48	-0.2304	-0.0019768910010645683	-0.23239871245948215	0.0	(-0.23239871245948215+0j)
-0.47000000000000003	-0.22090000000000004	-0.0019065405474434517	-0.2228291581601585	0.0	(-0.2228291581601585+0j)
-0.46	-0.2116	-0.0018368356691202768	-0.21346029144935638	0.0	(-0.21346029144935638+0j)
-0.45	-0.2025	-0.0017678187092772541	-0.2042921556844289	0.0	(-0.2042921556844289+0j)
-0.44	-0.1936	-0.0016995321315058202	-0.19532479384727375	0.0	(-0.19532479384727375+0j)
-0.43	-0.18489999999999998	-0.0016320184733526963	-0.18655824834385398	0.0	(-0.18655824834385398+0j)
-0.42	-0.17639999999999997	-0.001565320298985165	-0.1779925607765806	0.0	(-0.1779925607765806+0j)
-0.41000000000000003	-0.16810000000000003	-0.0014994801510493545	-0.16962777168714085	0.0	(-0.16962777168714085+0j)
-0.4	-0.16000000000000003	-0.0014345405017986423	-0.16146392026768236	0.0	(-0.16146392026768236+0j)
-0.39	-0.1521	-0.0013705437035719178	-0.1535010440388275	0.0	(-0.1535010440388275+0j)
-0.38	-0.1444	-0.0013075319387043267	-0.14573917849399115	0.0	(-0.14573917849399115+0j)
-0.37	-0.1369	-0.0012455471689557449	-0.13817835671100664	0.0	(-0.13817835671100664+0j)
-0.36	-0.1296	-0.0011846310845443908	-0.13081860893435462	0.0	(-0.13081860893435462+0j)
-0.35000000000000003	-0.12250000000000003	-0.001124825052875457	-0.12365996213460541	0.0	(-0.12365996213460541+0j)
-0.34	-0.11560000000000002	-0.001066170067056324	-0.11670243955650829	0.0	(-0.11670243955650829+0j)
-0.33	-0.10890000000000001	-0.0010087066942920248	-0.10994606027382495	0.0	(-0.10994606027382495+0j)
-0.32	-0.1024	-0.0009524750242557653	-0.10339083877849874	0.0	(-0.10339083877849874+0j)
-0.31	-0.0961	-0.0008975146175310908	-0.09703678464500232	0.0	(-0.09703678464500232+0j)
-0.3	-0.09	-0.0008438644542229923	-0.09088390232915523	0.0	(-0.09088390232915523+0j)
-0.29	-0.0841	-0.0007915628828362511	-0.08493219118657121	0.0	(-0.08493219118657121+0j)
-0.28	-0.07840000000000001	-0.0007406475695199699	-0.07918164583186289	0.0	(-0.07918164583186289+0j)
-0.27	-0.0729	-0.0006911554477774112	-0.07363225700977967	0.0	(-0.07363225700977967+0j)
-0.26	-0.06760000000000001	-0.000643122668740545	-0.0682840132184718	0.0	(-0.0682840132184718+0j)
-0.25	-0.0625	-0.000596584552108384	-0.06313690341912637	0.0	(-0.06313690341912637+0j)
-0.24	-0.0576	-0.0005515755378476678	-0.05819092129157456	0.0	(-0.05819092129157456+0j)
-0.23	-0.0529	-0.0005081291387543235	-0.05344607165648706	0.0	(-0.05344607165648706+0j)
-0.22	-0.0484	-0.00046627789397198083	-0.04890237987853031	0.0	(-0.04890237987853031+0j)
-0.21	-0.04409999999999999	-0.0004260533235642405	-0.044559905270107024	0.0	(-0.044559905270107024+0j)
-0.2	-0.04000000000000001	-0.0003874858842340956	-0.04041875967107198	0.0	(-0.04041875967107198+0j)
-0.19	-0.0361	-0.00035060492628385953	-0.03647913234911659	0.0	(-0.03647913234911659+0j)
-0.18	-0.0324	-0.000315438651905392	-0.03274132188132919	0.0	(-0.03274132188132919+0j)
-0.17	-0.028900000000000006	-0.00028201407488950836	-0.029205774286258354	0.0	(-0.029205774286258354+0j)
-0.16	-0.0256	-0.00025035698184006083	-0.025873123734416633	0.0	(-0.025873123734416633+0j)
-0.15	-0.0225	-0.00022049189497530541	-0.022744227031597754	0.0	(-0.022744227031597754+0j)
-0.14	-0.019600000000000003	-0.00019244203659740666	-0.01982017570897625	0.0	(-0.01982017570897625+0j)
-0.13	-0.016900000000000002	-0.0001662292953060196	-0.017102261671790395	0.0	(-0.017102261671790395+0j)
-0.12	-0.0144	-0.000141874194029612	-0.014591868475078967	0.0	(-0.014591868475078967+0j)
-0.11	-0.0121	-0.00011939585994424906	-0.01229026679633037	0.0	(-0.01229026679633037+0j)
-0.1	-0.010000000000000002	-9.881199634531601e-05	-0.010198312355568197	0.0	(-0.010198312355568197+0j)
-0.09	-0.0081	-8.013885653446184e-05	-0.008316068015668006	0.0	(-0.008316068015668006+0j)
-0.08	-0.0064	-6.339121977827489e-05	-0.006642375053030041	0.0	(-0.006642375053030041+0j)
-0.07	-0.004900000000000001	-4.8582369392979885e-05	-0.0051743556501606496	0.0	(-0.0051743556501606496+0j)
-0.06	-0.0036	-3.572407300267422e-05	-0.003906730682697571	0.0	(-0.003906730682697571+0j)
-0.05	-0.0025000000000000005	-2.4826565014901547e-05	-0.002830696483628565	0.0	(-0.002830696483628565+0j)
-0.04	-0.0016	-1.589853135453012e-05	-0.0019319551743954074	0.0	(-0.0019319551743954074+0j)
-0.03	-0.0009	-8.947096485911743e-06	-0.0011874612693450253	0.0	(-0.0011874612693450253+0j)
-0.02	-0.0004	-3.977812756517096e-06	-0.0005610103849837197	0.0	(-0.0005610103849837197+0j)
-0.01	-0.0001	-9.94652090469117e-07	2.881267273380228e-17	-0.019980889118025043	(2.881267273380228e-17-0.019980889118025043j)
0.01	0.0001	9.94652090469117e-07	2.881267273380228e-17	0.019980889118025043	(2.881267273380228e-17+0.019980889118025043j)
0.02	0.0004	3.977812756517096e-06	0.0005610103849836987	0.0	(0.0005610103849836987+0j)
0.03	0.0009	8.947096485911743e-06	0.0011874612693450143	0.0	(0.0011874612693450143+0j)
0.04	0.0016	1.589853135453012e-05	0.001931955174395379	0.0	(0.001931955174395379+0j)
0.05	0.0025000000000000005	2.4826565014901547e-05	0.002830696483628562	0.0	(0.002830696483628562+0j)
0.06	0.0036	3.572407300267422e-05	0.003906730682697589	0.0	(0.003906730682697589+0j)
0.07	0.004900000000000001	4.8582369392979885e-05	0.005174355650160648	0.0	(0.005174355650160648+0j)
0.08	0.0064	6.339121977827489e-05	0.00664237505302998	0.0	(0.00664237505302998+0j)
0.09	0.0081	8.013885653446184e-05	0.008316068015668013	0.0	(0.008316068015668013+0j)
0.1	0.010000000000000002	9.881199634531601e-05	0.010198312355568196	0.0	(0.010198312355568196+0j)
0.11	0.0121	0.00011939585994424906	0.012290266796330322	0.0	(0.012290266796330322+0j)
0.12	0.0144	0.000141874194029612	0.014591868475078873	0.0	(0.014591868475078873+0j)
0.13	0.016900000000000002	0.0001662292953060196	0.0171022616717903	0.0	(0.0171022616717903+0j)
0.14	0.019600000000000003	0.00019244203659740666	0.019820175708976144	0.0	(0.019820175708976144+0j)
0.15	0.0225	0.00022049189497530541	0.022744227031597702	0.0	(0.022744227031597702+0j)
0.16	0.0256	0.00025035698184006083	0.025873123734416508	0.0	(0.025873123734416508+0j)
0.17	0.028900000000000006	0.00028201407488950836	0.029205774286258503	0.0	(0.029205774286258503+0j)
0.18	0.0324	0.000315438651905392	0.03274132188132909	0.0	(0.03274132188132909+0j)
0.19	0.0361	0.00035060492628385953	0.03647913234911642	0.0	(0.03647913234911642+0j)
0.2	0.04000000000000001	0.0003874858842340956	0.040418759671072016	0.0	(0.040418759671072016+0j)
0.21	0.04409999999999999	0.0004260533235642405	0.04455990527010685	0.0	(0.04455990527010685+0j)
0.22	0.0484	0.00046627789397198083	0.04890237987853024	0.0	(0.04890237987853024+0j)
0.23	0.0529	0.0005081291387543235	0.05344607165648712	0.0	(0.05344607165648712+0j)
0.24	0.0576	0.0005515755378476678	0.058190921291574695	0.0	(0.058190921291574695+0j)
0.25	0.0625	0.000596584552108384	0.06313690341912656	0.0	(0.06313690341912656+0j)
0.26	0.06760000000000001	0.000643122668740545	0.06828401321847158	0.0	(0.06828401321847158+0j)
0.27	0.0729	0.0006911554477774112	0.0736322570097795	0.0	(0.0736322570097795+0j)
0.28	0.07840000000000001	0.0007406475695199699	0.07918164583186295	0.0	(0.07918164583186295+0j)
0.29	0.0841	0.0007915628828362511	0.08493219118657129	0.0	(0.08493219118657129+0j)
0.3	0.09	0.0008438644542229923	0.09088390232915529	0.0	(0.09088390232915529+0j)
0.31	0.0961	0.0008975146175310908	0.09703678464500184	0.0	(0.09703678464500184+0j)
0.32	0.1024	0.0009524750242557653	0.1033908387784988	0.0	(0.1033908387784988+0j)
0.33	0.10890000000000001	0.0010087066942920248	0.1099460602738245	0.0	(0.1099460602738245+0j)
0.34	0.11560000000000002	0.001066170067056324	0.11670243955650797	0.0	(0.11670243955650797+0j)
0.35000000000000003	0.12250000000000003	0.001124825052875457	0.12365996213460491	0.0	(0.12365996213460491+0j)
0.36	0.1296	0.0011846310845443908	0.13081860893435515	0.0	(0.13081860893435515+0j)
0.37	0.1369	0.0012455471689557449	0.13817835671100748	0.0	(0.13817835671100748+0j)
0.38	0.1444	0.0013075319387043267	0.14573917849399018	0.0	(0.14573917849399018+0j)
0.39	0.1521	0.0013705437035719178	0.15350104403882742	0.0	(0.15350104403882742+0j)
0.4	0.16000000000000003	0.0014345405017986423	0.16146392026768247	0.0	(0.16146392026768247+0j)
0.41000000000000003	0.16810000000000003	0.0014994801510493545	0.16962777168714113	0.0	(0.16962777168714113+0j)
0.42	0.17639999999999997	0.001565320298985165	0.17799256077658107	0.0	(0.17799256077658107+0j)
0.43	0.18489999999999998	0.0016320184733526963	0.18655824834385418	0.0	(0.18655824834385418+0j)
0.44	0.1936	0.0016995321315058202	0.19532479384727347	0.0	(0.19532479384727347+0j)
0.45	0.2025	0.0017678187092772541	0.2042921556844295	0.0	(0.2042921556844295+0j)
0.46	0.2116	0.0018368356691202768	0.21346029144935685	0.0	(0.21346029144935685+0j)
0.47000000000000003	0.22090000000000004	0.0019065405474434517	0.22282915816015936	0.0	(0.22282915816015936+0j)
0.48	0.2304	0.0019768910010645683	0.2323987124594822	0.0	(0.2323987124594822+0j)
0.49	0.24009999999999998	0.0020478448527130235	0.2421689107903666	0.0	(0.2421689107903666+0j)
0.5	0.25	0.00211936013551328	0.2521397095499806	0.0	(0.2521397095499806+0j)
0.51	0.2601	0.0021913951363854087	0.2623110652236132	0.0	(0.2623110652236132+0j)
0.52	0.27040000000000003	0.002263908438302353	0.27268293450118747	0.0	(0.27268293450118747+0j)
0.53	0.28090000000000004	0.002336858961347093	0.2832552743783485	0.0	(0.2832552743783485+0j)
0.54	0.2916	0.0024102060025166273	0.2940280422439906	0.0	(0.2940280422439906+0j)
0.55	0.30250000000000005	0.002483909274223522	0.30500119595594544	0.0	(0.30500119595594544+0j)
0.56	0.31360000000000005	0.0025579289414494836	0.3161746939063069	0.0	(0.3161746939063069+0j)
0.5700000000000001	0.3249000000000001	0.002632225657509476	0.32754849507777795	0.0	(0.32754849507777795+0j)
0.58	0.3364	0.0027067605983885365	0.33912255909218697	0.0	(0.33912255909218697+0j)
0.59	0.34809999999999997	0.002781495495617674	0.35089684625229783	0.0	(0.35089684625229783+0j)
0.6	0.36	0.002856392667658878	0.36287131757779745	0.0	(0.36287131757779745+0j)
0.61	0.3721	0.002931415049773364	0.3750459348362768	0.0	(0.3750459348362768+0j)
0.62	0.3844	0.003006526222351008	0.3874206605700034	0.0	(0.3874206605700034+0j)
0.63	0.39690000000000003	0.003081690437682795	0.39999545811900333	0.0	(0.39999545811900333+0j)
0.64	0.4096	0.0031568726451619514	0.4127702916411138	0.0	(0.4127702916411138+0j)
0.65	0.42250000000000004	0.003232038514903203	0.4257451261293809	0.0	(0.4257451261293809+0j)
0.66	0.43560000000000004	0.0033071544597733276	0.43891992742733943	0.0	(0.43891992742733943+0j)
0.67	0.4489000000000001	0.0033821876558297872	0.4522946622423748	0.0	(0.4522946622423748+0j)
0.68	0.4624000000000001	0.003457106061167871	0.4658692981576477	0.0	(0.4658692981576477+0j)
0.6900000000000001	0.4761000000000001	0.0035318784331801493	0.4796438036427017	0.0	(0.4796438036427017+0j)
0.7000000000000001	0.4900000000000001	0.003606474344235543	0.49361814806310633	0.0	(0.49361814806310633+0j)
0.71	0.5041	0.0036808641957885137	0.507792301689254	0.0	(0.507792301689254+0j)
0.72	0.5184	0.0037550192309320925	0.522166235704604	0.0	(0.522166235704604+0j)
0.73	0.5328999999999999	0.003828911545411501	0.5367399222134454	0.0	(0.5367399222134454+0j)
0.74	0.5476	0.0039025140971180833	0.551513334248509	0.0	(0.551513334248509+0j)
0.75	0.5625	0.003975800714086026	0.5664864457785374	0.0	(0.5664864457785374+0j)
0.76	0.5776	0.004048746101017072	0.5816592317161192	0.0	(0.5816592317161192+0j)
0.77	0.5929	0.0041213258443609044	0.5970316679260708	0.0	(0.5970316679260708+0j)
0.78	0.6084	0.004193516415981345	0.6126037312347395	0.0	(0.6126037312347395+0j)
0.79	0.6241000000000001	0.00426529517544069	0.6283753994407373	0.0	(0.6283753994407373+0j)
0.8	0.6400000000000001	0.004336640370936671	0.6443466513277861	0.0	(0.6443466513277861+0j)
0.81	0.6561000000000001	0.004407531138928447	0.6605174666804544	0.0	(0.6605174666804544+0j)
0.8200000000000001	0.6724000000000001	0.004477947502489843	0.6768878263041703	0.0	(0.6768878263041703+0j)
0.8300000000000001	0.6889000000000001	0.004547870368429726	0.6934577120510365	0.0	(0.6934577120510365+0j)
0.84	0.7055999999999999	0.0046172815232209015	0.7102271068539414	0.0	(0.7102271068539414+0j)
0.85	0.7224999999999999	0.004686163627780254	0.7271959947724189	0.0	(0.7271959947724189+0j)
0.86	0.7395999999999999	0.004754500211144085	0.7443643610552437	0.0	(0.7443643610552437+0j)
0.87	0.7569	0.004822275663083619	0.7617321922275182	0.0	(0.7617321922275182+0j)
0.88	0.7744	0.0048894752257066095	0.7792994762138409	0.0	(0.7792994762138409+0j)
0.89	0.7921	0.004956084984091668	0.7970662025162868	0.0	(0.7970662025162868+0j)
0.9	0.81	0.0050220918560026214	0.8150323624776505	0.0	(0.8150323624776505+0j)
0.91	0.8281000000000001	0.0050874835807306305	0.8331979496816861	0.0	(0.8331979496816861+0j)
0.92	0.8464	0.005152248707112177	0.8515629605827316	0.0	(0.8515629605827316+0j)
0.93	0.8649000000000001	0.005216376580771216	0.8701273955374181	0.0	(0.8701273955374181+0j)
0.9400000000000001	0.8836000000000002	0.005279857330633864	0.8888912605842622	0.0	(0.8888912605842622+0j)
0.9500000000000001	0.9025000000000001	0.005342681854763964	0.9078545707191311	0.0	(0.9078545707191311+0j)
0.96	0.9216	0.005404841805567677	0.9270173564586717	0.0	(0.9270173564586717+0j)
0.97	0.9409	0.005466329574414979	0.9463796786033265	0.0	(0.9463796786033265+0j)
0.98	0.9603999999999999	0.005527138275725528	0.9659416674794802	0.0	(0.9659416674794802+0j)
0.99	0.9801	0.0055872617305658965	0.9857036591635933	0.0	(0.9857036591635933+0j)
1.0	1.0	0.005646694449804499	1.0056669948402863	0.0	(1.0056669948402863+0j)
