-1.0	-1.0	-0.0007798592211502871	-1.0007809154052432	0.0	(-1.0007809154052432+0j)
-0.9966666666666667	-0.9933444444444445	-0.0007797525849707008	-0.9941249625831529	0.0	(-0.9941249625831529+0j)
-0.9933333333333334	-0.9867111111111112	-0.0007796448734723245	-0.9874913768080776	0.0	(-0.9874913768080776+0j)
-0.9900000000000001	-0.9801000000000002	-0.0007795360721483967	-0.9808800614554539	0.0	(-0.9808800614554539+0j)
-0.9866666666666667	-0.9735111111111112	-0.0007794261662466953	-0.9742909921506553	0.0	(-0.9742909921506553+0j)
-0.9833333333333334	-0.9669444444444446	-0.0007793151407645378	-0.9677241591110188	0.0	(-0.9677241591110188+0j)
-0.9800000000000001	-0.9604000000000001	-0.0007792029804436608	-0.9611795574319052	0.0	(-0.9611795574319052+0j)
-0.9766666666666667	-0.9538777777777778	-0.0007790896697649775	-0.9546571842996074	0.0	(-0.9546571842996074+0j)
-0.9733333333333334	-0.9473777777777779	-0.0007789751929432088	-0.9481570379441504	0.0	(-0.9481570379441504+0j)
-0.9700000000000001	-0.9409000000000002	-0.000778859533921386	-0.941679117173611	0.0	(-0.941679117173611+0j)
-0.9666666666666667	-0.9344444444444444	-0.0007787426763652192	-0.9352234211413396	0.0	(-0.9352234211413396+0j)
-0.9633333333333334	-0.9280111111111112	-0.0007786246036573304	-0.9287899492192746	0.0	(-0.9287899492192746+0j)
-0.9600000000000001	-0.9216000000000002	-0.0007785052988913457	-0.9223787009241634	0.0	(-0.9223787009241634+0j)
-0.9566666666666668	-0.9152111111111113	-0.0007783847448658424	-0.9159896758723982	0.0	(-0.9159896758723982+0j)
-0.9533333333333334	-0.9088444444444445	-0.0007782629240781492	-0.9096228737511733	0.0	(-0.9096228737511733+0j)
-0.9500000000000001	-0.9025000000000001	-0.0007781398187179924	-0.9032782942993994	0.0	(-0.9032782942993994+0j)
-0.9466666666666668	-0.896177777777778	-0.0007780154106609861	-0.8969559372947417	0.0	(-0.8969559372947417+0j)
-0.9433333333333334	-0.8898777777777778	-0.0007778896814619607	-0.8906558025445654	0.0	(-0.8906558025445654+0j)
-0.9400000000000001	-0.8836000000000002	-0.000777762612348126	-0.8843778898795147	0.0	(-0.8843778898795147+0j)
-0.9366666666666668	-0.8773444444444446	-0.0007776341842120626	-0.878122199148885	0.0	(-0.878122199148885+0j)
-0.9333333333333333	-0.8711111111111112	-0.0007775043776045397	-0.8718887302171708	0.0	(-0.8718887302171708+0j)
-0.93	-0.8649000000000001	-0.0007773731727271498	-0.8656774829615069	0.0	(-0.8656774829615069+0j)
-0.9266666666666667	-0.8587111111111113	-0.0007772405494247598	-0.8594884572697487	0.0	(-0.8594884572697487+0j)
-0.9233333333333333	-0.8525444444444444	-0.0007771064871777702	-0.8533216530389368	0.0	(-0.8533216530389368+0j)
-0.92	-0.8464	-0.0007769709650941771	-0.8471770701741231	0.0	(-0.8471770701741231+0j)
-0.9166666666666667	-0.8402777777777779	-0.000776833961901433	-0.8410547085874414	0.0	(-0.8410547085874414+0j)
-0.9133333333333334	-0.834177777777778	-0.0007766954559380976	-0.8349545681972894	0.0	(-0.8349545681972894+0j)
-0.91	-0.8281000000000001	-0.000776555425145276	-0.8288766489277145	0.0	(-0.8288766489277145+0j)
-0.9066666666666667	-0.8220444444444446	-0.000776413847057835	-0.8228209507078209	0.0	(-0.8228209507078209+0j)
-0.9033333333333334	-0.8160111111111112	-0.0007762706987953918	-0.816787473471324	0.0	(-0.816787473471324+0j)
-0.9	-0.81	-0.0007761259570530698	-0.810776217156066	0.0	(-0.810776217156066+0j)
-0.8966666666666667	-0.8040111111111112	-0.0007759795980920128	-0.804787181703648	0.0	(-0.804787181703648+0j)
-0.8933333333333334	-0.7980444444444446	-0.0007758315977296502	-0.7988203670590653	0.0	(-0.7988203670590653+0j)
-0.89	-0.7921	-0.0007756819313297083	-0.7928757731703538	0.0	(-0.7928757731703538+0j)
-0.8866666666666667	-0.7861777777777779	-0.0007755305737919565	-0.7869533999882768	0.0	(-0.7869533999882768+0j)
-0.8833333333333334	-0.780277777777778	-0.000775377499541683	-0.7810532474660355	0.0	(-0.7810532474660355+0j)
-0.88	-0.7744	-0.000775222682518891	-0.7751753155589777	0.0	(-0.7751753155589777+0j)
-0.8766666666666667	-0.7685444444444445	-0.0007750660961672062	-0.7693196042243542	0.0	(-0.7693196042243542+0j)
-0.8733333333333334	-0.7627111111111112	-0.0007749077134224879	-0.7634861134210142	0.0	(-0.7634861134210142+0j)
-0.8700000000000001	-0.7569000000000002	-0.0007747475067011341	-0.7576748431092641	0.0	(-0.7576748431092641+0j)
-0.8666666666666667	-0.7511111111111112	-0.0007745854478880705	-0.7518857932505469	0.0	(-0.7518857932505469+0j)
-0.8633333333333334	-0.7453444444444446	-0.0007744215083244152	-0.746118963807335	0.0	(-0.746118963807335+0j)
-0.8600000000000001	-0.7396000000000001	-0.0007742556587948072	-0.7403743547428663	0.0	(-0.7403743547428663+0j)
-0.8566666666666667	-0.7338777777777779	-0.0007740878695143895	-0.734651966020998	0.0	(-0.734651966020998+0j)
-0.8533333333333334	-0.7281777777777779	-0.0007739181101154358	-0.7289517976060631	0.0	(-0.7289517976060631+0j)
-0.8500000000000001	-0.7225000000000001	-0.0007737463496336088	-0.723273849462704	0.0	(-0.723273849462704+0j)
-0.8466666666666667	-0.7168444444444445	-0.0007735725564938393	-0.7176181215557472	0.0	(-0.7176181215557472+0j)
-0.8433333333333334	-0.7112111111111112	-0.0007733966984958144	-0.711984613850081	0.0	(-0.711984613850081+0j)
-0.8400000000000001	-0.7056000000000001	-0.0007732187427990606	-0.7063733263105362	0.0	(-0.7063733263105362+0j)
-0.8366666666666667	-0.7000111111111111	-0.0007730386559076115	-0.7007842589018026	0.0	(-0.7007842589018026+0j)
-0.8333333333333334	-0.6944444444444445	-0.0007728564036542438	-0.6952174115883352	0.0	(-0.6952174115883352+0j)
-0.8300000000000001	-0.6889000000000001	-0.0007726719511842705	-0.6896727843342619	0.0	(-0.6896727843342619+0j)
-0.8266666666666668	-0.683377777777778	-0.0007724852629388755	-0.6841503771033268	0.0	(-0.6841503771033268+0j)
-0.8233333333333334	-0.6778777777777778	-0.0007722963026379739	-0.6786501898588121	0.0	(-0.6786501898588121+0j)
-0.8200000000000001	-0.6724000000000001	-0.0007721050332625858	-0.6731722225635103	0.0	(-0.6731722225635103+0j)
-0.8166666666666668	-0.6669444444444446	-0.000771911417036702	-0.6677164751795995	0.0	(-0.6677164751795995+0j)
-0.8133333333333334	-0.6615111111111112	-0.0007717154154086326	-0.6622829476687009	0.0	(-0.6622829476687009+0j)
-0.81	-0.6561000000000001	-0.000771516989031814	-0.656871639991719	0.0	(-0.656871639991719+0j)
-0.8066666666666668	-0.6507111111111112	-0.0007713160977450609	-0.6514825521089002	0.0	(-0.6514825521089002+0j)
-0.8033333333333333	-0.6453444444444445	-0.0007711127005522429	-0.6461156839797446	0.0	(-0.6461156839797446+0j)
-0.8	-0.6400000000000001	-0.0007709067556013684	-0.6407710355629588	0.0	(-0.6407710355629588+0j)
-0.7966666666666667	-0.6346777777777779	-0.0007706982201630527	-0.63544860681647	0.0	(-0.63544860681647+0j)
-0.7933333333333333	-0.6293777777777778	-0.0007704870506083534	-0.6301483976973487	0.0	(-0.6301483976973487+0j)
-0.79	-0.6241000000000001	-0.0007702732023859483	-0.624870408161809	0.0	(-0.624870408161809+0j)
-0.7866666666666667	-0.6188444444444445	-0.0007700566299986356	-0.6196146381651705	0.0	(-0.6196146381651705+0j)
-0.7833333333333334	-0.6136111111111112	-0.0007698372869791327	-0.6143810876618125	0.0	(-0.6143810876618125+0j)
-0.78	-0.6084	-0.0007696151258651497	-0.6091697566051686	0.0	(-0.6091697566051686+0j)
-0.7766666666666667	-0.6032111111111113	-0.0007693900981737107	-0.6039806449476826	0.0	(-0.6039806449476826+0j)
-0.7733333333333334	-0.5980444444444446	-0.000769162154374702	-0.5988137526407911	0.0	(-0.5988137526407911+0j)
-0.77	-0.5929	-0.0007689312438636133	-0.593669079634908	0.0	(-0.593669079634908+0j)
-0.7666666666666667	-0.5877777777777778	-0.00076869731493345	-0.5885466258793415	0.0	(-0.5885466258793415+0j)
-0.7633333333333334	-0.582677777777778	-0.0007684603147457843	-0.5834463913223288	0.0	(-0.5834463913223288+0j)
-0.76	-0.5776	-0.0007682201893009155	-0.5783683759109688	0.0	(-0.5783683759109688+0j)
-0.7566666666666667	-0.5725444444444445	-0.0007679768834071075	-0.5733125795911899	0.0	(-0.5733125795911899+0j)
-0.7533333333333334	-0.5675111111111112	-0.0007677303406488734	-0.5682790023077543	0.0	(-0.5682790023077543+0j)
-0.75	-0.5625	-0.0007674805033542681	-0.5632676440041777	0.0	(-0.5632676440041777+0j)
-0.7466666666666667	-0.5575111111111112	-0.00076722731256116	-0.5582785046227265	0.0	(-0.5582785046227265+0j)
-0.7433333333333334	-0.5525444444444445	-0.0007669707079824388	-0.5533115841043807	0.0	(-0.5533115841043807+0j)
-0.7400000000000001	-0.5476000000000002	-0.0007667106279701249	-0.5483668823887886	0.0	(-0.5483668823887886+0j)
-0.7366666666666667	-0.5426777777777778	-0.0007664470094783398	-0.5434443994142352	0.0	(-0.5434443994142352+0j)
-0.7333333333333334	-0.5377777777777779	-0.0007661797880250955	-0.5385441351176063	0.0	(-0.5385441351176063+0j)
-0.7300000000000001	-0.5329000000000002	-0.0007659088976528583	-0.5336660894343597	0.0	(-0.5336660894343597+0j)
-0.7266666666666667	-0.5280444444444444	-0.0007656342708878463	-0.5288102622984678	0.0	(-0.5288102622984678+0j)
-0.7233333333333334	-0.5232111111111112	-0.0007653558386980074	-0.5239766536423687	0.0	(-0.5239766536423687+0j)
-0.7200000000000001	-0.5184000000000001	-0.0007650735304496359	-0.5191652633969652	0.0	(-0.5191652633969652+0j)
-0.7166666666666667	-0.5136111111111111	-0.0007647872738625706	-0.5143760914915476	0.0	(-0.5143760914915476+0j)
-0.7133333333333334	-0.5088444444444445	-0.0007644969949639253	-0.5096091378537517	0.0	(-0.5096091378537517+0j)
-0.7100000000000001	-0.5041000000000001	-0.0007642026180402951	-0.5048644024095178	0.0	(-0.5048644024095178+0j)
-0.7066666666666667	-0.49937777777777775	-0.0007639040655883807	-0.5001418850830426	0.0	(-0.5001418850830426+0j)
-0.7033333333333334	-0.4946777777777778	-0.0007636012582639712	-0.4954415857967333	0.0	(-0.4954415857967333+0j)
-0.7000000000000001	-0.4900000000000001	-0.0007632941148292214	-0.4907635044711489	0.0	(-0.4907635044711489+0j)
-0.6966666666666667	-0.4853444444444444	-0.0007629825520981603	-0.48610764102494897	0.0	(-0.48610764102494897+0j)
-0.6933333333333334	-0.48071111111111114	-0.0007626664848803606	-0.48147399537483787	0.0	(-0.48147399537483787+0j)
-0.6900000000000001	-0.4761000000000001	-0.0007623458259227001	-0.476862567435521	0.0	(-0.476862567435521+0j)
-0.6866666666666668	-0.4715111111111112	-0.0007620204858491366	-0.47227335711962165	0.0	(-0.47227335711962165+0j)
-0.6833333333333333	-0.46694444444444444	-0.0007616903730984252	-0.4677063643376465	0.0	(-0.4677063643376465+0j)
-0.68	-0.4624000000000001	-0.0007613553938596909	-0.4631615889979009	0.0	(-0.4631615889979009+0j)
-0.6766666666666667	-0.4578777777777779	-0.0007610154520057745	-0.4586390310064389	0.0	(-0.4586390310064389+0j)
-0.6733333333333333	-0.45337777777777777	-0.0007606704490242652	-0.4541386902669924	0.0	(-0.4541386902669924+0j)
-0.67	-0.4489000000000001	-0.0007603202839461229	-0.4496605666808934	0.0	(-0.4496605666808934+0j)
-0.6666666666666667	-0.44444444444444453	-0.0007599648532717988	-0.4452046601470155	0.0	(-0.4452046601470155+0j)
-0.6633333333333333	-0.44001111111111113	-0.0007596040508947505	-0.44077097056169157	0.0	(-0.44077097056169157+0j)
-0.66	-0.43560000000000004	-0.0007592377680222464	-0.43635949781863487	0.0	(-0.43635949781863487+0j)
-0.6566666666666667	-0.4312111111111112	-0.0007588658930933502	-0.43197024180886423	0.0	(-0.43197024180886423+0j)
-0.6533333333333333	-0.4268444444444444	-0.00075848831169397	-0.4276032024206216	0.0	(-0.4276032024206216+0j)
-0.65	-0.42250000000000004	-0.0007581049064688505	-0.423258379539277	0.0	(-0.423258379539277+0j)
-0.6466666666666667	-0.41817777777777787	-0.000757715557030384	-0.4189357730472519	0.0	(-0.4189357730472519+0j)
-0.6433333333333334	-0.4138777777777779	-0.0007573201398641061	-0.41463538282392426	0.0	(-0.41463538282392426+0j)
-0.64	-0.4096	-0.0007569185282307394	-0.410357208745521	0.0	(-0.410357208745521+0j)
-0.6366666666666667	-0.4053444444444445	-0.000756510592064641	-0.406101250685042	0.0	(-0.406101250685042+0j)
-0.6333333333333334	-0.4011111111111112	-0.000756096197868501	-0.40186750851213043	0.0	(-0.40186750851213043+0j)
-0.63	-0.39690000000000003	-0.0007556752086041344	-0.39765598209298847	0.0	(-0.39765598209298847+0j)
-0.6266666666666667	-0.3927111111111112	-0.0007552474835792009	-0.39346667129025853	0.0	(-0.39346667129025853+0j)
-0.6233333333333334	-0.3885444444444445	-0.000754812878329678	-0.3892995759629005	0.0	(-0.3892995759629005+0j)
-0.62	-0.3844	-0.0007543712444979056	-0.38515469596608726	0.0	(-0.38515469596608726+0j)
-0.6166666666666667	-0.3802777777777778	-0.0007539224297060117	-0.38103203115107426	0.0	(-0.38103203115107426+0j)
-0.6133333333333334	-0.37617777777777783	-0.0007534662774245186	-0.37693158136507027	0.0	(-0.37693158136507027+0j)
-0.61	-0.3721	-0.0007530026268359209	-0.37285334645110607	0.0	(-0.37285334645110607+0j)
-0.6066666666666667	-0.36804444444444445	-0.0007525313126930154	-0.3687973262478922	0.0	(-0.3687973262478922+0j)
-0.6033333333333334	-0.3640111111111112	-0.0007520521651717538	-0.3647635205896806	0.0	(-0.3647635205896806+0j)
-0.6000000000000001	-0.3600000000000001	-0.0007515650097183743	-0.36075192930611333	0.0	(-0.36075192930611333+0j)
-0.5966666666666667	-0.3560111111111111	-0.0007510696668905636	-0.356762552222072	0.0	(-0.356762552222072+0j)
-0.5933333333333334	-0.3520444444444445	-0.0007505659521923817	-0.35279538915750425	0.0	(-0.35279538915750425+0j)
-0.5900000000000001	-0.3481000000000001	-0.0007500536759026707	-0.34885043992726533	0.0	(-0.34885043992726533+0j)
-0.5866666666666667	-0.3441777777777778	-0.000749532642896661	-0.3449277043409412	0.0	(-0.3449277043409412+0j)
-0.5833333333333334	-0.34027777777777785	-0.0007490026524604648	-0.3410271822026702	0.0	(-0.3410271822026702+0j)
-0.5800000000000001	-0.3364000000000001	-0.0007484634980981415	-0.33714887331095217	0.0	(-0.33714887331095217+0j)
-0.5766666666666667	-0.3325444444444444	-0.0007479149673309979	-0.3332927774584457	0.0	(-0.3332927774584457+0j)
-0.5733333333333334	-0.3287111111111111	-0.0007473568414887718	-0.3294588944317746	0.0	(-0.3294588944317746+0j)
-0.5700000000000001	-0.3249000000000001	-0.0007467888954923352	-0.32564722401130886	0.0	(-0.32564722401130886+0j)
-0.5666666666666667	-0.32111111111111107	-0.0007462108976275271	-0.32185776597094284	0.0	(-0.32185776597094284+0j)
-0.5633333333333334	-0.3173444444444445	-0.0007456226093097183	-0.3180905200778682	0.0	(-0.3180905200778682+0j)
-0.56	-0.31360000000000005	-0.0007450237848386832	-0.3143454860923309	0.0	(-0.3143454860923309+0j)
-0.5566666666666668	-0.30987777777777786	-0.0007444141711433403	-0.31062266376736836	0.0	(-0.31062266376736836+0j)
-0.5533333333333333	-0.30617777777777777	-0.0007437935075158974	-0.30692205284858604	0.0	(-0.30692205284858604+0j)
-0.55	-0.30250000000000005	-0.000743161525334925	-0.30324365307384166	0.0	(-0.30324365307384166+0j)
-0.5466666666666667	-0.2988444444444445	-0.0007425179477768492	-0.29958746417298115	0.0	(-0.29958746417298115+0j)
-0.5433333333333333	-0.2952111111111111	-0.0007418624895153451	-0.2959534858675561	0.0	(-0.2959534858675561+0j)
-0.54	-0.2916	-0.0007411948564080781	-0.2923417178704999	0.0	(-0.2923417178704999+0j)
-0.5366666666666667	-0.28801111111111116	-0.0007405147451702286	-0.28875215988579167	0.0	(-0.28875215988579167+0j)
-0.5333333333333333	-0.28444444444444444	-0.000739821843034202	-0.2851848116081666	0.0	(-0.2851848116081666+0j)
-0.53	-0.28090000000000004	-0.0007391158273949104	-0.28163967272272034	0.0	(-0.28163967272272034+0j)
-0.5266666666666667	-0.27737777777777783	-0.0007383963654399845	-0.2781167429045747	0.0	(-0.2781167429045747+0j)
-0.5233333333333333	-0.2738777777777778	-0.0007376631137642506	-0.2746160218184866	0.0	(-0.2746160218184866+0j)
-0.52	-0.27040000000000003	-0.0007369157179677871	-0.2711375091184443	0.0	(-0.2711375091184443+0j)
-0.5166666666666667	-0.2669444444444445	-0.0007361538122368472	-0.2676812044472789	0.0	(-0.2676812044472789+0j)
-0.5133333333333334	-0.2635111111111112	-0.0007353770189069158	-0.2642471074362032	0.0	(-0.2642471074362032+0j)
-0.51	-0.2601	-0.0007345849480071427	-0.2608352177043826	0.0	(-0.2608352177043826+0j)
-0.5066666666666667	-0.25671111111111117	-0.0007337771967853789	-0.25744553485845867	0.0	(-0.25744553485845867+0j)
-0.5033333333333334	-0.25334444444444454	-0.0007329533492130178	-0.25407805849206416	0.0	(-0.25407805849206416+0j)
-0.5	-0.25	-0.0007321129754688279	-0.25073278818530614	0.0	(-0.25073278818530614+0j)
-0.4966666666666667	-0.2466777777777778	-0.0007312556314009496	-0.2474097235042323	0.0	(-0.2474097235042323+0j)
-0.49333333333333335	-0.2433777777777778	-0.0007303808579662128	-0.2441088640002902	0.0	(-0.2441088640002902+0j)
-0.49000000000000005	-0.24010000000000004	-0.0007294881806459266	-0.24083020920973422	0.0	(-0.24083020920973422+0j)
-0.4866666666666667	-0.23684444444444447	-0.0007285771088372815	-0.23757375865302754	0.0	(-0.23757375865302754+0j)
-0.48333333333333334	-0.2336111111111111	-0.0007276471352195081	-0.23433951183421356	0.0	(-0.23433951183421356+0j)
-0.48000000000000004	-0.23040000000000005	-0.0007266977350939373	-0.2311274682402571	0.0	(-0.2311274682402571+0j)
-0.4766666666666667	-0.2272111111111111	-0.0007257283656971174	-0.22793762734037407	0.0	(-0.22793762734037407+0j)
-0.4733333333333334	-0.2240444444444445	-0.0007247384654861589	-0.22476998858530475	0.0	(-0.22476998858530475+0j)
-0.47000000000000003	-0.22090000000000004	-0.0007237274533955053	-0.22162455140658352	0.0	(-0.22162455140658352+0j)
-0.4666666666666667	-0.2177777777777778	-0.0007226947280643552	-0.21850131521577804	0.0	(-0.21850131521577804+0j)
-0.4633333333333334	-0.21467777777777783	-0.000721639667034009	-0.21540027940366785	0.0	(-0.21540027940366785+0j)
-0.46	-0.2116	-0.0007205616259144639	-0.21232144333943595	0.0	(-0.21232144333943595+0j)
-0.4566666666666667	-0.2085444444444445	-0.0007194599375196462	-0.20926480636978786	0.0	(-0.20926480636978786+0j)
-0.45333333333333337	-0.20551111111111114	-0.00071833391097075	-0.2062303678180745	0.0	(-0.2062303678180745+0j)
-0.45	-0.2025	-0.0007171828307672452	-0.20321812698334912	0.0	(-0.20321812698334912+0j)
-0.4466666666666667	-0.19951111111111114	-0.0007160059558252249	-0.20022808313940432	0.0	(-0.20022808313940432+0j)
-0.44333333333333336	-0.19654444444444447	-0.0007148025184828953	-0.19726023553379105	0.0	(-0.19726023553379105+0j)
-0.44	-0.1936	-0.0007135717234731543	-0.19431458338677188	0.0	(-0.19431458338677188+0j)
-0.4366666666666667	-0.1906777777777778	-0.000712312746863374	-0.19139112589026677	0.0	(-0.19139112589026677+0j)
-0.43333333333333335	-0.1877777777777778	-0.0007110247349626974	-0.18848986220675032	0.0	(-0.18848986220675032+0j)
-0.43000000000000005	-0.18490000000000004	-0.0007097068031973721	-0.18561079146812512	0.0	(-0.18561079146812512+0j)
-0.4266666666666667	-0.18204444444444448	-0.0007083580349548892	-0.18275391277454653	0.0	(-0.18275391277454653+0j)
-0.42333333333333334	-0.17921111111111113	-0.0007069774803979651	-0.17991922519324166	0.0	(-0.17991922519324166+0j)
-0.42000000000000004	-0.17640000000000003	-0.0007055641552497087	-0.1771067277572697	0.0	(-0.1771067277572697+0j)
-0.4166666666666667	-0.17361111111111113	-0.0007041170395516475	-0.1743164194642657	0.0	(-0.1743164194642657+0j)
-0.4133333333333334	-0.1708444444444445	-0.000702635076396656	-0.17154829927516482	0.0	(-0.17154829927516482+0j)
-0.41000000000000003	-0.16810000000000003	-0.0007011171706392336	-0.16880236611287933	0.0	(-0.16880236611287933+0j)
-0.4066666666666667	-0.1653777777777778	-0.0006995621875860196	-0.16607861886097808	0.0	(-0.16607861886097808+0j)
-0.4033333333333334	-0.1626777777777778	-0.0006979689516699152	-0.16337705636232344	0.0	(-0.16337705636232344+0j)
-0.4	-0.16000000000000003	-0.0006963362451117004	-0.16069767741770472	0.0	(-0.16069767741770472+0j)
-0.39666666666666667	-0.15734444444444445	-0.0006946628065736005	-0.1580404807844641	0.0	(-0.1580404807844641+0j)
-0.39333333333333337	-0.15471111111111113	-0.0006929473298098572	-0.1554054651750997	0.0	(-0.1554054651750997+0j)
-0.39	-0.1521	-0.0006911884623200134	-0.15279262925587647	0.0	(-0.15279262925587647+0j)
-0.3866666666666667	-0.14951111111111115	-0.0006893848040113084	-0.15020197164543914	0.0	(-0.15020197164543914+0j)
-0.38333333333333336	-0.14694444444444446	-0.000687534905877321	-0.14763349091343714	0.0	(-0.14763349091343714+0j)
-0.38	-0.1444	-0.0006856372687007759	-0.14508718557916495	0.0	(-0.14508718557916495+0j)
-0.3766666666666667	-0.1418777777777778	-0.0006836903417892518	-0.1425630541102309	0.0	(-0.1425630541102309+0j)
-0.37333333333333335	-0.1393777777777778	-0.0006816925217533959	-0.14006109492125474	0.0	(-0.14006109492125474+0j)
-0.37000000000000005	-0.13690000000000005	-0.0006796421513381529	-0.1375813063726266	0.0	(-0.1375813063726266+0j)
-0.3666666666666667	-0.13444444444444448	-0.000677537518318456	-0.13512368676929348	0.0	(-0.13512368676929348+0j)
-0.36333333333333334	-0.1320111111111111	-0.0006753768544718076	-0.13268823435964486	0.0	(-0.13268823435964486+0j)
-0.36000000000000004	-0.12960000000000002	-0.000673158334641179	-0.13027494733445416	0.0	(-0.13027494733445416+0j)
-0.3566666666666667	-0.12721111111111114	-0.0006708800759026891	-0.127883823825932	0.0	(-0.127883823825932+0j)
-0.35333333333333333	-0.12484444444444444	-0.0006685401368535783	-0.12551486190687305	0.0	(-0.12551486190687305+0j)
-0.35000000000000003	-0.12250000000000003	-0.0006661365170370547	-0.12316805958993761	0.0	(-0.12316805958993761+0j)
-0.3466666666666667	-0.12017777777777779	-0.0006636671565216577	-0.12084341482706701	0.0	(-0.12084341482706701+0j)
-0.3433333333333334	-0.1178777777777778	-0.0006611299356538636	-0.11854092550906459	0.0	(-0.11854092550906459+0j)
-0.34	-0.11560000000000002	-0.0006585226750037065	-0.11626058946535091	0.0	(-0.11626058946535091+0j)
-0.33666666666666667	-0.11334444444444444	-0.0006558431355242292	-0.11400240446391297	0.0	(-0.11400240446391297+0j)
-0.33333333333333337	-0.11111111111111113	-0.0006530890189465868	-0.11176636821147722	0.0	(-0.11176636821147722+0j)
-0.33	-0.10890000000000001	-0.0006502579684335808	-0.10955247835391892	0.0	(-0.10955247835391892+0j)
-0.32666666666666666	-0.1067111111111111	-0.0006473475695153095	-0.10736073247693284	0.0	(-0.10736073247693284+0j)
-0.32333333333333336	-0.10454444444444447	-0.0006443553513314526	-0.10519112810699126	0.0	(-0.10519112810699126+0j)
-0.32	-0.1024	-0.0006412787882054485	-0.10304366271261578	0.0	(-0.10304366271261578+0j)
-0.3166666666666667	-0.1002777777777778	-0.0006381153015764727	-0.1009183337059694	0.0	(-0.1009183337059694+0j)
-0.31333333333333335	-0.0981777777777778	-0.0006348622623156444	-0.09881513844482492	0.0	(-0.09881513844482492+0j)
-0.31	-0.0961	-0.0006315169934532789	-0.09673407423490768	0.0	(-0.09673407423490768+0j)
-0.3066666666666667	-0.09404444444444446	-0.000628076773344239	-0.09467513833265115	0.0	(-0.09467513833265115+0j)
-0.30333333333333334	-0.09201111111111111	-0.0006245388392984938	-0.09263832794839148	0.0	(-0.09263832794839148+0j)
-0.30000000000000004	-0.09000000000000002	-0.0006209003917038731	-0.09062364025002094	0.0	(-0.09062364025002094+0j)
-0.2966666666666667	-0.08801111111111112	-0.0006171585986676567	-0.08863107236713344	0.0	(-0.08863107236713344+0j)
-0.29333333333333333	-0.08604444444444445	-0.0006133106012030793	-0.08666062139568213	0.0	(-0.08666062139568213+0j)
-0.29000000000000004	-0.08410000000000002	-0.0006093535189860089	-0.08471228440316961	0.0	(-0.08471228440316961+0j)
-0.2866666666666667	-0.08217777777777778	-0.0006052844567059823	-0.08278605843440633	0.0	(-0.08278605843440633+0j)
-0.2833333333333333	-0.08027777777777777	-0.0006011005110344225	-0.08088194051784826	0.0	(-0.08088194051784826+0j)
-0.28	-0.07840000000000001	-0.0005967987782311933	-0.07899992767253235	0.0	(-0.07899992767253235+0j)
-0.27666666666666667	-0.07654444444444444	-0.0005923763624086875	-0.07714001691564694	0.0	(-0.07714001691564694+0j)
-0.2733333333333334	-0.07471111111111113	-0.0005878303844703342	-0.07530220527072617	0.0	(-0.07530220527072617+0j)
-0.27	-0.0729	-0.0005831579917377828	-0.07348648977650568	0.0	(-0.07348648977650568+0j)
-0.26666666666666666	-0.07111111111111111	-0.0005783563682780316	-0.07169286749643368	0.0	(-0.07169286749643368+0j)
-0.26333333333333336	-0.06934444444444446	-0.0005734227459384341	-0.06992133552886116	0.0	(-0.06992133552886116+0j)
-0.26	-0.06760000000000001	-0.0005683544160938166	-0.06817189101789377	0.0	(-0.06817189101789377+0j)
-0.2566666666666667	-0.0658777777777778	-0.0005631487421058869	-0.06644453116492771	0.0	(-0.06644453116492771+0j)
-0.25333333333333335	-0.06417777777777779	-0.0005578031724907017	-0.06473925324084637	0.0	(-0.06473925324084637+0j)
-0.25	-0.0625	-0.0005523152547851894	-0.06305605459887648	0.0	(-0.06305605459887648+0j)
-0.24666666666666667	-0.06084444444444445	-0.0005466826500986306	-0.061394932688082424	0.0	(-0.061394932688082424+0j)
-0.24333333333333335	-0.05921111111111112	-0.0005409031483295512	-0.05975588506748525	0.0	(-0.05975588506748525+0j)
-0.24000000000000002	-0.05760000000000001	-0.0005349746840227549	-0.058138909420763114	0.0	(-0.058138909420763114+0j)
-0.2366666666666667	-0.05601111111111112	-0.000528895352835181	-0.056544003571513776	0.0	(-0.056544003571513776+0j)
-0.23333333333333334	-0.05444444444444445	-0.0005226634285729957	-0.05497116549902316	0.0	(-0.05497116549902316+0j)
-0.23	-0.0529	-0.0005162773807558027	-0.053420393354498046	0.0	(-0.053420393354498046+0j)
-0.22666666666666668	-0.051377777777777786	-0.0005097358926571638	-0.051891685477696764	0.0	(-0.051891685477696764+0j)
-0.22333333333333336	-0.049877777777777785	-0.0005030378797637621	-0.05038504041389858	0.0	(-0.05038504041389858+0j)
-0.22	-0.0484	-0.0004961825085885935	-0.04890045693113339	0.0	(-0.04890045693113339+0j)
-0.21666666666666667	-0.04694444444444445	-0.0004891692157665704	-0.047437934037586886	0.0	(-0.047437934037586886+0j)
-0.21333333333333335	-0.04551111111111112	-0.0004819977273539218	-0.045997470999095805	0.0	(-0.045997470999095805+0j)
-0.21000000000000002	-0.04410000000000001	-0.00047466807824585216	-0.04457906735662908	0.0	(-0.04457906735662908+0j)
-0.2066666666666667	-0.04271111111111112	-0.00046718063162011535	-0.0431827229436553	0.0	(-0.0431827229436553+0j)
-0.20333333333333334	-0.04134444444444445	-0.0004595360983075589	-0.041808437903277304	0.0	(-0.041808437903277304+0j)
-0.2	-0.04000000000000001	-0.00045173555598435993	-0.04045621270502112	0.0	(-0.04045621270502112+0j)
-0.19666666666666668	-0.03867777777777778	-0.00044378046807467153	-0.03912604816114217	0.0	(-0.03912604816114217+0j)
-0.19333333333333336	-0.03737777777777779	-0.0004356727022468233	-0.03781794544232106	0.0	(-0.03781794544232106+0j)
-0.19	-0.0361	-0.000427414548381117	-0.03653190609259431	0.0	(-0.03653190609259431+0j)
-0.18666666666666668	-0.03484444444444445	-0.0004190087358827367	-0.0352679320433619	0.0	(-0.0352679320433619+0j)
-0.18333333333333335	-0.03361111111111112	-0.0004104584502094003	-0.03402602562627539	0.0	(-0.03402602562627539+0j)
-0.18000000000000002	-0.032400000000000005	-0.00040176734848020967	-0.03280618958480733	0.0	(-0.03280618958480733+0j)
-0.17666666666666667	-0.03121111111111111	-0.00039293957402976976	-0.03160842708422574	0.0	(-0.03160842708422574+0j)
-0.17333333333333334	-0.030044444444444447	-0.0003839797697701208	-0.03043274171966834	0.0	(-0.03043274171966834+0j)
-0.17	-0.028900000000000006	-0.0003748930902224204	-0.029279137521918085	0.0	(-0.029279137521918085+0j)
-0.16666666666666669	-0.027777777777777783	-0.00036568521208069375	-0.028147618960378065	0.0	(-0.028147618960378065+0j)
-0.16333333333333333	-0.026677777777777776	-0.0003563623431713835	-0.027038190942634717	0.0	(-0.027038190942634717+0j)
-0.16	-0.0256	-0.0003469312296749336	-0.02595085880982563	0.0	(-0.02595085880982563+0j)
-0.15666666666666668	-0.02454444444444445	-0.00033739916147927434	-0.024885628326868647	0.0	(-0.024885628326868647+0j)
-0.15333333333333335	-0.023511111111111115	-0.0003277739755398597	-0.023842505666411277	0.0	(-0.023842505666411277+0j)
-0.15000000000000002	-0.022500000000000006	-0.00031806405712688223	-0.02282149738516916	0.0	(-0.02282149738516916+0j)
-0.14666666666666667	-0.021511111111111113	-0.0003082783388474521	-0.021822610391140265	0.0	(-0.021822610391140265+0j)
-0.14333333333333334	-0.020544444444444445	-0.0002984262973388927	-0.020845851900050637	0.0	(-0.020845851900050637+0j)
-0.14	-0.019600000000000003	-0.0002885179475388433	-0.01989122937932578	0.0	(-0.01989122937932578+0j)
-0.1366666666666667	-0.018677777777777783	-0.00027856383444858657	-0.018958750477948476	0.0	(-0.018958750477948476+0j)
-0.13333333333333333	-0.017777777777777778	-0.00026857502231784745	-0.018048422940787855	0.0	(-0.018048422940787855+0j)
-0.13	-0.016900000000000002	-0.0002585630811922563	-0.01716025450642686	0.0	(-0.01716025450642686+0j)
-0.12666666666666668	-0.016044444444444448	-0.00024854007077861317	-0.016294252788214843	0.0	(-0.016294252788214843+0j)
-0.12333333333333334	-0.015211111111111113	-0.0002385185215980181	-0.015450425139269126	0.0	(-0.015450425139269126+0j)
-0.12000000000000001	-0.014400000000000003	-0.00022851141341271024	-0.014628778503456208	0.0	(-0.014628778503456208+0j)
-0.11666666666666667	-0.013611111111111112	-0.00021853215092902407	-0.013829319256021712	0.0	(-0.013829319256021712+0j)
-0.11333333333333334	-0.012844444444444447	-0.00020859453679611536	-0.013052053039468171	0.0	(-0.013052053039468171+0j)
-0.11	-0.0121	-0.00019871274193788144	-0.012296984602473715	0.0	(-0.012296984602473715+0j)
-0.10666666666666667	-0.01137777777777778	-0.00018890127327372646	-0.011564117652021701	0.0	(-0.011564117652021701+0j)
-0.10333333333333335	-0.01067777777777778	-0.00017917493890230978	-0.010853454731378886	0.0	(-0.010853454731378886+0j)
-0.1	-0.010000000000000002	-0.0001695488108410623	-0.010164997138984347	0.0	(-0.010164997138984347+0j)
-0.09666666666666668	-0.009344444444444447	-0.00016003818543288242	-0.009498744905523191	0.0	(-0.009498744905523191+0j)
-0.09333333333333334	-0.008711111111111112	-0.00015065854154987972	-0.008854696848230618	0.0	(-0.008854696848230618+0j)
-0.09000000000000001	-0.008100000000000001	-0.00014142549674218052	-0.008232850722500216	0.0	(-0.008232850722500216+0j)
-0.08666666666666667	-0.007511111111111112	-0.00013235476149742404	-0.007633203490765035	0.0	(-0.007633203490765035+0j)
-0.08333333333333334	-0.006944444444444446	-0.0001234620917935855	-0.007055751726889043	0.0	(-0.007055751726889043+0j)
-0.08	-0.0064	-0.00011476324014389147	-0.00650049217038593	0.0	(-0.00650049217038593+0j)
-0.07666666666666667	-0.005877777777777779	-0.00010627390534778767	-0.005967422438103086	0.0	(-0.005967422438103086+0j)
-0.07333333333333333	-0.005377777777777778	-9.800968117594641e-05	-0.00545654189110107	0.0	(-0.00545654189110107+0j)
-0.07	-0.004900000000000001	-8.998600423003626e-05	-0.004967852641166968	0.0	(-0.004967852641166968+0j)
-0.06666666666666667	-0.0044444444444444444	-8.221810122930641e-05	-0.004501360665167387	0.0	(-0.004501360665167387+0j)
-0.06333333333333334	-0.004011111111111112	-7.472093598577013e-05	-0.004057076977760442	0.0	(-0.004057076977760442+0j)
-0.060000000000000005	-0.0036000000000000008	-6.750915633783926e-05	-0.0036350187971836076	0.0	(-0.0036350187971836076+0j)
-0.05666666666666667	-0.0032111111111111116	-6.059704131853444e-05	-0.0032352106315899133	0.0	(-0.0032352106315899133+0j)
-0.05333333333333334	-0.002844444444444445	-5.399844883877559e-05	-0.0028576852279648354	0.0	(-0.0028576852279648354+0j)
-0.05	-0.0025000000000000005	-4.7726764168669854e-05	-0.00250248438895031	0.0	(-0.00250248438895031+0j)
-0.04666666666666667	-0.002177777777777778	-4.1794849500129475e-05	-0.002169659831572119	0.0	(-0.002169659831572119+0j)
-0.043333333333333335	-0.001877777777777778	-3.62149948724454e-05	-0.001859274657652889	0.0	(-0.001859274657652889+0j)
-0.04	-0.0016	-3.099887073872848e-05	-0.0015714068891289912	0.0	(-0.0015714068891289912+0j)
-0.03666666666666667	-0.0013444444444444445	-2.6157482445209393e-05	-0.001306158420298829	0.0	(-0.001306158420298829+0j)
-0.03333333333333333	-0.0011111111111111111	-2.1701126887516825e-05	-0.0010636765401995309	0.0	(-0.0010636765401995309+0j)
-0.030000000000000002	-0.0009000000000000002	-1.763935159802138e-05	-0.0008442014460101995	0.0	(-0.0008442014460101995+0j)
-0.02666666666666667	-0.0007111111111111113	-1.3980916506381447e-05	-0.0006481574911356122	0.0	(-0.0006481574911356122+0j)
-0.023333333333333334	-0.0005444444444444445	-1.073375860152076e-05	-0.00047628352496038563	0.0	(-0.00047628352496038563+0j)
-0.02	-0.0004	-7.904959707628889e-06	-0.00032969467021494106	0.0	(-0.00032969467021494106+0j)
-0.016666666666666666	-0.0002777777777777778	-5.500717569217883e-06	-0.0002096337672106162	0.0	(-0.0002096337672106162+0j)
-0.013333333333333334	-0.0001777777777777778	-3.5263204214291965e-06	-0.00011689356247101702	0.0	(-0.00011689356247101702+0j)
-0.01	-0.0001	-1.9861252011921238e-06	-5.1462021602672054e-05	0.0	(-5.1462021602672054e-05+0j)
-0.006666666666666667	-4.444444444444445e-05	-8.83539533369504e-07	-1.2748194612106856e-05	0.0	(-1.2748194612106856e-05+0j)
-0.0033333333333333335	-1.1111111111111113e-05	-2.2100760288523702e-07	-2.1819568721270777e-18	-0.0005601399405330113	(-2.1819568721270777e-18-0.0005601399405330113j)
0.0033333333333333335	1.1111111111111113e-05	2.2100760288523702e-07	-2.1819568721270777e-18	0.0005601399405330113	(-2.1819568721270777e-18+0.0005601399405330113j)
0.006666666666666667	4.444444444444445e-05	8.83539533369504e-07	1.2748194612109516e-05	0.0	(1.2748194612109516e-05+0j)
0.01	0.0001	1.9861252011921238e-06	5.146202160266328e-05	0.0	(5.146202160266328e-05+0j)
0.013333333333333334	0.0001777777777777778	3.5263204214291965e-06	0.00011689356247098676	0.0	(0.00011689356247098676+0j)
0.016666666666666666	0.0002777777777777778	5.500717569217883e-06	0.0002096337672106153	0.0	(0.0002096337672106153+0j)
0.02	0.0004	7.904959707628889e-06	0.00032969467021493504	0.0	(0.00032969467021493504+0j)
0.023333333333333334	0.0005444444444444445	1.073375860152076e-05	0.0004762835249603597	0.0	(0.0004762835249603597+0j)
0.02666666666666667	0.0007111111111111113	1.3980916506381447e-05	0.0006481574911355836	0.0	(0.0006481574911355836+0j)
0.030000000000000002	0.0009000000000000002	1.763935159802138e-05	0.0008442014460102001	0.0	(0.0008442014460102001+0j)
0.03333333333333333	0.0011111111111111111	2.1701126887516825e-05	0.0010636765401995287	0.0	(0.0010636765401995287+0j)
0.03666666666666667	0.0013444444444444445	2.6157482445209393e-05	0.001306158420298814	0.0	(0.001306158420298814+0j)
0.04	0.0016	3.099887073872848e-05	0.0015714068891290159	0.0	(0.0015714068891290159+0j)
0.043333333333333335	0.001877777777777778	3.62149948724454e-05	0.0018592746576528822	0.0	(0.0018592746576528822+0j)
0.04666666666666667	0.002177777777777778	4.1794849500129475e-05	0.0021696598315721276	0.0	(0.0021696598315721276+0j)
0.05	0.0025000000000000005	4.7726764168669854e-05	0.0025024843889503235	0.0	(0.0025024843889503235+0j)
0.05333333333333334	0.002844444444444445	5.399844883877559e-05	0.002857685227964797	0.0	(0.002857685227964797+0j)
0.05666666666666667	0.0032111111111111116	6.059704131853444e-05	0.0032352106315898833	0.0	(0.0032352106315898833+0j)
0.060000000000000005	0.0036000000000000008	6.750915633783926e-05	0.0036350187971836354	0.0	(0.0036350187971836354+0j)
0.06333333333333334	0.004011111111111112	7.472093598577013e-05	0.004057076977760428	0.0	(0.004057076977760428+0j)
0.06666666666666667	0.0044444444444444444	8.221810122930641e-05	0.00450136066516737	0.0	(0.00450136066516737+0j)
0.07	0.004900000000000001	8.998600423003626e-05	0.004967852641166969	0.0	(0.004967852641166969+0j)
0.07333333333333333	0.005377777777777778	9.800968117594641e-05	0.005456541891101082	0.0	(0.005456541891101082+0j)
0.07666666666666667	0.005877777777777779	0.00010627390534778767	0.005967422438103068	0.0	(0.005967422438103068+0j)
0.08	0.0064	0.00011476324014389147	0.0065004921703858895	0.0	(0.0065004921703858895+0j)
0.08333333333333334	0.006944444444444446	0.0001234620917935855	0.007055751726889053	0.0	(0.007055751726889053+0j)
0.08666666666666667	0.007511111111111112	0.00013235476149742404	0.007633203490765011	0.0	(0.007633203490765011+0j)
0.09000000000000001	0.008100000000000001	0.00014142549674218052	0.008232850722500202	0.0	(0.008232850722500202+0j)
0.09333333333333334	0.008711111111111112	0.00015065854154987972	0.008854696848230608	0.0	(0.008854696848230608+0j)
0.09666666666666668	0.009344444444444447	0.00016003818543288242	0.009498744905523266	0.0	(0.009498744905523266+0j)
0.1	0.010000000000000002	0.0001695488108410623	0.010164997138984352	0.0	(0.010164997138984352+0j)
0.10333333333333335	0.01067777777777778	0.00017917493890230978	0.01085345473137891	0.0	(0.01085345473137891+0j)
0.10666666666666667	0.01137777777777778	0.00018890127327372646	0.011564117652021713	0.0	(0.011564117652021713+0j)
0.11	0.0121	0.00019871274193788144	0.012296984602473757	0.0	(0.012296984602473757+0j)
0.11333333333333334	0.012844444444444447	0.00020859453679611536	0.013052053039468202	0.0	(0.013052053039468202+0j)
0.11666666666666667	0.013611111111111112	0.00021853215092902407	0.013829319256021723	0.0	(0.013829319256021723+0j)
0.12000000000000001	0.014400000000000003	0.00022851141341271024	0.014628778503456303	0.0	(0.014628778503456303+0j)
0.12333333333333334	0.015211111111111113	0.0002385185215980181	0.015450425139269058	0.0	(0.015450425139269058+0j)
0.12666666666666668	0.016044444444444448	0.00024854007077861317	0.016294252788214825	0.0	(0.016294252788214825+0j)
0.13	0.016900000000000002	0.0002585630811922563	0.017160254506426876	0.0	(0.017160254506426876+0j)
0.13333333333333333	0.017777777777777778	0.00026857502231784745	0.018048422940787817	0.0	(0.018048422940787817+0j)
0.1366666666666667	0.018677777777777783	0.00027856383444858657	0.018958750477948403	0.0	(0.018958750477948403+0j)
0.14	0.019600000000000003	0.0002885179475388433	0.019891229379325658	0.0	(0.019891229379325658+0j)
0.14333333333333334	0.020544444444444445	0.0002984262973388927	0.020845851900050526	0.0	(0.020845851900050526+0j)
0.14666666666666667	0.021511111111111113	0.0003082783388474521	0.02182261039114043	0.0	(0.02182261039114043+0j)
0.15000000000000002	0.022500000000000006	0.00031806405712688223	0.022821497385169046	0.0	(0.022821497385169046+0j)
0.15333333333333335	0.023511111111111115	0.0003277739755398597	0.023842505666411256	0.0	(0.023842505666411256+0j)
0.15666666666666668	0.02454444444444445	0.00033739916147927434	0.024885628326868813	0.0	(0.024885628326868813+0j)
0.16	0.0256	0.0003469312296749336	0.025950858809825856	0.0	(0.025950858809825856+0j)
0.16333333333333333	0.026677777777777776	0.0003563623431713835	0.027038190942634825	0.0	(0.027038190942634825+0j)
0.16666666666666669	0.027777777777777783	0.00036568521208069375	0.028147618960378	0.0	(0.028147618960378+0j)
0.17	0.028900000000000006	0.0003748930902224204	0.029279137521918037	0.0	(0.029279137521918037+0j)
0.17333333333333334	0.030044444444444447	0.0003839797697701208	0.030432741719668494	0.0	(0.030432741719668494+0j)
0.17666666666666667	0.03121111111111111	0.00039293957402976976	0.03160842708422555	0.0	(0.03160842708422555+0j)
0.18000000000000002	0.032400000000000005	0.00040176734848020967	0.032806189584807265	0.0	(0.032806189584807265+0j)
0.18333333333333335	0.03361111111111112	0.0004104584502094003	0.034026025626275214	0.0	(0.034026025626275214+0j)
0.18666666666666668	0.03484444444444445	0.0004190087358827367	0.035267932043361545	0.0	(0.035267932043361545+0j)
0.19	0.0361	0.000427414548381117	0.036531906092594386	0.0	(0.036531906092594386+0j)
0.19333333333333336	0.03737777777777779	0.0004356727022468233	0.03781794544232109	0.0	(0.03781794544232109+0j)
0.19666666666666668	0.03867777777777778	0.00044378046807467153	0.03912604816114194	0.0	(0.03912604816114194+0j)
0.2	0.04000000000000001	0.00045173555598435993	0.04045621270502099	0.0	(0.04045621270502099+0j)
0.20333333333333334	0.04134444444444445	0.0004595360983075589	0.041808437903277144	0.0	(0.041808437903277144+0j)
0.2066666666666667	0.04271111111111112	0.00046718063162011535	0.04318272294365514	0.0	(0.04318272294365514+0j)
0.21000000000000002	0.04410000000000001	0.00047466807824585216	0.04457906735662911	0.0	(0.04457906735662911+0j)
0.21333333333333335	0.04551111111111112	0.0004819977273539218	0.0459974709990958	0.0	(0.0459974709990958+0j)
0.21666666666666667	0.04694444444444445	0.0004891692157665704	0.047437934037587004	0.0	(0.047437934037587004+0j)
0.22	0.0484	0.0004961825085885935	0.04890045693113327	0.0	(0.04890045693113327+0j)
0.22333333333333336	0.049877777777777785	0.0005030378797637621	0.05038504041389821	0.0	(0.05038504041389821+0j)
0.22666666666666668	0.051377777777777786	0.0005097358926571638	0.051891685477696216	0.0	(0.051891685477696216+0j)
0.23	0.0529	0.0005162773807558027	0.05342039335449816	0.0	(0.05342039335449816+0j)
0.23333333333333334	0.05444444444444445	0.0005226634285729957	0.05497116549902345	0.0	(0.05497116549902345+0j)
0.2366666666666667	0.05601111111111112	0.000528895352835181	0.056544003571513624	0.0	(0.056544003571513624+0j)
0.24000000000000002	0.05760000000000001	0.0005349746840227549	0.05813890942076312	0.0	(0.05813890942076312+0j)
0.24333333333333335	0.05921111111111112	0.0005409031483295512	0.05975588506748502	0.0	(0.05975588506748502+0j)
0.24666666666666667	0.06084444444444445	0.0005466826500986306	0.061394932688082215	0.0	(0.061394932688082215+0j)
0.25	0.0625	0.0005523152547851894	0.063056054598876	0.0	(0.063056054598876+0j)
0.25333333333333335	0.06417777777777779	0.0005578031724907017	0.06473925324084674	0.0	(0.06473925324084674+0j)
0.2566666666666667	0.0658777777777778	0.0005631487421058869	0.06644453116492766	0.0	(0.06644453116492766+0j)
0.26	0.06760000000000001	0.0005683544160938166	0.06817189101789362	0.0	(0.06817189101789362+0j)
0.26333333333333336	0.06934444444444446	0.0005734227459384341	0.06992133552886155	0.0	(0.06992133552886155+0j)
0.26666666666666666	0.07111111111111111	0.0005783563682780316	0.07169286749643443	0.0	(0.07169286749643443+0j)
0.27	0.0729	0.0005831579917377828	0.07348648977650535	0.0	(0.07348648977650535+0j)
0.2733333333333334	0.07471111111111113	0.0005878303844703342	0.0753022052707263	0.0	(0.0753022052707263+0j)
0.27666666666666667	0.07654444444444444	0.0005923763624086875	0.07714001691564713	0.0	(0.07714001691564713+0j)
0.28	0.07840000000000001	0.0005967987782311933	0.07899992767253224	0.0	(0.07899992767253224+0j)
0.2833333333333333	0.08027777777777777	0.0006011005110344225	0.08088194051784796	0.0	(0.08088194051784796+0j)
0.2866666666666667	0.08217777777777778	0.0006052844567059823	0.0827860584344065	0.0	(0.0827860584344065+0j)
0.29000000000000004	0.08410000000000002	0.0006093535189860089	0.08471228440316969	0.0	(0.08471228440316969+0j)
0.29333333333333333	0.08604444444444445	0.0006133106012030793	0.08666062139568236	0.0	(0.08666062139568236+0j)
0.2966666666666667	0.08801111111111112	0.0006171585986676567	0.08863107236713327	0.0	(0.08863107236713327+0j)
0.30000000000000004	0.09000000000000002	0.0006209003917038731	0.09062364025002119	0.0	(0.09062364025002119+0j)
0.30333333333333334	0.09201111111111111	0.0006245388392984938	0.09263832794839097	0.0	(0.09263832794839097+0j)
0.3066666666666667	0.09404444444444446	0.000628076773344239	0.09467513833265094	0.0	(0.09467513833265094+0j)
0.31	0.0961	0.0006315169934532789	0.0967340742349072	0.0	(0.0967340742349072+0j)
0.31333333333333335	0.0981777777777778	0.0006348622623156444	0.0988151384448247	0.0	(0.0988151384448247+0j)
0.3166666666666667	0.1002777777777778	0.0006381153015764727	0.1009183337059691	0.0	(0.1009183337059691+0j)
0.32	0.1024	0.0006412787882054485	0.10304366271261559	0.0	(0.10304366271261559+0j)
0.32333333333333336	0.10454444444444447	0.0006443553513314526	0.1051911281069914	0.0	(0.1051911281069914+0j)
0.32666666666666666	0.1067111111111111	0.0006473475695153095	0.10736073247693267	0.0	(0.10736073247693267+0j)
0.33	0.10890000000000001	0.0006502579684335808	0.10955247835391885	0.0	(0.10955247835391885+0j)
0.33333333333333337	0.11111111111111113	0.0006530890189465868	0.11176636821147762	0.0	(0.11176636821147762+0j)
0.33666666666666667	0.11334444444444444	0.0006558431355242292	0.1140024044639126	0.0	(0.1140024044639126+0j)
0.34	0.11560000000000002	0.0006585226750037065	0.1162605894653508	0.0	(0.1162605894653508+0j)
0.3433333333333334	0.1178777777777778	0.0006611299356538636	0.11854092550906506	0.0	(0.11854092550906506+0j)
0.3466666666666667	0.12017777777777779	0.0006636671565216577	0.12084341482706681	0.0	(0.12084341482706681+0j)
0.35000000000000003	0.12250000000000003	0.0006661365170370547	0.12316805958993701	0.0	(0.12316805958993701+0j)
0.35333333333333333	0.12484444444444444	0.0006685401368535783	0.12551486190687336	0.0	(0.12551486190687336+0j)
0.3566666666666667	0.12721111111111114	0.0006708800759026891	0.12788382382593194	0.0	(0.12788382382593194+0j)
0.36000000000000004	0.12960000000000002	0.000673158334641179	0.13027494733445483	0.0	(0.13027494733445483+0j)
0.36333333333333334	0.1320111111111111	0.0006753768544718076	0.13268823435964416	0.0	(0.13268823435964416+0j)
0.3666666666666667	0.13444444444444448	0.000677537518318456	0.13512368676929384	0.0	(0.13512368676929384+0j)
0.37000000000000005	0.13690000000000005	0.0006796421513381529	0.13758130637262744	0.0	(0.13758130637262744+0j)
0.37333333333333335	0.1393777777777778	0.0006816925217533959	0.14006109492125587	0.0	(0.14006109492125587+0j)
0.3766666666666667	0.1418777777777778	0.0006836903417892518	0.1425630541102295	0.0	(0.1425630541102295+0j)
0.38	0.1444	0.0006856372687007759	0.14508718557916517	0.0	(0.14508718557916517+0j)
0.38333333333333336	0.14694444444444446	0.000687534905877321	0.14763349091343755	0.0	(0.14763349091343755+0j)
0.3866666666666667	0.14951111111111115	0.0006893848040113084	0.15020197164543783	0.0	(0.15020197164543783+0j)
0.39	0.1521	0.0006911884623200134	0.1527926292558763	0.0	(0.1527926292558763+0j)
0.39333333333333337	0.15471111111111113	0.0006929473298098572	0.1554054651751008	0.0	(0.1554054651751008+0j)
0.39666666666666667	0.15734444444444445	0.0006946628065736005	0.158040480784465	0.0	(0.158040480784465+0j)
0.4	0.16000000000000003	0.0006963362451117004	0.16069767741770513	0.0	(0.16069767741770513+0j)
0.4033333333333334	0.1626777777777778	0.0006979689516699152	0.16337705636232214	0.0	(0.16337705636232214+0j)
0.4066666666666667	0.1653777777777778	0.0006995621875860196	0.16607861886097747	0.0	(0.16607861886097747+0j)
0.41000000000000003	0.16810000000000003	0.0007011171706392336	0.16880236611288021	0.0	(0.16880236611288021+0j)
0.4133333333333334	0.1708444444444445	0.000702635076396656	0.17154829927516443	0.0	(0.17154829927516443+0j)
0.4166666666666667	0.17361111111111113	0.0007041170395516475	0.17431641946426613	0.0	(0.17431641946426613+0j)
0.42000000000000004	0.17640000000000003	0.0007055641552497087	0.17710672775726974	0.0	(0.17710672775726974+0j)
0.42333333333333334	0.17921111111111113	0.0007069774803979651	0.17991922519324244	0.0	(0.17991922519324244+0j)
0.4266666666666667	0.18204444444444448	0.0007083580349548892	0.1827539127745463	0.0	(0.1827539127745463+0j)
0.43000000000000005	0.18490000000000004	0.0007097068031973721	0.18561079146812406	0.0	(0.18561079146812406+0j)
0.43333333333333335	0.1877777777777778	0.0007110247349626974	0.18848986220674982	0.0	(0.18848986220674982+0j)
0.4366666666666667	0.1906777777777778	0.000712312746863374	0.19139112589026697	0.0	(0.19139112589026697+0j)
0.44	0.1936	0.0007135717234731543	0.19431458338677193	0.0	(0.19431458338677193+0j)
0.44333333333333336	0.19654444444444447	0.0007148025184828953	0.19726023553379085	0.0	(0.19726023553379085+0j)
0.4466666666666667	0.19951111111111114	0.0007160059558252249	0.2002280831394047	0.0	(0.2002280831394047+0j)
0.45	0.2025	0.0007171828307672452	0.20321812698334887	0.0	(0.20321812698334887+0j)
0.45333333333333337	0.20551111111111114	0.00071833391097075	0.206230367818076	0.0	(0.206230367818076+0j)
0.4566666666666667	0.2085444444444445	0.0007194599375196462	0.20926480636978917	0.0	(0.20926480636978917+0j)
0.46	0.2116	0.0007205616259144639	0.21232144333943467	0.0	(0.21232144333943467+0j)
0.4633333333333334	0.21467777777777783	0.000721639667034009	0.2154002794036679	0.0	(0.2154002794036679+0j)
0.4666666666666667	0.2177777777777778	0.0007226947280643552	0.21850131521577795	0.0	(0.21850131521577795+0j)
0.47000000000000003	0.22090000000000004	0.0007237274533955053	0.22162455140658438	0.0	(0.22162455140658438+0j)
0.4733333333333334	0.2240444444444445	0.0007247384654861589	0.22476998858530334	0.0	(0.22476998858530334+0j)
0.4766666666666667	0.2272111111111111	0.0007257283656971174	0.22793762734037312	0.0	(0.22793762734037312+0j)
0.48000000000000004	0.23040000000000005	0.0007266977350939373	0.2311274682402569	0.0	(0.2311274682402569+0j)
0.48333333333333334	0.2336111111111111	0.0007276471352195081	0.23433951183421198	0.0	(0.23433951183421198+0j)
0.4866666666666667	0.23684444444444447	0.0007285771088372815	0.23757375865302652	0.0	(0.23757375865302652+0j)
0.49000000000000005	0.24010000000000004	0.0007294881806459266	0.24083020920973314	0.0	(0.24083020920973314+0j)
0.49333333333333335	0.2433777777777778	0.0007303808579662128	0.24410886400029003	0.0	(0.24410886400029003+0j)
0.4966666666666667	0.2466777777777778	0.0007312556314009496	0.24740972350423285	0.0	(0.24740972350423285+0j)
0.5	0.25	0.0007321129754688279	0.25073278818530415	0.0	(0.25073278818530415+0j)
0.5033333333333334	0.25334444444444454	0.0007329533492130178	0.254078058492066	0.0	(0.254078058492066+0j)
0.5066666666666667	0.25671111111111117	0.0007337771967853789	0.25744553485845945	0.0	(0.25744553485845945+0j)
0.51	0.2601	0.0007345849480071427	0.2608352177043821	0.0	(0.2608352177043821+0j)
0.5133333333333334	0.2635111111111112	0.0007353770189069158	0.2642471074362016	0.0	(0.2642471074362016+0j)
0.5166666666666667	0.2669444444444445	0.0007361538122368472	0.2676812044472804	0.0	(0.2676812044472804+0j)
0.52	0.27040000000000003	0.0007369157179677871	0.2711375091184468	0.0	(0.2711375091184468+0j)
0.5233333333333333	0.2738777777777778	0.0007376631137642506	0.27461602181848593	0.0	(0.27461602181848593+0j)
0.5266666666666667	0.27737777777777783	0.0007383963654399845	0.2781167429045771	0.0	(0.2781167429045771+0j)
0.53	0.28090000000000004	0.0007391158273949104	0.28163967272272067	0.0	(0.28163967272272067+0j)
0.5333333333333333	0.28444444444444444	0.000739821843034202	0.28518481160816533	0.0	(0.28518481160816533+0j)
0.5366666666666667	0.28801111111111116	0.0007405147451702286	0.2887521598857938	0.0	(0.2887521598857938+0j)
0.54	0.2916	0.0007411948564080781	0.2923417178704955	0.0	(0.2923417178704955+0j)
0.5433333333333333	0.2952111111111111	0.0007418624895153451	0.29595348586755776	0.0	(0.29595348586755776+0j)
0.5466666666666667	0.2988444444444445	0.0007425179477768492	0.29958746417298215	0.0	(0.29958746417298215+0j)
0.55	0.30250000000000005	0.000743161525334925	0.3032436530738405	0.0	(0.3032436530738405+0j)
0.5533333333333333	0.30617777777777777	0.0007437935075158974	0.30692205284858565	0.0	(0.30692205284858565+0j)
0.5566666666666668	0.30987777777777786	0.0007444141711433403	0.31062266376737174	0.0	(0.31062266376737174+0j)
0.56	0.31360000000000005	0.0007450237848386832	0.3143454860923289	0.0	(0.3143454860923289+0j)
0.5633333333333334	0.3173444444444445	0.0007456226093097183	0.31809052007786925	0.0	(0.31809052007786925+0j)
0.5666666666666667	0.32111111111111107	0.0007462108976275271	0.32185776597094273	0.0	(0.32185776597094273+0j)
0.5700000000000001	0.3249000000000001	0.0007467888954923352	0.3256472240113084	0.0	(0.3256472240113084+0j)
0.5733333333333334	0.3287111111111111	0.0007473568414887718	0.3294588944317742	0.0	(0.3294588944317742+0j)
0.5766666666666667	0.3325444444444444	0.0007479149673309979	0.3332927774584448	0.0	(0.3332927774584448+0j)
0.5800000000000001	0.3364000000000001	0.0007484634980981415	0.33714887331095134	0.0	(0.33714887331095134+0j)
0.5833333333333334	0.34027777777777785	0.0007490026524604648	0.34102718220267103	0.0	(0.34102718220267103+0j)
0.5866666666666667	0.3441777777777778	0.000749532642896661	0.3449277043409396	0.0	(0.3449277043409396+0j)
0.5900000000000001	0.3481000000000001	0.0007500536759026707	0.34885043992726683	0.0	(0.34885043992726683+0j)
0.5933333333333334	0.3520444444444445	0.0007505659521923817	0.35279538915750613	0.0	(0.35279538915750613+0j)
0.5966666666666667	0.3560111111111111	0.0007510696668905636	0.3567625522220749	0.0	(0.3567625522220749+0j)
0.6000000000000001	0.3600000000000001	0.0007515650097183743	0.36075192930611644	0.0	(0.36075192930611644+0j)
0.6033333333333334	0.3640111111111112	0.0007520521651717538	0.36476352058967876	0.0	(0.36476352058967876+0j)
0.6066666666666667	0.36804444444444445	0.0007525313126930154	0.36879732624789147	0.0	(0.36879732624789147+0j)
0.61	0.3721	0.0007530026268359209	0.3728533464511068	0.0	(0.3728533464511068+0j)
0.6133333333333334	0.37617777777777783	0.0007534662774245186	0.3769315813650719	0.0	(0.3769315813650719+0j)
0.6166666666666667	0.3802777777777778	0.0007539224297060117	0.38103203115107376	0.0	(0.38103203115107376+0j)
0.62	0.3844	0.0007543712444979056	0.3851546959660875	0.0	(0.3851546959660875+0j)
0.6233333333333334	0.3885444444444445	0.000754812878329678	0.38929957596289816	0.0	(0.38929957596289816+0j)
0.6266666666666667	0.3927111111111112	0.0007552474835792009	0.3934666712902586	0.0	(0.3934666712902586+0j)
0.63	0.39690000000000003	0.0007556752086041344	0.3976559820929888	0.0	(0.3976559820929888+0j)
0.6333333333333334	0.4011111111111112	0.000756096197868501	0.40186750851213143	0.0	(0.40186750851213143+0j)
0.6366666666666667	0.4053444444444445	0.000756510592064641	0.4061012506850434	0.0	(0.4061012506850434+0j)
0.64	0.4096	0.0007569185282307394	0.4103572087455219	0.0	(0.4103572087455219+0j)
0.6433333333333334	0.4138777777777779	0.0007573201398641061	0.41463538282392126	0.0	(0.41463538282392126+0j)
0.6466666666666667	0.41817777777777787	0.000757715557030384	0.4189357730472511	0.0	(0.4189357730472511+0j)
0.65	0.42250000000000004	0.0007581049064688505	0.4232583795392745	0.0	(0.4232583795392745+0j)
0.6533333333333333	0.4268444444444444	0.00075848831169397	0.42760320242061883	0.0	(0.42760320242061883+0j)
0.6566666666666667	0.4312111111111112	0.0007588658930933502	0.43197024180886573	0.0	(0.43197024180886573+0j)
0.66	0.43560000000000004	0.0007592377680222464	0.4363594978186352	0.0	(0.4363594978186352+0j)
0.6633333333333333	0.44001111111111113	0.0007596040508947505	0.44077097056169134	0.0	(0.44077097056169134+0j)
0.6666666666666667	0.44444444444444453	0.0007599648532717988	0.4452046601470179	0.0	(0.4452046601470179+0j)
0.67	0.4489000000000001	0.0007603202839461229	0.44966056668089405	0.0	(0.44966056668089405+0j)
0.6733333333333333	0.45337777777777777	0.0007606704490242652	0.45413869026699133	0.0	(0.45413869026699133+0j)
0.6766666666666667	0.4578777777777779	0.0007610154520057745	0.45863903100644043	0.0	(0.45863903100644043+0j)
0.68	0.4624000000000001	0.0007613553938596909	0.46316158899790066	0.0	(0.46316158899790066+0j)
0.6833333333333333	0.46694444444444444	0.0007616903730984252	0.4677063643376459	0.0	(0.4677063643376459+0j)
0.6866666666666668	0.4715111111111112	0.0007620204858491366	0.47227335711962287	0.0	(0.47227335711962287+0j)
0.6900000000000001	0.4761000000000001	0.0007623458259227001	0.4768625674355217	0.0	(0.4768625674355217+0j)
0.6933333333333334	0.48071111111111114	0.0007626664848803606	0.4814739953748398	0.0	(0.4814739953748398+0j)
0.6966666666666667	0.4853444444444444	0.0007629825520981603	0.4861076410249493	0.0	(0.4861076410249493+0j)
0.7000000000000001	0.4900000000000001	0.0007632941148292214	0.4907635044711493	0.0	(0.4907635044711493+0j)
0.7033333333333334	0.4946777777777778	0.0007636012582639712	0.4954415857967346	0.0	(0.4954415857967346+0j)
0.7066666666666667	0.49937777777777775	0.0007639040655883807	0.5001418850830431	0.0	(0.5001418850830431+0j)
0.7100000000000001	0.5041000000000001	0.0007642026180402951	0.5048644024095185	0.0	(0.5048644024095185+0j)
0.7133333333333334	0.5088444444444445	0.0007644969949639253	0.5096091378537503	0.0	(0.5096091378537503+0j)
0.7166666666666667	0.5136111111111111	0.0007647872738625706	0.5143760914915481	0.0	(0.5143760914915481+0j)
0.7200000000000001	0.5184000000000001	0.0007650735304496359	0.5191652633969646	0.0	(0.5191652633969646+0j)
0.7233333333333334	0.5232111111111112	0.0007653558386980074	0.5239766536423676	0.0	(0.5239766536423676+0j)
0.7266666666666667	0.5280444444444444	0.0007656342708878463	0.5288102622984641	0.0	(0.5288102622984641+0j)
0.7300000000000001	0.5329000000000002	0.0007659088976528583	0.5336660894343642	0.0	(0.5336660894343642+0j)
0.7333333333333334	0.5377777777777779	0.0007661797880250955	0.5385441351176091	0.0	(0.5385441351176091+0j)
0.7366666666666667	0.5426777777777778	0.0007664470094783398	0.543444399414231	0.0	(0.543444399414231+0j)
0.7400000000000001	0.5476000000000002	0.0007667106279701249	0.5483668823887872	0.0	(0.5483668823887872+0j)
0.7433333333333334	0.5525444444444445	0.0007669707079824388	0.5533115841043792	0.0	(0.5533115841043792+0j)
0.7466666666666667	0.5575111111111112	0.00076722731256116	0.5582785046227277	0.0	(0.5582785046227277+0j)
0.75	0.5625	0.0007674805033542681	0.5632676440041758	0.0	(0.5632676440041758+0j)
0.7533333333333334	0.5675111111111112	0.0007677303406488734	0.5682790023077575	0.0	(0.5682790023077575+0j)
0.7566666666666667	0.5725444444444445	0.0007679768834071075	0.5733125795911914	0.0	(0.5733125795911914+0j)
0.76	0.5776	0.0007682201893009155	0.5783683759109653	0.0	(0.5783683759109653+0j)
0.7633333333333334	0.582677777777778	0.0007684603147457843	0.5834463913223291	0.0	(0.5834463913223291+0j)
0.7666666666666667	0.5877777777777778	0.00076869731493345	0.5885466258793409	0.0	(0.5885466258793409+0j)
0.77	0.5929	0.0007689312438636133	0.5936690796349103	0.0	(0.5936690796349103+0j)
0.7733333333333334	0.5980444444444446	0.000769162154374702	0.5988137526407986	0.0	(0.5988137526407986+0j)
0.7766666666666667	0.6032111111111113	0.0007693900981737107	0.603980644947681	0.0	(0.603980644947681+0j)
0.78	0.6084	0.0007696151258651497	0.6091697566051648	0.0	(0.6091697566051648+0j)
0.7833333333333334	0.6136111111111112	0.0007698372869791327	0.6143810876618112	0.0	(0.6143810876618112+0j)
0.7866666666666667	0.6188444444444445	0.0007700566299986356	0.6196146381651704	0.0	(0.6196146381651704+0j)
0.79	0.6241000000000001	0.0007702732023859483	0.6248704081618134	0.0	(0.6248704081618134+0j)
0.7933333333333333	0.6293777777777778	0.0007704870506083534	0.6301483976973512	0.0	(0.6301483976973512+0j)
0.7966666666666667	0.6346777777777779	0.0007706982201630527	0.6354486068164695	0.0	(0.6354486068164695+0j)
0.8	0.6400000000000001	0.0007709067556013684	0.6407710355629608	0.0	(0.6407710355629608+0j)
0.8033333333333333	0.6453444444444445	0.0007711127005522429	0.6461156839797434	0.0	(0.6461156839797434+0j)
0.8066666666666668	0.6507111111111112	0.0007713160977450609	0.6514825521089043	0.0	(0.6514825521089043+0j)
0.81	0.6561000000000001	0.000771516989031814	0.6568716399917195	0.0	(0.6568716399917195+0j)
0.8133333333333334	0.6615111111111112	0.0007717154154086326	0.6622829476686956	0.0	(0.6622829476686956+0j)
0.8166666666666668	0.6669444444444446	0.000771911417036702	0.667716475179603	0.0	(0.667716475179603+0j)
0.8200000000000001	0.6724000000000001	0.0007721050332625858	0.6731722225635045	0.0	(0.6731722225635045+0j)
0.8233333333333334	0.6778777777777778	0.0007722963026379739	0.6786501898588159	0.0	(0.6786501898588159+0j)
0.8266666666666668	0.683377777777778	0.0007724852629388755	0.6841503771033245	0.0	(0.6841503771033245+0j)
0.8300000000000001	0.6889000000000001	0.0007726719511842705	0.6896727843342599	0.0	(0.6896727843342599+0j)
0.8333333333333334	0.6944444444444445	0.0007728564036542438	0.6952174115883336	0.0	(0.6952174115883336+0j)
0.8366666666666667	0.7000111111111111	0.0007730386559076115	0.7007842589018033	0.0	(0.7007842589018033+0j)
0.8400000000000001	0.7056000000000001	0.0007732187427990606	0.7063733263105328	0.0	(0.7063733263105328+0j)
0.8433333333333334	0.7112111111111112	0.0007733966984958144	0.7119846138500795	0.0	(0.7119846138500795+0j)
0.8466666666666667	0.7168444444444445	0.0007735725564938393	0.7176181215557488	0.0	(0.7176181215557488+0j)
0.8500000000000001	0.7225000000000001	0.0007737463496336088	0.7232738494627045	0.0	(0.7232738494627045+0j)
0.8533333333333334	0.7281777777777779	0.0007739181101154358	0.7289517976060594	0.0	(0.7289517976060594+0j)
0.8566666666666667	0.7338777777777779	0.0007740878695143895	0.734651966020991	0.0	(0.734651966020991+0j)
0.8600000000000001	0.7396000000000001	0.0007742556587948072	0.7403743547428645	0.0	(0.7403743547428645+0j)
0.8633333333333334	0.7453444444444446	0.0007744215083244152	0.7461189638073455	0.0	(0.7461189638073455+0j)
0.8666666666666667	0.7511111111111112	0.0007745854478880705	0.7518857932505486	0.0	(0.7518857932505486+0j)
0.8700000000000001	0.7569000000000002	0.0007747475067011341	0.7576748431092575	0.0	(0.7576748431092575+0j)
0.8733333333333334	0.7627111111111112	0.0007749077134224879	0.7634861134210127	0.0	(0.7634861134210127+0j)
0.8766666666666667	0.7685444444444445	0.0007750660961672062	0.769319604224344	0.0	(0.769319604224344+0j)
0.88	0.7744	0.000775222682518891	0.7751753155589756	0.0	(0.7751753155589756+0j)
0.8833333333333334	0.780277777777778	0.000775377499541683	0.7810532474660327	0.0	(0.7810532474660327+0j)
0.8866666666666667	0.7861777777777779	0.0007755305737919565	0.7869533999882792	0.0	(0.7869533999882792+0j)
0.89	0.7921	0.0007756819313297083	0.7928757731703522	0.0	(0.7928757731703522+0j)
0.8933333333333334	0.7980444444444446	0.0007758315977296502	0.7988203670590667	0.0	(0.7988203670590667+0j)
0.8966666666666667	0.8040111111111112	0.0007759795980920128	0.8047871817036514	0.0	(0.8047871817036514+0j)
0.9	0.81	0.0007761259570530698	0.8107762171560638	0.0	(0.8107762171560638+0j)
0.9033333333333334	0.8160111111111112	0.0007762706987953918	0.8167874734713215	0.0	(0.8167874734713215+0j)
0.9066666666666667	0.8220444444444446	0.000776413847057835	0.8228209507078206	0.0	(0.8228209507078206+0j)
0.91	0.8281000000000001	0.000776555425145276	0.8288766489277066	0.0	(0.8288766489277066+0j)
0.9133333333333334	0.834177777777778	0.0007766954559380976	0.8349545681972858	0.0	(0.8349545681972858+0j)
0.9166666666666667	0.8402777777777779	0.000776833961901433	0.8410547085874424	0.0	(0.8410547085874424+0j)
0.92	0.8464	0.0007769709650941771	0.8471770701741271	0.0	(0.8471770701741271+0j)
0.9233333333333333	0.8525444444444444	0.0007771064871777702	0.8533216530389393	0.0	(0.8533216530389393+0j)
0.9266666666666667	0.8587111111111113	0.0007772405494247598	0.8594884572697534	0.0	(0.8594884572697534+0j)
0.93	0.8649000000000001	0.0007773731727271498	0.8656774829615113	0.0	(0.8656774829615113+0j)
0.9333333333333333	0.8711111111111112	0.0007775043776045397	0.8718887302171697	0.0	(0.8718887302171697+0j)
0.9366666666666668	0.8773444444444446	0.0007776341842120626	0.8781221991488886	0.0	(0.8781221991488886+0j)
0.9400000000000001	0.8836000000000002	0.000777762612348126	0.8843778898795174	0.0	(0.8843778898795174+0j)
0.9433333333333334	0.8898777777777778	0.0007778896814619607	0.8906558025445656	0.0	(0.8906558025445656+0j)
0.9466666666666668	0.896177777777778	0.0007780154106609861	0.8969559372947425	0.0	(0.8969559372947425+0j)
0.9500000000000001	0.9025000000000001	0.0007781398187179924	0.9032782942994012	0.0	(0.9032782942994012+0j)
0.9533333333333334	0.9088444444444445	0.0007782629240781492	0.9096228737511752	0.0	(0.9096228737511752+0j)
0.9566666666666668	0.9152111111111113	0.0007783847448658424	0.9159896758724024	0.0	(0.9159896758724024+0j)
0.9600000000000001	0.9216000000000002	0.0007785052988913457	0.9223787009241632	0.0	(0.9223787009241632+0j)
0.9633333333333334	0.9280111111111112	0.0007786246036573304	0.9287899492192803	0.0	(0.9287899492192803+0j)
0.9666666666666667	0.9344444444444444	0.0007787426763652192	0.9352234211413397	0.0	(0.9352234211413397+0j)
0.9700000000000001	0.9409000000000002	0.000778859533921386	0.9416791171736063	0.0	(0.9416791171736063+0j)
0.9733333333333334	0.9473777777777779	0.0007789751929432088	0.9481570379441497	0.0	(0.9481570379441497+0j)
0.9766666666666667	0.9538777777777778	0.0007790896697649775	0.9546571842996046	0.0	(0.9546571842996046+0j)
0.9800000000000001	0.9604000000000001	0.0007792029804436608	0.9611795574319058	0.0	(0.9611795574319058+0j)
0.9833333333333334	0.9669444444444446	0.0007793151407645378	0.967724159111012	0.0	(0.967724159111012+0j)
0.9866666666666667	0.9735111111111112	0.0007794261662466953	0.9742909921506578	0.0	(0.9742909921506578+0j)
0.9900000000000001	0.9801000000000002	0.0007795360721483967	0.9808800614554559	0.0	(0.9808800614554559+0j)
0.9933333333333334	0.9867111111111112	0.0007796448734723245	0.9874913768080855	0.0	(0.9874913768080855+0j)
0.9966666666666667	0.9933444444444445	0.0007797525849707008	0.9941249625831502	0.0	(0.9941249625831502+0j)
1.0	1.0	0.0007798592211502871	1.0007809154052414	0.0	(1.0007809154052414+0j)
