-1.0	-1.0	-9.897448023527241e-05	-1.000099073425136	0.0	(-1.000099073425136+0j)
-0.99	-0.9801	-9.896438182896333e-05	-0.980199008532074	0.0	(-0.980199008532074+0j)
-0.98	-0.9603999999999999	-9.895397271319034e-05	-0.9604989763252634	0.0	(-0.9604989763252634+0j)
-0.97	-0.9409	-9.894324000936925e-05	-0.9409989557795567	0.0	(-0.9409989557795567+0j)
-0.96	-0.9216	-9.893217016468049e-05	-0.9216989405537733	0.0	(-0.9216989405537733+0j)
-0.9500000000000001	-0.9025000000000001	-9.89207489092632e-05	-0.9025989276328524	0.0	(-0.9025989276328524+0j)
-0.9400000000000001	-0.8836000000000002	-9.890896121020488e-05	-0.8836989154880099	0.0	(-0.8836989154880099+0j)
-0.93	-0.8649000000000001	-9.889679122204937e-05	-0.8649989034005652	0.0	(-0.8649989034005652+0j)
-0.92	-0.8464	-9.888422223351898e-05	-0.8464988910686461	0.0	(-0.8464988910686461+0j)
-0.91	-0.8281000000000001	-9.887123661011581e-05	-0.8281988783756394	0.0	(-0.8281988783756394+0j)
-0.9	-0.81	-9.885781573223437e-05	-0.8100988652741616	0.0	(-0.8100988652741616+0j)
-0.89	-0.7921	-9.884393992837933e-05	-0.7921988517381259	0.0	(-0.7921988517381259+0j)
-0.88	-0.7744	-9.882958840304128e-05	-0.7744988377463323	0.0	(-0.7744988377463323+0j)
-0.87	-0.7569	-9.881473915873638e-05	-0.7569988232778738	0.0	(-0.7569988232778738+0j)
-0.86	-0.7395999999999999	-9.879936891166367e-05	-0.7396988083108821	0.0	(-0.7396988083108821+0j)
-0.85	-0.7224999999999999	-9.878345300037622e-05	-0.7225987928222972	0.0	(-0.7225987928222972+0j)
-0.84	-0.7055999999999999	-9.876696528679659e-05	-0.7056987767877386	0.0	(-0.7056987767877386+0j)
-0.8300000000000001	-0.6889000000000001	-9.874987804883439e-05	-0.6889987601813656	0.0	(-0.6889987601813656+0j)
-0.8200000000000001	-0.6724000000000001	-9.873216186378174e-05	-0.6724987429758208	0.0	(-0.6724987429758208+0j)
-0.81	-0.6561000000000001	-9.871378548157013e-05	-0.656198725142093	0.0	(-0.656198725142093+0j)
-0.8	-0.6400000000000001	-9.869471568686868e-05	-0.640098706649395	0.0	(-0.640098706649395+0j)
-0.79	-0.6241000000000001	-9.86749171488868e-05	-0.6241986874650637	0.0	(-0.6241986874650637+0j)
-0.78	-0.6084	-9.865435225761181e-05	-0.6084986675543772	0.0	(-0.6084986675543772+0j)
-0.77	-0.5929	-9.863298094506374e-05	-0.5929986468804382	0.0	(-0.5929986468804382+0j)
-0.76	-0.5776	-9.861076048997929e-05	-0.5776986254039903	0.0	(-0.5776986254039903+0j)
-0.75	-0.5625	-9.858764530414628e-05	-0.5625986030832264	0.0	(-0.5625986030832264+0j)
-0.74	-0.5476	-9.856358669839118e-05	-0.5476985798736163	0.0	(-0.5476985798736163+0j)
-0.73	-0.5328999999999999	-9.853853262597526e-05	-0.5329985557276631	0.0	(-0.5329985557276631+0j)
-0.72	-0.5184	-9.851242740087176e-05	-0.5184985305946966	0.0	(-0.5184985305946966+0j)
-0.71	-0.5041	-9.8485211388074e-05	-0.5041985044205877	0.0	(-0.5041985044205877+0j)
-0.7000000000000001	-0.4900000000000001	-9.845682066271586e-05	-0.4900984771474758	0.0	(-0.4900984771474758+0j)
-0.6900000000000001	-0.4761000000000001	-9.842718663436238e-05	-0.476198448713466	0.0	(-0.476198448713466+0j)
-0.68	-0.4624000000000001	-9.839623563234337e-05	-0.462498419052281	0.0	(-0.462498419052281+0j)
-0.67	-0.4489000000000001	-9.836388844744423e-05	-0.4489983880928881	0.0	(-0.4489983880928881+0j)
-0.66	-0.43560000000000004	-9.833005982462427e-05	-0.4356983557590912	0.0	(-0.4356983557590912+0j)
-0.65	-0.42250000000000004	-9.82946579006898e-05	-0.42259832196908126	0.0	(-0.42259832196908126+0j)
-0.64	-0.4096	-9.825758357998787e-05	-0.40969828663492264	0.0	(-0.40969828663492264+0j)
-0.63	-0.39690000000000003	-9.821872984018925e-05	-0.3969982496620275	0.0	(-0.3969982496620275+0j)
-0.62	-0.3844	-9.817798095906785e-05	-0.3844982109485278	0.0	(-0.3844982109485278+0j)
-0.61	-0.3721	-9.813521165183214e-05	-0.3721981703846051	0.0	(-0.3721981703846051+0j)
-0.6	-0.36	-9.809028610698411e-05	-0.3600981278517641	0.0	(-0.3600981278517641+0j)
-0.59	-0.34809999999999997	-9.804305690683224e-05	-0.3481980832219737	0.0	(-0.3481980832219737+0j)
-0.58	-0.3364	-9.799336381661362e-05	-0.33649803635677183	0.0	(-0.33649803635677183+0j)
-0.5700000000000001	-0.3249000000000001	-9.794103242362519e-05	-0.32499798710624445	0.0	(-0.32499798710624445+0j)
-0.56	-0.31360000000000005	-9.788587260474908e-05	-0.31369793530787404	0.0	(-0.31369793530787404+0j)
-0.55	-0.30250000000000005	-9.782767679718773e-05	-0.3025978807852812	0.0	(-0.3025978807852812+0j)
-0.54	-0.2916	-9.776621804298955e-05	-0.2916978233467987	0.0	(-0.2916978233467987+0j)
-0.53	-0.28090000000000004	-9.770124777290388e-05	-0.28099776278389227	0.0	(-0.28099776278389227+0j)
-0.52	-0.27040000000000003	-9.763249328908336e-05	-0.27049769886938413	0.0	(-0.27049769886938413+0j)
-0.51	-0.2601	-9.755965489893911e-05	-0.2601976313554491	0.0	(-0.2601976313554491+0j)
-0.5	-0.25	-9.748240264378589e-05	-0.2500975599713966	0.0	(-0.2500975599713966+0j)
-0.49	-0.24009999999999998	-9.74003725554576e-05	-0.24019748442112723	0.0	(-0.24019748442112723+0j)
-0.48	-0.2304	-9.731316236141821e-05	-0.23049740438031457	0.0	(-0.23049740438031457+0j)
-0.47000000000000003	-0.22090000000000004	-9.722032654351575e-05	-0.22099731949319093	0.0	(-0.22099731949319093+0j)
-0.46	-0.2116	-9.712137063677214e-05	-0.21169722936893826	0.0	(-0.21169722936893826+0j)
-0.45	-0.2025	-9.701574463163373e-05	-0.20259713357759068	0.0	(-0.20259713357759068+0j)
-0.44	-0.1936	-9.690283531486138e-05	-0.19369703164539978	0.0	(-0.19369703164539978+0j)
-0.43	-0.18489999999999998	-9.67819573493509e-05	-0.18499692304958124	0.0	(-0.18499692304958124+0j)
-0.42	-0.17639999999999997	-9.665234284988258e-05	-0.1764968072123414	0.0	(-0.1764968072123414+0j)
-0.41000000000000003	-0.16810000000000003	-9.651312915782322e-05	-0.16819668349410144	0.0	(-0.16819668349410144+0j)
-0.4	-0.16000000000000003	-9.636334445017105e-05	-0.16009655118578073	0.0	(-0.16009655118578073+0j)
-0.39	-0.1521	-9.62018907331437e-05	-0.1521964095000224	0.0	(-0.1521964095000224+0j)
-0.38	-0.1444	-9.602752366261443e-05	-0.14449625756121467	0.0	(-0.14449625756121467+0j)
-0.37	-0.1369	-9.583882849626561e-05	-0.1369960943941252	0.0	(-0.1369960943941252+0j)
-0.36	-0.1296	-9.563419130620449e-05	-0.12969591891099339	0.0	(-0.12969591891099339+0j)
-0.35000000000000003	-0.12250000000000003	-9.541176435365268e-05	-0.12259572989686926	0.0	(-0.12259572989686926+0j)
-0.34	-0.11560000000000002	-9.516942423246136e-05	-0.11569552599301902	0.0	(-0.11569552599301902+0j)
-0.33	-0.10890000000000001	-9.49047210027808e-05	-0.10899530567820327	0.0	(-0.10899530567820327+0j)
-0.32	-0.1024	-9.461481602884243e-05	-0.10249506724766363	0.0	(-0.10249506724766363+0j)
-0.31	-0.0961	-9.42964055622382e-05	-0.09619480878974059	0.0	(-0.09619480878974059+0j)
-0.3	-0.09	-9.394562621479678e-05	-0.09009452816014853	0.0	(-0.09009452816014853+0j)
-0.29	-0.0841	-9.355793726226769e-05	-0.08419422295416301	0.0	(-0.08419422295416301+0j)
-0.28	-0.07840000000000001	-9.31279731048354e-05	-0.07849389047738978	0.0	(-0.07849389047738978+0j)
-0.27	-0.0729	-9.264935705100976e-05	-0.07299352771644342	0.0	(-0.07299352771644342+0j)
-0.26	-0.06760000000000001	-9.211446474597339e-05	-0.06769313131212638	0.0	(-0.06769313131212638+0j)
-0.25	-0.0625	-9.151412193360349e-05	-0.0625926975399197	0.0	(-0.0625926975399197+0j)
-0.24	-0.0576	-9.083721688674217e-05	-0.05769222230680179	0.0	(-0.05769222230680179+0j)
-0.23	-0.0529	-9.007020323930799e-05	-0.05299170118130147	0.0	(-0.05299170118130147+0j)
-0.22	-0.0484	-8.919646543414429e-05	-0.04849112948865717	0.0	(-0.04849112948865717+0j)
-0.21	-0.04409999999999999	-8.819551940621359e-05	-0.044190502530767395	0.0	(-0.044190502530767395+0j)
-0.2	-0.04000000000000001	-8.704203063896256e-05	-0.04008981604111675	0.0	(-0.04008981604111675+0j)
-0.19	-0.0361	-8.570465858759699e-05	-0.036189067073018444	0.0	(-0.036189067073018444+0j)
-0.18	-0.0324	-8.414479183014738e-05	-0.03248825566660351	0.0	(-0.03248825566660351+0j)
-0.17	-0.028900000000000006	-8.231533437546331e-05	-0.028987387872040873	0.0	(-0.028987387872040873+0j)
-0.16	-0.0256	-8.015984852568106e-05	-0.025686481048978076	0.0	(-0.025686481048978076+0j)
-0.15	-0.0225	-7.761254896298412e-05	-0.022585572825671692	0.0	(-0.022585572825671692+0j)
-0.14	-0.019600000000000003	-7.459984727889916e-05	-0.019684735649565084	0.0	(-0.019684735649565084+0j)
-0.13	-0.016900000000000002	-7.104430201172708e-05	-0.016984099340584723	0.0	(-0.016984099340584723+0j)
-0.12	-0.0144	-6.687183550284436e-05	-0.014483884037344448	0.0	(-0.014483884037344448+0j)
-0.11	-0.0121	-6.202281357357419e-05	-0.012184444366949394	0.0	(-0.012184444366949394+0j)
-0.1	-0.010000000000000002	-5.646694449804499e-05	-0.010086320656102349	0.0	(-0.010086320656102349+0j)
-0.09	-0.0081	-5.0220918560026195e-05	-0.0081902843718304	0.0	(-0.0081902843718304+0j)
-0.08	-0.0064	-4.33664037093667e-05	-0.006497374570940333	0.0	(-0.006497374570940333+0j)
-0.07	-0.004900000000000001	-3.606474344235541e-05	-0.005009063838843443	0.0	(-0.005009063838843443+0j)
-0.06	-0.0036	-2.8563926676588767e-05	-0.0037281593315110135	0.0	(-0.0037281593315110135+0j)
-0.05	-0.0025000000000000005	-2.119360135513279e-05	-0.0026608274990515047	0.0	(-0.0026608274990515047+0j)
-0.04	-0.0016	-1.4345405017986433e-05	-0.001812645735059871	0.0	(-0.001812645735059871+0j)
-0.03	-0.0009	-8.438644542229908e-06	-0.0011537439174924195	0.0	(-0.0011537439174924195+0j)
-0.02	-0.0004	-3.87485884234106e-06	-0.0005801494645349754	0.0	(-0.0005801494645349754+0j)
-0.01	-0.0001	-9.881199634536111e-07	-2.3852447794681098e-18	-0.001390089344910681	(-2.3852447794681098e-18-0.001390089344910681j)
0.01	0.0001	9.881199634536111e-07	-2.3852447794681098e-18	0.001390089344910681	(-2.3852447794681098e-18+0.001390089344910681j)
0.02	0.0004	3.87485884234106e-06	0.0005801494645349749	0.0	(0.0005801494645349749+0j)
0.03	0.0009	8.438644542229908e-06	0.0011537439174924013	0.0	(0.0011537439174924013+0j)
0.04	0.0016	1.4345405017986433e-05	0.0018126457350598397	0.0	(0.0018126457350598397+0j)
0.05	0.0025000000000000005	2.119360135513279e-05	0.0026608274990514488	0.0	(0.0026608274990514488+0j)
0.06	0.0036	2.8563926676588767e-05	0.0037281593315110087	0.0	(0.0037281593315110087+0j)
0.07	0.004900000000000001	3.606474344235541e-05	0.005009063838843468	0.0	(0.005009063838843468+0j)
0.08	0.0064	4.33664037093667e-05	0.00649737457094036	0.0	(0.00649737457094036+0j)
0.09	0.0081	5.0220918560026195e-05	0.0081902843718304	0.0	(0.0081902843718304+0j)
0.1	0.010000000000000002	5.646694449804499e-05	0.010086320656102408	0.0	(0.010086320656102408+0j)
0.11	0.0121	6.202281357357419e-05	0.012184444366949407	0.0	(0.012184444366949407+0j)
0.12	0.0144	6.687183550284436e-05	0.01448388403734445	0.0	(0.01448388403734445+0j)
0.13	0.016900000000000002	7.104430201172708e-05	0.01698409934058476	0.0	(0.01698409934058476+0j)
0.14	0.019600000000000003	7.459984727889916e-05	0.019684735649565042	0.0	(0.019684735649565042+0j)
0.15	0.0225	7.761254896298412e-05	0.022585572825671703	0.0	(0.022585572825671703+0j)
0.16	0.0256	8.015984852568106e-05	0.025686481048978246	0.0	(0.025686481048978246+0j)
0.17	0.028900000000000006	8.231533437546331e-05	0.028987387872040755	0.0	(0.028987387872040755+0j)
0.18	0.0324	8.414479183014738e-05	0.03248825566660354	0.0	(0.03248825566660354+0j)
0.19	0.0361	8.570465858759699e-05	0.03618906707301845	0.0	(0.03618906707301845+0j)
0.2	0.04000000000000001	8.704203063896256e-05	0.04008981604111671	0.0	(0.04008981604111671+0j)
0.21	0.04409999999999999	8.819551940621359e-05	0.0441905025307672	0.0	(0.0441905025307672+0j)
0.22	0.0484	8.919646543414429e-05	0.04849112948865682	0.0	(0.04849112948865682+0j)
0.23	0.0529	9.007020323930799e-05	0.05299170118130161	0.0	(0.05299170118130161+0j)
0.24	0.0576	9.083721688674217e-05	0.05769222230680172	0.0	(0.05769222230680172+0j)
0.25	0.0625	9.151412193360349e-05	0.06259269753991965	0.0	(0.06259269753991965+0j)
0.26	0.06760000000000001	9.211446474597339e-05	0.06769313131212626	0.0	(0.06769313131212626+0j)
0.27	0.0729	9.264935705100976e-05	0.0729935277164437	0.0	(0.0729935277164437+0j)
0.28	0.07840000000000001	9.31279731048354e-05	0.07849389047738999	0.0	(0.07849389047738999+0j)
0.29	0.0841	9.355793726226769e-05	0.08419422295416282	0.0	(0.08419422295416282+0j)
0.3	0.09	9.394562621479678e-05	0.09009452816014821	0.0	(0.09009452816014821+0j)
0.31	0.0961	9.42964055622382e-05	0.09619480878974103	0.0	(0.09619480878974103+0j)
0.32	0.1024	9.461481602884243e-05	0.10249506724766351	0.0	(0.10249506724766351+0j)
0.33	0.10890000000000001	9.49047210027808e-05	0.10899530567820366	0.0	(0.10899530567820366+0j)
0.34	0.11560000000000002	9.516942423246136e-05	0.11569552599301876	0.0	(0.11569552599301876+0j)
0.35000000000000003	0.12250000000000003	9.541176435365268e-05	0.12259572989686875	0.0	(0.12259572989686875+0j)
0.36	0.1296	9.563419130620449e-05	0.1296959189109933	0.0	(0.1296959189109933+0j)
0.37	0.1369	9.583882849626561e-05	0.13699609439412586	0.0	(0.13699609439412586+0j)
0.38	0.1444	9.602752366261443e-05	0.1444962575612141	0.0	(0.1444962575612141+0j)
0.39	0.1521	9.62018907331437e-05	0.15219640950002192	0.0	(0.15219640950002192+0j)
0.4	0.16000000000000003	9.636334445017105e-05	0.16009655118577953	0.0	(0.16009655118577953+0j)
0.41000000000000003	0.16810000000000003	9.651312915782322e-05	0.16819668349410147	0.0	(0.16819668349410147+0j)
0.42	0.17639999999999997	9.665234284988258e-05	0.17649680721234154	0.0	(0.17649680721234154+0j)
0.43	0.18489999999999998	9.67819573493509e-05	0.18499692304958112	0.0	(0.18499692304958112+0j)
0.44	0.1936	9.690283531486138e-05	0.1936970316453996	0.0	(0.1936970316453996+0j)
0.45	0.2025	9.701574463163373e-05	0.20259713357759057	0.0	(0.20259713357759057+0j)
0.46	0.2116	9.712137063677214e-05	0.21169722936893826	0.0	(0.21169722936893826+0j)
0.47000000000000003	0.22090000000000004	9.722032654351575e-05	0.2209973194931915	0.0	(0.2209973194931915+0j)
0.48	0.2304	9.731316236141821e-05	0.2304974043803141	0.0	(0.2304974043803141+0j)
0.49	0.24009999999999998	9.74003725554576e-05	0.24019748442112723	0.0	(0.24019748442112723+0j)
0.5	0.25	9.748240264378589e-05	0.2500975599713964	0.0	(0.2500975599713964+0j)
0.51	0.2601	9.755965489893911e-05	0.2601976313554506	0.0	(0.2601976313554506+0j)
0.52	0.27040000000000003	9.763249328908336e-05	0.2704976988693829	0.0	(0.2704976988693829+0j)
0.53	0.28090000000000004	9.770124777290388e-05	0.2809977627838926	0.0	(0.2809977627838926+0j)
0.54	0.2916	9.776621804298955e-05	0.2916978233467984	0.0	(0.2916978233467984+0j)
0.55	0.30250000000000005	9.782767679718773e-05	0.3025978807852797	0.0	(0.3025978807852797+0j)
0.56	0.31360000000000005	9.788587260474908e-05	0.3136979353078745	0.0	(0.3136979353078745+0j)
0.5700000000000001	0.3249000000000001	9.794103242362519e-05	0.3249979871062454	0.0	(0.3249979871062454+0j)
0.58	0.3364	9.799336381661362e-05	0.3364980363567706	0.0	(0.3364980363567706+0j)
0.59	0.34809999999999997	9.804305690683224e-05	0.34819808322197243	0.0	(0.34819808322197243+0j)
0.6	0.36	9.809028610698411e-05	0.3600981278517648	0.0	(0.3600981278517648+0j)
0.61	0.3721	9.813521165183214e-05	0.3721981703846073	0.0	(0.3721981703846073+0j)
0.62	0.3844	9.817798095906785e-05	0.3844982109485263	0.0	(0.3844982109485263+0j)
0.63	0.39690000000000003	9.821872984018925e-05	0.3969982496620294	0.0	(0.3969982496620294+0j)
0.64	0.4096	9.825758357998787e-05	0.40969828663492286	0.0	(0.40969828663492286+0j)
0.65	0.42250000000000004	9.82946579006898e-05	0.4225983219690803	0.0	(0.4225983219690803+0j)
0.66	0.43560000000000004	9.833005982462427e-05	0.43569835575909277	0.0	(0.43569835575909277+0j)
0.67	0.4489000000000001	9.836388844744423e-05	0.4489983880928884	0.0	(0.4489983880928884+0j)
0.68	0.4624000000000001	9.839623563234337e-05	0.4624984190522817	0.0	(0.4624984190522817+0j)
0.6900000000000001	0.4761000000000001	9.842718663436238e-05	0.476198448713465	0.0	(0.476198448713465+0j)
0.7000000000000001	0.4900000000000001	9.845682066271586e-05	0.49009847714747573	0.0	(0.49009847714747573+0j)
0.71	0.5041	9.8485211388074e-05	0.5041985044205861	0.0	(0.5041985044205861+0j)
0.72	0.5184	9.851242740087176e-05	0.518498530594698	0.0	(0.518498530594698+0j)
0.73	0.5328999999999999	9.853853262597526e-05	0.5329985557276653	0.0	(0.5329985557276653+0j)
0.74	0.5476	9.856358669839118e-05	0.5476985798736145	0.0	(0.5476985798736145+0j)
0.75	0.5625	9.858764530414628e-05	0.5625986030832262	0.0	(0.5625986030832262+0j)
0.76	0.5776	9.861076048997929e-05	0.5776986254039896	0.0	(0.5776986254039896+0j)
0.77	0.5929	9.863298094506374e-05	0.5929986468804389	0.0	(0.5929986468804389+0j)
0.78	0.6084	9.865435225761181e-05	0.6084986675543783	0.0	(0.6084986675543783+0j)
0.79	0.6241000000000001	9.86749171488868e-05	0.6241986874650617	0.0	(0.6241986874650617+0j)
0.8	0.6400000000000001	9.869471568686868e-05	0.6400987066493964	0.0	(0.6400987066493964+0j)
0.81	0.6561000000000001	9.871378548157013e-05	0.6561987251420935	0.0	(0.6561987251420935+0j)
0.8200000000000001	0.6724000000000001	9.873216186378174e-05	0.6724987429758226	0.0	(0.6724987429758226+0j)
0.8300000000000001	0.6889000000000001	9.874987804883439e-05	0.6889987601813704	0.0	(0.6889987601813704+0j)
0.84	0.7055999999999999	9.876696528679659e-05	0.705698776787735	0.0	(0.705698776787735+0j)
0.85	0.7224999999999999	9.878345300037622e-05	0.7225987928222993	0.0	(0.7225987928222993+0j)
0.86	0.7395999999999999	9.879936891166367e-05	0.7396988083108806	0.0	(0.7396988083108806+0j)
0.87	0.7569	9.881473915873638e-05	0.7569988232778722	0.0	(0.7569988232778722+0j)
0.88	0.7744	9.882958840304128e-05	0.7744988377463349	0.0	(0.7744988377463349+0j)
0.89	0.7921	9.884393992837933e-05	0.7921988517381211	0.0	(0.7921988517381211+0j)
0.9	0.81	9.885781573223437e-05	0.8100988652741667	0.0	(0.8100988652741667+0j)
0.91	0.8281000000000001	9.887123661011581e-05	0.8281988783756385	0.0	(0.8281988783756385+0j)
0.92	0.8464	9.888422223351898e-05	0.846498891068645	0.0	(0.846498891068645+0j)
0.93	0.8649000000000001	9.889679122204937e-05	0.8649989034005658	0.0	(0.8649989034005658+0j)
0.9400000000000001	0.8836000000000002	9.890896121020488e-05	0.8836989154880069	0.0	(0.8836989154880069+0j)
0.9500000000000001	0.9025000000000001	9.89207489092632e-05	0.9025989276328539	0.0	(0.9025989276328539+0j)
0.96	0.9216	9.893217016468049e-05	0.9216989405537783	0.0	(0.9216989405537783+0j)
0.97	0.9409	9.894324000936925e-05	0.9409989557795584	0.0	(0.9409989557795584+0j)
0.98	0.9603999999999999	9.895397271319034e-05	0.9604989763252674	0.0	(0.9604989763252674+0j)
0.99	0.9801	9.896438182896333e-05	0.9801990085320748	0.0	(0.9801990085320748+0j)
1.0	1.0	9.897448023527241e-05	1.000099073425138	0.0	(1.000099073425138+0j)
