-1.0	-1.0	-0.11293388899608998	-1.1136802233163379	0.0	(-1.1136802233163379+0j)
-0.998	-0.996004	-0.11269726811088619	-1.1094019076963615	0.0	(-1.1094019076963615+0j)
-0.996	-0.992016	-0.11246009147007585	-1.1051498138710971	0.0	(-1.1051498138710971+0j)
-0.994	-0.988036	-0.1122223598227854	-1.1009125950404317	0.0	(-1.1009125950404317+0j)
-0.992	-0.9840639999999999	-0.11198407393932835	-1.0966868980075284	0.0	(-1.0966868980075284+0j)
-0.99	-0.9801	-0.11174523461131793	-1.092471254935428	0.0	(-1.092471254935428+0j)
-0.988	-0.976144	-0.11150584265177928	-1.0882648850139511	0.0	(-1.0882648850139511+0j)
-0.986	-0.972196	-0.11126589889526126	-1.0840673205625437	0.0	(-1.0840673205625437+0j)
-0.984	-0.968256	-0.11102540419794782	-1.079878258034093	0.0	(-1.079878258034093+0j)
-0.982	-0.964324	-0.11078435943776886	-1.0756974886371644	0.0	(-1.0756974886371644+0j)
-0.98	-0.9603999999999999	-0.11054276551451056	-1.0715248623090572	0.0	(-1.0715248623090572+0j)
-0.978	-0.956484	-0.11030062334992549	-1.067360267427251	0.0	(-1.067360267427251+0j)
-0.976	-0.952576	-0.11005793388784178	-1.0632036186427787	0.0	(-1.0632036186427787+0j)
-0.974	-0.948676	-0.10981469809427222	-1.059054849208251	0.0	(-1.059054849208251+0j)
-0.972	-0.944784	-0.10957091695752261	-1.0549139059370896	0.0	(-1.0549139059370896+0j)
-0.97	-0.9409	-0.10932659148829958	-1.0507807457759983	0.0	(-1.0507807457759983+0j)
-0.968	-0.937024	-0.10908172271981804	-1.046655333405544	0.0	(-1.046655333405544+0j)
-0.966	-0.933156	-0.10883631170790775	-1.0425376395181298	0.0	(-1.0425376395181298+0j)
-0.964	-0.9292959999999999	-0.10859035953111974	-1.038427639554967	0.0	(-1.038427639554967+0j)
-0.962	-0.9254439999999999	-0.10834386729083181	-1.0343253127620122	0.0	(-1.0343253127620122+0j)
-0.96	-0.9216	-0.10809683611135354	-1.0302306414723519	0.0	(-1.0302306414723519+0j)
-0.9580000000000001	-0.9177640000000001	-0.10784926714003085	-1.0261436105525183	0.0	(-1.0261436105525183+0j)
-0.9560000000000001	-0.9139360000000002	-0.1076011615473497	-1.0220642069694887	0.0	(-1.0220642069694887+0j)
-0.9540000000000001	-0.9101160000000001	-0.10735252052703932	-1.0179924194480205	0.0	(-1.0179924194480205+0j)
-0.9520000000000001	-0.9063040000000001	-0.1071033452961749	-1.0139282381965278	0.0	(-1.0139282381965278+0j)
-0.9500000000000001	-0.9025000000000001	-0.10685363709527927	-1.009871654685408	0.0	(-1.009871654685408+0j)
-0.9480000000000001	-0.8987040000000002	-0.10660339718842432	-1.0058226614663985	0.0	(-1.0058226614663985+0j)
-0.9460000000000001	-0.8949160000000002	-0.10635262686333152	-1.0017812520239804	0.0	(-1.0017812520239804+0j)
-0.9440000000000001	-0.8911360000000002	-0.10610132743147183	-0.9977474206522514	0.0	(-0.9977474206522514+0j)
-0.9420000000000001	-0.8873640000000002	-0.10584950022816482	-0.9937211623521396	0.0	(-0.9937211623521396+0j)
-0.9400000000000001	-0.8836000000000002	-0.10559714661267727	-0.9897024727450806	0.0	(-0.9897024727450806+0j)
-0.9380000000000001	-0.8798440000000001	-0.10534426796832085	-0.9856913480000622	0.0	(-0.9856913480000622+0j)
-0.936	-0.8760960000000001	-0.10509086570254915	-0.9816877847716395	0.0	(-0.9816877847716395+0j)
-0.934	-0.8723560000000001	-0.10483694124705406	-0.9776917801468813	0.0	(-0.9776917801468813+0j)
-0.932	-0.8686240000000001	-0.10458249605786106	-0.973703331599894	0.0	(-0.973703331599894+0j)
-0.93	-0.8649000000000001	-0.10432753161542432	-0.9697224369525422	0.0	(-0.9697224369525422+0j)
-0.928	-0.8611840000000001	-0.10407204942472029	-0.9657490943404746	0.0	(-0.9657490943404746+0j)
-0.926	-0.8574760000000001	-0.1038160510153412	-0.9617833021834155	0.0	(-0.9617833021834155+0j)
-0.924	-0.8537760000000001	-0.10355953794158715	-0.9578250591594202	0.0	(-0.9578250591594202+0j)
-0.922	-0.8500840000000001	-0.10330251178255795	-0.9538743641821208	0.0	(-0.9538743641821208+0j)
-0.92	-0.8464	-0.10304497414224353	-0.9499312163808287	0.0	(-0.9499312163808287+0j)
-0.918	-0.842724	-0.10278692664961403	-0.9459956150829102	0.0	(-0.9459956150829102+0j)
-0.916	-0.839056	-0.10252837095870873	-0.9420675597982195	0.0	(-0.9420675597982195+0j)
-0.914	-0.835396	-0.10226930874872417	-0.9381470502052291	0.0	(-0.9381470502052291+0j)
-0.912	-0.831744	-0.10200974172410143	-0.9342340861387728	0.0	(-0.9342340861387728+0j)
-0.91	-0.8281000000000001	-0.10174967161461261	-0.9303286675789775	0.0	(-0.9303286675789775+0j)
-0.908	-0.8244640000000001	-0.10148910017544605	-0.9264307946414279	0.0	(-0.9264307946414279+0j)
-0.906	-0.820836	-0.10122802918729112	-0.9225404675683939	0.0	(-0.9225404675683939+0j)
-0.904	-0.817216	-0.10096646045642166	-0.9186576867208014	0.0	(-0.9186576867208014+0j)
-0.902	-0.813604	-0.10070439581477877	-0.9147824525711398	0.0	(-0.9147824525711398+0j)
-0.9	-0.81	-0.10044183712005243	-0.9109147656969523	0.0	(-0.9109147656969523+0j)
-0.898	-0.806404	-0.10017878625576226	-0.907054626775019	0.0	(-0.907054626775019+0j)
-0.896	-0.8028160000000001	-0.09991524513133739	-0.9032020365760042	0.0	(-0.9032020365760042+0j)
-0.894	-0.7992360000000001	-0.099651215682195	-0.8993569959596786	0.0	(-0.8993569959596786+0j)
-0.892	-0.795664	-0.09938669986981834	-0.8955195058705221	0.0	(-0.8955195058705221+0j)
-0.89	-0.7921	-0.09912169968183336	-0.8916895673337023	0.0	(-0.8916895673337023+0j)
-0.888	-0.788544	-0.09885621713208437	-0.8878671814514474	0.0	(-0.8878671814514474+0j)
-0.886	-0.784996	-0.09859025426070883	-0.8840523493997063	0.0	(-0.8840523493997063+0j)
-0.884	-0.781456	-0.0983238131342109	-0.8802450724250718	0.0	(-0.8802450724250718+0j)
-0.882	-0.7779240000000001	-0.09805689584553398	-0.8764453518419935	0.0	(-0.8764453518419935+0j)
-0.88	-0.7744	-0.0977895045141322	-0.8726531890302041	0.0	(-0.8726531890302041+0j)
-0.878	-0.770884	-0.09752164128604082	-0.868868585432321	0.0	(-0.868868585432321+0j)
-0.876	-0.767376	-0.09725330833394559	-0.8650915425516714	0.0	(-0.8650915425516714+0j)
-0.874	-0.763876	-0.09698450785725067	-0.8613220619503248	0.0	(-0.8613220619503248+0j)
-0.872	-0.760384	-0.09671524208214582	-0.8575601452471832	0.0	(-0.8575601452471832+0j)
-0.87	-0.7569	-0.09644551326167239	-0.8538057941162404	0.0	(-0.8538057941162404+0j)
-0.868	-0.753424	-0.09617532367578778	-0.8500590102850857	0.0	(-0.8500590102850857+0j)
-0.866	-0.749956	-0.09590467563142929	-0.8463197955333368	0.0	(-0.8463197955333368+0j)
-0.864	-0.7464959999999999	-0.0956335714625764	-0.8425881516913158	0.0	(-0.8425881516913158+0j)
-0.862	-0.7430439999999999	-0.09536201353031179	-0.8388640806387764	0.0	(-0.8388640806387764+0j)
-0.86	-0.7395999999999999	-0.09509000422288169	-0.8351475843037143	0.0	(-0.8351475843037143+0j)
-0.858	-0.7361639999999999	-0.09481754595575446	-0.83143866466126	0.0	(-0.83143866466126+0j)
-0.856	-0.7327359999999999	-0.09454464117167816	-0.8277373237326935	0.0	(-0.8277373237326935+0j)
-0.854	-0.729316	-0.09427129234073685	-0.824043563584453	0.0	(-0.824043563584453+0j)
-0.852	-0.725904	-0.0939975019604058	-0.8203573863272525	0.0	(-0.8203573863272525+0j)
-0.85	-0.7224999999999999	-0.09372327255560509	-0.8166787941152454	0.0	(-0.8166787941152454+0j)
-0.848	-0.719104	-0.09344860667875238	-0.8130077891452783	0.0	(-0.8130077891452783+0j)
-0.846	-0.7157159999999999	-0.09317350690981394	-0.8093443736560969	0.0	(-0.8093443736560969+0j)
-0.844	-0.712336	-0.0928979758563548	-0.8056885499277534	0.0	(-0.8056885499277534+0j)
-0.842	-0.7089639999999999	-0.09262201615358719	-0.8020403202808625	0.0	(-0.8020403202808625+0j)
-0.84	-0.7055999999999999	-0.09234563046441803	-0.7983996870760892	0.0	(-0.7983996870760892+0j)
-0.838	-0.702244	-0.0920688214794948	-0.7947666527135275	0.0	(-0.7947666527135275+0j)
-0.836	-0.698896	-0.09179159191725025	-0.7911412196321937	0.0	(-0.7911412196321937+0j)
-0.834	-0.695556	-0.0915139445239457	-0.7875233903095086	0.0	(-0.7875233903095086+0j)
-0.8320000000000001	-0.6922240000000002	-0.0912358820737129	-0.7839131672608447	0.0	(-0.7839131672608447+0j)
-0.8300000000000001	-0.6889000000000001	-0.09095740736859452	-0.7803105530390636	0.0	(-0.7803105530390636+0j)
-0.8280000000000001	-0.6855840000000001	-0.09067852323858341	-0.7767155502341002	0.0	(-0.7767155502341002+0j)
-0.8260000000000001	-0.6822760000000001	-0.09039923254166027	-0.7731281614725736	0.0	(-0.7731281614725736+0j)
-0.8240000000000001	-0.6789760000000001	-0.09011953816383006	-0.7695483894173849	0.0	(-0.7695483894173849+0j)
-0.8220000000000001	-0.6756840000000001	-0.08983944301915672	-0.7659762367673731	0.0	(-0.7659762367673731+0j)
-0.8200000000000001	-0.6724000000000001	-0.08955895004979686	-0.7624117062570036	0.0	(-0.7624117062570036+0j)
-0.8180000000000001	-0.669124	-0.08927806222603156	-0.7588548006559982	0.0	(-0.7588548006559982+0j)
-0.8160000000000001	-0.6658560000000001	-0.08899678254629717	-0.7553055227690553	0.0	(-0.7553055227690553+0j)
-0.8140000000000001	-0.6625960000000001	-0.08871511403721405	-0.7517638754355468	0.0	(-0.7517638754355468+0j)
-0.812	-0.659344	-0.08843305975361457	-0.7482298615292466	0.0	(-0.7482298615292466+0j)
-0.81	-0.6561000000000001	-0.08815062277856894	-0.7447034839580787	0.0	(-0.7447034839580787+0j)
-0.808	-0.6528640000000001	-0.0878678062234099	-0.7411847456638122	0.0	(-0.7411847456638122+0j)
-0.806	-0.6496360000000001	-0.08758461322775579	-0.7376736496218914	0.0	(-0.7376736496218914+0j)
-0.804	-0.6464160000000001	-0.08730104695953225	-0.7341701988411294	0.0	(-0.7341701988411294+0j)
-0.802	-0.6432040000000001	-0.08701711061499193	-0.7306743963635363	0.0	(-0.7306743963635363+0j)
-0.8	-0.6400000000000001	-0.08673280741873343	-0.7271862452640799	0.0	(-0.7271862452640799+0j)
-0.798	-0.636804	-0.08644814062371778	-0.7237057486504667	0.0	(-0.7237057486504667+0j)
-0.796	-0.6336160000000001	-0.08616311351128413	-0.7202329096629743	0.0	(-0.7202329096629743+0j)
-0.794	-0.6304360000000001	-0.08587772939116327	-0.7167677314742369	0.0	(-0.7167677314742369+0j)
-0.792	-0.627264	-0.08559199160149006	-0.7133102172890396	0.0	(-0.7133102172890396+0j)
-0.79	-0.6241000000000001	-0.08530590350881381	-0.709860370344175	0.0	(-0.709860370344175+0j)
-0.788	-0.620944	-0.08501946850810735	-0.7064181939082458	0.0	(-0.7064181939082458+0j)
-0.786	-0.617796	-0.08473269002277448	-0.7029836912814903	0.0	(-0.7029836912814903+0j)
-0.784	-0.6146560000000001	-0.08444557150465555	-0.6995568657956106	0.0	(-0.6995568657956106+0j)
-0.782	-0.6115240000000001	-0.0841581164340316	-0.6961377208136235	0.0	(-0.6961377208136235+0j)
-0.78	-0.6084	-0.0838703283196269	-0.6927262597297006	0.0	(-0.6927262597297006+0j)
-0.778	-0.605284	-0.08358221069860956	-0.689322485969007	0.0	(-0.689322485969007+0j)
-0.776	-0.602176	-0.08329376713659083	-0.6859264029875134	0.0	(-0.6859264029875134+0j)
-0.774	-0.599076	-0.08300500122762233	-0.6825380142719046	0.0	(-0.6825380142719046+0j)
-0.772	-0.5959840000000001	-0.08271591659419206	-0.6791573233393955	0.0	(-0.6791573233393955+0j)
-0.77	-0.5929	-0.08242651688721808	-0.6757843337375876	0.0	(-0.6757843337375876+0j)
-0.768	-0.589824	-0.08213680578604136	-0.6724190490443189	0.0	(-0.6724190490443189+0j)
-0.766	-0.586756	-0.08184678699841591	-0.6690614728675414	0.0	(-0.6690614728675414+0j)
-0.764	-0.583696	-0.08155646426049795	-0.6657116088451481	0.0	(-0.6657116088451481+0j)
-0.762	-0.580644	-0.08126584133683304	-0.6623694606448516	0.0	(-0.6623694606448516+0j)
-0.76	-0.5776	-0.08097492202034144	-0.6590350319640496	0.0	(-0.6590350319640496+0j)
-0.758	-0.574564	-0.08068371013230193	-0.6557083265296616	0.0	(-0.6557083265296616+0j)
-0.756	-0.571536	-0.08039220952233349	-0.6523893480979975	0.0	(-0.6523893480979975+0j)
-0.754	-0.568516	-0.08010042406837561	-0.6490781004546305	0.0	(-0.6490781004546305+0j)
-0.752	-0.565504	-0.07980835767666673	-0.6457745874142425	0.0	(-0.6457745874142425+0j)
-0.75	-0.5625	-0.07951601428172053	-0.6424788128204878	0.0	(-0.6424788128204878+0j)
-0.748	-0.559504	-0.079223397846301	-0.6391907805458649	0.0	(-0.6391907805458649+0j)
-0.746	-0.556516	-0.07893051236139526	-0.6359104944915545	0.0	(-0.6359104944915545+0j)
-0.744	-0.553536	-0.07863736184618483	-0.6326379585872871	0.0	(-0.6326379585872871+0j)
-0.742	-0.5505639999999999	-0.07834395034801482	-0.629373176791223	0.0	(-0.629373176791223+0j)
-0.74	-0.5476	-0.07805028194236166	-0.6261161530897555	0.0	(-0.6261161530897555+0j)
-0.738	-0.544644	-0.07775636073279868	-0.6228668914974292	0.0	(-0.6228668914974292+0j)
-0.736	-0.541696	-0.07746219085095991	-0.6196253960567449	0.0	(-0.6196253960567449+0j)
-0.734	-0.538756	-0.07716777645650223	-0.6163916708380509	0.0	(-0.6163916708380509+0j)
-0.732	-0.535824	-0.07687312173706529	-0.6131657199393568	0.0	(-0.6131657199393568+0j)
-0.73	-0.5328999999999999	-0.07657823090823002	-0.6099475474862277	0.0	(-0.6099475474862277+0j)
-0.728	-0.529984	-0.07628310821347495	-0.6067371576315775	0.0	(-0.6067371576315775+0j)
-0.726	-0.527076	-0.07598775792413058	-0.6035345545555726	0.0	(-0.6035345545555726+0j)
-0.724	-0.524176	-0.07569218433933234	-0.6003397424654356	0.0	(-0.6003397424654356+0j)
-0.722	-0.521284	-0.07539639178597102	-0.5971527255953043	0.0	(-0.5971527255953043+0j)
-0.72	-0.5184	-0.07510038461864185	-0.5939735082060766	0.0	(-0.5939735082060766+0j)
-0.718	-0.515524	-0.07480416721959135	-0.5908020945852327	0.0	(-0.5908020945852327+0j)
-0.716	-0.512656	-0.07450774399866238	-0.5876384890466781	0.0	(-0.5876384890466781+0j)
-0.714	-0.5097959999999999	-0.07421111939323721	-0.5844826959306	0.0	(-0.5844826959306+0j)
-0.712	-0.506944	-0.07391429786817888	-0.5813347196032428	0.0	(-0.5813347196032428+0j)
-0.71	-0.5041	-0.07361728391577027	-0.5781945644568011	0.0	(-0.5781945644568011+0j)
-0.708	-0.5012639999999999	-0.07332008205565159	-0.5750622349091947	0.0	(-0.5750622349091947+0j)
-0.706	-0.49843599999999993	-0.07302269683475562	-0.5719377354039163	0.0	(-0.5719377354039163+0j)
-0.704	-0.49561599999999995	-0.07272513282724129	-0.5688210704098488	0.0	(-0.5688210704098488+0j)
-0.7020000000000001	-0.4928040000000001	-0.07242739463442517	-0.5657122444210713	0.0	(-0.5657122444210713+0j)
-0.7000000000000001	-0.4900000000000001	-0.07212948688471085	-0.5626112619566925	0.0	(-0.5626112619566925+0j)
-0.6980000000000001	-0.4872040000000001	-0.07183141423351672	-0.5595181275606375	0.0	(-0.5595181275606375+0j)
-0.6960000000000001	-0.48441600000000007	-0.07153318136320144	-0.5564328458014547	0.0	(-0.5564328458014547+0j)
-0.6940000000000001	-0.48163600000000006	-0.07123479298298765	-0.5533554212721589	0.0	(-0.5533554212721589+0j)
-0.6920000000000001	-0.47886400000000007	-0.07093625382888366	-0.5502858585899884	0.0	(-0.5502858585899884+0j)
-0.6900000000000001	-0.4761000000000001	-0.07063756866360299	-0.5472241623962187	0.0	(-0.5472241623962187+0j)
-0.6880000000000001	-0.4733440000000001	-0.07033874227648212	-0.5441703373559522	0.0	(-0.5441703373559522+0j)
-0.686	-0.47059600000000007	-0.0700397794833964	-0.5411243881579083	0.0	(-0.5411243881579083+0j)
-0.684	-0.46785600000000005	-0.06974068512667353	-0.5380863195142244	0.0	(-0.5380863195142244+0j)
-0.682	-0.4651240000000001	-0.06944146407500532	-0.5350561361602187	0.0	(-0.5350561361602187+0j)
-0.68	-0.4624000000000001	-0.06914212122335742	-0.5320338428541644	0.0	(-0.5320338428541644+0j)
-0.678	-0.45968400000000004	-0.06884266149287709	-0.5290194443770939	0.0	(-0.5290194443770939+0j)
-0.676	-0.45697600000000005	-0.06854308983079896	-0.5260129455325409	0.0	(-0.5260129455325409+0j)
-0.674	-0.45427600000000007	-0.06824341121034849	-0.523014351146309	0.0	(-0.523014351146309+0j)
-0.672	-0.45158400000000004	-0.06794363063064392	-0.5200236660662649	0.0	(-0.5200236660662649+0j)
-0.67	-0.4489000000000001	-0.06764375311659575	-0.5170408951620356	0.0	(-0.5170408951620356+0j)
-0.668	-0.44622400000000007	-0.06734378371880448	-0.5140660433248411	0.0	(-0.5140660433248411+0j)
-0.666	-0.44355600000000006	-0.06704372751345625	-0.5110991154671701	0.0	(-0.5110991154671701+0j)
-0.664	-0.44089600000000007	-0.06674358960221638	-0.5081401165225724	0.0	(-0.5081401165225724+0j)
-0.662	-0.438244	-0.066443375112121	-0.5051890514453781	0.0	(-0.5051890514453781+0j)
-0.66	-0.43560000000000004	-0.06614308919546655	-0.5022459252104261	0.0	(-0.5022459252104261+0j)
-0.658	-0.432964	-0.06584273702969728	-0.49931074281283006	0.0	(-0.49931074281283006+0j)
-0.656	-0.43033600000000005	-0.06554232381729097	-0.4963835092676594	0.0	(-0.4963835092676594+0j)
-0.654	-0.42771600000000004	-0.06524185478564193	-0.49346422960968866	0.0	(-0.49346422960968866+0j)
-0.652	-0.42510400000000004	-0.06494133518694287	-0.4905529088931051	0.0	(-0.4905529088931051+0j)
-0.65	-0.42250000000000004	-0.06464077029806406	-0.4876495521912223	0.0	(-0.4876495521912223+0j)
-0.648	-0.419904	-0.06434016542043071	-0.4847541645961788	0.0	(-0.4847541645961788+0j)
-0.646	-0.417316	-0.06403952587989825	-0.48186675121864325	0.0	(-0.48186675121864325+0j)
-0.644	-0.41473600000000005	-0.06373885702662568	-0.4789873171875187	0.0	(-0.4789873171875187+0j)
-0.642	-0.41216400000000003	-0.06343816423494669	-0.4761158676495881	0.0	(-0.4761158676495881+0j)
-0.64	-0.4096	-0.06313745290323902	-0.4732524077692696	0.0	(-0.4732524077692696+0j)
-0.638	-0.407044	-0.06283672845379146	-0.4703969427282305	0.0	(-0.4703969427282305+0j)
-0.636	-0.404496	-0.06253599633266899	-0.46754947772509337	0.0	(-0.46754947772509337+0j)
-0.634	-0.40195600000000004	-0.06223526200957592	-0.46471001797508726	0.0	(-0.46471001797508726+0j)
-0.632	-0.399424	-0.06193453097771688	-0.46187856870971095	0.0	(-0.46187856870971095+0j)
-0.63	-0.39690000000000003	-0.0616338087536559	-0.4590551351763814	0.0	(-0.4590551351763814+0j)
-0.628	-0.394384	-0.061333100877173224	-0.45623972263809304	0.0	(-0.45623972263809304+0j)
-0.626	-0.391876	-0.06103241291112029	-0.4534323363730337	0.0	(-0.4534323363730337+0j)
-0.624	-0.389376	-0.06073175044127278	-0.4506329816742487	0.0	(-0.4506329816742487+0j)
-0.622	-0.386884	-0.06043111907618129	-0.44784166384923235	0.0	(-0.44784166384923235+0j)
-0.62	-0.3844	-0.06013052444702016	-0.44505838821957106	0.0	(-0.44505838821957106+0j)
-0.618	-0.381924	-0.05982997220743445	-0.44228316012054625	0.0	(-0.44228316012054625+0j)
-0.616	-0.379456	-0.05952946803338453	-0.4395159849007293	0.0	(-0.4395159849007293+0j)
-0.614	-0.376996	-0.059229017622988885	-0.43675686792158697	0.0	(-0.43675686792158697+0j)
-0.612	-0.374544	-0.05892862669636484	-0.4340058145570587	0.0	(-0.4340058145570587+0j)
-0.61	-0.3721	-0.05862830099546728	-0.43126283019314293	0.0	(-0.43126283019314293+0j)
-0.608	-0.369664	-0.05832804628392528	-0.42852792022747044	0.0	(-0.42852792022747044+0j)
-0.606	-0.367236	-0.05802786834687686	-0.4258010900688352	0.0	(-0.4258010900688352+0j)
-0.604	-0.364816	-0.05772777299080148	-0.42308234513677373	0.0	(-0.42308234513677373+0j)
-0.602	-0.36240399999999995	-0.057427766043350904	-0.42037169086109666	0.0	(-0.42037169086109666+0j)
-0.6	-0.36	-0.05712785335317756	-0.41766913268142025	0.0	(-0.41766913268142025+0j)
-0.598	-0.357604	-0.05682804078976145	-0.4149746760466634	0.0	(-0.4149746760466634+0j)
-0.596	-0.355216	-0.056528334243234626	-0.4122883264145918	0.0	(-0.4122883264145918+0j)
-0.594	-0.352836	-0.056228739624203904	-0.409610089251283	0.0	(-0.409610089251283+0j)
-0.592	-0.35046399999999994	-0.05592926286357146	-0.40693997003062143	0.0	(-0.40693997003062143+0j)
-0.59	-0.34809999999999997	-0.055629909912353476	-0.4042779742337562	0.0	(-0.4042779742337562+0j)
-0.588	-0.34574399999999994	-0.05533068674149702	-0.4016241073485783	0.0	(-0.4016241073485783+0j)
-0.586	-0.343396	-0.05503159934169452	-0.3989783748691359	0.0	(-0.3989783748691359+0j)
-0.584	-0.34105599999999997	-0.054732653723196606	-0.39634078229509	0.0	(-0.39634078229509+0j)
-0.582	-0.33872399999999997	-0.05443385591562286	-0.39371133513108814	0.0	(-0.39371133513108814+0j)
-0.58	-0.3364	-0.05413521196777073	-0.39109003888617966	0.0	(-0.39109003888617966+0j)
-0.578	-0.33408399999999994	-0.05383672794742228	-0.3884768990731939	0.0	(-0.3884768990731939+0j)
-0.5760000000000001	-0.33177600000000007	-0.05353840994114907	-0.38587192120807795	0.0	(-0.38587192120807795+0j)
-0.5740000000000001	-0.3294760000000001	-0.05324026405411533	-0.3832751108092399	0.0	(-0.3832751108092399+0j)
-0.5720000000000001	-0.3271840000000001	-0.05294229640987868	-0.38068647339686046	0.0	(-0.38068647339686046+0j)
-0.5700000000000001	-0.3249000000000001	-0.05264451315018952	-0.3781060144921918	0.0	(-0.3781060144921918+0j)
-0.5680000000000001	-0.3226240000000001	-0.0523469204347881	-0.37553373961680336	0.0	(-0.37553373961680336+0j)
-0.5660000000000001	-0.3203560000000001	-0.05204952444119972	-0.37296965429183565	0.0	(-0.37296965429183565+0j)
-0.5640000000000001	-0.31809600000000005	-0.05175233136452812	-0.37041376403720633	0.0	(-0.37041376403720633+0j)
-0.562	-0.31584400000000007	-0.05145534741724706	-0.3678660743707832	0.0	(-0.3678660743707832+0j)
-0.56	-0.31360000000000005	-0.05115857882898967	-0.3653265908075572	0.0	(-0.3653265908075572+0j)
-0.558	-0.3113640000000001	-0.05086203184633632	-0.3627953188587184	0.0	(-0.3627953188587184+0j)
-0.556	-0.3091360000000001	-0.05056571273260018	-0.36027226403076035	0.0	(-0.36027226403076035+0j)
-0.554	-0.3069160000000001	-0.050269627767611305	-0.3577574318245018	0.0	(-0.3577574318245018+0j)
-0.552	-0.30470400000000003	-0.049973783247498696	-0.35525082773408634	0.0	(-0.35525082773408634+0j)
-0.55	-0.30250000000000005	-0.049678185484470436	-0.35275245724592663	0.0	(-0.35275245724592663+0j)
-0.548	-0.30030400000000007	-0.04938284080659199	-0.3502623258375935	0.0	(-0.3502623258375935+0j)
-0.546	-0.29811600000000005	-0.04908775555756296	-0.34778043897666683	0.0	(-0.34778043897666683+0j)
-0.544	-0.29593600000000003	-0.04879293609649147	-0.3453068021195047	0.0	(-0.3453068021195047+0j)
-0.542	-0.293764	-0.048498388797667234	-0.34284142070996987	0.0	(-0.34284142070996987+0j)
-0.54	-0.2916	-0.04820412005033255	-0.340384300178072	0.0	(-0.340384300178072+0j)
-0.538	-0.28944400000000003	-0.047910136258451606	-0.3379354459385471	0.0	(-0.3379354459385471+0j)
-0.536	-0.28729600000000005	-0.04761644384047782	-0.33549486338933104	0.0	(-0.33549486338933104+0j)
-0.534	-0.285156	-0.04732304922911979	-0.3330625579099833	0.0	(-0.3330625579099833+0j)
-0.532	-0.28302400000000005	-0.04702995887110494	-0.3306385348599652	0.0	(-0.3306385348599652+0j)
-0.53	-0.28090000000000004	-0.04673717922694186	-0.3282227995768451	0.0	(-0.3282227995768451+0j)
-0.528	-0.27878400000000003	-0.046444716770680586	-0.32581535737438555	0.0	(-0.32581535737438555+0j)
-0.526	-0.27667600000000003	-0.04615257798967147	-0.32341621354047606	0.0	(-0.32341621354047606+0j)
-0.524	-0.27457600000000004	-0.04586076938432198	-0.3210253733349584	0.0	(-0.3210253733349584+0j)
-0.522	-0.272484	-0.045569297467851905	-0.3186428419872723	0.0	(-0.3186428419872723+0j)
-0.52	-0.27040000000000003	-0.04527816876604706	-0.31626862469395095	0.0	(-0.31626862469395095+0j)
-0.518	-0.268324	-0.04498738981701094	-0.3139027266159185	0.0	(-0.3139027266159185+0j)
-0.516	-0.266256	-0.044696967170914925	-0.3115451528755858	0.0	(-0.3115451528755858+0j)
-0.514	-0.264196	-0.04440690738974705	-0.3091959085537334	0.0	(-0.3091959085537334+0j)
-0.512	-0.262144	-0.04411721704705825	-0.3068549986861193	0.0	(-0.3068549986861193+0j)
-0.51	-0.2601	-0.04382790272770817	-0.3045224282598317	0.0	(-0.3045224282598317+0j)
-0.508	-0.258064	-0.043538971027608266	-0.3021982022093262	0.0	(-0.3021982022093262+0j)
-0.506	-0.256036	-0.04325042855346406	-0.2998823254121424	0.0	(-0.2998823254121424+0j)
-0.504	-0.254016	-0.04296228192251537	-0.29757480268420883	0.0	(-0.29757480268420883+0j)
-0.502	-0.252004	-0.04267453776227486	-0.29527563877477675	0.0	(-0.29527563877477675+0j)
-0.5	-0.25	-0.0423872027102656	-0.2929848383608431	0.0	(-0.2929848383608431+0j)
-0.498	-0.248004	-0.0421002834137563	-0.29070240604107916	0.0	(-0.29070240604107916+0j)
-0.496	-0.24601599999999998	-0.041813786529495585	-0.28842834632917985	0.0	(-0.28842834632917985+0j)
-0.494	-0.244036	-0.04152771872344436	-0.2861626636465507	0.0	(-0.2861626636465507+0j)
-0.492	-0.242064	-0.04124208667050697	-0.283905362314267	0.0	(-0.283905362314267+0j)
-0.49	-0.24009999999999998	-0.04095689705426047	-0.2816564465442288	0.0	(-0.2816564465442288+0j)
-0.488	-0.238144	-0.04067215656668288	-0.2794159204293769	0.0	(-0.2794159204293769+0j)
-0.486	-0.236196	-0.04038787190787936	-0.27718378793287163	0.0	(-0.27718378793287163+0j)
-0.484	-0.234256	-0.04010404978580753	-0.2749600528761057	0.0	(-0.2749600528761057+0j)
-0.482	-0.23232399999999997	-0.039820696916000944	-0.272744718925384	0.0	(-0.272744718925384+0j)
-0.48	-0.2304	-0.039537820021291366	-0.27053778957708735	0.0	(-0.27053778957708735+0j)
-0.47800000000000004	-0.22848400000000005	-0.039255425831529155	-0.26833926814113596	0.0	(-0.26833926814113596+0j)
-0.47600000000000003	-0.22657600000000003	-0.03897352108330306	-0.2661491577224782	0.0	(-0.2661491577224782+0j)
-0.47400000000000003	-0.22467600000000004	-0.03869211251965796	-0.26396746120036685	0.0	(-0.26396746120036685+0j)
-0.47200000000000003	-0.22278400000000004	-0.038411206889811464	-0.2617941812050503	0.0	(-0.2617941812050503+0j)
-0.47000000000000003	-0.22090000000000004	-0.03813081094886903	-0.25962932009156287	0.0	(-0.25962932009156287+0j)
-0.468	-0.21902400000000002	-0.03785093145753791	-0.25747287991009576	0.0	(-0.25747287991009576+0j)
-0.466	-0.21715600000000002	-0.03757157518184	-0.2553248623725032	0.0	(-0.2553248623725032+0j)
-0.464	-0.21529600000000002	-0.037292748892822566	-0.2531852688142648	0.0	(-0.2531852688142648+0j)
-0.462	-0.21344400000000002	-0.03701445936626864	-0.2510541001512216	0.0	(-0.2510541001512216+0j)
-0.46	-0.2116	-0.036736713382405535	-0.24893135683017678	0.0	(-0.24893135683017678+0j)
-0.458	-0.209764	-0.03645951772561228	-0.24681703877241495	0.0	(-0.24681703877241495+0j)
-0.456	-0.207936	-0.03618287918412597	-0.2447111453087916	0.0	(-0.2447111453087916+0j)
-0.454	-0.20611600000000002	-0.035906804549746645	-0.24261367510503368	0.0	(-0.24261367510503368+0j)
-0.452	-0.204304	-0.03563130061754096	-0.24052462607538594	0.0	(-0.24052462607538594+0j)
-0.45	-0.2025	-0.03535637418554508	-0.23844399528251034	0.0	(-0.23844399528251034+0j)
-0.448	-0.20070400000000002	-0.03508203205446595	-0.23637177882098076	0.0	(-0.23637177882098076+0j)
-0.446	-0.198916	-0.03480828102738139	-0.2343079716812058	0.0	(-0.2343079716812058+0j)
-0.444	-0.197136	-0.034535127909439654	-0.23225256758983892	0.0	(-0.23225256758983892+0j)
-0.442	-0.195364	-0.034262579507557504	-0.23020555882186217	0.0	(-0.23020555882186217+0j)
-0.44	-0.1936	-0.033990642630116405	-0.22816693597832843	0.0	(-0.22816693597832843+0j)
-0.438	-0.191844	-0.033719324086659425	-0.22613668772233592	0.0	(-0.22613668772233592+0j)
-0.436	-0.190096	-0.03344863068758551	-0.22411480046382795	0.0	(-0.22411480046382795+0j)
-0.434	-0.188356	-0.03317856924384341	-0.22210125798146105	0.0	(-0.22210125798146105+0j)
-0.432	-0.18662399999999998	-0.03290914656662425	-0.22009604096656163	0.0	(-0.22009604096656163+0j)
-0.43	-0.18489999999999998	-0.032640369467053926	-0.21809912647009433	0.0	(-0.21809912647009433+0j)
-0.428	-0.18318399999999999	-0.032372244755883364	-0.21611048722806483	0.0	(-0.21611048722806483+0j)
-0.426	-0.181476	-0.0321047792431782	-0.21413009083362652	0.0	(-0.21413009083362652+0j)
-0.424	-0.179776	-0.031837979738008754	-0.21215789871451632	0.0	(-0.21215789871451632+0j)
-0.422	-0.178084	-0.03157185304813674	-0.21019386486145644	0.0	(-0.21019386486145644+0j)
-0.42	-0.17639999999999997	-0.0313064059797033	-0.2082379342357072	0.0	(-0.2082379342357072+0j)
-0.418	-0.174724	-0.031041645336914794	-0.20629004075999116	0.0	(-0.20629004075999116+0j)
-0.41600000000000004	-0.17305600000000004	-0.030777577921728694	-0.20435010476428786	0.0	(-0.20435010476428786+0j)
-0.41400000000000003	-0.17139600000000002	-0.030514210533537228	-0.20241802971258221	0.0	(-0.20241802971258221+0j)
-0.41200000000000003	-0.16974400000000003	-0.030251549968852084	-0.200493697974007	0.0	(-0.200493697974007+0j)
-0.41000000000000003	-0.16810000000000003	-0.02998960302098709	-0.19857696531436259	0.0	(-0.19857696531436259+0j)
-0.40800000000000003	-0.16646400000000003	-0.02972837647973972	-0.19666765366292177	0.0	(-0.19666765366292177+0j)
-0.406	-0.164836	-0.02946787713107371	-0.19476554154267994	0.0	(-0.19476554154267994+0j)
-0.404	-0.16321600000000003	-0.029208111756798827	-0.19287035132725552	0.0	(-0.19287035132725552+0j)
-0.402	-0.16160400000000003	-0.02894908713425133	-0.19098173219749115	0.0	(-0.19098173219749115+0j)
-0.4	-0.16000000000000003	-0.028690810035972847	-0.18909923733238504	0.0	(-0.18909923733238504+0j)
-0.398	-0.15840400000000002	-0.028433287229389786	-0.187222293574149	0.0	(-0.187222293574149+0j)
-0.396	-0.156816	-0.02817652547649062	-0.1853501618536733	0.0	(-0.1853501618536733+0j)
-0.394	-0.155236	-0.02792053153350356	-0.18348188787458072	0.0	(-0.18348188787458072+0j)
-0.392	-0.15366400000000002	-0.027665312150573565	-0.181616247028579	0.0	(-0.181616247028579+0j)
-0.39	-0.1521	-0.027410874071438357	-0.1797517001606768	0.0	(-0.1797517001606768+0j)
-0.388	-0.150544	-0.02715722403310389	-0.1778864076426507	0.0	(-0.1778864076426507+0j)
-0.386	-0.14899600000000002	-0.02690436876551995	-0.17601841270424218	0.0	(-0.17601841270424218+0j)
-0.384	-0.147456	-0.026652314991254325	-0.17414619710795404	0.0	(-0.17414619710795404+0j)
-0.382	-0.145924	-0.02640106942516783	-0.17226981701667476	0.0	(-0.17226981701667476+0j)
-0.38	-0.1444	-0.026150638774086535	-0.1703923846275041	0.0	(-0.1703923846275041+0j)
-0.378	-0.142884	-0.025901029736476663	-0.16931277454249902	-0.009616639677397452	(-0.16931277454249902-0.009616639677397452j)
-0.376	-0.141376	-0.025652249002116115	-0.16931277454249902	0.009616639677397452	(-0.16931277454249902+0.009616639677397452j)
-0.374	-0.139876	-0.025404303251767776	-0.16852058687705238	0.0	(-0.16852058687705238+0j)
-0.372	-0.138384	-0.025157199156851384	-0.16666270899431718	0.0	(-0.16666270899431718+0j)
-0.37	-0.1369	-0.024910943379114897	-0.16482517685850168	0.0	(-0.16482517685850168+0j)
-0.368	-0.135424	-0.024665542570306356	-0.1630107092137985	0.0	(-0.1630107092137985+0j)
-0.366	-0.133956	-0.02442100337184505	-0.16121897591348414	0.0	(-0.16121897591348414+0j)
-0.364	-0.132496	-0.024177332414491992	-0.15944815018451633	0.0	(-0.15944815018451633+0j)
-0.362	-0.131044	-0.023934536318020727	-0.15769605382762514	0.0	(-0.15769605382762514+0j)
-0.36	-0.1296	-0.023692621690887816	-0.15596069609127403	0.0	(-0.15596069609127403+0j)
-0.358	-0.128164	-0.023451595129902886	-0.15424043649106625	0.0	(-0.15424043649106625+0j)
-0.356	-0.126736	-0.023211463219898684	-0.15253398245879596	0.0	(-0.15253398245879596+0j)
-0.354	-0.12531599999999998	-0.02297223253340072	-0.15084033367779742	0.0	(-0.15084033367779742+0j)
-0.352	-0.12390399999999999	-0.022733909630297255	-0.14915871947513384	0.0	(-0.14915871947513384+0j)
-0.35000000000000003	-0.12250000000000003	-0.02249650105750914	-0.14748854464760253	0.0	(-0.14748854464760253+0j)
-0.34800000000000003	-0.12110400000000002	-0.02226001334865821	-0.14582934675395398	0.0	(-0.14582934675395398+0j)
-0.34600000000000003	-0.11971600000000002	-0.022024453023738177	-0.1441807637431569	0.0	(-0.1441807637431569+0j)
-0.34400000000000003	-0.11833600000000002	-0.021789826588783368	-0.14254250980469993	0.0	(-0.14254250980469993+0j)
-0.342	-0.11696400000000001	-0.021556140535538143	-0.1409143574298452	0.0	(-0.1409143574298452+0j)
-0.34	-0.11560000000000002	-0.02132340134112648	-0.13929612406131966	0.0	(-0.13929612406131966+0j)
-0.338	-0.11424400000000001	-0.02109161546772126	-0.13768766210540923	0.0	(-0.13768766210540923+0j)
-0.336	-0.11289600000000001	-0.02086078936221425	-0.13608885140646398	0.0	(-0.13608885140646398+0j)
-0.334	-0.11155600000000002	-0.020630929455885127	-0.1344995935311823	0.0	(-0.1344995935311823+0j)
-0.332	-0.11022400000000002	-0.020402042164072015	-0.13291980739078393	0.0	(-0.13291980739078393+0j)
-0.33	-0.10890000000000001	-0.020174133885840495	-0.13134942585937104	0.0	(-0.13134942585937104+0j)
-0.328	-0.10758400000000001	-0.01994721100365457	-0.1297883931398504	0.0	(-0.1297883931398504+0j)
-0.326	-0.10627600000000001	-0.019721279883046505	-0.1282366626953991	0.0	(-0.1282366626953991+0j)
-0.324	-0.104976	-0.019496346872286963	-0.12669419561226464	0.0	(-0.12669419561226464+0j)
-0.322	-0.10368400000000001	-0.019272418302056227	-0.12516095929419313	0.0	(-0.12516095929419313+0j)
-0.32	-0.1024	-0.019049500485115306	-0.12363692641380629	0.0	(-0.12363692641380629+0j)
-0.318	-0.101124	-0.018827599715976334	-0.12212207406459188	0.0	(-0.12212207406459188+0j)
-0.316	-0.099856	-0.01860672227057547	-0.1206163830706622	0.0	(-0.1206163830706622+0j)
-0.314	-0.098596	-0.01838687440594372	-0.1191198374214634	0.0	(-0.1191198374214634+0j)
-0.312	-0.097344	-0.018168062359879555	-0.11763242380606491	0.0	(-0.11763242380606491+0j)
-0.31	-0.0961	-0.017950292350621816	-0.11615413122738534	0.0	(-0.11615413122738534+0j)
-0.308	-0.094864	-0.01773357057652289	-0.11468495068092022	0.0	(-0.11468495068092022+0j)
-0.306	-0.093636	-0.017517903215721886	-0.11322487488584078	0.0	(-0.11322487488584078+0j)
-0.304	-0.092416	-0.01730329642581893	-0.11177389805885955	0.0	(-0.11177389805885955+0j)
-0.302	-0.091204	-0.01708975634354959	-0.11033201572318894	0.0	(-0.11033201572318894+0j)
-0.3	-0.09	-0.016877289084459846	-0.10889922454644807	0.0	(-0.10889922454644807+0j)
-0.298	-0.088804	-0.016665900742581924	-0.10747552220256905	0.0	(-0.10747552220256905+0j)
-0.296	-0.08761599999999999	-0.0164555973901101	-0.1060609072536809	0.0	(-0.1060609072536809+0j)
-0.294	-0.08643599999999999	-0.016246385077077763	-0.10465537904869776	0.0	(-0.10465537904869776+0j)
-0.292	-0.08526399999999999	-0.016038269831034763	-0.10325893763594977	0.0	(-0.10325893763594977+0j)
-0.29	-0.0841	-0.015831257656725023	-0.10187158368763316	0.0	(-0.10187158368763316+0j)
-0.28800000000000003	-0.08294400000000002	-0.01562535453576583	-0.10049331843428926	0.0	(-0.10049331843428926+0j)
-0.28600000000000003	-0.08179600000000002	-0.015420566426326554	-0.09912414360777334	0.0	(-0.09912414360777334+0j)
-0.28400000000000003	-0.08065600000000002	-0.015216899262809613	-0.09776406139148443	0.0	(-0.09776406139148443+0j)
-0.28200000000000003	-0.07952400000000001	-0.0150143589555303	-0.09641307437680036	0.0	(-0.09641307437680036+0j)
-0.28	-0.07840000000000001	-0.014812951390399398	-0.0950711855248171	0.0	(-0.0950711855248171+0j)
-0.278	-0.07728400000000002	-0.014612682428604695	-0.0937383981326816	0.0	(-0.0937383981326816+0j)
-0.276	-0.07617600000000001	-0.014413557906295393	-0.09241471580386879	0.0	(-0.09241471580386879+0j)
-0.274	-0.07507600000000002	-0.01421558363426445	-0.09110014242187657	0.0	(-0.09110014242187657+0j)
-0.272	-0.07398400000000001	-0.014018765397635774	-0.08979468212688994	0.0	(-0.08979468212688994+0j)
-0.27	-0.0729	-0.013823108955548224	-0.08849833929502941	0.0	(-0.08849833929502941+0j)
-0.268	-0.07182400000000001	-0.013628620040843503	-0.08721111851983403	0.0	(-0.08721111851983403+0j)
-0.266	-0.07075600000000001	-0.013435304359753208	-0.08593302459572776	0.0	(-0.08593302459572776+0j)
-0.264	-0.06969600000000001	-0.013243167591588112	-0.08466406250319836	0.0	(-0.08466406250319836+0j)
-0.262	-0.06864400000000001	-0.013052215388427713	-0.08340423739548564	0.0	(-0.08340423739548564+0j)
-0.26	-0.06760000000000001	-0.0128624533748109	-0.08215355458659762	0.0	(-0.08215355458659762+0j)
-0.258	-0.066564	-0.012673887147428287	-0.08091201954049969	0.0	(-0.08091201954049969+0j)
-0.256	-0.065536	-0.012486522274813838	-0.07967963786132717	0.0	(-0.07967963786132717+0j)
-0.254	-0.064516	-0.012300364297040123	-0.07845641528451754	0.0	(-0.07845641528451754+0j)
-0.252	-0.063504	-0.012115418725412719	-0.07724235766873969	0.0	(-0.07724235766873969+0j)
-0.25	-0.0625	-0.01193169104216768	-0.07603747098854313	0.0	(-0.07603747098854313+0j)
-0.248	-0.061503999999999996	-0.011749186700166503	-0.07484176132763021	0.0	(-0.07484176132763021+0j)
-0.246	-0.060516	-0.011567911122597474	-0.07365523487270428	0.0	(-0.07365523487270428+0j)
-0.244	-0.059536	-0.011387869702674247	-0.07247789790779992	0.0	(-0.07247789790779992+0j)
-0.242	-0.058564	-0.011209067803336636	-0.07130975680906924	0.0	(-0.07130975680906924+0j)
-0.24	-0.0576	-0.011031510756953355	-0.0701508180399537	0.0	(-0.0701508180399537+0j)
-0.23800000000000002	-0.05664400000000001	-0.010855203865026974	-0.06900108814671387	0.0	(-0.06900108814671387+0j)
-0.23600000000000002	-0.05569600000000001	-0.010680152397896658	-0.0678605737542594	0.0	(-0.0678605737542594+0j)
-0.234	-0.054756000000000006	-0.010506361594445901	-0.06672928156227224	0.0	(-0.06672928156227224+0j)
-0.232	-0.053824000000000004	-0.010333836661810258	-0.06560721834156141	0.0	(-0.06560721834156141+0j)
-0.23	-0.0529	-0.01016258277508647	-0.06449439093064809	0.0	(-0.06449439093064809+0j)
-0.228	-0.051984	-0.00999260507704186	-0.06339080623253932	0.0	(-0.06339080623253932+0j)
-0.226	-0.051076	-0.009823908677829007	-0.062296471211679416	0.0	(-0.062296471211679416+0j)
-0.224	-0.050176000000000005	-0.0096564986546957	-0.06121139289105065	0.0	(-0.06121139289105065+0j)
-0.222	-0.049284	-0.00949038005170294	-0.0601355783494115	0.0	(-0.0601355783494115+0j)
-0.22	-0.0484	-0.009325557879439617	-0.05906903471865596	0.0	(-0.05906903471865596+0j)
-0.218	-0.047524	-0.009162037114741894	-0.0580117691812781	0.0	(-0.0580117691812781+0j)
-0.216	-0.046655999999999996	-0.008999822700410665	-0.05696378896792649	0.0	(-0.05696378896792649+0j)
-0.214	-0.045795999999999996	-0.008838919544935653	-0.055925101355045075	0.0	(-0.055925101355045075+0j)
-0.212	-0.044944	-0.008679332522215921	-0.05489571366258291	0.0	(-0.05489571366258291+0j)
-0.21	-0.04409999999999999	-0.00852106647128481	-0.05387563325176137	0.0	(-0.05387563325176137+0j)
-0.20800000000000002	-0.04326400000000001	-0.008364126196036548	-0.052864867522900226	0.0	(-0.052864867522900226+0j)
-0.20600000000000002	-0.04243600000000001	-0.008208516464953963	-0.05186342391328717	0.0	(-0.05186342391328717+0j)
-0.20400000000000001	-0.04161600000000001	-0.00805424201083732	-0.050871309895081984	0.0	(-0.050871309895081984+0j)
-0.202	-0.04080400000000001	-0.007901307530536472	-0.04988853297325971	0.0	(-0.04988853297325971+0j)
-0.2	-0.04000000000000001	-0.007749717684681912	-0.04891510068356957	0.0	(-0.04891510068356957+0j)
-0.198	-0.039204	-0.007599477097422758	-0.047951020590530184	0.0	(-0.047951020590530184+0j)
-0.196	-0.038416000000000006	-0.0074505903561597475	-0.04699630028542408	0.0	(-0.04699630028542408+0j)
-0.194	-0.037636	-0.007303062011285721	-0.046050947384317954	0.0	(-0.046050947384317954+0j)
-0.192	-0.036864	-0.007156896575924998	-0.04511496952608529	0.0	(-0.04511496952608529+0j)
-0.19	-0.0361	-0.007012098525677191	-0.04418837437043581	0.0	(-0.04418837437043581+0j)
-0.188	-0.035344	-0.006868672298356304	-0.04327116959594367	0.0	(-0.04327116959594367+0j)
-0.186	-0.034596	-0.006726622293742879	-0.042363362898081534	0.0	(-0.042363362898081534+0j)
-0.184	-0.033856	-0.006585952873326972	-0.04146496198724568	0.0	(-0.04146496198724568+0j)
-0.182	-0.033124	-0.006446668360060581	-0.040575974586778675	0.0	(-0.040575974586778675+0j)
-0.18	-0.0324	-0.00630877303810784	-0.03969640843098331	0.0	(-0.03969640843098331+0j)
-0.178	-0.031684	-0.006172271152597442	-0.038826271263127286	0.0	(-0.038826271263127286+0j)
-0.176	-0.030975999999999997	-0.00603716690938394	-0.037965570833443145	0.0	(-0.037965570833443145+0j)
-0.17400000000000002	-0.030276000000000004	-0.005903464474796838	-0.037114314897103824	0.0	(-0.037114314897103824+0j)
-0.17200000000000001	-0.029584000000000006	-0.005771167975407998	-0.03627251121220137	0.0	(-0.03627251121220137+0j)
-0.17	-0.028900000000000006	-0.005640281497790167	-0.0354401675376992	0.0	(-0.0354401675376992+0j)
-0.168	-0.028224000000000003	-0.005510809088280499	-0.0346172916313746	0.0	(-0.0346172916313746+0j)
-0.166	-0.027556000000000004	-0.0053827547527468544	-0.03380389124774647	0.0	(-0.03380389124774647+0j)
-0.164	-0.026896000000000003	-0.005256122456356871	-0.03299997413598702	0.0	(-0.03299997413598702+0j)
-0.162	-0.026244	-0.0051309161233487055	-0.03220554803781656	0.0	(-0.03220554803781656+0j)
-0.16	-0.0256	-0.005007139636801217	-0.03142062068538061	0.0	(-0.03142062068538061+0j)
-0.158	-0.024964	-0.00488479683841081	-0.030645199799115244	0.0	(-0.030645199799115244+0j)
-0.156	-0.024336	-0.004763891528267172	-0.02987929308558953	0.0	(-0.02987929308558953+0j)
-0.154	-0.023716	-0.00464442746463456	-0.029122908235338297	0.0	(-0.029122908235338297+0j)
-0.152	-0.023104	-0.00452640836372864	-0.028376052920670924	0.0	(-0.028376052920670924+0j)
-0.15	-0.0225	-0.004409837899506108	-0.02763873479347359	0.0	(-0.02763873479347359+0j)
-0.148	-0.021903999999999996	-0.00429471970344486	-0.02691096148298457	0.0	(-0.02691096148298457+0j)
-0.146	-0.021315999999999998	-0.0041810573643369375	-0.026192740593565578	0.0	(-0.026192740593565578+0j)
-0.14400000000000002	-0.020736000000000004	-0.004068854428076474	-0.025484079702450497	0.0	(-0.025484079702450497+0j)
-0.14200000000000002	-0.020164000000000005	-0.003958114397453194	-0.024784986357482684	0.0	(-0.024784986357482684+0j)
-0.14	-0.019600000000000003	-0.0038488407319481333	-0.02409546807483965	0.0	(-0.02409546807483965+0j)
-0.138	-0.019044000000000002	-0.0037410368475310207	-0.02341553233674312	0.0	(-0.02341553233674312+0j)
-0.136	-0.018496000000000002	-0.003634706116460995	-0.022745186589159236	0.0	(-0.022745186589159236+0j)
-0.134	-0.017956000000000003	-0.0035298518670878742	-0.022084438239484583	0.0	(-0.022084438239484583+0j)
-0.132	-0.017424000000000002	-0.0034264773836578666	-0.02143329465422549	0.0	(-0.02143329465422549+0j)
-0.13	-0.016900000000000002	-0.003324585906120392	-0.020791763156663767	0.0	(-0.020791763156663767+0j)
-0.128	-0.016384	-0.003224180629939344	-0.02015985102452016	0.0	(-0.02015985102452016+0j)
-0.126	-0.015876	-0.0031252647059054617	-0.01953756548760509	0.0	(-0.01953756548760509+0j)
-0.124	-0.015375999999999999	-0.003027841239947593	-0.018924913725463004	0.0	(-0.018924913725463004+0j)
-0.122	-0.014884	-0.002931913292953947	-0.018321902865017288	0.0	(-0.018321902865017288+0j)
-0.12	-0.0144	-0.0028374838805922398	-0.017728539978207166	0.0	(-0.017728539978207166+0j)
-0.11800000000000001	-0.013924000000000002	-0.002744555973128726	-0.017144832079619646	0.0	(-0.017144832079619646+0j)
-0.116	-0.013456000000000001	-0.002653132495255006	-0.016570786124125568	0.0	(-0.016570786124125568+0j)
-0.114	-0.012996	-0.0025632163259181606	-0.016006409004513725	0.0	(-0.016006409004513725+0j)
-0.112	-0.012544000000000001	-0.002474810298147556	-0.015451707549123247	0.0	(-0.015451707549123247+0j)
-0.11	-0.0121	-0.0023879171988849812	-0.014906688519477879	0.0	(-0.014906688519477879+0j)
-0.108	-0.011663999999999999	-0.002302539768829215	-0.014371358607934636	0.0	(-0.014371358607934636+0j)
-0.106	-0.011236	-0.0022186807022661625	-0.01384572443532352	0.0	(-0.01384572443532352+0j)
-0.10400000000000001	-0.010816000000000003	-0.0021363426469112046	-0.013329792548600753	0.0	(-0.013329792548600753+0j)
-0.10200000000000001	-0.010404000000000002	-0.002055528203754875	-0.012823569418512402	0.0	(-0.012823569418512402+0j)
-0.1	-0.010000000000000002	-0.0019762399269063202	-0.01232706143726219	0.0	(-0.01232706143726219+0j)
-0.098	-0.009604000000000001	-0.0018984803234456393	-0.011840274916195971	0.0	(-0.011840274916195971+0j)
-0.096	-0.009216	-0.001822251853269563	-0.011363216083490772	0.0	(-0.011363216083490772+0j)
-0.094	-0.008836	-0.0017475569289504556	-0.010895891081866416	0.0	(-0.010895891081866416+0j)
-0.092	-0.008464	-0.0016743979155919853	-0.010438305966308159	0.0	(-0.010438305966308159+0j)
-0.09	-0.0081	-0.0016027771306892369	-0.009990466701807395	0.0	(-0.009990466701807395+0j)
-0.088	-0.007743999999999999	-0.0015326968439910438	-0.009552379161120039	0.0	(-0.009552379161120039+0j)
-0.08600000000000001	-0.0073960000000000015	-0.0014641592773600998	-0.009124049122541196	0.0	(-0.009124049122541196+0j)
-0.084	-0.007056000000000001	-0.0013971666046508346	-0.00870548226771457	0.0	(-0.00870548226771457+0j)
-0.082	-0.006724000000000001	-0.001331720951573967	-0.008296684179449568	0.0	(-0.008296684179449568+0j)
-0.08	-0.0064	-0.0012678243955654978	-0.007897660339565859	0.0	(-0.007897660339565859+0j)
-0.078	-0.006084	-0.001205478965680129	-0.007508416126783007	0.0	(-0.007508416126783007+0j)
-0.076	-0.005776	-0.0011446866424491553	-0.00712895681460211	0.0	(-0.00712895681460211+0j)
-0.074	-0.005475999999999999	-0.0010854493577716617	-0.006759287569245476	0.0	(-0.006759287569245476+0j)
-0.07200000000000001	-0.005184000000000001	-0.0010277689948101632	-0.006399413447627742	0.0	(-0.006399413447627742+0j)
-0.07	-0.004900000000000001	-0.0009716473878595977	-0.006049339395332223	0.0	(-0.006049339395332223+0j)
-0.068	-0.0046240000000000005	-0.0009170863222474068	-0.005709070244646121	0.0	(-0.005709070244646121+0j)
-0.066	-0.0043560000000000005	-0.0008640875342358356	-0.005378610712631618	0.0	(-0.005378610712631618+0j)
-0.064	-0.004096	-0.0008126527108931469	-0.005057965399199827	0.0	(-0.005057965399199827+0j)
-0.062	-0.0038439999999999998	-0.0007627834900247876	-0.004747138785277821	0.0	(-0.004747138785277821+0j)
-0.06	-0.0036	-0.0007144814600534843	-0.004446135230962923	0.0	(-0.004446135230962923+0j)
-0.058	-0.0033640000000000002	-0.000667748159921544	-0.004154958973736085	0.0	(-0.004154958973736085+0j)
-0.056	-0.0031360000000000003	-0.0006225850790197995	-0.0038736141267402893	0.0	(-0.0038736141267402893+0j)
-0.054	-0.0029159999999999998	-0.0005789936570899101	-0.0036021046770736993	0.0	(-0.0036021046770736993+0j)
-0.052000000000000005	-0.0027040000000000007	-0.0005369752841222208	-0.0033404344841202033	0.0	(-0.0033404344841202033+0j)
-0.05	-0.0025000000000000005	-0.0004965313002980309	-0.003088607277965773	0.0	(-0.003088607277965773+0j)
-0.048	-0.002304	-0.0004576629958918943	-0.0028466266578209996	0.0	(-0.0028466266578209996+0j)
-0.046	-0.002116	-0.0004203716111916833	-0.0026144960905054096	0.0	(-0.0026144960905054096+0j)
-0.044	-0.0019359999999999998	-0.00038465833643641645	-0.0023922189089965566	0.0	(-0.0023922189089965566+0j)
-0.042	-0.0017640000000000002	-0.0003505243117629675	-0.002179798311035326	0.0	(-0.002179798311035326+0j)
-0.04	-0.0016	-0.0003179706270906024	-0.001977237357719005	0.0	(-0.001977237357719005+0j)
-0.038	-0.001444	-0.0002869983220854522	-0.0017845389722228276	0.0	(-0.0017845389722228276+0j)
-0.036000000000000004	-0.0012960000000000003	-0.00025760838609834025	-0.0016017059385464185	0.0	(-0.0016017059385464185+0j)
-0.034	-0.0011560000000000001	-0.0002298017580848466	-0.0014287409002944878	0.0	(-0.0014287409002944878+0j)
-0.032	-0.001024	-0.0002035793266230712	-0.0012656463596070976	0.0	(-0.0012656463596070976+0j)
-0.03	-0.0009	-0.00017894192971823486	-0.0011124246759329005	0.0	(-0.0011124246759329005+0j)
-0.028	-0.0007840000000000001	-0.00015589035488261516	-0.0009690780651291868	0.0	(-0.0009690780651291868+0j)
-0.026000000000000002	-0.0006760000000000002	-0.0001344253390556105	-0.000835608598459768	0.0	(-0.000835608598459768+0j)
-0.024	-0.000576	-0.00011454756855044934	-0.0007120182016750357	0.0	(-0.0007120182016750357+0j)
-0.022	-0.00048399999999999995	-9.62576789120817e-05	-0.0005983086540608381	0.0	(-0.0005983086540608381+0j)
-0.02	-0.0004	-7.955625513034192e-05	-0.0004944815878981675	0.0	(-0.0004944815878981675+0j)
-0.018000000000000002	-0.00032400000000000007	-6.444383132020448e-05	-0.0004005384874515767	0.0	(-0.0004005384874515767+0j)
-0.016	-0.000256	-5.0920890899419646e-05	-0.0003164806885108028	0.0	(-0.0003164806885108028+0j)
-0.014	-0.00019600000000000002	-3.8987866517459224e-05	-0.0002423093777450246	0.0	(-0.0002423093777450246+0j)
-0.012	-0.000144	-2.8645139877880865e-05	-0.00017802559201010747	0.0	(-0.00017802559201010747+0j)
-0.01	-0.0001	-1.989304180938234e-05	-0.00012363021796444004	0.0	(-0.00012363021796444004+0j)
-0.008	-6.4e-05	-1.2731852052638715e-05	-7.912399146195012e-05	0.0	(-7.912399146195012e-05+0j)
-0.006	-3.6e-05	-7.161800681387831e-06	-4.450749863945524e-05	0.0	(-4.450749863945524e-05+0j)
-0.004	-1.6e-05	-3.1830654734221753e-06	-1.9781173018852943e-05	0.0	(-1.9781173018852943e-05+0j)
-0.002	-4e-06	-7.957760317367502e-07	-4.9452994726084455e-06	0.0	(-4.9452994726084455e-06+0j)
0.002	4e-06	7.957760317367502e-07	4.945299472591756e-06	0.0	(4.945299472591756e-06+0j)
0.004	1.6e-05	3.1830654734221753e-06	1.978117301887475e-05	0.0	(1.978117301887475e-05+0j)
0.006	3.6e-05	7.161800681387831e-06	4.450749863949777e-05	0.0	(4.450749863949777e-05+0j)
0.008	6.4e-05	1.2731852052638715e-05	7.912399146195811e-05	0.0	(7.912399146195811e-05+0j)
0.01	0.0001	1.989304180938234e-05	0.00012363021796443918	0.0	(0.00012363021796443918+0j)
0.012	0.000144	2.8645139877880865e-05	0.00017802559201014526	0.0	(0.00017802559201014526+0j)
0.014	0.00019600000000000002	3.8987866517459224e-05	0.0002423093777450111	0.0	(0.0002423093777450111+0j)
0.016	0.000256	5.0920890899419646e-05	0.0003164806885107873	0.0	(0.0003164806885107873+0j)
0.018000000000000002	0.00032400000000000007	6.444383132020448e-05	0.0004005384874515618	0.0	(0.0004005384874515618+0j)
0.02	0.0004	7.955625513034192e-05	0.0004944815878981761	0.0	(0.0004944815878981761+0j)
0.022	0.00048399999999999995	9.62576789120817e-05	0.0005983086540608302	0.0	(0.0005983086540608302+0j)
0.024	0.000576	0.00011454756855044934	0.0007120182016750494	0.0	(0.0007120182016750494+0j)
0.026000000000000002	0.0006760000000000002	0.0001344253390556105	0.0008356085984597716	0.0	(0.0008356085984597716+0j)
0.028	0.0007840000000000001	0.00015589035488261516	0.0009690780651292244	0.0	(0.0009690780651292244+0j)
0.03	0.0009	0.00017894192971823486	0.0011124246759329106	0.0	(0.0011124246759329106+0j)
0.032	0.001024	0.0002035793266230712	0.0012656463596071234	0.0	(0.0012656463596071234+0j)
0.034	0.0011560000000000001	0.0002298017580848466	0.0014287409002944863	0.0	(0.0014287409002944863+0j)
0.036000000000000004	0.0012960000000000003	0.00025760838609834025	0.0016017059385464137	0.0	(0.0016017059385464137+0j)
0.038	0.001444	0.0002869983220854522	0.001784538972222842	0.0	(0.001784538972222842+0j)
0.04	0.0016	0.0003179706270906024	0.0019772373577190347	0.0	(0.0019772373577190347+0j)
0.042	0.0017640000000000002	0.0003505243117629675	0.002179798311035337	0.0	(0.002179798311035337+0j)
0.044	0.0019359999999999998	0.00038465833643641645	0.0023922189089966017	0.0	(0.0023922189089966017+0j)
0.046	0.002116	0.0004203716111916833	0.0026144960905054608	0.0	(0.0026144960905054608+0j)
0.048	0.002304	0.0004576629958918943	0.0028466266578210087	0.0	(0.0028466266578210087+0j)
0.05	0.0025000000000000005	0.0004965313002980309	0.0030886072779658133	0.0	(0.0030886072779658133+0j)
0.052000000000000005	0.0027040000000000007	0.0005369752841222208	0.003340434484120221	0.0	(0.003340434484120221+0j)
0.054	0.0029159999999999998	0.0005789936570899101	0.0036021046770737595	0.0	(0.0036021046770737595+0j)
0.056	0.0031360000000000003	0.0006225850790197995	0.0038736141267403266	0.0	(0.0038736141267403266+0j)
0.058	0.0033640000000000002	0.000667748159921544	0.004154958973736133	0.0	(0.004154958973736133+0j)
0.06	0.0036	0.0007144814600534843	0.004446135230962955	0.0	(0.004446135230962955+0j)
0.062	0.0038439999999999998	0.0007627834900247876	0.004747138785277828	0.0	(0.004747138785277828+0j)
0.064	0.004096	0.0008126527108931469	0.005057965399199881	0.0	(0.005057965399199881+0j)
0.066	0.0043560000000000005	0.0008640875342358356	0.005378610712631622	0.0	(0.005378610712631622+0j)
0.068	0.0046240000000000005	0.0009170863222474068	0.005709070244646194	0.0	(0.005709070244646194+0j)
0.07	0.004900000000000001	0.0009716473878595977	0.006049339395332199	0.0	(0.006049339395332199+0j)
0.07200000000000001	0.005184000000000001	0.0010277689948101632	0.00639941344762776	0.0	(0.00639941344762776+0j)
0.074	0.005475999999999999	0.0010854493577716617	0.006759287569245455	0.0	(0.006759287569245455+0j)
0.076	0.005776	0.0011446866424491553	0.007128956814602138	0.0	(0.007128956814602138+0j)
0.078	0.006084	0.001205478965680129	0.007508416126783005	0.0	(0.007508416126783005+0j)
0.08	0.0064	0.0012678243955654978	0.00789766033956581	0.0	(0.00789766033956581+0j)
0.082	0.006724000000000001	0.001331720951573967	0.008296684179449464	0.0	(0.008296684179449464+0j)
0.084	0.007056000000000001	0.0013971666046508346	0.008705482267714523	0.0	(0.008705482267714523+0j)
0.08600000000000001	0.0073960000000000015	0.0014641592773600998	0.009124049122541238	0.0	(0.009124049122541238+0j)
0.088	0.007743999999999999	0.0015326968439910438	0.009552379161119994	0.0	(0.009552379161119994+0j)
0.09	0.0081	0.0016027771306892369	0.009990466701807336	0.0	(0.009990466701807336+0j)
0.092	0.008464	0.0016743979155919853	0.010438305966308167	0.0	(0.010438305966308167+0j)
0.094	0.008836	0.0017475569289504556	0.01089589108186646	0.0	(0.01089589108186646+0j)
0.096	0.009216	0.001822251853269563	0.011363216083490875	0.0	(0.011363216083490875+0j)
0.098	0.009604000000000001	0.0018984803234456393	0.011840274916195973	0.0	(0.011840274916195973+0j)
0.1	0.010000000000000002	0.0019762399269063202	0.012327061437262149	0.0	(0.012327061437262149+0j)
0.10200000000000001	0.010404000000000002	0.002055528203754875	0.012823569418512464	0.0	(0.012823569418512464+0j)
0.10400000000000001	0.010816000000000003	0.0021363426469112046	0.013329792548600724	0.0	(0.013329792548600724+0j)
0.106	0.011236	0.0022186807022661625	0.013845724435323576	0.0	(0.013845724435323576+0j)
0.108	0.011663999999999999	0.002302539768829215	0.014371358607934797	0.0	(0.014371358607934797+0j)
0.11	0.0121	0.0023879171988849812	0.01490668851947803	0.0	(0.01490668851947803+0j)
0.112	0.012544000000000001	0.002474810298147556	0.015451707549123297	0.0	(0.015451707549123297+0j)
0.114	0.012996	0.0025632163259181606	0.016006409004513767	0.0	(0.016006409004513767+0j)
0.116	0.013456000000000001	0.002653132495255006	0.016570786124125554	0.0	(0.016570786124125554+0j)
0.11800000000000001	0.013924000000000002	0.002744555973128726	0.01714483207961965	0.0	(0.01714483207961965+0j)
0.12	0.0144	0.0028374838805922398	0.01772853997820712	0.0	(0.01772853997820712+0j)
0.122	0.014884	0.002931913292953947	0.01832190286501739	0.0	(0.01832190286501739+0j)
0.124	0.015375999999999999	0.003027841239947593	0.018924913725463097	0.0	(0.018924913725463097+0j)
0.126	0.015876	0.0031252647059054617	0.01953756548760512	0.0	(0.01953756548760512+0j)
0.128	0.016384	0.003224180629939344	0.02015985102451992	0.0	(0.02015985102451992+0j)
0.13	0.016900000000000002	0.003324585906120392	0.020791763156663756	0.0	(0.020791763156663756+0j)
0.132	0.017424000000000002	0.0034264773836578666	0.021433294654225443	0.0	(0.021433294654225443+0j)
0.134	0.017956000000000003	0.0035298518670878742	0.02208443823948475	0.0	(0.02208443823948475+0j)
0.136	0.018496000000000002	0.003634706116460995	0.02274518658915898	0.0	(0.02274518658915898+0j)
0.138	0.019044000000000002	0.0037410368475310207	0.023415532336743063	0.0	(0.023415532336743063+0j)
0.14	0.019600000000000003	0.0038488407319481333	0.024095468074839768	0.0	(0.024095468074839768+0j)
0.14200000000000002	0.020164000000000005	0.003958114397453194	0.024784986357482677	0.0	(0.024784986357482677+0j)
0.14400000000000002	0.020736000000000004	0.004068854428076474	0.025484079702450403	0.0	(0.025484079702450403+0j)
0.146	0.021315999999999998	0.0041810573643369375	0.02619274059356551	0.0	(0.02619274059356551+0j)
0.148	0.021903999999999996	0.00429471970344486	0.026910961482984504	0.0	(0.026910961482984504+0j)
0.15	0.0225	0.004409837899506108	0.027638734793473542	0.0	(0.027638734793473542+0j)
0.152	0.023104	0.00452640836372864	0.028376052920670972	0.0	(0.028376052920670972+0j)
0.154	0.023716	0.00464442746463456	0.029122908235338356	0.0	(0.029122908235338356+0j)
0.156	0.024336	0.004763891528267172	0.029879293085589613	0.0	(0.029879293085589613+0j)
0.158	0.024964	0.00488479683841081	0.030645199799115237	0.0	(0.030645199799115237+0j)
0.16	0.0256	0.005007139636801217	0.03142062068538081	0.0	(0.03142062068538081+0j)
0.162	0.026244	0.0051309161233487055	0.03220554803781638	0.0	(0.03220554803781638+0j)
0.164	0.026896000000000003	0.005256122456356871	0.0329999741359873	0.0	(0.0329999741359873+0j)
0.166	0.027556000000000004	0.0053827547527468544	0.033803891247746784	0.0	(0.033803891247746784+0j)
0.168	0.028224000000000003	0.005510809088280499	0.03461729163137468	0.0	(0.03461729163137468+0j)
0.17	0.028900000000000006	0.005640281497790167	0.03544016753769906	0.0	(0.03544016753769906+0j)
0.17200000000000001	0.029584000000000006	0.005771167975407998	0.03627251121220172	0.0	(0.03627251121220172+0j)
0.17400000000000002	0.030276000000000004	0.005903464474796838	0.03711431489710416	0.0	(0.03711431489710416+0j)
0.176	0.030975999999999997	0.00603716690938394	0.03796557083344321	0.0	(0.03796557083344321+0j)
0.178	0.031684	0.006172271152597442	0.03882627126312755	0.0	(0.03882627126312755+0j)
0.18	0.0324	0.00630877303810784	0.03969640843098359	0.0	(0.03969640843098359+0j)
0.182	0.033124	0.006446668360060581	0.04057597458677904	0.0	(0.04057597458677904+0j)
0.184	0.033856	0.006585952873326972	0.041464961987245794	0.0	(0.041464961987245794+0j)
0.186	0.034596	0.006726622293742879	0.04236336289808136	0.0	(0.04236336289808136+0j)
0.188	0.035344	0.006868672298356304	0.04327116959594353	0.0	(0.04327116959594353+0j)
0.19	0.0361	0.007012098525677191	0.04418837437043588	0.0	(0.04418837437043588+0j)
0.192	0.036864	0.007156896575924998	0.0451149695260855	0.0	(0.0451149695260855+0j)
0.194	0.037636	0.007303062011285721	0.046050947384318176	0.0	(0.046050947384318176+0j)
0.196	0.038416000000000006	0.0074505903561597475	0.046996300285424016	0.0	(0.046996300285424016+0j)
0.198	0.039204	0.007599477097422758	0.047951020590530136	0.0	(0.047951020590530136+0j)
0.2	0.04000000000000001	0.007749717684681912	0.04891510068356962	0.0	(0.04891510068356962+0j)
0.202	0.04080400000000001	0.007901307530536472	0.049888532973259375	0.0	(0.049888532973259375+0j)
0.20400000000000001	0.04161600000000001	0.00805424201083732	0.05087130989508229	0.0	(0.05087130989508229+0j)
0.20600000000000002	0.04243600000000001	0.008208516464953963	0.05186342391328718	0.0	(0.05186342391328718+0j)
0.20800000000000002	0.04326400000000001	0.008364126196036548	0.05286486752290028	0.0	(0.05286486752290028+0j)
0.21	0.04409999999999999	0.00852106647128481	0.05387563325176093	0.0	(0.05387563325176093+0j)
0.212	0.044944	0.008679332522215921	0.0548957136625831	0.0	(0.0548957136625831+0j)
0.214	0.045795999999999996	0.008838919544935653	0.05592510135504515	0.0	(0.05592510135504515+0j)
0.216	0.046655999999999996	0.008999822700410665	0.05696378896792581	0.0	(0.05696378896792581+0j)
0.218	0.047524	0.009162037114741894	0.05801176918127776	0.0	(0.05801176918127776+0j)
0.22	0.0484	0.009325557879439617	0.05906903471865561	0.0	(0.05906903471865561+0j)
0.222	0.049284	0.00949038005170294	0.060135578349411634	0.0	(0.060135578349411634+0j)
0.224	0.050176000000000005	0.0096564986546957	0.06121139289105061	0.0	(0.06121139289105061+0j)
0.226	0.051076	0.009823908677829007	0.062296471211679326	0.0	(0.062296471211679326+0j)
0.228	0.051984	0.00999260507704186	0.0633908062325391	0.0	(0.0633908062325391+0j)
0.23	0.0529	0.01016258277508647	0.06449439093064778	0.0	(0.06449439093064778+0j)
0.232	0.053824000000000004	0.010333836661810258	0.06560721834156119	0.0	(0.06560721834156119+0j)
0.234	0.054756000000000006	0.010506361594445901	0.06672928156227192	0.0	(0.06672928156227192+0j)
0.23600000000000002	0.05569600000000001	0.010680152397896658	0.06786057375426006	0.0	(0.06786057375426006+0j)
0.23800000000000002	0.05664400000000001	0.010855203865026974	0.0690010881467135	0.0	(0.0690010881467135+0j)
0.24	0.0576	0.011031510756953355	0.0701508180399545	0.0	(0.0701508180399545+0j)
0.242	0.058564	0.011209067803336636	0.07130975680906941	0.0	(0.07130975680906941+0j)
0.244	0.059536	0.011387869702674247	0.07247789790779943	0.0	(0.07247789790779943+0j)
0.246	0.060516	0.011567911122597474	0.07365523487270395	0.0	(0.07365523487270395+0j)
0.248	0.061503999999999996	0.011749186700166503	0.0748417613276306	0.0	(0.0748417613276306+0j)
0.25	0.0625	0.01193169104216768	0.0760374709885428	0.0	(0.0760374709885428+0j)
0.252	0.063504	0.012115418725412719	0.07724235766873998	0.0	(0.07724235766873998+0j)
0.254	0.064516	0.012300364297040123	0.07845641528451769	0.0	(0.07845641528451769+0j)
0.256	0.065536	0.012486522274813838	0.07967963786132724	0.0	(0.07967963786132724+0j)
0.258	0.066564	0.012673887147428287	0.08091201954049893	0.0	(0.08091201954049893+0j)
0.26	0.06760000000000001	0.0128624533748109	0.08215355458659801	0.0	(0.08215355458659801+0j)
0.262	0.06864400000000001	0.013052215388427713	0.08340423739548557	0.0	(0.08340423739548557+0j)
0.264	0.06969600000000001	0.013243167591588112	0.08466406250319881	0.0	(0.08466406250319881+0j)
0.266	0.07075600000000001	0.013435304359753208	0.08593302459572809	0.0	(0.08593302459572809+0j)
0.268	0.07182400000000001	0.013628620040843503	0.08721111851983343	0.0	(0.08721111851983343+0j)
0.27	0.0729	0.013823108955548224	0.08849833929502955	0.0	(0.08849833929502955+0j)
0.272	0.07398400000000001	0.014018765397635774	0.08979468212689078	0.0	(0.08979468212689078+0j)
0.274	0.07507600000000002	0.01421558363426445	0.091100142421877	0.0	(0.091100142421877+0j)
0.276	0.07617600000000001	0.014413557906295393	0.09241471580386976	0.0	(0.09241471580386976+0j)
0.278	0.07728400000000002	0.014612682428604695	0.09373839813268198	0.0	(0.09373839813268198+0j)
0.28	0.07840000000000001	0.014812951390399398	0.09507118552481751	0.0	(0.09507118552481751+0j)
0.28200000000000003	0.07952400000000001	0.0150143589555303	0.09641307437679995	0.0	(0.09641307437679995+0j)
0.28400000000000003	0.08065600000000002	0.015216899262809613	0.09776406139148501	0.0	(0.09776406139148501+0j)
0.28600000000000003	0.08179600000000002	0.015420566426326554	0.0991241436077734	0.0	(0.0991241436077734+0j)
0.28800000000000003	0.08294400000000002	0.01562535453576583	0.10049331843428938	0.0	(0.10049331843428938+0j)
0.29	0.0841	0.015831257656725023	0.10187158368763397	0.0	(0.10187158368763397+0j)
0.292	0.08526399999999999	0.016038269831034763	0.10325893763594952	0.0	(0.10325893763594952+0j)
0.294	0.08643599999999999	0.016246385077077763	0.10465537904869765	0.0	(0.10465537904869765+0j)
0.296	0.08761599999999999	0.0164555973901101	0.10606090725368111	0.0	(0.10606090725368111+0j)
0.298	0.088804	0.016665900742581924	0.10747552220256851	0.0	(0.10747552220256851+0j)
0.3	0.09	0.016877289084459846	0.10889922454644786	0.0	(0.10889922454644786+0j)
0.302	0.091204	0.01708975634354959	0.11033201572318857	0.0	(0.11033201572318857+0j)
0.304	0.092416	0.01730329642581893	0.11177389805886043	0.0	(0.11177389805886043+0j)
0.306	0.093636	0.017517903215721886	0.11322487488584157	0.0	(0.11322487488584157+0j)
0.308	0.094864	0.01773357057652289	0.11468495068092067	0.0	(0.11468495068092067+0j)
0.31	0.0961	0.017950292350621816	0.11615413122738542	0.0	(0.11615413122738542+0j)
0.312	0.097344	0.018168062359879555	0.1176324238060641	0.0	(0.1176324238060641+0j)
0.314	0.098596	0.01838687440594372	0.11911983742146257	0.0	(0.11911983742146257+0j)
0.316	0.099856	0.01860672227057547	0.12061638307066264	0.0	(0.12061638307066264+0j)
0.318	0.101124	0.018827599715976334	0.12212207406459152	0.0	(0.12212207406459152+0j)
0.32	0.1024	0.019049500485115306	0.12363692641380722	0.0	(0.12363692641380722+0j)
0.322	0.10368400000000001	0.019272418302056227	0.1251609592941944	0.0	(0.1251609592941944+0j)
0.324	0.104976	0.019496346872286963	0.12669419561226417	0.0	(0.12669419561226417+0j)
0.326	0.10627600000000001	0.019721279883046505	0.12823666269539738	0.0	(0.12823666269539738+0j)
0.328	0.10758400000000001	0.01994721100365457	0.12978839313984988	0.0	(0.12978839313984988+0j)
0.33	0.10890000000000001	0.020174133885840495	0.1313494258593715	0.0	(0.1313494258593715+0j)
0.332	0.11022400000000002	0.020402042164072015	0.1329198073907841	0.0	(0.1329198073907841+0j)
0.334	0.11155600000000002	0.020630929455885127	0.13449959353118188	0.0	(0.13449959353118188+0j)
0.336	0.11289600000000001	0.02086078936221425	0.13608885140646448	0.0	(0.13608885140646448+0j)
0.338	0.11424400000000001	0.02109161546772126	0.13768766210540903	0.0	(0.13768766210540903+0j)
0.34	0.11560000000000002	0.02132340134112648	0.13929612406132016	0.0	(0.13929612406132016+0j)
0.342	0.11696400000000001	0.021556140535538143	0.140914357429844	0.0	(0.140914357429844+0j)
0.34400000000000003	0.11833600000000002	0.021789826588783368	0.1425425098047007	0.0	(0.1425425098047007+0j)
0.34600000000000003	0.11971600000000002	0.022024453023738177	0.1441807637431574	0.0	(0.1441807637431574+0j)
0.34800000000000003	0.12110400000000002	0.02226001334865821	0.14582934675395365	0.0	(0.14582934675395365+0j)
0.35000000000000003	0.12250000000000003	0.02249650105750914	0.14748854464760175	0.0	(0.14748854464760175+0j)
0.352	0.12390399999999999	0.022733909630297255	0.14915871947513307	0.0	(0.14915871947513307+0j)
0.354	0.12531599999999998	0.02297223253340072	0.15084033367779776	0.0	(0.15084033367779776+0j)
0.356	0.126736	0.023211463219898684	0.15253398245879604	0.0	(0.15253398245879604+0j)
0.358	0.128164	0.023451595129902886	0.15424043649106492	0.0	(0.15424043649106492+0j)
0.36	0.1296	0.023692621690887816	0.15596069609127355	0.0	(0.15596069609127355+0j)
0.362	0.131044	0.023934536318020727	0.15769605382762486	0.0	(0.15769605382762486+0j)
0.364	0.132496	0.024177332414491992	0.15944815018451705	0.0	(0.15944815018451705+0j)
0.366	0.133956	0.02442100337184505	0.16121897591348486	0.0	(0.16121897591348486+0j)
0.368	0.135424	0.024665542570306356	0.16301070921379773	0.0	(0.16301070921379773+0j)
0.37	0.1369	0.024910943379114897	0.1648251768585013	0.0	(0.1648251768585013+0j)
0.372	0.138384	0.025157199156851384	0.1666627089943169	0.0	(0.1666627089943169+0j)
0.374	0.139876	0.025404303251767776	0.16852058687705287	0.0	(0.16852058687705287+0j)
0.376	0.141376	0.025652249002116115	0.16931277454249868	-0.009616639677396926	(0.16931277454249868-0.009616639677396926j)
0.378	0.142884	0.025901029736476663	0.16931277454249868	0.009616639677396926	(0.16931277454249868+0.009616639677396926j)
0.38	0.1444	0.026150638774086535	0.1703923846275038	0.0	(0.1703923846275038+0j)
0.382	0.145924	0.02640106942516783	0.17226981701667513	0.0	(0.17226981701667513+0j)
0.384	0.147456	0.026652314991254325	0.17414619710795468	0.0	(0.17414619710795468+0j)
0.386	0.14899600000000002	0.02690436876551995	0.17601841270424282	0.0	(0.17601841270424282+0j)
0.388	0.150544	0.02715722403310389	0.17788640764265098	0.0	(0.17788640764265098+0j)
0.39	0.1521	0.027410874071438357	0.17975170016067712	0.0	(0.17975170016067712+0j)
0.392	0.15366400000000002	0.027665312150573565	0.18161624702857848	0.0	(0.18161624702857848+0j)
0.394	0.155236	0.02792053153350356	0.18348188787458103	0.0	(0.18348188787458103+0j)
0.396	0.156816	0.02817652547649062	0.18535016185367278	0.0	(0.18535016185367278+0j)
0.398	0.15840400000000002	0.028433287229389786	0.18722229357414735	0.0	(0.18722229357414735+0j)
0.4	0.16000000000000003	0.028690810035972847	0.1890992373323835	0.0	(0.1890992373323835+0j)
0.402	0.16160400000000003	0.02894908713425133	0.1909817321974909	0.0	(0.1909817321974909+0j)
0.404	0.16321600000000003	0.029208111756798827	0.1928703513272558	0.0	(0.1928703513272558+0j)
0.406	0.164836	0.02946787713107371	0.1947655415426803	0.0	(0.1947655415426803+0j)
0.40800000000000003	0.16646400000000003	0.02972837647973972	0.19666765366292327	0.0	(0.19666765366292327+0j)
0.41000000000000003	0.16810000000000003	0.02998960302098709	0.19857696531436234	0.0	(0.19857696531436234+0j)
0.41200000000000003	0.16974400000000003	0.030251549968852084	0.20049369797400846	0.0	(0.20049369797400846+0j)
0.41400000000000003	0.17139600000000002	0.030514210533537228	0.20241802971258244	0.0	(0.20241802971258244+0j)
0.41600000000000004	0.17305600000000004	0.030777577921728694	0.20435010476428778	0.0	(0.20435010476428778+0j)
0.418	0.174724	0.031041645336914794	0.20629004075999163	0.0	(0.20629004075999163+0j)
0.42	0.17639999999999997	0.0313064059797033	0.2082379342357072	0.0	(0.2082379342357072+0j)
0.422	0.178084	0.03157185304813674	0.21019386486145572	0.0	(0.21019386486145572+0j)
0.424	0.179776	0.031837979738008754	0.2121578987145171	0.0	(0.2121578987145171+0j)
0.426	0.181476	0.0321047792431782	0.2141300908336276	0.0	(0.2141300908336276+0j)
0.428	0.18318399999999999	0.032372244755883364	0.21611048722806334	0.0	(0.21611048722806334+0j)
0.43	0.18489999999999998	0.032640369467053926	0.21809912647009558	0.0	(0.21809912647009558+0j)
0.432	0.18662399999999998	0.03290914656662425	0.2200960409665627	0.0	(0.2200960409665627+0j)
0.434	0.188356	0.03317856924384341	0.22210125798146108	0.0	(0.22210125798146108+0j)
0.436	0.190096	0.03344863068758551	0.22411480046382745	0.0	(0.22411480046382745+0j)
0.438	0.191844	0.033719324086659425	0.22613668772233791	0.0	(0.22613668772233791+0j)
0.44	0.1936	0.033990642630116405	0.22816693597832857	0.0	(0.22816693597832857+0j)
0.442	0.195364	0.034262579507557504	0.2302055588218612	0.0	(0.2302055588218612+0j)
0.444	0.197136	0.034535127909439654	0.23225256758983984	0.0	(0.23225256758983984+0j)
0.446	0.198916	0.03480828102738139	0.2343079716812065	0.0	(0.2343079716812065+0j)
0.448	0.20070400000000002	0.03508203205446595	0.2363717788209827	0.0	(0.2363717788209827+0j)
0.45	0.2025	0.03535637418554508	0.23844399528251062	0.0	(0.23844399528251062+0j)
0.452	0.204304	0.03563130061754096	0.24052462607538744	0.0	(0.24052462607538744+0j)
0.454	0.20611600000000002	0.035906804549746645	0.24261367510503354	0.0	(0.24261367510503354+0j)
0.456	0.207936	0.03618287918412597	0.24471114530879243	0.0	(0.24471114530879243+0j)
0.458	0.209764	0.03645951772561228	0.24681703877241545	0.0	(0.24681703877241545+0j)
0.46	0.2116	0.036736713382405535	0.24893135683017834	0.0	(0.24893135683017834+0j)
0.462	0.21344400000000002	0.03701445936626864	0.25105410015122187	0.0	(0.25105410015122187+0j)
0.464	0.21529600000000002	0.037292748892822566	0.25318526881426723	0.0	(0.25318526881426723+0j)
0.466	0.21715600000000002	0.03757157518184	0.2553248623725017	0.0	(0.2553248623725017+0j)
0.468	0.21902400000000002	0.03785093145753791	0.2574728799100965	0.0	(0.2574728799100965+0j)
0.47000000000000003	0.22090000000000004	0.03813081094886903	0.259629320091564	0.0	(0.259629320091564+0j)
0.47200000000000003	0.22278400000000004	0.038411206889811464	0.2617941812050507	0.0	(0.2617941812050507+0j)
0.47400000000000003	0.22467600000000004	0.03869211251965796	0.2639674612003659	0.0	(0.2639674612003659+0j)
0.47600000000000003	0.22657600000000003	0.03897352108330306	0.2661491577224795	0.0	(0.2661491577224795+0j)
0.47800000000000004	0.22848400000000005	0.039255425831529155	0.2683392681411352	0.0	(0.2683392681411352+0j)
0.48	0.2304	0.039537820021291366	0.27053778957708613	0.0	(0.27053778957708613+0j)
0.482	0.23232399999999997	0.039820696916000944	0.2727447189253829	0.0	(0.2727447189253829+0j)
0.484	0.234256	0.04010404978580753	0.2749600528761042	0.0	(0.2749600528761042+0j)
0.486	0.236196	0.04038787190787936	0.27718378793287013	0.0	(0.27718378793287013+0j)
0.488	0.238144	0.04067215656668288	0.2794159204293799	0.0	(0.2794159204293799+0j)
0.49	0.24009999999999998	0.04095689705426047	0.2816564465442327	0.0	(0.2816564465442327+0j)
0.492	0.242064	0.04124208667050697	0.28390536231426894	0.0	(0.28390536231426894+0j)
0.494	0.244036	0.04152771872344436	0.28616266364654963	0.0	(0.28616266364654963+0j)
0.496	0.24601599999999998	0.041813786529495585	0.2884283463291809	0.0	(0.2884283463291809+0j)
0.498	0.248004	0.0421002834137563	0.29070240604107933	0.0	(0.29070240604107933+0j)
0.5	0.25	0.0423872027102656	0.29298483836084166	0.0	(0.29298483836084166+0j)
0.502	0.252004	0.04267453776227486	0.295275638774778	0.0	(0.295275638774778+0j)
0.504	0.254016	0.04296228192251537	0.2975748026842101	0.0	(0.2975748026842101+0j)
0.506	0.256036	0.04325042855346406	0.29988232541214127	0.0	(0.29988232541214127+0j)
0.508	0.258064	0.043538971027608266	0.30219820220932675	0.0	(0.30219820220932675+0j)
0.51	0.2601	0.04382790272770817	0.3045224282598315	0.0	(0.3045224282598315+0j)
0.512	0.262144	0.04411721704705825	0.30685499868612	0.0	(0.30685499868612+0j)
0.514	0.264196	0.04440690738974705	0.30919590855373447	0.0	(0.30919590855373447+0j)
0.516	0.266256	0.044696967170914925	0.3115451528755859	0.0	(0.3115451528755859+0j)
0.518	0.268324	0.04498738981701094	0.31390272661591656	0.0	(0.31390272661591656+0j)
0.52	0.27040000000000003	0.04527816876604706	0.3162686246939503	0.0	(0.3162686246939503+0j)
0.522	0.272484	0.045569297467851905	0.31864284198727144	0.0	(0.31864284198727144+0j)
0.524	0.27457600000000004	0.04586076938432198	0.3210253733349584	0.0	(0.3210253733349584+0j)
0.526	0.27667600000000003	0.04615257798967147	0.3234162135404761	0.0	(0.3234162135404761+0j)
0.528	0.27878400000000003	0.046444716770680586	0.3258153573743846	0.0	(0.3258153573743846+0j)
0.53	0.28090000000000004	0.04673717922694186	0.3282227995768473	0.0	(0.3282227995768473+0j)
0.532	0.28302400000000005	0.04702995887110494	0.33063853485996353	0.0	(0.33063853485996353+0j)
0.534	0.285156	0.04732304922911979	0.33306255790998224	0.0	(0.33306255790998224+0j)
0.536	0.28729600000000005	0.04761644384047782	0.33549486338933165	0.0	(0.33549486338933165+0j)
0.538	0.28944400000000003	0.047910136258451606	0.3379354459385429	0.0	(0.3379354459385429+0j)
0.54	0.2916	0.04820412005033255	0.3403843001780718	0.0	(0.3403843001780718+0j)
0.542	0.293764	0.048498388797667234	0.3428414207099686	0.0	(0.3428414207099686+0j)
0.544	0.29593600000000003	0.04879293609649147	0.34530680211950465	0.0	(0.34530680211950465+0j)
0.546	0.29811600000000005	0.04908775555756296	0.347780438976668	0.0	(0.347780438976668+0j)
0.548	0.30030400000000007	0.04938284080659199	0.35026232583759487	0.0	(0.35026232583759487+0j)
0.55	0.30250000000000005	0.049678185484470436	0.35275245724592913	0.0	(0.35275245724592913+0j)
0.552	0.30470400000000003	0.049973783247498696	0.355250827734087	0.0	(0.355250827734087+0j)
0.554	0.3069160000000001	0.050269627767611305	0.3577574318244964	0.0	(0.3577574318244964+0j)
0.556	0.3091360000000001	0.05056571273260018	0.36027226403076074	0.0	(0.36027226403076074+0j)
0.558	0.3113640000000001	0.05086203184633632	0.3627953188587199	0.0	(0.3627953188587199+0j)
0.56	0.31360000000000005	0.05115857882898967	0.36532659080755897	0.0	(0.36532659080755897+0j)
0.562	0.31584400000000007	0.05145534741724706	0.3678660743707856	0.0	(0.3678660743707856+0j)
0.5640000000000001	0.31809600000000005	0.05175233136452812	0.37041376403720316	0.0	(0.37041376403720316+0j)
0.5660000000000001	0.3203560000000001	0.05204952444119972	0.3729696542918341	0.0	(0.3729696542918341+0j)
0.5680000000000001	0.3226240000000001	0.0523469204347881	0.37553373961680575	0.0	(0.37553373961680575+0j)
0.5700000000000001	0.3249000000000001	0.05264451315018952	0.3781060144921926	0.0	(0.3781060144921926+0j)
0.5720000000000001	0.3271840000000001	0.05294229640987868	0.3806864733968628	0.0	(0.3806864733968628+0j)
0.5740000000000001	0.3294760000000001	0.05324026405411533	0.3832751108092409	0.0	(0.3832751108092409+0j)
0.5760000000000001	0.33177600000000007	0.05353840994114907	0.3858719212080798	0.0	(0.3858719212080798+0j)
0.578	0.33408399999999994	0.05383672794742228	0.3884768990731991	0.0	(0.3884768990731991+0j)
0.58	0.3364	0.05413521196777073	0.39109003888617755	0.0	(0.39109003888617755+0j)
0.582	0.33872399999999997	0.05443385591562286	0.39371133513108586	0.0	(0.39371133513108586+0j)
0.584	0.34105599999999997	0.054732653723196606	0.39634078229508957	0.0	(0.39634078229508957+0j)
0.586	0.343396	0.05503159934169452	0.398978374869137	0.0	(0.398978374869137+0j)
0.588	0.34574399999999994	0.05533068674149702	0.4016241073485784	0.0	(0.4016241073485784+0j)
0.59	0.34809999999999997	0.055629909912353476	0.4042779742337596	0.0	(0.4042779742337596+0j)
0.592	0.35046399999999994	0.05592926286357146	0.40693997003062066	0.0	(0.40693997003062066+0j)
0.594	0.352836	0.056228739624203904	0.40961008925128667	0.0	(0.40961008925128667+0j)
0.596	0.355216	0.056528334243234626	0.4122883264145921	0.0	(0.4122883264145921+0j)
0.598	0.357604	0.05682804078976145	0.4149746760466661	0.0	(0.4149746760466661+0j)
0.6	0.36	0.05712785335317756	0.41766913268141936	0.0	(0.41766913268141936+0j)
0.602	0.36240399999999995	0.057427766043350904	0.420371690861099	0.0	(0.420371690861099+0j)
0.604	0.364816	0.05772777299080148	0.42308234513677057	0.0	(0.42308234513677057+0j)
0.606	0.367236	0.05802786834687686	0.42580109006883304	0.0	(0.42580109006883304+0j)
0.608	0.369664	0.05832804628392528	0.4285279202274713	0.0	(0.4285279202274713+0j)
0.61	0.3721	0.05862830099546728	0.43126283019314365	0.0	(0.43126283019314365+0j)
0.612	0.374544	0.05892862669636484	0.43400581455705806	0.0	(0.43400581455705806+0j)
0.614	0.376996	0.059229017622988885	0.4367568679215855	0.0	(0.4367568679215855+0j)
0.616	0.379456	0.05952946803338453	0.43951598490073174	0.0	(0.43951598490073174+0j)
0.618	0.381924	0.05982997220743445	0.4422831601205462	0.0	(0.4422831601205462+0j)
0.62	0.3844	0.06013052444702016	0.44505838821957344	0.0	(0.44505838821957344+0j)
0.622	0.386884	0.06043111907618129	0.4478416638492334	0.0	(0.4478416638492334+0j)
0.624	0.389376	0.06073175044127278	0.4506329816742482	0.0	(0.4506329816742482+0j)
0.626	0.391876	0.06103241291112029	0.45343233637303465	0.0	(0.45343233637303465+0j)
0.628	0.394384	0.061333100877173224	0.45623972263809254	0.0	(0.45623972263809254+0j)
0.63	0.39690000000000003	0.0616338087536559	0.4590551351763832	0.0	(0.4590551351763832+0j)
0.632	0.399424	0.06193453097771688	0.461878568709712	0.0	(0.461878568709712+0j)
0.634	0.40195600000000004	0.06223526200957592	0.46471001797508577	0.0	(0.46471001797508577+0j)
0.636	0.404496	0.06253599633266899	0.4675494777250945	0.0	(0.4675494777250945+0j)
0.638	0.407044	0.06283672845379146	0.47039694272823007	0.0	(0.47039694272823007+0j)
0.64	0.4096	0.06313745290323902	0.473252407769268	0.0	(0.473252407769268+0j)
0.642	0.41216400000000003	0.06343816423494669	0.476115867649588	0.0	(0.476115867649588+0j)
0.644	0.41473600000000005	0.06373885702662568	0.4789873171875143	0.0	(0.4789873171875143+0j)
0.646	0.417316	0.06403952587989825	0.4818667512186479	0.0	(0.4818667512186479+0j)
0.648	0.419904	0.06434016542043071	0.4847541645961857	0.0	(0.4847541645961857+0j)
0.65	0.42250000000000004	0.06464077029806406	0.48764955219122286	0.0	(0.48764955219122286+0j)
0.652	0.42510400000000004	0.06494133518694287	0.49055290889311237	0.0	(0.49055290889311237+0j)
0.654	0.42771600000000004	0.06524185478564193	0.4934642296096909	0.0	(0.4934642296096909+0j)
0.656	0.43033600000000005	0.06554232381729097	0.4963835092676601	0.0	(0.4963835092676601+0j)
0.658	0.432964	0.06584273702969728	0.49931074281283244	0.0	(0.49931074281283244+0j)
0.66	0.43560000000000004	0.06614308919546655	0.5022459252104297	0.0	(0.5022459252104297+0j)
0.662	0.438244	0.066443375112121	0.5051890514453775	0.0	(0.5051890514453775+0j)
0.664	0.44089600000000007	0.06674358960221638	0.5081401165225746	0.0	(0.5081401165225746+0j)
0.666	0.44355600000000006	0.06704372751345625	0.5110991154671735	0.0	(0.5110991154671735+0j)
0.668	0.44622400000000007	0.06734378371880448	0.5140660433248455	0.0	(0.5140660433248455+0j)
0.67	0.4489000000000001	0.06764375311659575	0.5170408951620383	0.0	(0.5170408951620383+0j)
0.672	0.45158400000000004	0.06794363063064392	0.5200236660662656	0.0	(0.5200236660662656+0j)
0.674	0.45427600000000007	0.06824341121034849	0.5230143511463108	0.0	(0.5230143511463108+0j)
0.676	0.45697600000000005	0.06854308983079896	0.5260129455325421	0.0	(0.5260129455325421+0j)
0.678	0.45968400000000004	0.06884266149287709	0.5290194443770955	0.0	(0.5290194443770955+0j)
0.68	0.4624000000000001	0.06914212122335742	0.5320338428541665	0.0	(0.5320338428541665+0j)
0.682	0.4651240000000001	0.06944146407500532	0.535056136160222	0.0	(0.535056136160222+0j)
0.684	0.46785600000000005	0.06974068512667353	0.538086319514228	0.0	(0.538086319514228+0j)
0.686	0.47059600000000007	0.0700397794833964	0.5411243881579118	0.0	(0.5411243881579118+0j)
0.6880000000000001	0.4733440000000001	0.07033874227648212	0.5441703373559487	0.0	(0.5441703373559487+0j)
0.6900000000000001	0.4761000000000001	0.07063756866360299	0.5472241623962171	0.0	(0.5472241623962171+0j)
0.6920000000000001	0.47886400000000007	0.07093625382888366	0.5502858585899908	0.0	(0.5502858585899908+0j)
0.6940000000000001	0.48163600000000006	0.07123479298298765	0.5533554212721606	0.0	(0.5533554212721606+0j)
0.6960000000000001	0.48441600000000007	0.07153318136320144	0.5564328458014601	0.0	(0.5564328458014601+0j)
0.6980000000000001	0.4872040000000001	0.07183141423351672	0.5595181275606365	0.0	(0.5595181275606365+0j)
0.7000000000000001	0.4900000000000001	0.07212948688471085	0.5626112619566975	0.0	(0.5626112619566975+0j)
0.7020000000000001	0.4928040000000001	0.07242739463442517	0.5657122444210787	0.0	(0.5657122444210787+0j)
0.704	0.49561599999999995	0.07272513282724129	0.5688210704098537	0.0	(0.5688210704098537+0j)
0.706	0.49843599999999993	0.07302269683475562	0.5719377354039158	0.0	(0.5719377354039158+0j)
0.708	0.5012639999999999	0.07332008205565159	0.575062234909196	0.0	(0.575062234909196+0j)
0.71	0.5041	0.07361728391577027	0.5781945644568013	0.0	(0.5781945644568013+0j)
0.712	0.506944	0.07391429786817888	0.5813347196032472	0.0	(0.5813347196032472+0j)
0.714	0.5097959999999999	0.07421111939323721	0.584482695930598	0.0	(0.584482695930598+0j)
0.716	0.512656	0.07450774399866238	0.5876384890466794	0.0	(0.5876384890466794+0j)
0.718	0.515524	0.07480416721959135	0.5908020945852288	0.0	(0.5908020945852288+0j)
0.72	0.5184	0.07510038461864185	0.5939735082060742	0.0	(0.5939735082060742+0j)
0.722	0.521284	0.07539639178597102	0.5971527255953034	0.0	(0.5971527255953034+0j)
0.724	0.524176	0.07569218433933234	0.6003397424654325	0.0	(0.6003397424654325+0j)
0.726	0.527076	0.07598775792413058	0.6035345545555689	0.0	(0.6035345545555689+0j)
0.728	0.529984	0.07628310821347495	0.6067371576315769	0.0	(0.6067371576315769+0j)
0.73	0.5328999999999999	0.07657823090823002	0.6099475474862216	0.0	(0.6099475474862216+0j)
0.732	0.535824	0.07687312173706529	0.6131657199393579	0.0	(0.6131657199393579+0j)
0.734	0.538756	0.07716777645650223	0.6163916708380507	0.0	(0.6163916708380507+0j)
0.736	0.541696	0.07746219085095991	0.6196253960567464	0.0	(0.6196253960567464+0j)
0.738	0.544644	0.07775636073279868	0.6228668914974249	0.0	(0.6228668914974249+0j)
0.74	0.5476	0.07805028194236166	0.6261161530897544	0.0	(0.6261161530897544+0j)
0.742	0.5505639999999999	0.07834395034801482	0.6293731767912227	0.0	(0.6293731767912227+0j)
0.744	0.553536	0.07863736184618483	0.6326379585872902	0.0	(0.6326379585872902+0j)
0.746	0.556516	0.07893051236139526	0.635910494491552	0.0	(0.635910494491552+0j)
0.748	0.559504	0.079223397846301	0.6391907805458665	0.0	(0.6391907805458665+0j)
0.75	0.5625	0.07951601428172053	0.6424788128204882	0.0	(0.6424788128204882+0j)
0.752	0.565504	0.07980835767666673	0.6457745874142409	0.0	(0.6457745874142409+0j)
0.754	0.568516	0.08010042406837561	0.6490781004546257	0.0	(0.6490781004546257+0j)
0.756	0.571536	0.08039220952233349	0.6523893480979978	0.0	(0.6523893480979978+0j)
0.758	0.574564	0.08068371013230193	0.6557083265296596	0.0	(0.6557083265296596+0j)
0.76	0.5776	0.08097492202034144	0.6590350319640554	0.0	(0.6590350319640554+0j)
0.762	0.580644	0.08126584133683304	0.6623694606448514	0.0	(0.6623694606448514+0j)
0.764	0.583696	0.08155646426049795	0.6657116088451539	0.0	(0.6657116088451539+0j)
0.766	0.586756	0.08184678699841591	0.6690614728675387	0.0	(0.6690614728675387+0j)
0.768	0.589824	0.08213680578604136	0.6724190490443159	0.0	(0.6724190490443159+0j)
0.77	0.5929	0.08242651688721808	0.675784333737589	0.0	(0.675784333737589+0j)
0.772	0.5959840000000001	0.08271591659419206	0.6791573233393926	0.0	(0.6791573233393926+0j)
0.774	0.599076	0.08300500122762233	0.6825380142719026	0.0	(0.6825380142719026+0j)
0.776	0.602176	0.08329376713659083	0.6859264029875093	0.0	(0.6859264029875093+0j)
0.778	0.605284	0.08358221069860956	0.689322485969005	0.0	(0.689322485969005+0j)
0.78	0.6084	0.0838703283196269	0.6927262597297084	0.0	(0.6927262597297084+0j)
0.782	0.6115240000000001	0.0841581164340316	0.6961377208136255	0.0	(0.6961377208136255+0j)
0.784	0.6146560000000001	0.08444557150465555	0.6995568657956055	0.0	(0.6995568657956055+0j)
0.786	0.617796	0.08473269002277448	0.7029836912814849	0.0	(0.7029836912814849+0j)
0.788	0.620944	0.08501946850810735	0.7064181939082413	0.0	(0.7064181939082413+0j)
0.79	0.6241000000000001	0.08530590350881381	0.7098603703441756	0.0	(0.7098603703441756+0j)
0.792	0.627264	0.08559199160149006	0.7133102172890367	0.0	(0.7133102172890367+0j)
0.794	0.6304360000000001	0.08587772939116327	0.7167677314742359	0.0	(0.7167677314742359+0j)
0.796	0.6336160000000001	0.08616311351128413	0.7202329096629762	0.0	(0.7202329096629762+0j)
0.798	0.636804	0.08644814062371778	0.7237057486504698	0.0	(0.7237057486504698+0j)
0.8	0.6400000000000001	0.08673280741873343	0.7271862452640815	0.0	(0.7271862452640815+0j)
0.802	0.6432040000000001	0.08701711061499193	0.7306743963635427	0.0	(0.7306743963635427+0j)
0.804	0.6464160000000001	0.08730104695953225	0.7341701988411342	0.0	(0.7341701988411342+0j)
0.806	0.6496360000000001	0.08758461322775579	0.737673649621887	0.0	(0.737673649621887+0j)
0.808	0.6528640000000001	0.0878678062234099	0.7411847456638152	0.0	(0.7411847456638152+0j)
0.81	0.6561000000000001	0.08815062277856894	0.7447034839580764	0.0	(0.7447034839580764+0j)
0.812	0.659344	0.08843305975361457	0.7482298615292433	0.0	(0.7482298615292433+0j)
0.8140000000000001	0.6625960000000001	0.08871511403721405	0.7517638754355395	0.0	(0.7517638754355395+0j)
0.8160000000000001	0.6658560000000001	0.08899678254629717	0.7553055227690508	0.0	(0.7553055227690508+0j)
0.8180000000000001	0.669124	0.08927806222603156	0.7588548006559946	0.0	(0.7588548006559946+0j)
0.8200000000000001	0.6724000000000001	0.08955895004979686	0.7624117062570039	0.0	(0.7624117062570039+0j)
0.8220000000000001	0.6756840000000001	0.08983944301915672	0.7659762367673734	0.0	(0.7659762367673734+0j)
0.8240000000000001	0.6789760000000001	0.09011953816383006	0.769548389417379	0.0	(0.769548389417379+0j)
0.8260000000000001	0.6822760000000001	0.09039923254166027	0.7731281614725738	0.0	(0.7731281614725738+0j)
0.8280000000000001	0.6855840000000001	0.09067852323858341	0.7767155502340969	0.0	(0.7767155502340969+0j)
0.8300000000000001	0.6889000000000001	0.09095740736859452	0.7803105530390625	0.0	(0.7803105530390625+0j)
0.8320000000000001	0.6922240000000002	0.0912358820737129	0.7839131672608469	0.0	(0.7839131672608469+0j)
0.834	0.695556	0.0915139445239457	0.7875233903095065	0.0	(0.7875233903095065+0j)
0.836	0.698896	0.09179159191725025	0.7911412196321902	0.0	(0.7911412196321902+0j)
0.838	0.702244	0.0920688214794948	0.7947666527135259	0.0	(0.7947666527135259+0j)
0.84	0.7055999999999999	0.09234563046441803	0.7983996870760908	0.0	(0.7983996870760908+0j)
0.842	0.7089639999999999	0.09262201615358719	0.8020403202808694	0.0	(0.8020403202808694+0j)
0.844	0.712336	0.0928979758563548	0.8056885499277523	0.0	(0.8056885499277523+0j)
0.846	0.7157159999999999	0.09317350690981394	0.8093443736561023	0.0	(0.8093443736561023+0j)
0.848	0.719104	0.09344860667875238	0.8130077891452733	0.0	(0.8130077891452733+0j)
0.85	0.7224999999999999	0.09372327255560509	0.8166787941152466	0.0	(0.8166787941152466+0j)
0.852	0.725904	0.0939975019604058	0.8203573863272542	0.0	(0.8203573863272542+0j)
0.854	0.729316	0.09427129234073685	0.8240435635844618	0.0	(0.8240435635844618+0j)
0.856	0.7327359999999999	0.09454464117167816	0.827737323732698	0.0	(0.827737323732698+0j)
0.858	0.7361639999999999	0.09481754595575446	0.8314386646612602	0.0	(0.8314386646612602+0j)
0.86	0.7395999999999999	0.09509000422288169	0.8351475843037053	0.0	(0.8351475843037053+0j)
0.862	0.7430439999999999	0.09536201353031179	0.8388640806387727	0.0	(0.8388640806387727+0j)
0.864	0.7464959999999999	0.0956335714625764	0.8425881516913208	0.0	(0.8425881516913208+0j)
0.866	0.749956	0.09590467563142929	0.8463197955333401	0.0	(0.8463197955333401+0j)
0.868	0.753424	0.09617532367578778	0.8500590102850831	0.0	(0.8500590102850831+0j)
0.87	0.7569	0.09644551326167239	0.8538057941162432	0.0	(0.8538057941162432+0j)
0.872	0.760384	0.09671524208214582	0.8575601452471682	0.0	(0.8575601452471682+0j)
0.874	0.763876	0.09698450785725067	0.8613220619503273	0.0	(0.8613220619503273+0j)
0.876	0.767376	0.09725330833394559	0.8650915425516701	0.0	(0.8650915425516701+0j)
0.878	0.770884	0.09752164128604082	0.8688685854323166	0.0	(0.8688685854323166+0j)
0.88	0.7744	0.0977895045141322	0.8726531890301972	0.0	(0.8726531890301972+0j)
0.882	0.7779240000000001	0.09805689584553398	0.8764453518419919	0.0	(0.8764453518419919+0j)
0.884	0.781456	0.0983238131342109	0.8802450724250701	0.0	(0.8802450724250701+0j)
0.886	0.784996	0.09859025426070883	0.884052349399697	0.0	(0.884052349399697+0j)
0.888	0.788544	0.09885621713208437	0.8878671814514427	0.0	(0.8878671814514427+0j)
0.89	0.7921	0.09912169968183336	0.8916895673336982	0.0	(0.8916895673336982+0j)
0.892	0.795664	0.09938669986981834	0.8955195058705258	0.0	(0.8955195058705258+0j)
0.894	0.7992360000000001	0.099651215682195	0.8993569959596821	0.0	(0.8993569959596821+0j)
0.896	0.8028160000000001	0.09991524513133739	0.9032020365760011	0.0	(0.9032020365760011+0j)
0.898	0.806404	0.10017878625576226	0.9070546267750189	0.0	(0.9070546267750189+0j)
0.9	0.81	0.10044183712005243	0.9109147656969607	0.0	(0.9109147656969607+0j)
0.902	0.813604	0.10070439581477877	0.9147824525711422	0.0	(0.9147824525711422+0j)
0.904	0.817216	0.10096646045642166	0.9186576867207925	0.0	(0.9186576867207925+0j)
0.906	0.820836	0.10122802918729112	0.9225404675683899	0.0	(0.9225404675683899+0j)
0.908	0.8244640000000001	0.10148910017544605	0.9264307946414172	0.0	(0.9264307946414172+0j)
0.91	0.8281000000000001	0.10174967161461261	0.930328667578971	0.0	(0.930328667578971+0j)
0.912	0.831744	0.10200974172410143	0.9342340861387722	0.0	(0.9342340861387722+0j)
0.914	0.835396	0.10226930874872417	0.9381470502052385	0.0	(0.9381470502052385+0j)
0.916	0.839056	0.10252837095870873	0.94206755979822	0.0	(0.94206755979822+0j)
0.918	0.842724	0.10278692664961403	0.9459956150829092	0.0	(0.9459956150829092+0j)
0.92	0.8464	0.10304497414224353	0.9499312163808245	0.0	(0.9499312163808245+0j)
0.922	0.8500840000000001	0.10330251178255795	0.9538743641821226	0.0	(0.9538743641821226+0j)
0.924	0.8537760000000001	0.10355953794158715	0.9578250591594194	0.0	(0.9578250591594194+0j)
0.926	0.8574760000000001	0.1038160510153412	0.9617833021834218	0.0	(0.9617833021834218+0j)
0.928	0.8611840000000001	0.10407204942472029	0.9657490943404695	0.0	(0.9657490943404695+0j)
0.93	0.8649000000000001	0.10432753161542432	0.9697224369525428	0.0	(0.9697224369525428+0j)
0.932	0.8686240000000001	0.10458249605786106	0.9737033315998903	0.0	(0.9737033315998903+0j)
0.934	0.8723560000000001	0.10483694124705406	0.9776917801468782	0.0	(0.9776917801468782+0j)
0.936	0.8760960000000001	0.10509086570254915	0.9816877847716395	0.0	(0.9816877847716395+0j)
0.9380000000000001	0.8798440000000001	0.10534426796832085	0.9856913480000558	0.0	(0.9856913480000558+0j)
0.9400000000000001	0.8836000000000002	0.10559714661267727	0.9897024727450702	0.0	(0.9897024727450702+0j)
0.9420000000000001	0.8873640000000002	0.10584950022816482	0.9937211623521377	0.0	(0.9937211623521377+0j)
0.9440000000000001	0.8911360000000002	0.10610132743147183	0.9977474206522491	0.0	(0.9977474206522491+0j)
0.9460000000000001	0.8949160000000002	0.10635262686333152	1.0017812520239797	0.0	(1.0017812520239797+0j)
0.9480000000000001	0.8987040000000002	0.10660339718842432	1.005822661466392	0.0	(1.005822661466392+0j)
0.9500000000000001	0.9025000000000001	0.10685363709527927	1.0098716546854032	0.0	(1.0098716546854032+0j)
0.9520000000000001	0.9063040000000001	0.1071033452961749	1.0139282381965276	0.0	(1.0139282381965276+0j)
0.9540000000000001	0.9101160000000001	0.10735252052703932	1.0179924194480277	0.0	(1.0179924194480277+0j)
0.9560000000000001	0.9139360000000002	0.1076011615473497	1.0220642069694919	0.0	(1.0220642069694919+0j)
0.9580000000000001	0.9177640000000001	0.10784926714003085	1.0261436105525188	0.0	(1.0261436105525188+0j)
0.96	0.9216	0.10809683611135354	1.0302306414723537	0.0	(1.0302306414723537+0j)
0.962	0.9254439999999999	0.10834386729083181	1.0343253127620093	0.0	(1.0343253127620093+0j)
0.964	0.9292959999999999	0.10859035953111974	1.0384276395549672	0.0	(1.0384276395549672+0j)
0.966	0.933156	0.10883631170790775	1.042537639518126	0.0	(1.042537639518126+0j)
0.968	0.937024	0.10908172271981804	1.0466553334055493	0.0	(1.0466553334055493+0j)
0.97	0.9409	0.10932659148829958	1.0507807457759948	0.0	(1.0507807457759948+0j)
0.972	0.944784	0.10957091695752261	1.0549139059370884	0.0	(1.0549139059370884+0j)
0.974	0.948676	0.10981469809427222	1.059054849208243	0.0	(1.059054849208243+0j)
0.976	0.952576	0.11005793388784178	1.063203618642782	0.0	(1.063203618642782+0j)
0.978	0.956484	0.11030062334992549	1.0673602674272604	0.0	(1.0673602674272604+0j)
0.98	0.9603999999999999	0.11054276551451056	1.0715248623090512	0.0	(1.0715248623090512+0j)
0.982	0.964324	0.11078435943776886	1.075697488637166	0.0	(1.075697488637166+0j)
0.984	0.968256	0.11102540419794782	1.0798782580340947	0.0	(1.0798782580340947+0j)
0.986	0.972196	0.11126589889526126	1.084067320562544	0.0	(1.084067320562544+0j)
0.988	0.976144	0.11150584265177928	1.0882648850139485	0.0	(1.0882648850139485+0j)
0.99	0.9801	0.11174523461131793	1.0924712549354292	0.0	(1.0924712549354292+0j)
0.992	0.9840639999999999	0.11198407393932835	1.0966868980075344	0.0	(1.0966868980075344+0j)
0.994	0.988036	0.1122223598227854	1.1009125950404377	0.0	(1.1009125950404377+0j)
0.996	0.992016	0.11246009147007585	1.1051498138710965	0.0	(1.1051498138710965+0j)
0.998	0.996004	0.11269726811088619	1.1094019076963733	0.0	(1.1094019076963733+0j)
1.0	1.0	0.11293388899608998	1.1136802233163186	0.0	(1.1136802233163186+0j)
