-1.0	-1.0	-0.0029284519018753117	-1.0029391230827518	0.0	(-1.0029391230827518+0j)
-0.99	-0.9801	-0.0029232818105685535	-0.9830309480666907	0.0	(-0.9830309480666907+0j)
-0.98	-0.9603999999999999	-0.0029179527225837065	-0.9633241463945592	0.0	(-0.9633241463945592+0j)
-0.97	-0.9409	-0.0029124580685319697	-0.9438177022778181	0.0	(-0.9438177022778181+0j)
-0.96	-0.9216	-0.0029067909403757493	-0.9245113536127971	0.0	(-0.9245113536127971+0j)
-0.9500000000000001	-0.9025000000000001	-0.002900944071174127	-0.90540499098158	0.0	(-0.90540499098158+0j)
-0.9400000000000001	-0.8836000000000002	-0.0028949098135820214	-0.886498555659866	0.0	(-0.886498555659866+0j)
-0.93	-0.8649000000000001	-0.0028886801170478495	-0.8677920103005927	0.0	(-0.8677920103005927+0j)
-0.92	-0.8464	-0.0028822465036578556	-0.8492853279204969	0.0	(-0.8492853279204969+0j)
-0.91	-0.8281000000000001	-0.0028756000425802404	-0.8309784870086029	0.0	(-0.8309784870086029+0j)
-0.9	-0.81	-0.0028687313230689807	-0.8128714690867551	0.0	(-0.8128714690867551+0j)
-0.89	-0.7921	-0.002861630425996114	-0.7949642573840712	0.0	(-0.7949642573840712+0j)
-0.88	-0.7744	-0.002854286893892617	-0.7772568360667064	0.0	(-0.7772568360667064+0j)
-0.87	-0.7569	-0.0028466896994921768	-0.7597491897641632	0.0	(-0.7597491897641632+0j)
-0.86	-0.7395999999999999	-0.0028388272127894882	-0.7424413032626177	0.0	(-0.7424413032626177+0j)
-0.85	-0.7224999999999999	-0.002830687166645733	-0.7253331612958298	0.0	(-0.7253331612958298+0j)
-0.84	-0.7055999999999999	-0.002822256620998835	-0.7084247483944234	0.0	(-0.7084247483944234+0j)
-0.8300000000000001	-0.6889000000000001	-0.002813521925765573	-0.6917160487707463	0.0	(-0.6917160487707463+0j)
-0.8200000000000001	-0.6724000000000001	-0.002804468682556934	-0.6752070462253862	0.0	(-0.6752070462253862+0j)
-0.81	-0.6561000000000001	-0.00279508170536773	-0.6588977240668814	0.0	(-0.6588977240668814+0j)
-0.8	-0.6400000000000001	-0.002785344980446802	-0.6427880650395443	0.0	(-0.6427880650395443+0j)
-0.79	-0.6241000000000001	-0.0027752416256055282	-0.626878051256239	0.0	(-0.626878051256239+0j)
-0.78	-0.6084	-0.0027647538492800534	-0.6111676641345295	0.0	(-0.6111676641345295+0j)
-0.77	-0.5929	-0.002753862909726955	-0.5956568843353205	0.0	(-0.5956568843353205+0j)
-0.76	-0.5776	-0.0027425490748031038	-0.580345691703887	0.0	(-0.580345691703887+0j)
-0.75	-0.5625	-0.002730791582858175	-0.5652340652134902	0.0	(-0.5652340652134902+0j)
-0.74	-0.5476	-0.0027185686053526116	-0.5503219829121023	0.0	(-0.5503219829121023+0j)
-0.73	-0.5328999999999999	-0.0027058572119044396	-0.5356094218729854	0.0	(-0.5356094218729854+0j)
-0.72	-0.5184	-0.002692633338564716	-0.5210963581499051	0.0	(-0.5210963581499051+0j)
-0.71	-0.5041	-0.002678871760222814	-0.5067827667379777	0.0	(-0.5067827667379777+0j)
-0.7000000000000001	-0.4900000000000001	-0.0026645460681482187	-0.49266862154112745	0.0	(-0.49266862154112745+0j)
-0.6900000000000001	-0.4761000000000001	-0.0026496286537837804	-0.47875389534734386	0.0	(-0.47875389534734386+0j)
-0.68	-0.4624000000000001	-0.002634090700014826	-0.46503855981277176	0.0	(-0.46503855981277176+0j)
-0.67	-0.4489000000000001	-0.002617902181247344	-0.45152258545605106	0.0	(-0.45152258545605106+0j)
-0.66	-0.43560000000000004	-0.0026010318737343233	-0.43820594166412463	0.0	(-0.43820594166412463+0j)
-0.65	-0.42250000000000004	-0.0025834473776897523	-0.4250885967109632	0.0	(-0.4250885967109632+0j)
-0.64	-0.4096	-0.002565115152821794	-0.4121705177907196	0.0	(-0.4121705177907196+0j)
-0.63	-0.39690000000000003	-0.0025460005689970605	-0.39945167106686286	0.0	(-0.39945167106686286+0j)
-0.62	-0.3844	-0.0025260679738131155	-0.3869320217389328	0.0	(-0.3869320217389328+0j)
-0.61	-0.3721	-0.0025052807789025934	-0.37461153412858716	0.0	(-0.37461153412858716+0j)
-0.6	-0.36	-0.002483601566815492	-0.36249017178669796	0.0	(-0.36249017178669796+0j)
-0.59	-0.34809999999999997	-0.0024609922203221745	-0.3505678976231716	0.0	(-0.3505678976231716+0j)
-0.58	-0.3364	-0.002437414075944035	-0.3388446740612311	0.0	(-0.3388446740612311+0j)
-0.5700000000000001	-0.3249000000000001	-0.0024128281034473875	-0.32732046321778413	0.0	(-0.32732046321778413+0j)
-0.56	-0.31360000000000005	-0.002387195112924773	-0.3159952271114049	0.0	(-0.3159952271114049+0j)
-0.55	-0.30250000000000005	-0.0023604759909325837	-0.30486892789935716	0.0	(-0.30486892789935716+0j)
-0.54	-0.2916	-0.002332631966951131	-0.2939415281448765	0.0	(-0.2939415281448765+0j)
-0.53	-0.28090000000000004	-0.002303624911179993	-0.28321299111562814	0.0	(-0.28321299111562814+0j)
-0.52	-0.27040000000000003	-0.0022734176643752664	-0.2726832811141181	0.0	(-0.2726832811141181+0j)
-0.51	-0.2601	-0.0022419744000746686	-0.2623523638403271	0.0	(-0.2623523638403271+0j)
-0.5	-0.25	-0.0022092610191407577	-0.25222020678657586	0.0	(-0.25222020678657586+0j)
-0.49	-0.24009999999999998	-0.0021752455760822974	-0.24228677966408152	0.0	(-0.24228677966408152+0j)
-0.48	-0.2304	-0.0021398987360910196	-0.2325520548602425	0.0	(-0.2325520548602425+0j)
-0.47000000000000003	-0.22090000000000004	-0.0021031942611587735	-0.22301600792507278	0.0	(-0.22301600792507278+0j)
-0.46	-0.2116	-0.002065109523023211	-0.21367861808462488	0.0	(-0.21367861808462488+0j)
-0.45	-0.2025	-0.0020256260400350295	-0.20453986877857314	0.0	(-0.20453986877857314+0j)
-0.44	-0.1936	-0.001984730034354374	-0.19559974821845688	0.0	(-0.19559974821845688+0j)
-0.43	-0.18489999999999998	-0.0019424130051779998	-0.1868582499622788	0.0	(-0.1868582499622788+0j)
-0.42	-0.17639999999999997	-0.0018986723129834084	-0.17831537350055168	0.0	(-0.17831537350055168+0j)
-0.41000000000000003	-0.16810000000000003	-0.0018535117690642996	-0.1699711248480552	0.0	(-0.1699711248480552+0j)
-0.4	-0.16000000000000003	-0.0018069422239374397	-0.1618255171351614	0.0	(-0.1618255171351614+0j)
-0.39	-0.1521	-0.0017589821475399582	-0.1538785711921779	0.0	(-0.1538785711921779+0j)
-0.38	-0.1444	-0.001709658193524468	-0.14613031612039273	0.0	(-0.14613031612039273+0j)
-0.37	-0.1369	-0.0016590057394143937	-0.13858078984438182	0.0	(-0.13858078984438182+0j)
-0.36	-0.1296	-0.0016070693939208383	-0.13123003964221497	0.0	(-0.13123003964221497+0j)
-0.35000000000000003	-0.12250000000000003	-0.0015539034623626368	-0.12407812265382785	0.0	(-0.12407812265382785+0j)
-0.34	-0.11560000000000002	-0.0014995723608896817	-0.11712510637366545	0.0	(-0.11712510637366545+0j)
-0.33	-0.10890000000000001	-0.0014441509701022012	-0.11037106914207115	0.0	(-0.11037106914207115+0j)
-0.32	-0.1024	-0.0013877249186997345	-0.10381610066113743	0.0	(-0.10381610066113743+0j)
-0.31	-0.0961	-0.0013303907879957792	-0.09746030257423467	0.0	(-0.09746030257423467+0j)
-0.3	-0.09	-0.0012722562285075283	-0.09130378916295454	0.0	(-0.09130378916295454+0j)
-0.29	-0.0841	-0.0012134399803821188	-0.08534668822754679	0.0	(-0.08534668822754679+0j)
-0.28	-0.07840000000000001	-0.0011540717901553732	-0.07958914222226673	0.0	(-0.07958914222226673+0j)
-0.27	-0.0729	-0.001094292217256497	-0.07403130970835595	0.0	(-0.07403130970835595+0j)
-0.26	-0.06760000000000001	-0.0010342523247690253	-0.06867336715640052	0.0	(-0.06867336715640052+0j)
-0.25	-0.0625	-0.0009741132502266955	-0.0635155110689145	0.0	(-0.0635155110689145+0j)
-0.24	-0.0576	-0.0009140456536508405	-0.05855796029972435	0.0	(-0.05855796029972435+0j)
-0.23	-0.0529	-0.0008542290416069381	-0.05380095832497272	0.0	(-0.05380095832497272+0j)
-0.22	-0.0484	-0.0007948509677515258	-0.0492447750920765	0.0	(-0.0492447750920765+0j)
-0.21	-0.04409999999999999	-0.0007361061121321667	-0.04488970797731194	0.0	(-0.04488970797731194+0j)
-0.2	-0.04000000000000001	-0.0006781952433642493	-0.04073608137637695	0.0	(-0.04073608137637695+0j)
-0.19	-0.0361	-0.0006213240697075704	-0.03678424459817271	0.0	(-0.03678424459817271+0j)
-0.18	-0.0324	-0.0005657019869687212	-0.033034568080249564	0.0	(-0.033034568080249564+0j)
-0.17	-0.028900000000000006	-0.0005115407330261133	-0.0294874385141829	0.0	(-0.0294874385141829+0j)
-0.16	-0.0256	-0.00045905296057556586	-0.02614325425184551	0.0	(-0.02614325425184551+0j)
-0.15	-0.0225	-0.0004084507413880615	-0.023002423360328386	0.0	(-0.023002423360328386+0j)
-0.14	-0.019600000000000003	-0.00035994401692014504	-0.020065367948405417	0.0	(-0.020065367948405417+0j)
-0.13	-0.016900000000000002	-0.00031373901148563227	-0.017332539817258352	0.0	(-0.017332539817258352+0j)
-0.12	-0.0144	-0.00027003662535135704	-0.0148044530178225	0.0	(-0.0148044530178225+0j)
-0.11	-0.0121	-0.0002290308260291113	-0.01248173412971673	0.0	(-0.01248173412971673+0j)
-0.1	-0.010000000000000002	-0.00019090705667467942	-0.01036516934210305	0.0	(-0.01036516934210305+0j)
-0.09	-0.0081	-0.00015584068085147673	-0.008455668606100832	0.0	(-0.008455668606100832+0j)
-0.08	-0.0064	-0.00012399548295491392	-0.0067539611400252155	0.0	(-0.0067539611400252155+0j)
-0.07	-0.004900000000000001	-9.552224331466769e-05	-0.005259741744531246	0.0	(-0.005259741744531246+0j)
-0.06	-0.0036	-7.05574063920994e-05	-0.003970067203888398	0.0	(-0.003970067203888398+0j)
-0.05	-0.0025000000000000005	-4.9221859572859405e-05	-0.0028771272278050853	0.0	(-0.0028771272278050853+0j)
-0.04	-0.0016	-3.1619838830515556e-05	-0.001965726882199545	0.0	(-0.001965726882199545+0j)
-0.03	-0.0009	-1.783797602322723e-05	-0.0012105362190073584	0.0	(-0.0012105362190073584+0j)
-0.02	-0.0004	-7.944500804768495e-06	-0.0005730747874424562	0.0	(-0.0005730747874424562+0j)
-0.01	-0.0001	-1.988608115510715e-06	9.324138683375338e-18	-0.00826765973350418	(9.324138683375338e-18-0.00826765973350418j)
0.01	0.0001	1.988608115510715e-06	9.324138683375338e-18	0.00826765973350418	(9.324138683375338e-18+0.00826765973350418j)
0.02	0.0004	7.944500804768495e-06	0.0005730747874424456	0.0	(0.0005730747874424456+0j)
0.03	0.0009	1.783797602322723e-05	0.001210536219007323	0.0	(0.001210536219007323+0j)
0.04	0.0016	3.1619838830515556e-05	0.001965726882199537	0.0	(0.001965726882199537+0j)
0.05	0.0025000000000000005	4.9221859572859405e-05	0.002877127227805096	0.0	(0.002877127227805096+0j)
0.06	0.0036	7.05574063920994e-05	0.003970067203888401	0.0	(0.003970067203888401+0j)
0.07	0.004900000000000001	9.552224331466769e-05	0.005259741744531256	0.0	(0.005259741744531256+0j)
0.08	0.0064	0.00012399548295491392	0.006753961140025212	0.0	(0.006753961140025212+0j)
0.09	0.0081	0.00015584068085147673	0.008455668606100863	0.0	(0.008455668606100863+0j)
0.1	0.010000000000000002	0.00019090705667467942	0.010365169342103062	0.0	(0.010365169342103062+0j)
0.11	0.0121	0.0002290308260291113	0.012481734129716749	0.0	(0.012481734129716749+0j)
0.12	0.0144	0.00027003662535135704	0.014804453017822437	0.0	(0.014804453017822437+0j)
0.13	0.016900000000000002	0.00031373901148563227	0.017332539817258363	0.0	(0.017332539817258363+0j)
0.14	0.019600000000000003	0.00035994401692014504	0.020065367948405424	0.0	(0.020065367948405424+0j)
0.15	0.0225	0.0004084507413880615	0.023002423360328466	0.0	(0.023002423360328466+0j)
0.16	0.0256	0.00045905296057556586	0.026143254251845417	0.0	(0.026143254251845417+0j)
0.17	0.028900000000000006	0.0005115407330261133	0.02948743851418289	0.0	(0.02948743851418289+0j)
0.18	0.0324	0.0005657019869687212	0.03303456808024959	0.0	(0.03303456808024959+0j)
0.19	0.0361	0.0006213240697075704	0.03678424459817253	0.0	(0.03678424459817253+0j)
0.2	0.04000000000000001	0.0006781952433642493	0.0407360813763766	0.0	(0.0407360813763766+0j)
0.21	0.04409999999999999	0.0007361061121321667	0.04488970797731201	0.0	(0.04488970797731201+0j)
0.22	0.0484	0.0007948509677515258	0.04924477509207644	0.0	(0.04924477509207644+0j)
0.23	0.0529	0.0008542290416069381	0.05380095832497205	0.0	(0.05380095832497205+0j)
0.24	0.0576	0.0009140456536508405	0.05855796029972421	0.0	(0.05855796029972421+0j)
0.25	0.0625	0.0009741132502266955	0.0635155110689141	0.0	(0.0635155110689141+0j)
0.26	0.06760000000000001	0.0010342523247690253	0.06867336715640063	0.0	(0.06867336715640063+0j)
0.27	0.0729	0.001094292217256497	0.07403130970835575	0.0	(0.07403130970835575+0j)
0.28	0.07840000000000001	0.0011540717901553732	0.07958914222226657	0.0	(0.07958914222226657+0j)
0.29	0.0841	0.0012134399803821188	0.0853466882275467	0.0	(0.0853466882275467+0j)
0.3	0.09	0.0012722562285075283	0.09130378916295444	0.0	(0.09130378916295444+0j)
0.31	0.0961	0.0013303907879957792	0.09746030257423453	0.0	(0.09746030257423453+0j)
0.32	0.1024	0.0013877249186997345	0.10381610066113742	0.0	(0.10381610066113742+0j)
0.33	0.10890000000000001	0.0014441509701022012	0.1103710691420712	0.0	(0.1103710691420712+0j)
0.34	0.11560000000000002	0.0014995723608896817	0.11712510637366495	0.0	(0.11712510637366495+0j)
0.35000000000000003	0.12250000000000003	0.0015539034623626368	0.1240781226538278	0.0	(0.1240781226538278+0j)
0.36	0.1296	0.0016070693939208383	0.13123003964221505	0.0	(0.13123003964221505+0j)
0.37	0.1369	0.0016590057394143937	0.13858078984438194	0.0	(0.13858078984438194+0j)
0.38	0.1444	0.001709658193524468	0.1461303161203927	0.0	(0.1461303161203927+0j)
0.39	0.1521	0.0017589821475399582	0.15387857119217835	0.0	(0.15387857119217835+0j)
0.4	0.16000000000000003	0.0018069422239374397	0.16182551713516072	0.0	(0.16182551713516072+0j)
0.41000000000000003	0.16810000000000003	0.0018535117690642996	0.16997112484805543	0.0	(0.16997112484805543+0j)
0.42	0.17639999999999997	0.0018986723129834084	0.1783153735005523	0.0	(0.1783153735005523+0j)
0.43	0.18489999999999998	0.0019424130051779998	0.18685824996227848	0.0	(0.18685824996227848+0j)
0.44	0.1936	0.001984730034354374	0.19559974821845585	0.0	(0.19559974821845585+0j)
0.45	0.2025	0.0020256260400350295	0.2045398687785743	0.0	(0.2045398687785743+0j)
0.46	0.2116	0.002065109523023211	0.21367861808462446	0.0	(0.21367861808462446+0j)
0.47000000000000003	0.22090000000000004	0.0021031942611587735	0.22301600792507256	0.0	(0.22301600792507256+0j)
0.48	0.2304	0.0021398987360910196	0.23255205486024216	0.0	(0.23255205486024216+0j)
0.49	0.24009999999999998	0.0021752455760822974	0.24228677966407988	0.0	(0.24228677966407988+0j)
0.5	0.25	0.0022092610191407577	0.2522202067865745	0.0	(0.2522202067865745+0j)
0.51	0.2601	0.0022419744000746686	0.26235236384032745	0.0	(0.26235236384032745+0j)
0.52	0.27040000000000003	0.0022734176643752664	0.2726832811141168	0.0	(0.2726832811141168+0j)
0.53	0.28090000000000004	0.002303624911179993	0.2832129911156283	0.0	(0.2832129911156283+0j)
0.54	0.2916	0.002332631966951131	0.29394152814487684	0.0	(0.29394152814487684+0j)
0.55	0.30250000000000005	0.0023604759909325837	0.30486892789935727	0.0	(0.30486892789935727+0j)
0.56	0.31360000000000005	0.002387195112924773	0.31599522711140166	0.0	(0.31599522711140166+0j)
0.5700000000000001	0.3249000000000001	0.0024128281034473875	0.32732046321778624	0.0	(0.32732046321778624+0j)
0.58	0.3364	0.002437414075944035	0.3388446740612316	0.0	(0.3388446740612316+0j)
0.59	0.34809999999999997	0.0024609922203221745	0.3505678976231706	0.0	(0.3505678976231706+0j)
0.6	0.36	0.002483601566815492	0.3624901717866973	0.0	(0.3624901717866973+0j)
0.61	0.3721	0.0025052807789025934	0.3746115341285865	0.0	(0.3746115341285865+0j)
0.62	0.3844	0.0025260679738131155	0.38693202173893243	0.0	(0.38693202173893243+0j)
0.63	0.39690000000000003	0.0025460005689970605	0.399451671066863	0.0	(0.399451671066863+0j)
0.64	0.4096	0.002565115152821794	0.4121705177907196	0.0	(0.4121705177907196+0j)
0.65	0.42250000000000004	0.0025834473776897523	0.425088596710963	0.0	(0.425088596710963+0j)
0.66	0.43560000000000004	0.0026010318737343233	0.43820594166412524	0.0	(0.43820594166412524+0j)
0.67	0.4489000000000001	0.002617902181247344	0.4515225854560515	0.0	(0.4515225854560515+0j)
0.68	0.4624000000000001	0.002634090700014826	0.46503855981277326	0.0	(0.46503855981277326+0j)
0.6900000000000001	0.4761000000000001	0.0026496286537837804	0.47875389534734036	0.0	(0.47875389534734036+0j)
0.7000000000000001	0.4900000000000001	0.0026645460681482187	0.4926686215411277	0.0	(0.4926686215411277+0j)
0.71	0.5041	0.002678871760222814	0.5067827667379733	0.0	(0.5067827667379733+0j)
0.72	0.5184	0.002692633338564716	0.5210963581499062	0.0	(0.5210963581499062+0j)
0.73	0.5328999999999999	0.0027058572119044396	0.5356094218729837	0.0	(0.5356094218729837+0j)
0.74	0.5476	0.0027185686053526116	0.5503219829121002	0.0	(0.5503219829121002+0j)
0.75	0.5625	0.002730791582858175	0.5652340652134917	0.0	(0.5652340652134917+0j)
0.76	0.5776	0.0027425490748031038	0.580345691703888	0.0	(0.580345691703888+0j)
0.77	0.5929	0.002753862909726955	0.5956568843353247	0.0	(0.5956568843353247+0j)
0.78	0.6084	0.0027647538492800534	0.6111676641345302	0.0	(0.6111676641345302+0j)
0.79	0.6241000000000001	0.0027752416256055282	0.6268780512562353	0.0	(0.6268780512562353+0j)
0.8	0.6400000000000001	0.002785344980446802	0.6427880650395444	0.0	(0.6427880650395444+0j)
0.81	0.6561000000000001	0.00279508170536773	0.6588977240668823	0.0	(0.6588977240668823+0j)
0.8200000000000001	0.6724000000000001	0.002804468682556934	0.675207046225387	0.0	(0.675207046225387+0j)
0.8300000000000001	0.6889000000000001	0.002813521925765573	0.6917160487707442	0.0	(0.6917160487707442+0j)
0.84	0.7055999999999999	0.002822256620998835	0.7084247483944256	0.0	(0.7084247483944256+0j)
0.85	0.7224999999999999	0.002830687166645733	0.7253331612958268	0.0	(0.7253331612958268+0j)
0.86	0.7395999999999999	0.0028388272127894882	0.7424413032626191	0.0	(0.7424413032626191+0j)
0.87	0.7569	0.0028466896994921768	0.759749189764161	0.0	(0.759749189764161+0j)
0.88	0.7744	0.002854286893892617	0.777256836066711	0.0	(0.777256836066711+0j)
0.89	0.7921	0.002861630425996114	0.7949642573840707	0.0	(0.7949642573840707+0j)
0.9	0.81	0.0028687313230689807	0.812871469086745	0.0	(0.812871469086745+0j)
0.91	0.8281000000000001	0.0028756000425802404	0.8309784870085987	0.0	(0.8309784870085987+0j)
0.92	0.8464	0.0028822465036578556	0.849285327920494	0.0	(0.849285327920494+0j)
0.93	0.8649000000000001	0.0028886801170478495	0.8677920103005894	0.0	(0.8677920103005894+0j)
0.9400000000000001	0.8836000000000002	0.0028949098135820214	0.8864985556598679	0.0	(0.8864985556598679+0j)
0.9500000000000001	0.9025000000000001	0.002900944071174127	0.9054049909815807	0.0	(0.9054049909815807+0j)
0.96	0.9216	0.0029067909403757493	0.9245113536127968	0.0	(0.9245113536127968+0j)
0.97	0.9409	0.0029124580685319697	0.943817702277818	0.0	(0.943817702277818+0j)
0.98	0.9603999999999999	0.0029179527225837065	0.9633241463945581	0.0	(0.9633241463945581+0j)
0.99	0.9801	0.0029232818105685535	0.9830309480666888	0.0	(0.9830309480666888+0j)
1.0	1.0	0.0029284519018753117	1.002939123082754	0.0	(1.002939123082754+0j)
