-1.0	-1.0	-0.00019794896047054482	-1.0001982279229646	0.0	(-1.0001982279229646+0j)
-0.995	-0.990025	-0.00019793893818223555	-0.9902231027918305	0.0	(-0.9902231027918305+0j)
-0.99	-0.9801	-0.00019792876365792666	-0.9802980380789994	0.0	(-0.9802980380789994+0j)
-0.985	-0.970225	-0.00019791843379869962	-0.9704229946241785	0.0	(-0.9704229946241785+0j)
-0.98	-0.9603999999999999	-0.00019790794542638067	-0.9605979623874323	0.0	(-0.9605979623874323+0j)
-0.975	-0.9506249999999999	-0.00019789729528109604	-0.9508229371193134	0.0	(-0.9508229371193134+0j)
-0.97	-0.9409	-0.0001978864800187385	-0.9410979164951367	0.0	(-0.9410979164951367+0j)
-0.965	-0.931225	-0.00019787549620834218	-0.9314228990367841	0.0	(-0.9314228990367841+0j)
-0.96	-0.9216	-0.00019786434032936098	-0.9217978837240401	0.0	(-0.9217978837240401+0j)
-0.9550000000000001	-0.9120250000000001	-0.0001978530087688473	-0.9122228698272844	0.0	(-0.9122228698272844+0j)
-0.9500000000000001	-0.9025000000000001	-0.0001978414978185264	-0.9026978568218283	0.0	(-0.9026978568218283+0j)
-0.9450000000000001	-0.8930250000000001	-0.0001978298036717622	-0.8932228443351397	0.0	(-0.8932228443351397+0j)
-0.9400000000000001	-0.8836000000000002	-0.00019781792242040976	-0.8837978321087859	0.0	(-0.8837978321087859+0j)
-0.935	-0.8742250000000001	-0.00019780585005154956	-0.8744228199685047	0.0	(-0.8744228199685047+0j)
-0.93	-0.8649000000000001	-0.00019779358244409874	-0.8650978078003073	0.0	(-0.8650978078003073+0j)
-0.925	-0.8556250000000001	-0.0001977811153652936	-0.8558227955317045	0.0	(-0.8558227955317045+0j)
-0.92	-0.8464	-0.00019776844446703796	-0.8465977831176302	0.0	(-0.8465977831176302+0j)
-0.915	-0.8372250000000001	-0.00019775556528211144	-0.8374227705303044	0.0	(-0.8374227705303044+0j)
-0.91	-0.8281000000000001	-0.00019774247322023163	-0.8282977577523853	0.0	(-0.8282977577523853+0j)
-0.905	-0.819025	-0.0001977291635639634	-0.8192227447725253	0.0	(-0.8192227447725253+0j)
-0.9	-0.81	-0.00019771563146446874	-0.8101977315826492	0.0	(-0.8101977315826492+0j)
-0.895	-0.801025	-0.00019770187193708996	-0.8012227181763483	0.0	(-0.8012227181763483+0j)
-0.89	-0.7921	-0.00019768787985675865	-0.7922977045479977	0.0	(-0.7922977045479977+0j)
-0.885	-0.7832250000000001	-0.00019767364995322266	-0.7834226906922924	0.0	(-0.7834226906922924+0j)
-0.88	-0.7744	-0.00019765917680608256	-0.7745976766039908	0.0	(-0.7745976766039908+0j)
-0.875	-0.765625	-0.0001976444548396292	-0.765822662277815	0.0	(-0.765822662277815+0j)
-0.87	-0.7569	-0.00019762947831747276	-0.7570976477083565	0.0	(-0.7570976477083565+0j)
-0.865	-0.748225	-0.00019761424133695398	-0.7484226328900954	0.0	(-0.7484226328900954+0j)
-0.86	-0.7395999999999999	-0.00019759873782332734	-0.7397976178173533	0.0	(-0.7397976178173533+0j)
-0.855	-0.7310249999999999	-0.00019758296152370527	-0.7312226024842998	0.0	(-0.7312226024842998+0j)
-0.85	-0.7224999999999999	-0.00019756690600075243	-0.7226975868849217	0.0	(-0.7226975868849217+0j)
-0.845	-0.7140249999999999	-0.00019755056462611795	-0.7142225710130468	0.0	(-0.7142225710130468+0j)
-0.84	-0.7055999999999999	-0.00019753393057359318	-0.7057975548623167	0.0	(-0.7057975548623167+0j)
-0.835	-0.697225	-0.00019751699681198187	-0.6974225384261921	0.0	(-0.6974225384261921+0j)
-0.8300000000000001	-0.6889000000000001	-0.00019749975609766878	-0.6890975216979319	0.0	(-0.6890975216979319+0j)
-0.8250000000000001	-0.6806250000000001	-0.00019748220096687196	-0.6808225046706115	0.0	(-0.6808225046706115+0j)
-0.8200000000000001	-0.6724000000000001	-0.00019746432372756348	-0.6725974873370889	0.0	(-0.6725974873370889+0j)
-0.8150000000000001	-0.6642250000000001	-0.000197446116451042	-0.6644224696900065	0.0	(-0.6644224696900065+0j)
-0.81	-0.6561000000000001	-0.00019742757096314026	-0.6562974517218022	0.0	(-0.6562974517218022+0j)
-0.805	-0.6480250000000001	-0.0001974086788350488	-0.6482224334246657	0.0	(-0.6482224334246657+0j)
-0.8	-0.6400000000000001	-0.00019738943137373737	-0.6401974147905644	0.0	(-0.6401974147905644+0j)
-0.795	-0.6320250000000001	-0.000197369819611953	-0.6322223958112045	0.0	(-0.6322223958112045+0j)
-0.79	-0.6241000000000001	-0.0001973498342977736	-0.624297376478048	0.0	(-0.624297376478048+0j)
-0.785	-0.616225	-0.00019732946588369452	-0.61642235678229	0.0	(-0.61642235678229+0j)
-0.78	-0.6084	-0.00019730870451522363	-0.6085973367148505	0.0	(-0.6085973367148505+0j)
-0.775	-0.6006250000000001	-0.00019728754001895974	-0.6008223162663604	0.0	(-0.6008223162663604+0j)
-0.77	-0.5929	-0.0001972659618901275	-0.5930972954271687	0.0	(-0.5930972954271687+0j)
-0.765	-0.585225	-0.00019724395927953986	-0.585422274187306	0.0	(-0.585422274187306+0j)
-0.76	-0.5776	-0.00019722152097995858	-0.5777972525364825	0.0	(-0.5777972525364825+0j)
-0.755	-0.570025	-0.00019719863541182002	-0.5702222304640855	0.0	(-0.5702222304640855+0j)
-0.75	-0.5625	-0.00019717529060829257	-0.562697207959151	0.0	(-0.562697207959151+0j)
-0.745	-0.555025	-0.00019715147419963004	-0.5552221850103752	0.0	(-0.5552221850103752+0j)
-0.74	-0.5476	-0.00019712717339678235	-0.5477971616060618	0.0	(-0.5477971616060618+0j)
-0.735	-0.540225	-0.00019710237497422297	-0.5404221377341425	0.0	(-0.5404221377341425+0j)
-0.73	-0.5328999999999999	-0.00019707706525195053	-0.5330971133821412	0.0	(-0.5330971133821412+0j)
-0.725	-0.525625	-0.00019705123007661833	-0.5258220885371776	0.0	(-0.5258220885371776+0j)
-0.72	-0.5184	-0.0001970248548017435	-0.5185970631859237	0.0	(-0.5185970631859237+0j)
-0.715	-0.5112249999999999	-0.0001969979242669439	-0.5114220373146041	0.0	(-0.5114220373146041+0j)
-0.71	-0.5041	-0.000196970422776148	-0.5042970109089779	0.0	(-0.5042970109089779+0j)
-0.705	-0.49702499999999994	-0.0001969423340747191	-0.49722198395431966	0.0	(-0.49722198395431966+0j)
-0.7000000000000001	-0.4900000000000001	-0.00019691364132543173	-0.4901969564353831	0.0	(-0.4901969564353831+0j)
-0.6950000000000001	-0.4830250000000001	-0.00019688432708323396	-0.48322192833640204	0.0	(-0.48322192833640204+0j)
-0.6900000000000001	-0.4761000000000001	-0.00019685437326872476	-0.47629689964105854	0.0	(-0.47629689964105854+0j)
-0.685	-0.46922500000000006	-0.0001968237611402715	-0.469421870332456	0.0	(-0.469421870332456+0j)
-0.68	-0.4624000000000001	-0.00019679247126468675	-0.46259684039309373	0.0	(-0.46259684039309373+0j)
-0.675	-0.45562500000000006	-0.00019676048348637952	-0.45582180980485515	0.0	(-0.45582180980485515+0j)
-0.67	-0.4489000000000001	-0.00019672777689488846	-0.44909677854896796	0.0	(-0.44909677854896796+0j)
-0.665	-0.44222500000000003	-0.00019669432979070025	-0.44242174660597716	0.0	(-0.44242174660597716+0j)
-0.66	-0.43560000000000004	-0.00019666011964924855	-0.4357967139557269	0.0	(-0.4357967139557269+0j)
-0.655	-0.42902500000000005	-0.00019662512308298152	-0.42922168057729976	0.0	(-0.42922168057729976+0j)
-0.65	-0.42250000000000004	-0.0001965893158013796	-0.4226966464490304	0.0	(-0.4226966464490304+0j)
-0.645	-0.41602500000000003	-0.00019655267256879478	-0.4162216115484309	0.0	(-0.4162216115484309+0j)
-0.64	-0.4096	-0.00019651516715997575	-0.40979657585216445	0.0	(-0.40979657585216445+0j)
-0.635	-0.403225	-0.0001964767723131317	-0.40342153933602254	0.0	(-0.40342153933602254+0j)
-0.63	-0.39690000000000003	-0.0001964374596803785	-0.39709650197486956	0.0	(-0.39709650197486956+0j)
-0.625	-0.390625	-0.00019639719977539884	-0.39082146374259885	0.0	(-0.39082146374259885+0j)
-0.62	-0.3844	-0.0001963559619181357	-0.3845964246121012	0.0	(-0.3845964246121012+0j)
-0.615	-0.378225	-0.0001963137141763257	-0.37842138455520646	0.0	(-0.37842138455520646+0j)
-0.61	-0.3721	-0.00019627042330366427	-0.37229634354263674	0.0	(-0.37229634354263674+0j)
-0.605	-0.366025	-0.0001962260546743785	-0.36622130154395743	0.0	(-0.36622130154395743+0j)
-0.6	-0.36	-0.00019618057221396822	-0.36019625852751763	0.0	(-0.36019625852751763+0j)
-0.595	-0.354025	-0.0001961339383258554	-0.354221214460392	0.0	(-0.354221214460392+0j)
-0.59	-0.34809999999999997	-0.00019608611381366449	-0.3482961693083239	0.0	(-0.3482961693083239+0j)
-0.585	-0.34222499999999995	-0.00019603705779883265	-0.3424211230356542	0.0	(-0.3424211230356542+0j)
-0.58	-0.3364	-0.00019598672763322723	-0.33659607560525795	0.0	(-0.33659607560525795+0j)
-0.5750000000000001	-0.33062500000000006	-0.00019593507880642124	-0.3308210269784543	0.0	(-0.3308210269784543+0j)
-0.5700000000000001	-0.3249000000000001	-0.00019588206484725038	-0.3250959771149639	0.0	(-0.3250959771149639+0j)
-0.5650000000000001	-0.3192250000000001	-0.0001958276372192451	-0.31942092597279104	0.0	(-0.31942092597279104+0j)
-0.56	-0.31360000000000005	-0.00019577174520949816	-0.3137958735081576	0.0	(-0.3137958735081576+0j)
-0.555	-0.30802500000000005	-0.00019571433581049258	-0.30822081967540493	0.0	(-0.30822081967540493+0j)
-0.55	-0.30250000000000005	-0.00019565535359437547	-0.3026957644268965	0.0	(-0.3026957644268965+0j)
-0.545	-0.29702500000000004	-0.000195594740579121	-0.2972207077129165	0.0	(-0.2972207077129165+0j)
-0.54	-0.2916	-0.0001955324360859791	-0.29179564948155357	0.0	(-0.29179564948155357+0j)
-0.535	-0.286225	-0.00019546837658755464	-0.2864205896785979	0.0	(-0.2864205896785979+0j)
-0.53	-0.28090000000000004	-0.00019540249554580777	-0.2810955282473969	0.0	(-0.2810955282473969+0j)
-0.525	-0.275625	-0.0001953347232392026	-0.2758204651287454	0.0	(-0.2758204651287454+0j)
-0.52	-0.27040000000000003	-0.00019526498657816672	-0.2705954002607298	0.0	(-0.2705954002607298+0j)
-0.515	-0.265225	-0.00019519320890794826	-0.26542033357858186	0.0	(-0.26542033357858186+0j)
-0.51	-0.2601	-0.00019511930979787821	-0.2602952650145272	0.0	(-0.2602952650145272+0j)
-0.505	-0.255025	-0.00019504320481595496	-0.25522019449760475	0.0	(-0.25522019449760475+0j)
-0.5	-0.25	-0.00019496480528757179	-0.2501951219534942	0.0	(-0.2501951219534942+0j)
-0.495	-0.245025	-0.00019488401803709917	-0.24522004730431388	0.0	(-0.24522004730431388+0j)
-0.49	-0.24009999999999998	-0.0001948007451109152	-0.2402949704684312	0.0	(-0.2402949704684312+0j)
-0.485	-0.235225	-0.0001947148834803465	-0.2354198913602168	0.0	(-0.2354198913602168+0j)
-0.48	-0.2304	-0.00019462632472283642	-0.23059480988983194	0.0	(-0.23059480988983194+0j)
-0.47500000000000003	-0.22562500000000002	-0.0001945349546794981	-0.22581972596296832	0.0	(-0.22581972596296832+0j)
-0.47000000000000003	-0.22090000000000004	-0.0001944406530870315	-0.22109463948056862	0.0	(-0.22109463948056862+0j)
-0.465	-0.21622500000000003	-0.00019434329318178745	-0.21641955033855076	0.0	(-0.21641955033855076+0j)
-0.46	-0.2116	-0.00019424274127354427	-0.21179445842748487	0.0	(-0.21179445842748487+0j)
-0.455	-0.20702500000000001	-0.000194138856286319	-0.20721936363226987	0.0	(-0.20721936363226987+0j)
-0.45	-0.2025	-0.00019403148926326746	-0.20269426583176384	0.0	(-0.20269426583176384+0j)
-0.445	-0.198025	-0.00019392048283242708	-0.1982191648984038	0.0	(-0.1982191648984038+0j)
-0.44	-0.1936	-0.00019380567062972275	-0.1937940606977896	0.0	(-0.1937940606977896+0j)
-0.435	-0.189225	-0.00019368687667528352	-0.18941895308823745	0.0	(-0.18941895308823745+0j)
-0.43	-0.18489999999999998	-0.0001935639146987018	-0.18509384192028816	0.0	(-0.18509384192028816+0j)
-0.425	-0.18062499999999998	-0.0001934365874084022	-0.18081872703619475	0.0	(-0.18081872703619475+0j)
-0.42	-0.17639999999999997	-0.00019330468569976516	-0.17659360826935164	0.0	(-0.17659360826935164+0j)
-0.41500000000000004	-0.17222500000000002	-0.00019316798779606763	-0.17241848544368835	0.0	(-0.17241848544368835+0j)
-0.41000000000000003	-0.16810000000000003	-0.00019302625831564644	-0.1682933583730087	0.0	(-0.1682933583730087+0j)
-0.405	-0.16402500000000003	-0.0001928792472579535	-0.16421822686026083	0.0	(-0.16421822686026083+0j)
-0.4	-0.16000000000000003	-0.0001927266889003421	-0.1601930906967753	0.0	(-0.1601930906967753+0j)
-0.395	-0.15602500000000002	-0.00019256830059648708	-0.15621794966141067	0.0	(-0.15621794966141067+0j)
-0.39	-0.1521	-0.0001924037814662874	-0.15229280351962632	0.0	(-0.15229280351962632+0j)
-0.385	-0.148225	-0.00019223281096590332	-0.1484176520224842	0.0	(-0.1484176520224842+0j)
-0.38	-0.1444	-0.00019205504732522886	-0.14459249490554732	0.0	(-0.14459249490554732+0j)
-0.375	-0.140625	-0.00019187012583856702	-0.1408173318876771	0.0	(-0.1408173318876771+0j)
-0.37	-0.1369	-0.00019167765699253122	-0.13709216266972765	0.0	(-0.13709216266972765+0j)
-0.365	-0.13322499999999998	-0.00019147722441321458	-0.13341698693309556	0.0	(-0.13341698693309556+0j)
-0.36	-0.1296	-0.00019126838261240899	-0.12979180433813603	0.0	(-0.12979180433813603+0j)
-0.355	-0.126025	-0.00019105065451007378	-0.12621661452242752	0.0	(-0.12621661452242752+0j)
-0.35000000000000003	-0.12250000000000003	-0.00019082352870730535	-0.12269141709884489	0.0	(-0.12269141709884489+0j)
-0.34500000000000003	-0.11902500000000002	-0.00019058645648067503	-0.11921621165343667	0.0	(-0.11921621165343667+0j)
-0.34	-0.11560000000000002	-0.00019033884846492272	-0.11579099774307905	0.0	(-0.11579099774307905+0j)
-0.335	-0.11222500000000002	-0.00019008007098653072	-0.1124157748928665	0.0	(-0.1124157748928665+0j)
-0.33	-0.10890000000000001	-0.0001898094420055616	-0.10909054259322079	0.0	(-0.10909054259322079+0j)
-0.325	-0.10562500000000001	-0.00018952622661721263	-0.10581530029665964	0.0	(-0.10581530029665964+0j)
-0.32	-0.1024	-0.00018922963205768485	-0.10259004741420437	0.0	(-0.10259004741420437+0j)
-0.315	-0.09922500000000001	-0.0001889188021510336	-0.09941478331134417	0.0	(-0.09941478331134417+0j)
-0.31	-0.0961	-0.0001885928111244764	-0.09628950730351772	0.0	(-0.09628950730351772+0j)
-0.305	-0.093025	-0.00018825065670898021	-0.09321421865102869	0.0	(-0.09321421865102869+0j)
-0.3	-0.09	-0.00018789125242959357	-0.09018891655331496	0.0	(-0.09018891655331496+0j)
-0.295	-0.08702499999999999	-0.00018751341897566768	-0.08721360014246407	0.0	(-0.08721360014246407+0j)
-0.29	-0.0841	-0.00018711587452453538	-0.08428826847586689	0.0	(-0.08428826847586689+0j)
-0.28500000000000003	-0.08122500000000002	-0.0001866972238730838	-0.08141292052786266	0.0	(-0.08141292052786266+0j)
-0.28	-0.07840000000000001	-0.0001862559462096708	-0.0785875551802185	0.0	(-0.0785875551802185+0j)
-0.275	-0.07562500000000001	-0.00018579038133373124	-0.0758121712112462	0.0	(-0.0758121712112462+0j)
-0.27	-0.0729	-0.00018529871410201951	-0.07308676728333337	0.0	(-0.07308676728333337+0j)
-0.265	-0.07022500000000001	-0.0001847789568487276	-0.07041134192862458	0.0	(-0.07041134192862458+0j)
-0.26	-0.06760000000000001	-0.00018422892949194677	-0.06778589353253459	0.0	(-0.06778589353253459+0j)
-0.255	-0.065025	-0.00018364623700178567	-0.06521042031474074	0.0	(-0.06521042031474074+0j)
-0.25	-0.0625	-0.00018302824386720698	-0.0626849203072331	0.0	(-0.0626849203072331+0j)
-0.245	-0.060024999999999995	-0.00018237204516148166	-0.060209391328937725	0.0	(-0.060209391328937725+0j)
-0.24	-0.0576	-0.00018167443377348433	-0.05778383095637214	0.0	(-0.05778383095637214+0j)
-0.23500000000000001	-0.05522500000000001	-0.00018093186334887634	-0.05540823648972361	0.0	(-0.05540823648972361+0j)
-0.23	-0.0529	-0.00018014040647861598	-0.05308260491367828	0.0	(-0.05308260491367828+0j)
-0.225	-0.050625	-0.0001792957076918113	-0.05080693285228223	0.0	(-0.05080693285228223+0j)
-0.22	-0.0484	-0.00017839293086828857	-0.048581216517089736	0.0	(-0.048581216517089736+0j)
-0.215	-0.046224999999999995	-0.00017742670079934301	-0.04640545164785163	0.0	(-0.04640545164785163+0j)
-0.21	-0.04409999999999999	-0.00017639103881242718	-0.044279633445043654	0.0	(-0.044279633445043654+0j)
-0.20500000000000002	-0.04202500000000001	-0.0001752792926598084	-0.04220375649365519	0.0	(-0.04220375649365519+0j)
-0.2	-0.04000000000000001	-0.0001740840612779251	-0.04017781467784099	0.0	(-0.04017781467784099+0j)
-0.195	-0.038025	-0.00017279711558000334	-0.03820180108632789	0.0	(-0.03820180108632789+0j)
-0.19	-0.0361	-0.00017140931717519398	-0.036275707908891064	0.0	(-0.036275707908891064+0j)
-0.185	-0.034225	-0.00016991053783453822	-0.03439952632474278	0.0	(-0.03439952632474278+0j)
-0.18	-0.0324	-0.00016828958366029475	-0.032573246384364984	0.0	(-0.032573246384364984+0j)
-0.17500000000000002	-0.030625000000000006	-0.00016653412925926367	-0.030796856887140435	0.0	(-0.030796856887140435+0j)
-0.17	-0.028900000000000006	-0.00016463066875092663	-0.029070345258081963	0.0	(-0.029070345258081963+0j)
-0.165	-0.027225000000000003	-0.0001625644921083952	-0.027393697428015205	0.0	(-0.027393697428015205+0j)
-0.16	-0.0256	-0.00016031969705136213	-0.025766897722693728	0.0	(-0.025766897722693728+0j)
-0.155	-0.024025	-0.00015787924836331972	-0.024189928767494866	0.0	(-0.024189928767494866+0j)
-0.15	-0.0225	-0.00015522509792596824	-0.02266277141554934	0.0	(-0.02266277141554934+0j)
-0.145	-0.021025	-0.0001523383797465022	-0.021185404708410353	0.0	(-0.021185404708410353+0j)
-0.14	-0.019600000000000003	-0.00014919969455779833	-0.01975780587973967	0.0	(-0.01975780587973967+0j)
-0.135	-0.018225	-0.0001457894979344457	-0.018379950414052836	0.0	(-0.018379950414052836+0j)
-0.13	-0.016900000000000002	-0.00014208860402345415	-0.01705181217432185	0.0	(-0.01705181217432185+0j)
-0.125	-0.015625	-0.00013807881369629735	-0.01577336361391746	0.0	(-0.01577336361391746+0j)
-0.12	-0.0144	-0.00013374367100568873	-0.014544576089097112	0.0	(-0.014544576089097112+0j)
-0.115	-0.013225	-0.00012906934518895069	-0.0133654202861954	0.0	(-0.0133654202861954+0j)
-0.11	-0.0121	-0.00012404562714714838	-0.012235866769873953	0.0	(-0.012235866769873953+0j)
-0.105	-0.011024999999999998	-0.00011866701956146303	-0.011155886641570219	0.0	(-0.011155886641570219+0j)
-0.1	-0.010000000000000002	-0.00011293388899608998	-0.010125452267248905	0.0	(-0.010125452267248905+0j)
-0.095	-0.009025	-0.00010685363709527924	-0.009144537987430795	0.0	(-0.009144537987430795+0j)
-0.09	-0.0081	-0.00010044183712005239	-0.008213120649862307	0.0	(-0.008213120649862307+0j)
-0.085	-0.007225000000000001	-9.37232725556051e-05	-0.007331179663394993	0.0	(-0.007331179663394993+0j)
-0.08	-0.0064	-8.67328074187334e-05	-0.006498695937006656	0.0	(-0.006498695937006656+0j)
-0.075	-0.005625	-7.951601428172052e-05	-0.005715648299414233	0.0	(-0.005715648299414233+0j)
-0.07	-0.004900000000000001	-7.212948688471083e-05	-0.004982004542236121	0.0	(-0.004982004542236121+0j)
-0.065	-0.0042250000000000005	-6.464077029806408e-05	-0.004297702304159076	0.0	(-0.004297702304159076+0j)
-0.06	-0.0036	-5.712785335317753e-05	-0.003662614157417662	0.0	(-0.003662614157417662+0j)
-0.055	-0.003025	-4.967818548447036e-05	-0.003076494950563833	0.0	(-0.003076494950563833+0j)
-0.05	-0.0025000000000000005	-4.238720271026558e-05	-0.0025389221324382365	0.0	(-0.0025389221324382365+0j)
-0.045	-0.002025	-3.5356374185545076e-05	-0.002049264207454422	0.0	(-0.002049264207454422+0j)
-0.04	-0.0016	-2.8690810035972866e-05	-0.0016067495355210596	0.0	(-0.0016067495355210596+0j)
-0.035	-0.0012250000000000002	-2.2496501057509065e-05	-0.0012107645669933887	0.0	(-0.0012107645669933887+0j)
-0.03	-0.0009	-1.6877289084459815e-05	-0.0008616112308176469	0.0	(-0.0008616112308176469+0j)
-0.025	-0.0006250000000000001	-1.1931691042167463e-05	-0.0005620252579952909	0.0	(-0.0005620252579952909+0j)
-0.02	-0.0004	-7.74971768468212e-06	-0.00031886030526991527	0.0	(-0.00031886030526991527+0j)
-0.015	-0.000225	-4.409837899506212e-06	-0.00014131119010463362	0.0	(-0.00014131119010463362+0j)
-0.01	-0.0001	-1.9762399269072223e-06	-3.495757369809341e-05	0.0	(-3.495757369809341e-05+0j)
-0.005	-2.5e-05	-4.965313002980309e-07	2.3445871979999033e-17	-0.0007214958794827692	(2.3445871979999033e-17-0.0007214958794827692j)
0.005	2.5e-05	4.965313002980309e-07	2.3445871979999033e-17	0.0007214958794827692	(2.3445871979999033e-17+0.0007214958794827692j)
0.01	0.0001	1.9762399269072223e-06	3.49575736981153e-05	0.0	(3.49575736981153e-05+0j)
0.015	0.000225	4.409837899506212e-06	0.00014131119010462906	0.0	(0.00014131119010462906+0j)
0.02	0.0004	7.74971768468212e-06	0.00031886030526991993	0.0	(0.00031886030526991993+0j)
0.025	0.0006250000000000001	1.1931691042167463e-05	0.000562025257995281	0.0	(0.000562025257995281+0j)
0.03	0.0009	1.6877289084459815e-05	0.0008616112308176553	0.0	(0.0008616112308176553+0j)
0.035	0.0012250000000000002	2.2496501057509065e-05	0.001210764566993404	0.0	(0.001210764566993404+0j)
0.04	0.0016	2.8690810035972866e-05	0.0016067495355210606	0.0	(0.0016067495355210606+0j)
0.045	0.002025	3.5356374185545076e-05	0.002049264207454432	0.0	(0.002049264207454432+0j)
0.05	0.0025000000000000005	4.238720271026558e-05	0.0025389221324382517	0.0	(0.0025389221324382517+0j)
0.055	0.003025	4.967818548447036e-05	0.0030764949505638767	0.0	(0.0030764949505638767+0j)
0.06	0.0036	5.712785335317753e-05	0.0036626141574176655	0.0	(0.0036626141574176655+0j)
0.065	0.0042250000000000005	6.464077029806408e-05	0.004297702304159045	0.0	(0.004297702304159045+0j)
0.07	0.004900000000000001	7.212948688471083e-05	0.0049820045422360815	0.0	(0.0049820045422360815+0j)
0.075	0.005625	7.951601428172052e-05	0.005715648299414231	0.0	(0.005715648299414231+0j)
0.08	0.0064	8.67328074187334e-05	0.006498695937006639	0.0	(0.006498695937006639+0j)
0.085	0.007225000000000001	9.37232725556051e-05	0.007331179663394955	0.0	(0.007331179663394955+0j)
0.09	0.0081	0.00010044183712005239	0.0082131206498623	0.0	(0.0082131206498623+0j)
0.095	0.009025	0.00010685363709527924	0.009144537987430822	0.0	(0.009144537987430822+0j)
0.1	0.010000000000000002	0.00011293388899608998	0.010125452267248904	0.0	(0.010125452267248904+0j)
0.105	0.011024999999999998	0.00011866701956146303	0.011155886641570266	0.0	(0.011155886641570266+0j)
0.11	0.0121	0.00012404562714714838	0.012235866769874103	0.0	(0.012235866769874103+0j)
0.115	0.013225	0.00012906934518895069	0.013365420286195381	0.0	(0.013365420286195381+0j)
0.12	0.0144	0.00013374367100568873	0.014544576089097086	0.0	(0.014544576089097086+0j)
0.125	0.015625	0.00013807881369629735	0.015773363613917502	0.0	(0.015773363613917502+0j)
0.13	0.016900000000000002	0.00014208860402345415	0.01705181217432185	0.0	(0.01705181217432185+0j)
0.135	0.018225	0.0001457894979344457	0.018379950414052763	0.0	(0.018379950414052763+0j)
0.14	0.019600000000000003	0.00014919969455779833	0.019757805879739618	0.0	(0.019757805879739618+0j)
0.145	0.021025	0.0001523383797465022	0.021185404708410325	0.0	(0.021185404708410325+0j)
0.15	0.0225	0.00015522509792596824	0.022662771415549385	0.0	(0.022662771415549385+0j)
0.155	0.024025	0.00015787924836331972	0.024189928767494907	0.0	(0.024189928767494907+0j)
0.16	0.0256	0.00016031969705136213	0.025766897722693888	0.0	(0.025766897722693888+0j)
0.165	0.027225000000000003	0.0001625644921083952	0.027393697428015232	0.0	(0.027393697428015232+0j)
0.17	0.028900000000000006	0.00016463066875092663	0.029070345258081946	0.0	(0.029070345258081946+0j)
0.17500000000000002	0.030625000000000006	0.00016653412925926367	0.03079685688714044	0.0	(0.03079685688714044+0j)
0.18	0.0324	0.00016828958366029475	0.03257324638436498	0.0	(0.03257324638436498+0j)
0.185	0.034225	0.00016991053783453822	0.03439952632474293	0.0	(0.03439952632474293+0j)
0.19	0.0361	0.00017140931717519398	0.0362757079088909	0.0	(0.0362757079088909+0j)
0.195	0.038025	0.00017279711558000334	0.038201801086327855	0.0	(0.038201801086327855+0j)
0.2	0.04000000000000001	0.0001740840612779251	0.04017781467784086	0.0	(0.04017781467784086+0j)
0.20500000000000002	0.04202500000000001	0.0001752792926598084	0.04220375649365506	0.0	(0.04220375649365506+0j)
0.21	0.04409999999999999	0.00017639103881242718	0.044279633445043765	0.0	(0.044279633445043765+0j)
0.215	0.046224999999999995	0.00017742670079934301	0.04640545164785163	0.0	(0.04640545164785163+0j)
0.22	0.0484	0.00017839293086828857	0.04858121651708959	0.0	(0.04858121651708959+0j)
0.225	0.050625	0.0001792957076918113	0.050806932852281994	0.0	(0.050806932852281994+0j)
0.23	0.0529	0.00018014040647861598	0.05308260491367807	0.0	(0.05308260491367807+0j)
0.23500000000000001	0.05522500000000001	0.00018093186334887634	0.05540823648972379	0.0	(0.05540823648972379+0j)
0.24	0.0576	0.00018167443377348433	0.05778383095637156	0.0	(0.05778383095637156+0j)
0.245	0.060024999999999995	0.00018237204516148166	0.0602093913289375	0.0	(0.0602093913289375+0j)
0.25	0.0625	0.00018302824386720698	0.06268492030723335	0.0	(0.06268492030723335+0j)
0.255	0.065025	0.00018364623700178567	0.06521042031474145	0.0	(0.06521042031474145+0j)
0.26	0.06760000000000001	0.00018422892949194677	0.06778589353253482	0.0	(0.06778589353253482+0j)
0.265	0.07022500000000001	0.0001847789568487276	0.07041134192862511	0.0	(0.07041134192862511+0j)
0.27	0.0729	0.00018529871410201951	0.07308676728333362	0.0	(0.07308676728333362+0j)
0.275	0.07562500000000001	0.00018579038133373124	0.07581217121124599	0.0	(0.07581217121124599+0j)
0.28	0.07840000000000001	0.0001862559462096708	0.07858755518021834	0.0	(0.07858755518021834+0j)
0.28500000000000003	0.08122500000000002	0.0001866972238730838	0.08141292052786246	0.0	(0.08141292052786246+0j)
0.29	0.0841	0.00018711587452453538	0.08428826847586705	0.0	(0.08428826847586705+0j)
0.295	0.08702499999999999	0.00018751341897566768	0.08721360014246424	0.0	(0.08721360014246424+0j)
0.3	0.09	0.00018789125242959357	0.09018891655331532	0.0	(0.09018891655331532+0j)
0.305	0.093025	0.00018825065670898021	0.09321421865102913	0.0	(0.09321421865102913+0j)
0.31	0.0961	0.0001885928111244764	0.09628950730351835	0.0	(0.09628950730351835+0j)
0.315	0.09922500000000001	0.0001889188021510336	0.0994147833113443	0.0	(0.0994147833113443+0j)
0.32	0.1024	0.00018922963205768485	0.10259004741420487	0.0	(0.10259004741420487+0j)
0.325	0.10562500000000001	0.00018952622661721263	0.10581530029666002	0.0	(0.10581530029666002+0j)
0.33	0.10890000000000001	0.0001898094420055616	0.10909054259322051	0.0	(0.10909054259322051+0j)
0.335	0.11222500000000002	0.00019008007098653072	0.11241577489286698	0.0	(0.11241577489286698+0j)
0.34	0.11560000000000002	0.00019033884846492272	0.11579099774307938	0.0	(0.11579099774307938+0j)
0.34500000000000003	0.11902500000000002	0.00019058645648067503	0.11921621165343668	0.0	(0.11921621165343668+0j)
0.35000000000000003	0.12250000000000003	0.00019082352870730535	0.12269141709884457	0.0	(0.12269141709884457+0j)
0.355	0.126025	0.00019105065451007378	0.1262166145224268	0.0	(0.1262166145224268+0j)
0.36	0.1296	0.00019126838261240899	0.1297918043381355	0.0	(0.1297918043381355+0j)
0.365	0.13322499999999998	0.00019147722441321458	0.13341698693309484	0.0	(0.13341698693309484+0j)
0.37	0.1369	0.00019167765699253122	0.13709216266972915	0.0	(0.13709216266972915+0j)
0.375	0.140625	0.00019187012583856702	0.14081733188767892	0.0	(0.14081733188767892+0j)
0.38	0.1444	0.00019205504732522886	0.14459249490554804	0.0	(0.14459249490554804+0j)
0.385	0.148225	0.00019223281096590332	0.14841765202248428	0.0	(0.14841765202248428+0j)
0.39	0.1521	0.0001924037814662874	0.15229280351962624	0.0	(0.15229280351962624+0j)
0.395	0.15602500000000002	0.00019256830059648708	0.15621794966141073	0.0	(0.15621794966141073+0j)
0.4	0.16000000000000003	0.0001927266889003421	0.1601930906967744	0.0	(0.1601930906967744+0j)
0.405	0.16402500000000003	0.0001928792472579535	0.16421822686026022	0.0	(0.16421822686026022+0j)
0.41000000000000003	0.16810000000000003	0.00019302625831564644	0.16829335837300913	0.0	(0.16829335837300913+0j)
0.41500000000000004	0.17222500000000002	0.00019316798779606763	0.1724184854436904	0.0	(0.1724184854436904+0j)
0.42	0.17639999999999997	0.00019330468569976516	0.1765936082693521	0.0	(0.1765936082693521+0j)
0.425	0.18062499999999998	0.0001934365874084022	0.1808187270361951	0.0	(0.1808187270361951+0j)
0.43	0.18489999999999998	0.0001935639146987018	0.18509384192028824	0.0	(0.18509384192028824+0j)
0.435	0.189225	0.00019368687667528352	0.1894189530882374	0.0	(0.1894189530882374+0j)
0.44	0.1936	0.00019380567062972275	0.19379406069778987	0.0	(0.19379406069778987+0j)
0.445	0.198025	0.00019392048283242708	0.1982191648984047	0.0	(0.1982191648984047+0j)
0.45	0.2025	0.00019403148926326746	0.20269426583176378	0.0	(0.20269426583176378+0j)
0.455	0.20702500000000001	0.000194138856286319	0.20721936363227103	0.0	(0.20721936363227103+0j)
0.46	0.2116	0.00019424274127354427	0.21179445842748632	0.0	(0.21179445842748632+0j)
0.465	0.21622500000000003	0.00019434329318178745	0.2164195503385507	0.0	(0.2164195503385507+0j)
0.47000000000000003	0.22090000000000004	0.0001944406530870315	0.2210946394805687	0.0	(0.2210946394805687+0j)
0.47500000000000003	0.22562500000000002	0.0001945349546794981	0.22581972596296834	0.0	(0.22581972596296834+0j)
0.48	0.2304	0.00019462632472283642	0.23059480988983355	0.0	(0.23059480988983355+0j)
0.485	0.235225	0.0001947148834803465	0.2354198913602168	0.0	(0.2354198913602168+0j)
0.49	0.24009999999999998	0.0001948007451109152	0.2402949704684297	0.0	(0.2402949704684297+0j)
0.495	0.245025	0.00019488401803709917	0.24522004730431646	0.0	(0.24522004730431646+0j)
0.5	0.25	0.00019496480528757179	0.2501951219534946	0.0	(0.2501951219534946+0j)
0.505	0.255025	0.00019504320481595496	0.2552201944976066	0.0	(0.2552201944976066+0j)
0.51	0.2601	0.00019511930979787821	0.26029526501452804	0.0	(0.26029526501452804+0j)
0.515	0.265225	0.00019519320890794826	0.26542033357858336	0.0	(0.26542033357858336+0j)
0.52	0.27040000000000003	0.00019526498657816672	0.27059540026072976	0.0	(0.27059540026072976+0j)
0.525	0.275625	0.0001953347232392026	0.2758204651287444	0.0	(0.2758204651287444+0j)
0.53	0.28090000000000004	0.00019540249554580777	0.28109552824739853	0.0	(0.28109552824739853+0j)
0.535	0.286225	0.00019546837658755464	0.2864205896785958	0.0	(0.2864205896785958+0j)
0.54	0.2916	0.0001955324360859791	0.29179564948155423	0.0	(0.29179564948155423+0j)
0.545	0.29702500000000004	0.000195594740579121	0.2972207077129143	0.0	(0.2972207077129143+0j)
0.55	0.30250000000000005	0.00019565535359437547	0.30269576442689766	0.0	(0.30269576442689766+0j)
0.555	0.30802500000000005	0.00019571433581049258	0.3082208196754036	0.0	(0.3082208196754036+0j)
0.56	0.31360000000000005	0.00019577174520949816	0.3137958735081565	0.0	(0.3137958735081565+0j)
0.5650000000000001	0.3192250000000001	0.0001958276372192451	0.31942092597279037	0.0	(0.31942092597279037+0j)
0.5700000000000001	0.3249000000000001	0.00019588206484725038	0.32509597711496324	0.0	(0.32509597711496324+0j)
0.5750000000000001	0.33062500000000006	0.00019593507880642124	0.33082102697845256	0.0	(0.33082102697845256+0j)
0.58	0.3364	0.00019598672763322723	0.3365960756052553	0.0	(0.3365960756052553+0j)
0.585	0.34222499999999995	0.00019603705779883265	0.3424211230356559	0.0	(0.3424211230356559+0j)
0.59	0.34809999999999997	0.00019608611381366449	0.34829616930832463	0.0	(0.34829616930832463+0j)
0.595	0.354025	0.0001961339383258554	0.354221214460394	0.0	(0.354221214460394+0j)
0.6	0.36	0.00019618057221396822	0.36019625852751685	0.0	(0.36019625852751685+0j)
0.605	0.366025	0.0001962260546743785	0.36622130154395816	0.0	(0.36622130154395816+0j)
0.61	0.3721	0.00019627042330366427	0.37229634354263635	0.0	(0.37229634354263635+0j)
0.615	0.378225	0.0001963137141763257	0.37842138455520463	0.0	(0.37842138455520463+0j)
0.62	0.3844	0.0001963559619181357	0.3845964246121003	0.0	(0.3845964246121003+0j)
0.625	0.390625	0.00019639719977539884	0.39082146374259785	0.0	(0.39082146374259785+0j)
0.63	0.39690000000000003	0.0001964374596803785	0.3970965019748685	0.0	(0.3970965019748685+0j)
0.635	0.403225	0.0001964767723131317	0.4034215393360223	0.0	(0.4034215393360223+0j)
0.64	0.4096	0.00019651516715997575	0.4097965758521623	0.0	(0.4097965758521623+0j)
0.645	0.41602500000000003	0.00019655267256879478	0.41622161154843096	0.0	(0.41622161154843096+0j)
0.65	0.42250000000000004	0.0001965893158013796	0.4226966464490289	0.0	(0.4226966464490289+0j)
0.655	0.42902500000000005	0.00019662512308298152	0.4292216805772993	0.0	(0.4292216805772993+0j)
0.66	0.43560000000000004	0.00019666011964924855	0.4357967139557227	0.0	(0.4357967139557227+0j)
0.665	0.44222500000000003	0.00019669432979070025	0.4424217466059763	0.0	(0.4424217466059763+0j)
0.67	0.4489000000000001	0.00019672777689488846	0.4490967785489683	0.0	(0.4490967785489683+0j)
0.675	0.45562500000000006	0.00019676048348637952	0.45582180980485487	0.0	(0.45582180980485487+0j)
0.68	0.4624000000000001	0.00019679247126468675	0.4625968403930908	0.0	(0.4625968403930908+0j)
0.685	0.46922500000000006	0.0001968237611402715	0.469421870332455	0.0	(0.469421870332455+0j)
0.6900000000000001	0.4761000000000001	0.00019685437326872476	0.47629689964106003	0.0	(0.47629689964106003+0j)
0.6950000000000001	0.4830250000000001	0.00019688432708323396	0.48322192833640387	0.0	(0.48322192833640387+0j)
0.7000000000000001	0.4900000000000001	0.00019691364132543173	0.4901969564353832	0.0	(0.4901969564353832+0j)
0.705	0.49702499999999994	0.0001969423340747191	0.49722198395431677	0.0	(0.49722198395431677+0j)
0.71	0.5041	0.000196970422776148	0.5042970109089812	0.0	(0.5042970109089812+0j)
0.715	0.5112249999999999	0.0001969979242669439	0.5114220373146026	0.0	(0.5114220373146026+0j)
0.72	0.5184	0.0001970248548017435	0.5185970631859234	0.0	(0.5185970631859234+0j)
0.725	0.525625	0.00019705123007661833	0.5258220885371743	0.0	(0.5258220885371743+0j)
0.73	0.5328999999999999	0.00019707706525195053	0.5330971133821424	0.0	(0.5330971133821424+0j)
0.735	0.540225	0.00019710237497422297	0.5404221377341403	0.0	(0.5404221377341403+0j)
0.74	0.5476	0.00019712717339678235	0.5477971616060612	0.0	(0.5477971616060612+0j)
0.745	0.555025	0.00019715147419963004	0.5552221850103718	0.0	(0.5552221850103718+0j)
0.75	0.5625	0.00019717529060829257	0.5626972079591532	0.0	(0.5626972079591532+0j)
0.755	0.570025	0.00019719863541182002	0.5702222304640802	0.0	(0.5702222304640802+0j)
0.76	0.5776	0.00019722152097995858	0.5777972525364778	0.0	(0.5777972525364778+0j)
0.765	0.585225	0.00019724395927953986	0.5854222741873039	0.0	(0.5854222741873039+0j)
0.77	0.5929	0.0001972659618901275	0.5930972954271698	0.0	(0.5930972954271698+0j)
0.775	0.6006250000000001	0.00019728754001895974	0.6008223162663621	0.0	(0.6008223162663621+0j)
0.78	0.6084	0.00019730870451522363	0.608597336714849	0.0	(0.608597336714849+0j)
0.785	0.616225	0.00019732946588369452	0.616422356782288	0.0	(0.616422356782288+0j)
0.79	0.6241000000000001	0.0001973498342977736	0.6242973764780467	0.0	(0.6242973764780467+0j)
0.795	0.6320250000000001	0.000197369819611953	0.6322223958112045	0.0	(0.6322223958112045+0j)
0.8	0.6400000000000001	0.00019738943137373737	0.6401974147905616	0.0	(0.6401974147905616+0j)
0.805	0.6480250000000001	0.0001974086788350488	0.6482224334246679	0.0	(0.6482224334246679+0j)
0.81	0.6561000000000001	0.00019742757096314026	0.656297451721803	0.0	(0.656297451721803+0j)
0.8150000000000001	0.6642250000000001	0.000197446116451042	0.6644224696900088	0.0	(0.6644224696900088+0j)
0.8200000000000001	0.6724000000000001	0.00019746432372756348	0.6725974873370894	0.0	(0.6725974873370894+0j)
0.8250000000000001	0.6806250000000001	0.00019748220096687196	0.6808225046706134	0.0	(0.6808225046706134+0j)
0.8300000000000001	0.6889000000000001	0.00019749975609766878	0.6890975216979345	0.0	(0.6890975216979345+0j)
0.835	0.697225	0.00019751699681198187	0.6974225384261868	0.0	(0.6974225384261868+0j)
0.84	0.7055999999999999	0.00019753393057359318	0.7057975548623135	0.0	(0.7057975548623135+0j)
0.845	0.7140249999999999	0.00019755056462611795	0.7142225710130462	0.0	(0.7142225710130462+0j)
0.85	0.7224999999999999	0.00019756690600075243	0.7226975868849201	0.0	(0.7226975868849201+0j)
0.855	0.7310249999999999	0.00019758296152370527	0.7312226024842992	0.0	(0.7312226024842992+0j)
0.86	0.7395999999999999	0.00019759873782332734	0.7397976178173559	0.0	(0.7397976178173559+0j)
0.865	0.748225	0.00019761424133695398	0.7484226328900939	0.0	(0.7484226328900939+0j)
0.87	0.7569	0.00019762947831747276	0.7570976477083516	0.0	(0.7570976477083516+0j)
0.875	0.765625	0.0001976444548396292	0.7658226622778108	0.0	(0.7658226622778108+0j)
0.88	0.7744	0.00019765917680608256	0.7745976766039913	0.0	(0.7745976766039913+0j)
0.885	0.7832250000000001	0.00019767364995322266	0.7834226906922933	0.0	(0.7834226906922933+0j)
0.89	0.7921	0.00019768787985675865	0.7922977045479993	0.0	(0.7922977045479993+0j)
0.895	0.801025	0.00019770187193708996	0.8012227181763492	0.0	(0.8012227181763492+0j)
0.9	0.81	0.00019771563146446874	0.8101977315826479	0.0	(0.8101977315826479+0j)
0.905	0.819025	0.0001977291635639634	0.8192227447725254	0.0	(0.8192227447725254+0j)
0.91	0.8281000000000001	0.00019774247322023163	0.8282977577523818	0.0	(0.8282977577523818+0j)
0.915	0.8372250000000001	0.00019775556528211144	0.8374227705303046	0.0	(0.8374227705303046+0j)
0.92	0.8464	0.00019776844446703796	0.8465977831176313	0.0	(0.8465977831176313+0j)
0.925	0.8556250000000001	0.0001977811153652936	0.8558227955317049	0.0	(0.8558227955317049+0j)
0.93	0.8649000000000001	0.00019779358244409874	0.8650978078003078	0.0	(0.8650978078003078+0j)
0.935	0.8742250000000001	0.00019780585005154956	0.8744228199685024	0.0	(0.8744228199685024+0j)
0.9400000000000001	0.8836000000000002	0.00019781792242040976	0.883797832108788	0.0	(0.883797832108788+0j)
0.9450000000000001	0.8930250000000001	0.0001978298036717622	0.8932228443351381	0.0	(0.8932228443351381+0j)
0.9500000000000001	0.9025000000000001	0.0001978414978185264	0.9026978568218248	0.0	(0.9026978568218248+0j)
0.9550000000000001	0.9120250000000001	0.0001978530087688473	0.9122228698272867	0.0	(0.9122228698272867+0j)
0.96	0.9216	0.00019786434032936098	0.9217978837240436	0.0	(0.9217978837240436+0j)
0.965	0.931225	0.00019787549620834218	0.9314228990367805	0.0	(0.9314228990367805+0j)
0.97	0.9409	0.0001978864800187385	0.9410979164951297	0.0	(0.9410979164951297+0j)
0.975	0.9506249999999999	0.00019789729528109604	0.950822937119307	0.0	(0.950822937119307+0j)
0.98	0.9603999999999999	0.00019790794542638067	0.9605979623874346	0.0	(0.9605979623874346+0j)
0.985	0.970225	0.00019791843379869962	0.9704229946241808	0.0	(0.9704229946241808+0j)
0.99	0.9801	0.00019792876365792666	0.9802980380790034	0.0	(0.9802980380790034+0j)
0.995	0.990025	0.00019793893818223555	0.9902231027918321	0.0	(0.9902231027918321+0j)
1.0	1.0	0.00019794896047054482	1.000198227922959	0.0	(1.000198227922959+0j)
