-1.0	-1.0	-0.007798592211502872	-1.007858740056467	0.0	(-1.007858740056467+0j)
-0.998	-0.996004	-0.0077979536767654655	-1.0038505893988392	0.0	(-1.0038505893988392+0j)
-0.996	-0.992016	-0.007797311291572502	-0.9998556306664953	0.0	(-0.9998556306664953+0j)
-0.994	-0.988036	-0.007796665024903242	-0.9958705755065247	0.0	(-0.9958705755065247+0j)
-0.992	-0.9840639999999999	-0.007796014845423926	-0.9918945207288199	0.0	(-0.9918945207288199+0j)
-0.99	-0.9801	-0.007795360721483967	-0.9879270873545204	0.0	(-0.9879270873545204+0j)
-0.988	-0.976144	-0.0077947026211121085	-0.9839680798280128	0.0	(-0.9839680798280128+0j)
-0.986	-0.972196	-0.007794040512012514	-0.9800173837848399	0.0	(-0.9800173837848399+0j)
-0.984	-0.968256	-0.007793374361560801	-0.9760749264375229	0.0	(-0.9760749264375229+0j)
-0.982	-0.964324	-0.007792704136800027	-0.9721406585312303	0.0	(-0.9721406585312303+0j)
-0.98	-0.9603999999999999	-0.007792029804436608	-0.9682145451432661	0.0	(-0.9682145451432661+0j)
-0.978	-0.956484	-0.007791351330836194	-0.964296560582743	0.0	(-0.964296560582743+0j)
-0.976	-0.952576	-0.007790668682019461	-0.960386685374321	0.0	(-0.960386685374321+0j)
-0.974	-0.948676	-0.0077899818236578655	-0.9564849043800011	0.0	(-0.9564849043800011+0j)
-0.972	-0.944784	-0.007789290721069331	-0.9525912055793063	0.0	(-0.9525912055793063+0j)
-0.97	-0.9409	-0.00778859533921386	-0.9487055792487312	0.0	(-0.9487055792487312+0j)
-0.968	-0.937024	-0.0077878956426891	-0.9448280173932417	0.0	(-0.9448280173932417+0j)
-0.966	-0.933156	-0.0077871915957258364	-0.9409585133423526	0.0	(-0.9409585133423526+0j)
-0.964	-0.9292959999999999	-0.00778648316218342	-0.9370970614567145	0.0	(-0.9370970614567145+0j)
-0.962	-0.9254439999999999	-0.0077857703055451265	-0.9332436569110162	0.0	(-0.9332436569110162+0j)
-0.96	-0.9216	-0.007785052988913457	-0.9293982955305807	0.0	(-0.9293982955305807+0j)
-0.9580000000000001	-0.9177640000000001	-0.007784331175005357	-0.9255609736666223	0.0	(-0.9255609736666223+0j)
-0.9560000000000001	-0.9139360000000002	-0.007783604826147376	-0.9217316880997852	0.0	(-0.9217316880997852+0j)
-0.9540000000000001	-0.9101160000000001	-0.007782873904270747	-0.9179104359646697	0.0	(-0.9179104359646697+0j)
-0.9520000000000001	-0.9063040000000001	-0.007782138370906406	-0.9140972146902545	0.0	(-0.9140972146902545+0j)
-0.9500000000000001	-0.9025000000000001	-0.0077813981871799245	-0.9102920219523649	0.0	(-0.9102920219523649+0j)
-0.9480000000000001	-0.8987040000000002	-0.00778065331380637	-0.9064948556355245	0.0	(-0.9064948556355245+0j)
-0.9460000000000001	-0.8949160000000002	-0.007779903711085102	-0.9027057138020849	0.0	(-0.9027057138020849+0j)
-0.9440000000000001	-0.8911360000000002	-0.007779149338894476	-0.8989245946670903	0.0	(-0.8989245946670903+0j)
-0.9420000000000001	-0.8873640000000002	-0.0077783901566864724	-0.8951514965777393	0.0	(-0.8951514965777393+0j)
-0.9400000000000001	-0.8836000000000002	-0.007777626123481259	-0.8913864179964451	0.0	(-0.8913864179964451+0j)
-0.9380000000000001	-0.8798440000000001	-0.007776857197861647	-0.887629357486853	0.0	(-0.887629357486853+0j)
-0.936	-0.8760960000000001	-0.007776083337967484	-0.883880313702276	0.0	(-0.883880313702276+0j)
-0.934	-0.8723560000000001	-0.007775304501489961	-0.8801392853760173	0.0	(-0.8801392853760173+0j)
-0.932	-0.8686240000000001	-0.007774520645665822	-0.8764062713132766	0.0	(-0.8764062713132766+0j)
-0.93	-0.8649000000000001	-0.007773731727271498	-0.872681270384416	0.0	(-0.872681270384416+0j)
-0.928	-0.8611840000000001	-0.0077729377026171465	-0.8689642815191979	0.0	(-0.8689642815191979+0j)
-0.926	-0.8574760000000001	-0.0077721385275406046	-0.8652553037019737	0.0	(-0.8652553037019737+0j)
-0.924	-0.8537760000000001	-0.007771334157401246	-0.861554335967554	0.0	(-0.861554335967554+0j)
-0.922	-0.8500840000000001	-0.00777052454707375	-0.8578613773977408	0.0	(-0.8578613773977408+0j)
-0.92	-0.8464	-0.007769709650941771	-0.8541764271182376	0.0	(-0.8541764271182376+0j)
-0.918	-0.842724	-0.00776888942289151	-0.8504994842960535	0.0	(-0.8504994842960535+0j)
-0.916	-0.839056	-0.007768063816305194	-0.8468305481372514	0.0	(-0.8468305481372514+0j)
-0.914	-0.835396	-0.007767232784054454	-0.8431696178848784	0.0	(-0.8431696178848784+0j)
-0.912	-0.831744	-0.007766396278493592	-0.8395166928172273	0.0	(-0.8395166928172273+0j)
-0.91	-0.8281000000000001	-0.0077655542514527606	-0.8358717722461977	0.0	(-0.8358717722461977+0j)
-0.908	-0.8244640000000001	-0.007764706654231021	-0.8322348555158362	0.0	(-0.8322348555158362+0j)
-0.906	-0.820836	-0.0077638534375893044	-0.8286059420010229	0.0	(-0.8286059420010229+0j)
-0.904	-0.817216	-0.007762994551743263	-0.8249850311061839	0.0	(-0.8249850311061839+0j)
-0.902	-0.813604	-0.0077621299463559975	-0.82137212226418	0.0	(-0.82137212226418+0j)
-0.9	-0.81	-0.007761259570530699	-0.8177672149351397	0.0	(-0.8177672149351397+0j)
-0.898	-0.806404	-0.00776038337280314	-0.8141703086054382	0.0	(-0.8141703086054382+0j)
-0.896	-0.8028160000000001	-0.00775950130113408	-0.8105814027866826	0.0	(-0.8105814027866826+0j)
-0.894	-0.7992360000000001	-0.00775861330290153	-0.807000497014703	0.0	(-0.807000497014703+0j)
-0.892	-0.795664	-0.0077577193248929135	-0.8034275908485963	0.0	(-0.8034275908485963+0j)
-0.89	-0.7921	-0.007756819313297083	-0.7998626838698065	0.0	(-0.7998626838698065+0j)
-0.888	-0.788544	-0.0077559132136962305	-0.7963057756811549	0.0	(-0.7963057756811549+0j)
-0.886	-0.784996	-0.007755000971057659	-0.792756865905981	0.0	(-0.792756865905981+0j)
-0.884	-0.781456	-0.0077540825297254265	-0.7892159541872108	0.0	(-0.7892159541872108+0j)
-0.882	-0.7779240000000001	-0.007753157833411855	-0.7856830401864895	0.0	(-0.7856830401864895+0j)
-0.88	-0.7744	-0.00775222682518891	-0.782158123583318	0.0	(-0.782158123583318+0j)
-0.878	-0.770884	-0.007751289447479435	-0.778641204074156	0.0	(-0.778641204074156+0j)
-0.876	-0.767376	-0.007750345642048251	-0.7751322813716585	0.0	(-0.7751322813716585+0j)
-0.874	-0.763876	-0.00774939534999311	-0.7716313552037668	0.0	(-0.7716313552037668+0j)
-0.872	-0.760384	-0.007748438511735507	-0.7681384253129602	0.0	(-0.7681384253129602+0j)
-0.87	-0.7569	-0.007747475067011341	-0.764653491455441	0.0	(-0.764653491455441+0j)
-0.868	-0.753424	-0.007746504954861422	-0.7611765534003232	0.0	(-0.7611765534003232+0j)
-0.866	-0.749956	-0.007745528113621836	-0.7577076109289709	0.0	(-0.7577076109289709+0j)
-0.864	-0.7464959999999999	-0.007744544480914137	-0.7542466638341591	0.0	(-0.7542466638341591+0j)
-0.862	-0.7430439999999999	-0.0077435539936353956	-0.7507937119194396	0.0	(-0.7507937119194396+0j)
-0.86	-0.7395999999999999	-0.007742556587948072	-0.7473487549984307	0.0	(-0.7473487549984307+0j)
-0.858	-0.7361639999999999	-0.007741552199269737	-0.743911792894119	0.0	(-0.743911792894119+0j)
-0.856	-0.7327359999999999	-0.00774054076226261	-0.7404828254382871	0.0	(-0.7404828254382871+0j)
-0.854	-0.729316	-0.007739522210822938	-0.73706185247082	0.0	(-0.73706185247082+0j)
-0.852	-0.725904	-0.007738496478070191	-0.733648873839183	0.0	(-0.733648873839183+0j)
-0.85	-0.7224999999999999	-0.0077374634963360885	-0.730243889397814	0.0	(-0.730243889397814+0j)
-0.848	-0.719104	-0.007736423197153429	-0.726846899007618	0.0	(-0.726846899007618+0j)
-0.846	-0.7157159999999999	-0.0077353755112447575	-0.72345790253541	0.0	(-0.72345790253541+0j)
-0.844	-0.712336	-0.0077343203685108185	-0.7200768998534701	0.0	(-0.7200768998534701+0j)
-0.842	-0.7089639999999999	-0.007733257698018839	-0.7167038908390715	0.0	(-0.7167038908390715+0j)
-0.84	-0.7055999999999999	-0.007732187427990606	-0.7133388753740034	0.0	(-0.7133388753740034+0j)
-0.838	-0.702244	-0.00773110948579034	-0.7099818533442264	0.0	(-0.7099818533442264+0j)
-0.836	-0.698896	-0.007730023797912377	-0.7066328246394237	0.0	(-0.7066328246394237+0j)
-0.834	-0.695556	-0.007728930289968633	-0.7032917891526631	0.0	(-0.7032917891526631+0j)
-0.8320000000000001	-0.6922240000000002	-0.007727828886675863	-0.6999587467800367	0.0	(-0.6999587467800367+0j)
-0.8300000000000001	-0.6889000000000001	-0.007726719511842705	-0.6966336974203565	0.0	(-0.6966336974203565+0j)
-0.8280000000000001	-0.6855840000000001	-0.007725602088356501	-0.6933166409748427	0.0	(-0.6933166409748427+0j)
-0.8260000000000001	-0.6822760000000001	-0.007724476538169896	-0.69000757734683	0.0	(-0.69000757734683+0j)
-0.8240000000000001	-0.6789760000000001	-0.00772334278228721	-0.6867065064415389	0.0	(-0.6867065064415389+0j)
-0.8220000000000001	-0.6756840000000001	-0.007722200740750581	-0.6834134281657795	0.0	(-0.6834134281657795+0j)
-0.8200000000000001	-0.6724000000000001	-0.0077210503326258575	-0.6801283424277613	0.0	(-0.6801283424277613+0j)
-0.8180000000000001	-0.669124	-0.007719891475988269	-0.6768512491368739	0.0	(-0.6768512491368739+0j)
-0.8160000000000001	-0.6658560000000001	-0.0077187240879078335	-0.6735821482034845	0.0	(-0.6735821482034845+0j)
-0.8140000000000001	-0.6625960000000001	-0.0077175480844345265	-0.6703210395387634	0.0	(-0.6703210395387634+0j)
-0.812	-0.659344	-0.007716363380583182	-0.6670679230544853	0.0	(-0.6670679230544853+0j)
-0.81	-0.6561000000000001	-0.0077151698903181395	-0.6638227986629366	0.0	(-0.6638227986629366+0j)
-0.808	-0.6528640000000001	-0.00771396752653763	-0.660585666276696	0.0	(-0.660585666276696+0j)
-0.806	-0.6496360000000001	-0.007712756201057872	-0.6573565258085565	0.0	(-0.6573565258085565+0j)
-0.804	-0.6464160000000001	-0.00771153582459691	-0.6541353771713804	0.0	(-0.6541353771713804+0j)
-0.802	-0.6432040000000001	-0.007710306306758165	-0.6509222202779761	0.0	(-0.6509222202779761+0j)
-0.8	-0.6400000000000001	-0.007709067556013684	-0.6477170550410166	0.0	(-0.6477170550410166+0j)
-0.798	-0.636804	-0.007707819479687113	-0.6445198813729167	0.0	(-0.6445198813729167+0j)
-0.796	-0.6336160000000001	-0.007706561983936367	-0.6413306991857789	0.0	(-0.6413306991857789+0j)
-0.794	-0.6304360000000001	-0.007705294973735978	-0.6381495083912636	0.0	(-0.6381495083912636+0j)
-0.792	-0.627264	-0.007704018352859147	-0.6349763089005558	0.0	(-0.6349763089005558+0j)
-0.79	-0.6241000000000001	-0.007702732023859483	-0.6318111006242638	0.0	(-0.6318111006242638+0j)
-0.788	-0.620944	-0.00770143588805239	-0.6286538834723734	0.0	(-0.6286538834723734+0j)
-0.786	-0.617796	-0.00770012984549615	-0.6255046573541643	0.0	(-0.6255046573541643+0j)
-0.784	-0.6146560000000001	-0.007698813794972656	-0.6223634221781896	0.0	(-0.6223634221781896+0j)
-0.782	-0.6115240000000001	-0.007697487633967797	-0.6192301778521793	0.0	(-0.6192301778521793+0j)
-0.78	-0.6084	-0.007696151258651496	-0.6161049242830225	0.0	(-0.6161049242830225+0j)
-0.778	-0.605284	-0.0076948045638573865	-0.6129876613766989	0.0	(-0.6129876613766989+0j)
-0.776	-0.602176	-0.007693447443062121	-0.6098783890382682	0.0	(-0.6098783890382682+0j)
-0.774	-0.599076	-0.007692079788364305	-0.6067771071717737	0.0	(-0.6067771071717737+0j)
-0.772	-0.5959840000000001	-0.00769070149046305	-0.6036838156802726	0.0	(-0.6036838156802726+0j)
-0.77	-0.5929	-0.007689312438636133	-0.6005985144657273	0.0	(-0.6005985144657273+0j)
-0.768	-0.589824	-0.007687912520717762	-0.5975212034290232	0.0	(-0.5975212034290232+0j)
-0.766	-0.586756	-0.0076865016230759295	-0.5944518824699154	0.0	(-0.5944518824699154+0j)
-0.764	-0.583696	-0.007685079630589356	-0.5913905514869888	0.0	(-0.5913905514869888+0j)
-0.762	-0.580644	-0.007683646426624003	-0.5883372103776451	0.0	(-0.5883372103776451+0j)
-0.76	-0.5776	-0.007682201893009154	-0.5852918590380447	0.0	(-0.5852918590380447+0j)
-0.758	-0.574564	-0.007680745910013062	-0.5822544973631124	0.0	(-0.5822544973631124+0j)
-0.756	-0.571536	-0.007679278356318135	-0.5792251252464712	0.0	(-0.5792251252464712+0j)
-0.754	-0.568516	-0.007677799108995657	-0.5762037425804417	0.0	(-0.5762037425804417+0j)
-0.752	-0.565504	-0.007676308043480059	-0.5731903492560042	0.0	(-0.5731903492560042+0j)
-0.75	-0.5625	-0.007674805033542681	-0.5701849451627683	0.0	(-0.5701849451627683+0j)
-0.748	-0.559504	-0.007673289951265063	-0.5671875301889449	0.0	(-0.5671875301889449+0j)
-0.746	-0.556516	-0.007671762667011724	-0.564198104221316	0.0	(-0.564198104221316+0j)
-0.744	-0.553536	-0.007670223049402433	-0.5612166671452269	0.0	(-0.5612166671452269+0j)
-0.742	-0.5505639999999999	-0.007668670965283952	-0.5582432188445414	0.0	(-0.5582432188445414+0j)
-0.74	-0.5476	-0.007667106279701249	-0.5552777592016047	0.0	(-0.5552777592016047+0j)
-0.738	-0.544644	-0.007665528855868152	-0.5523202880972381	0.0	(-0.5523202880972381+0j)
-0.736	-0.541696	-0.0076639385551374685	-0.5493708054107121	0.0	(-0.5493708054107121+0j)
-0.734	-0.538756	-0.007662335236970504	-0.5464293110196909	0.0	(-0.5464293110196909+0j)
-0.732	-0.535824	-0.00766071875890602	-0.543495804800237	0.0	(-0.543495804800237+0j)
-0.73	-0.5328999999999999	-0.007659088976528583	-0.5405702866267534	0.0	(-0.5405702866267534+0j)
-0.728	-0.529984	-0.007657445743436313	-0.5376527563719861	0.0	(-0.5376527563719861+0j)
-0.726	-0.527076	-0.007655788911207998	-0.534743213906969	0.0	(-0.534743213906969+0j)
-0.724	-0.524176	-0.007654118329369583	-0.5318416591010116	0.0	(-0.5318416591010116+0j)
-0.722	-0.521284	-0.007652433845360007	-0.5289480918216601	0.0	(-0.5289480918216601+0j)
-0.72	-0.5184	-0.007650735304496359	-0.5260625119346548	0.0	(-0.5260625119346548+0j)
-0.718	-0.515524	-0.007649022549938381	-0.5231849193039471	0.0	(-0.5231849193039471+0j)
-0.716	-0.512656	-0.007647295422652253	-0.5203153137916043	0.0	(-0.5203153137916043+0j)
-0.714	-0.5097959999999999	-0.007645553761373672	-0.517453695257818	0.0	(-0.517453695257818+0j)
-0.712	-0.506944	-0.0076437974025702175	-0.5146000635608766	0.0	(-0.5146000635608766+0j)
-0.71	-0.5041	-0.007642026180402951	-0.5117544185571082	0.0	(-0.5117544185571082+0j)
-0.708	-0.5012639999999999	-0.007640239926687276	-0.5089167601008496	0.0	(-0.5089167601008496+0j)
-0.706	-0.49843599999999993	-0.007638438470853013	-0.5060870880444384	0.0	(-0.5060870880444384+0j)
-0.704	-0.49561599999999995	-0.007636621639903669	-0.5032654022381453	0.0	(-0.5032654022381453+0j)
-0.7020000000000001	-0.4928040000000001	-0.007634789258374915	-0.5004517025301661	0.0	(-0.5004517025301661+0j)
-0.7000000000000001	-0.4900000000000001	-0.007632941148292214	-0.49764598876657185	0.0	(-0.49764598876657185+0j)
-0.6980000000000001	-0.4872040000000001	-0.007631077129127603	-0.4948482607912688	0.0	(-0.4948482607912688+0j)
-0.6960000000000001	-0.48441600000000007	-0.0076291970177556085	-0.4920585184459665	0.0	(-0.4920585184459665+0j)
-0.6940000000000001	-0.48163600000000006	-0.007627300628408272	-0.4892767615701499	0.0	(-0.4892767615701499+0j)
-0.6920000000000001	-0.47886400000000007	-0.00762538777262925	-0.4865029900010199	0.0	(-0.4865029900010199+0j)
-0.6900000000000001	-0.4761000000000001	-0.0076234582592270015	-0.4837372035734723	0.0	(-0.4837372035734723+0j)
-0.6880000000000001	-0.4733440000000001	-0.007621511894227011	-0.4809794021200398	0.0	(-0.4809794021200398+0j)
-0.686	-0.47059600000000007	-0.007619548480823038	-0.4782295854708712	0.0	(-0.4782295854708712+0j)
-0.684	-0.46785600000000005	-0.00761756781932736	-0.4754877534536742	0.0	(-0.4754877534536742+0j)
-0.682	-0.4651240000000001	-0.007615569707119997	-0.472753905893676	0.0	(-0.472753905893676+0j)
-0.68	-0.4624000000000001	-0.007613553938596909	-0.47002804261357567	0.0	(-0.47002804261357567+0j)
-0.678	-0.45968400000000004	-0.007611520305117076	-0.4673101634335099	0.0	(-0.4673101634335099+0j)
-0.676	-0.45697600000000005	-0.007609468594948533	-0.46460026817100664	0.0	(-0.46460026817100664+0j)
-0.674	-0.45427600000000007	-0.007607398593213247	-0.46189835664092216	0.0	(-0.46189835664092216+0j)
-0.672	-0.45158400000000004	-0.007605310081830854	-0.45920442865540784	0.0	(-0.45920442865540784+0j)
-0.67	-0.4489000000000001	-0.007603202839461229	-0.4565184840238579	0.0	(-0.4565184840238579+0j)
-0.668	-0.44622400000000007	-0.007601076641445826	-0.45384052255286267	0.0	(-0.45384052255286267+0j)
-0.666	-0.44355600000000006	-0.007598931259747822	-0.4511705440461535	0.0	(-0.4511705440461535+0j)
-0.664	-0.44089600000000007	-0.007596766462890953	-0.448508548304545	0.0	(-0.448508548304545+0j)
-0.662	-0.438244	-0.007594582015897088	-0.44585453512590845	0.0	(-0.44585453512590845+0j)
-0.66	-0.43560000000000004	-0.007592377680222464	-0.4432085043050811	0.0	(-0.4432085043050811+0j)
-0.658	-0.432964	-0.007590153213692564	-0.4405704556338247	0.0	(-0.4405704556338247+0j)
-0.656	-0.43033600000000005	-0.0075879083704356014	-0.43794038890079273	0.0	(-0.43794038890079273+0j)
-0.654	-0.42771600000000004	-0.007585642900814585	-0.43531830389143217	0.0	(-0.43531830389143217+0j)
-0.652	-0.42510400000000004	-0.007583356551357919	-0.4327042003879579	0.0	(-0.4327042003879579+0j)
-0.65	-0.42250000000000004	-0.007581049064688505	-0.43009807816927254	0.0	(-0.43009807816927254+0j)
-0.648	-0.419904	-0.007578720179451319	-0.427499937010922	0.0	(-0.427499937010922+0j)
-0.646	-0.417316	-0.0075763696302394035	-0.4249097766849965	0.0	(-0.4249097766849965+0j)
-0.644	-0.41473600000000005	-0.007573997147518266	-0.4223275969601229	0.0	(-0.4223275969601229+0j)
-0.642	-0.41216400000000003	-0.007571602457548611	-0.4197533976013504	0.0	(-0.4197533976013504+0j)
-0.64	-0.4096	-0.007569185282307394	-0.41718717837009917	0.0	(-0.41718717837009917+0j)
-0.638	-0.407044	-0.007566745339407132	-0.41462893902409736	0.0	(-0.41462893902409736+0j)
-0.636	-0.404496	-0.007564282342013442	-0.4120786793173005	0.0	(-0.4120786793173005+0j)
-0.634	-0.40195600000000004	-0.007561795998760754	-0.40953639899983024	0.0	(-0.40953639899983024+0j)
-0.632	-0.399424	-0.00755928601366616	-0.4070020978178992	0.0	(-0.4070020978178992+0j)
-0.63	-0.39690000000000003	-0.007556752086041344	-0.40447577551371516	0.0	(-0.40447577551371516+0j)
-0.628	-0.394384	-0.007554193910402547	-0.40195743182542754	0.0	(-0.40195743182542754+0j)
-0.626	-0.391876	-0.007551611176378521	-0.3994470664870511	0.0	(-0.3994470664870511+0j)
-0.624	-0.389376	-0.007549003568616423	-0.3969446792283634	0.0	(-0.3969446792283634+0j)
-0.622	-0.386884	-0.007546370766685572	-0.39445026977483594	0.0	(-0.39445026977483594+0j)
-0.62	-0.3844	-0.007543712444979056	-0.39196383784754607	0.0	(-0.39196383784754607+0j)
-0.618	-0.381924	-0.0075410282726130935	-0.38948538316309256	0.0	(-0.38948538316309256+0j)
-0.616	-0.379456	-0.007538317913324118	-0.3870149054335127	0.0	(-0.3870149054335127+0j)
-0.614	-0.376996	-0.007535581025363513	-0.38455240436617605	0.0	(-0.38455240436617605+0j)
-0.612	-0.374544	-0.007532817261389942	-0.38209787966370046	0.0	(-0.38209787966370046+0j)
-0.61	-0.3721	-0.0075300262683592085	-0.3796513310238616	0.0	(-0.3796513310238616+0j)
-0.608	-0.369664	-0.0075272076874115905	-0.37721275813949046	0.0	(-0.37721275813949046+0j)
-0.606	-0.367236	-0.007524361153756557	-0.3747821606983764	0.0	(-0.3747821606983764+0j)
-0.604	-0.364816	-0.007521486296554846	-0.3723595383831552	0.0	(-0.3723595383831552+0j)
-0.602	-0.36240399999999995	-0.007518582738797768	-0.3699448908712161	0.0	(-0.3699448908712161+0j)
-0.6	-0.36	-0.007515650097183742	-0.3675382178345967	0.0	(-0.3675382178345967+0j)
-0.598	-0.357604	-0.007512687981991909	-0.3651395189398597	0.0	(-0.3651395189398597+0j)
-0.596	-0.355216	-0.0075096959969528105	-0.3627487938479942	0.0	(-0.3627487938479942+0j)
-0.594	-0.352836	-0.007506673739116022	-0.36036604221428725	0.0	(-0.36036604221428725+0j)
-0.592	-0.35046399999999994	-0.007503620798714662	-0.35799126368822787	0.0	(-0.35799126368822787+0j)
-0.59	-0.34809999999999997	-0.007500536759026707	-0.3556244579133561	0.0	(-0.3556244579133561+0j)
-0.588	-0.34574399999999994	-0.007497421196233013	-0.35326562452716626	0.0	(-0.35326562452716626+0j)
-0.586	-0.343396	-0.0074942736792719695	-0.35091476316096304	0.0	(-0.35091476316096304+0j)
-0.584	-0.34105599999999997	-0.007491093769690676	-0.3485718734397397	0.0	(-0.3485718734397397+0j)
-0.582	-0.33872399999999997	-0.0074878810214925725	-0.3462369549820478	0.0	(-0.3462369549820478+0j)
-0.58	-0.3364	-0.007484634980981415	-0.3439100073998434	0.0	(-0.3439100073998434+0j)
-0.578	-0.33408399999999994	-0.007481355186601487	-0.34159103029837357	0.0	(-0.34159103029837357+0j)
-0.5760000000000001	-0.33177600000000007	-0.007478041168773975	-0.3392800232760116	0.0	(-0.3392800232760116+0j)
-0.5740000000000001	-0.3294760000000001	-0.007474692449729372	-0.3369769859241094	0.0	(-0.3369769859241094+0j)
-0.5720000000000001	-0.3271840000000001	-0.007471308543335835	-0.334681917826871	0.0	(-0.334681917826871+0j)
-0.5700000000000001	-0.3249000000000001	-0.007467888954923352	-0.33239481856116904	0.0	(-0.33239481856116904+0j)
-0.5680000000000001	-0.3226240000000001	-0.007464433181103637	-0.3301156876964009	0.0	(-0.3301156876964009+0j)
-0.5660000000000001	-0.3203560000000001	-0.007460940709585612	-0.3278445247943237	0.0	(-0.3278445247943237+0j)
-0.5640000000000001	-0.31809600000000005	-0.007457411018986386	-0.3255813294088874	0.0	(-0.3255813294088874+0j)
-0.562	-0.31584400000000007	-0.0074538435786375675	-0.3233261010860619	0.0	(-0.3233261010860619+0j)
-0.56	-0.31360000000000005	-0.007450237848386832	-0.32107883936366677	0.0	(-0.32107883936366677+0j)
-0.558	-0.3113640000000001	-0.007446593278394579	-0.31883954377118223	0.0	(-0.31883954377118223+0j)
-0.556	-0.3091360000000001	-0.00744290930892556	-0.3166082138295708	0.0	(-0.3166082138295708+0j)
-0.554	-0.3069160000000001	-0.007439185370135348	-0.3143848490510879	0.0	(-0.3143848490510879+0j)
-0.552	-0.30470400000000003	-0.007435420881851495	-0.3121694489390869	0.0	(-0.3121694489390869+0j)
-0.55	-0.30250000000000005	-0.0074316152533492495	-0.30996201298781567	0.0	(-0.30996201298781567+0j)
-0.548	-0.30030400000000007	-0.007427767883121665	-0.3077625406822149	0.0	(-0.3077625406822149+0j)
-0.546	-0.29811600000000005	-0.007423878158643983	-0.3055710314977061	0.0	(-0.3055710314977061+0j)
-0.544	-0.29593600000000003	-0.007419945456132089	-0.30338748489998113	0.0	(-0.30338748489998113+0j)
-0.542	-0.293764	-0.007415969140294949	-0.30121190034478174	0.0	(-0.30121190034478174+0j)
-0.54	-0.2916	-0.00741194856408078	-0.2990442772776554	0.0	(-0.2990442772776554+0j)
-0.538	-0.28944400000000003	-0.007407883068416872	-0.2968846151337417	0.0	(-0.2968846151337417+0j)
-0.536	-0.28729600000000005	-0.007403771981942827	-0.29473291333752627	0.0	(-0.29473291333752627+0j)
-0.534	-0.285156	-0.007399614620737094	-0.29258917130259077	0.0	(-0.29258917130259077+0j)
-0.532	-0.28302400000000005	-0.007395410288036565	-0.2904533884313733	0.0	(-0.2904533884313733+0j)
-0.53	-0.28090000000000004	-0.007391158273949105	-0.28832556411488747	0.0	(-0.28832556411488747+0j)
-0.528	-0.27878400000000003	-0.007386857855158796	-0.2862056977324772	0.0	(-0.2862056977324772+0j)
-0.526	-0.27667600000000003	-0.007382508294623718	-0.2840937886515369	0.0	(-0.2840937886515369+0j)
-0.524	-0.27457600000000004	-0.007378108841266062	-0.28198983622722756	0.0	(-0.28198983622722756+0j)
-0.522	-0.272484	-0.007373658729654398	-0.27989383980219473	0.0	(-0.27989383980219473+0j)
-0.52	-0.27040000000000003	-0.007369157179677871	-0.2778057987062664	0.0	(-0.2778057987062664+0j)
-0.518	-0.268324	-0.007364603396212144	-0.27572571225616066	0.0	(-0.27572571225616066+0j)
-0.516	-0.266256	-0.0073599965687768535	-0.2736535797551611	0.0	(-0.2736535797551611+0j)
-0.514	-0.264196	-0.007355335871184395	-0.2715894004928058	0.0	(-0.2715894004928058+0j)
-0.512	-0.262144	-0.007350620461179787	-0.26953317374455876	0.0	(-0.26953317374455876+0j)
-0.51	-0.2601	-0.007345849480071427	-0.2674848987714702	0.0	(-0.2674848987714702+0j)
-0.508	-0.258064	-0.0073410220523524895	-0.26544457481982764	0.0	(-0.26544457481982764+0j)
-0.506	-0.256036	-0.0073361372853127695	-0.26341220112081176	0.0	(-0.26341220112081176+0j)
-0.504	-0.254016	-0.007331194268640705	-0.2613877768901208	0.0	(-0.2613877768901208+0j)
-0.502	-0.252004	-0.0073261920740153854	-0.25937130132759634	0.0	(-0.25937130132759634+0j)
-0.5	-0.25	-0.00732112975468828	-0.2573627736168582	0.0	(-0.2573627736168582+0j)
-0.498	-0.248004	-0.007316006345054479	-0.2553621929248777	0.0	(-0.2553621929248777+0j)
-0.496	-0.24601599999999998	-0.007310820860213186	-0.2533695584015969	0.0	(-0.2533695584015969+0j)
-0.494	-0.244036	-0.007305572295517242	-0.2513848691795089	0.0	(-0.2513848691795089+0j)
-0.492	-0.242064	-0.007300259626111419	-0.24940812437322457	0.0	(-0.24940812437322457+0j)
-0.49	-0.24009999999999998	-0.007294881806459266	-0.24743932307904767	0.0	(-0.24743932307904767+0j)
-0.488	-0.238144	-0.0072894377698582615	-0.24547846437450682	0.0	(-0.24547846437450682+0j)
-0.486	-0.236196	-0.007283926427943014	-0.24352554731791934	0.0	(-0.24352554731791934+0j)
-0.484	-0.234256	-0.007278346670176293	-0.24158057094789195	0.0	(-0.24158057094789195+0j)
-0.482	-0.23232399999999997	-0.007272697363327649	-0.23964353428286012	0.0	(-0.23964353428286012+0j)
-0.48	-0.2304	-0.007266977350939373	-0.23771443632057926	0.0	(-0.23771443632057926+0j)
-0.47800000000000004	-0.22848400000000005	-0.007261185452779586	-0.23579327603761274	0.0	(-0.23579327603761274+0j)
-0.47600000000000003	-0.22657600000000003	-0.007255320464282209	-0.2338800523888162	0.0	(-0.2338800523888162+0j)
-0.47400000000000003	-0.22467600000000004	-0.0072493811559735995	-0.2319747643067989	0.0	(-0.2319747643067989+0j)
-0.47200000000000003	-0.22278400000000004	-0.007243366272885639	-0.23007741070137272	0.0	(-0.23007741070137272+0j)
-0.47000000000000003	-0.22090000000000004	-0.007237274533955054	-0.22818799045899638	0.0	(-0.22818799045899638+0j)
-0.468	-0.21902400000000002	-0.007231104631408759	-0.22630650244218717	0.0	(-0.22630650244218717+0j)
-0.466	-0.21715600000000002	-0.007224855230135052	-0.2244329454889456	0.0	(-0.2244329454889456+0j)
-0.464	-0.21529600000000002	-0.007218524967040434	-0.22256731841213184	0.0	(-0.22256731841213184+0j)
-0.462	-0.21344400000000002	-0.007212112450391916	-0.2207096199988698	0.0	(-0.2207096199988698+0j)
-0.46	-0.2116	-0.0072056162591446395	-0.21885984900988764	0.0	(-0.21885984900988764+0j)
-0.458	-0.209764	-0.00719903494225463	-0.21701800417889194	0.0	(-0.21701800417889194+0j)
-0.456	-0.207936	-0.007192367017976611	-0.2151840842118875	0.0	(-0.2151840842118875+0j)
-0.454	-0.20611600000000002	-0.007185610973146704	-0.21335808778650728	0.0	(-0.21335808778650728+0j)
-0.452	-0.204304	-0.0071787652624499265	-0.2115400135513131	0.0	(-0.2115400135513131+0j)
-0.45	-0.2025	-0.007171828307672452	-0.20972986012509587	0.0	(-0.20972986012509587+0j)
-0.448	-0.20070400000000002	-0.007164798496938508	-0.2079276260961385	0.0	(-0.2079276260961385+0j)
-0.446	-0.198916	-0.007157674183931937	-0.2061333100214788	0.0	(-0.2061333100214788+0j)
-0.444	-0.197136	-0.007150453687102374	-0.2043469104261583	0.0	(-0.2043469104261583+0j)
-0.442	-0.195364	-0.007143135288856094	-0.2025684258024478	0.0	(-0.2025684258024478+0j)
-0.44	-0.1936	-0.007135717234731543	-0.2007978546090638	0.0	(-0.2007978546090638+0j)
-0.438	-0.191844	-0.007128197732559686	-0.19903519527035096	0.0	(-0.19903519527035096+0j)
-0.436	-0.190096	-0.007120574951609242	-0.197280446175487	0.0	(-0.197280446175487+0j)
-0.434	-0.188356	-0.007112847021717007	-0.1955336056776309	0.0	(-0.1955336056776309+0j)
-0.432	-0.18662399999999998	-0.007105012032403433	-0.19379467209308143	0.0	(-0.19379467209308143+0j)
-0.43	-0.18489999999999998	-0.00709706803197372	-0.19206364370041726	0.0	(-0.19206364370041726+0j)
-0.428	-0.18318399999999999	-0.007089013026604726	-0.1903405187396048	0.0	(-0.1903405187396048+0j)
-0.426	-0.181476	-0.007080844979417984	-0.18862529541112105	0.0	(-0.18862529541112105+0j)
-0.424	-0.179776	-0.007072561809539276	-0.1869179718750405	0.0	(-0.1869179718750405+0j)
-0.422	-0.178084	-0.007064161391145177	-0.185218546250113	0.0	(-0.185218546250113+0j)
-0.42	-0.17639999999999997	-0.007055641552497087	-0.18352701661282367	0.0	(-0.18352701661282367+0j)
-0.418	-0.174724	-0.007047000074963312	-0.18184338099646488	0.0	(-0.18184338099646488+0j)
-0.41600000000000004	-0.17305600000000004	-0.007038234692029843	-0.18016763739015546	0.0	(-0.18016763739015546+0j)
-0.41400000000000003	-0.17139600000000002	-0.007029343088300537	-0.1784997837378837	0.0	(-0.1784997837378837+0j)
-0.41200000000000003	-0.16974400000000003	-0.007020322898487473	-0.17683981793752515	0.0	(-0.17683981793752515+0j)
-0.41000000000000003	-0.16810000000000003	-0.007011171706392335	-0.17518773783984087	0.0	(-0.17518773783984087+0j)
-0.40800000000000003	-0.16646400000000003	-0.007001887043879816	-0.17354354124749025	0.0	(-0.17354354124749025+0j)
-0.406	-0.164836	-0.006992466389843968	-0.1719072259140133	0.0	(-0.1719072259140133+0j)
-0.404	-0.16321600000000003	-0.006982907169168737	-0.1702787895428152	0.0	(-0.1702787895428152+0j)
-0.402	-0.16160400000000003	-0.006973206751683789	-0.1686582297861494	0.0	(-0.1686582297861494+0j)
-0.4	-0.16000000000000003	-0.006963362451117005	-0.1670455442440849	0.0	(-0.1670455442440849+0j)
-0.398	-0.15840400000000002	-0.006953371524045026	-0.1654407304634786	0.0	(-0.1654407304634786+0j)
-0.396	-0.156816	-0.006943231168843391	-0.16384378593694313	0.0	(-0.16384378593694313+0j)
-0.394	-0.155236	-0.006932938524637872	-0.16225470810180687	0.0	(-0.16225470810180687+0j)
-0.392	-0.15366400000000002	-0.006922490670258788	-0.16067349433909509	0.0	(-0.16067349433909509+0j)
-0.39	-0.1521	-0.006911884623200134	-0.15910014197248837	0.0	(-0.15910014197248837+0j)
-0.388	-0.150544	-0.006901117338585562	-0.1575346482673048	0.0	(-0.1575346482673048+0j)
-0.386	-0.14899600000000002	-0.006890185708143298	-0.15597701042948103	0.0	(-0.15597701042948103+0j)
-0.384	-0.147456	-0.006879086559192266	-0.15442722560456318	0.0	(-0.15442722560456318+0j)
-0.382	-0.145924	-0.006867816653641847	-0.15288529087670885	0.0	(-0.15288529087670885+0j)
-0.38	-0.1444	-0.006856372687007759	-0.15135120326770587	0.0	(-0.15135120326770587+0j)
-0.378	-0.142884	-0.006844751287446789	-0.14982495973600202	0.0	(-0.14982495973600202+0j)
-0.376	-0.141376	-0.00683294901481319	-0.1483065571757618	0.0	(-0.1483065571757618+0j)
-0.374	-0.139876	-0.00682096235973975	-0.14679599241593005	0.0	(-0.14679599241593005+0j)
-0.372	-0.138384	-0.006808787742746662	-0.14529326221933894	0.0	(-0.14529326221933894+0j)
-0.37	-0.1369	-0.006796421513381529	-0.1437983632818369	0.0	(-0.1437983632818369+0j)
-0.368	-0.135424	-0.006783859949393968	-0.1423112922314305	0.0	(-0.1423112922314305+0j)
-0.366	-0.133956	-0.006771099255948464	-0.14083204562749707	0.0	(-0.14083204562749707+0j)
-0.364	-0.132496	-0.006758135564879277	-0.13936061995999788	0.0	(-0.13936061995999788+0j)
-0.362	-0.131044	-0.006744964933991411	-0.1378970116487641	0.0	(-0.1378970116487641+0j)
-0.36	-0.1296	-0.00673158334641179	-0.13644121704280895	0.0	(-0.13644121704280895+0j)
-0.358	-0.128164	-0.006717986709994998	-0.1349932324197013	0.0	(-0.1349932324197013+0j)
-0.356	-0.126736	-0.006704170856788092	-0.13355305398498726	0.0	(-0.13355305398498726+0j)
-0.354	-0.12531599999999998	-0.006690131542559199	-0.1321206778716783	0.0	(-0.1321206778716783+0j)
-0.352	-0.12390399999999999	-0.0066758644463947685	-0.13069610013979588	0.0	(-0.13069610013979588+0j)
-0.35000000000000003	-0.12250000000000003	-0.0066613651703705465	-0.1292793167759898	0.0	(-0.1292793167759898+0j)
-0.34800000000000003	-0.12110400000000002	-0.00664662923930151	-0.1278703236932259	0.0	(-0.1278703236932259+0j)
-0.34600000000000003	-0.11971600000000002	-0.006631652100576179	-0.12646911673056058	0.0	(-0.12646911673056058+0j)
-0.34400000000000003	-0.11833600000000002	-0.0066164291240809105	-0.12507569165298965	0.0	(-0.12507569165298965+0j)
-0.342	-0.11696400000000001	-0.006600955602219929	-0.12369004415139372	0.0	(-0.12369004415139372+0j)
-0.34	-0.11560000000000002	-0.006585226750037065	-0.12231216984257728	0.0	(-0.12231216984257728+0j)
-0.338	-0.11424400000000001	-0.006569237705445268	-0.12094206426940612	0.0	(-0.12094206426940612+0j)
-0.336	-0.11289600000000001	-0.006552983529570215	-0.11957972290105476	0.0	(-0.11957972290105476+0j)
-0.334	-0.11155600000000002	-0.006536459207214419	-0.11822514113336915	0.0	(-0.11822514113336915+0j)
-0.332	-0.11022400000000002	-0.00651965964744842	-0.11687831428933937	0.0	(-0.11687831428933937+0j)
-0.33	-0.10890000000000001	-0.006502579684335808	-0.11553923761971005	0.0	(-0.11553923761971005+0j)
-0.328	-0.10758400000000001	-0.006485214077798933	-0.11420790630370986	0.0	(-0.11420790630370986+0j)
-0.326	-0.10627600000000001	-0.006467557514632289	-0.11288431544992861	0.0	(-0.11288431544992861+0j)
-0.324	-0.104976	-0.0064496046096707135	-0.11156846009733519	0.0	(-0.11156846009733519+0j)
-0.322	-0.10368400000000001	-0.006431349907119606	-0.11026033521644653	0.0	(-0.11026033521644653+0j)
-0.32	-0.1024	-0.006412787882054485	-0.10895993571065159	0.0	(-0.10895993571065159+0j)
-0.318	-0.101124	-0.006393912942097308	-0.10766725641770515	0.0	(-0.10766725641770515+0j)
-0.316	-0.099856	-0.006374719429277012	-0.10638229211138853	0.0	(-0.10638229211138853+0j)
-0.314	-0.098596	-0.006355201622081819	-0.10510503750334343	0.0	(-0.10510503750334343+0j)
-0.312	-0.097344	-0.006335353737710871	-0.10383548724509731	0.0	(-0.10383548724509731+0j)
-0.31	-0.0961	-0.006315169934532789	-0.10257363593027298	0.0	(-0.10257363593027298+0j)
-0.308	-0.094864	-0.006294644314758765	-0.10131947809698774	0.0	(-0.10131947809698774+0j)
-0.306	-0.093636	-0.0062737709273377636	-0.10007300823046682	0.0	(-0.10007300823046682+0j)
-0.304	-0.092416	-0.006252543771081379	-0.0988342207658483	0.0	(-0.0988342207658483+0j)
-0.302	-0.091204	-0.006230956798025868	-0.09760311009121428	0.0	(-0.09760311009121428+0j)
-0.3	-0.09	-0.00620900391703873	-0.09637967055081678	0.0	(-0.09637967055081678+0j)
-0.298	-0.088804	-0.00618667899767719	-0.09516389644854635	0.0	(-0.09516389644854635+0j)
-0.296	-0.08761599999999999	-0.006163975874305751	-0.09395578205160121	0.0	(-0.09395578205160121+0j)
-0.294	-0.08643599999999999	-0.006140888350479837	-0.09275532159439534	0.0	(-0.09275532159439534+0j)
-0.292	-0.08526399999999999	-0.006117410203602394	-0.09156250928268274	0.0	(-0.09156250928268274+0j)
-0.29	-0.0841	-0.0060935351898600875	-0.09037733929790553	0.0	(-0.09037733929790553+0j)
-0.28800000000000003	-0.08294400000000002	-0.006069257049445496	-0.0891998058017657	0.0	(-0.0891998058017657+0j)
-0.28600000000000003	-0.08179600000000002	-0.006044569512071436	-0.08802990294101129	0.0	(-0.08802990294101129+0j)
-0.28400000000000003	-0.08065600000000002	-0.006019466302783259	-0.08686762485242183	0.0	(-0.08686762485242183+0j)
-0.28200000000000003	-0.07952400000000001	-0.005993941148074632	-0.08571296566799892	0.0	(-0.08571296566799892+0j)
-0.28	-0.07840000000000001	-0.005967987782311933	-0.08456591952032125	0.0	(-0.08456591952032125+0j)
-0.278	-0.07728400000000002	-0.005941599954472012	-0.08342648054805238	0.0	(-0.08342648054805238+0j)
-0.276	-0.07617600000000001	-0.005914771435197643	-0.08229464290156793	0.0	(-0.08229464290156793+0j)
-0.274	-0.07507600000000002	-0.005887496024174492	-0.08117040074863456	0.0	(-0.08117040074863456+0j)
-0.272	-0.07398400000000001	-0.0058597675578329796	-0.08005374828010318	0.0	(-0.08005374828010318+0j)
-0.27	-0.0729	-0.005831579917377828	-0.07894467971549277	0.0	(-0.07894467971549277+0j)
-0.268	-0.07182400000000001	-0.005802927037147532	-0.07784318930836368	0.0	(-0.07784318930836368+0j)
-0.266	-0.07075600000000001	-0.005773802913305405	-0.0767492713512793	0.0	(-0.0767492713512793+0j)
-0.264	-0.06969600000000001	-0.005744201612863157	-0.07566292018011057	0.0	(-0.07566292018011057+0j)
-0.262	-0.06864400000000001	-0.005714117283037329	-0.07458413017730685	0.0	(-0.07458413017730685+0j)
-0.26	-0.06760000000000001	-0.005683544160938166	-0.07351289577358747	0.0	(-0.07351289577358747+0j)
-0.258	-0.066564	-0.005652476583589746	-0.07244921144724496	0.0	(-0.07244921144724496+0j)
-0.256	-0.065536	-0.005620908998279448	-0.07139307171980178	0.0	(-0.07139307171980178+0j)
-0.254	-0.064516	-0.005588835973233927	-0.07034447114607306	0.0	(-0.07034447114607306+0j)
-0.252	-0.063504	-0.005556252208617998	-0.06930340429549198	0.0	(-0.06930340429549198+0j)
-0.25	-0.0625	-0.005523152547851894	-0.06826986571947052	0.0	(-0.06826986571947052+0j)
-0.248	-0.061503999999999996	-0.00548953198924142	-0.06724384989582113	0.0	(-0.06724384989582113+0j)
-0.246	-0.060516	-0.0054553856979146316	-0.06622535113415985	0.0	(-0.06622535113415985+0j)
-0.244	-0.059536	-0.005420709018057614	-0.06521436341208461	0.0	(-0.06521436341208461+0j)
-0.242	-0.058564	-0.005385497485440963	-0.06421088008213229	0.0	(-0.06421088008213229+0j)
-0.24	-0.0576	-0.005349746840227549	-0.0632148933219867	0.0	(-0.0632148933219867+0j)
-0.23800000000000002	-0.05664400000000001	-0.005313453040050987	-0.06222639303332882	0.0	(-0.06222639303332882+0j)
-0.23600000000000002	-0.05569600000000001	-0.0052766122733532905	-0.06124536443315207	0.0	(-0.06124536443315207+0j)
-0.234	-0.054756000000000006	-0.005239220972968928	-0.0602717821077927	0.0	(-0.0602717821077927+0j)
-0.232	-0.053824000000000004	-0.005201275829941501	-0.05930559255393887	0.0	(-0.05930559255393887+0j)
-0.23	-0.0529	-0.005162773807558027	-0.05834664689146227	0.0	(-0.05834664689146227+0j)
-0.228	-0.051984	-0.005123712155584701	-0.05739426684046633	0.0	(-0.05739426684046633+0j)
-0.226	-0.051076	-0.00508408842468684	-0.05640173034300938	-2.144517047311011e-05	(-0.05640173034300938-2.144517047311011e-05j)
-0.224	-0.050176000000000005	-0.005043900481014521	-0.05640173034300938	2.144517047311011e-05	(-0.05640173034300938+2.144517047311011e-05j)
-0.222	-0.049284	-0.005003146520934266	-0.05552161862631897	0.0	(-0.05552161862631897+0j)
-0.22	-0.0484	-0.004961825085885935	-0.054591128790475556	0.0	(-0.054591128790475556+0j)
-0.218	-0.047524	-0.004919935077342814	-0.053669507180478616	0.0	(-0.053669507180478616+0j)
-0.216	-0.046655999999999996	-0.004877475771851728	-0.052755681192054135	0.0	(-0.052755681192054135+0j)
-0.214	-0.045795999999999996	-0.004834446836128839	-0.05184945645678992	0.0	(-0.05184945645678992+0j)
-0.212	-0.044944	-0.004790848342185636	-0.050950770485948316	0.0	(-0.050950770485948316+0j)
-0.21	-0.04409999999999999	-0.004746680782458521	-0.050059597160321996	0.0	(-0.050059597160321996+0j)
-0.20800000000000002	-0.04326400000000001	-0.004701945084914278	-0.04917592391596095	0.0	(-0.04917592391596095+0j)
-0.20600000000000002	-0.04243600000000001	-0.004656642628102626	-0.04829974434450224	0.0	(-0.04829974434450224+0j)
-0.20400000000000001	-0.04161600000000001	-0.0046107752561260346	-0.04743105529259488	0.0	(-0.04743105529259488+0j)
-0.202	-0.04080400000000001	-0.004564345293495945	-0.04656985556739451	0.0	(-0.04656985556739451+0j)
-0.2	-0.04000000000000001	-0.004517355559843599	-0.04571614530230283	0.0	(-0.04571614530230283+0j)
-0.198	-0.039204	-0.004469809384452717	-0.04486992562429753	0.0	(-0.04486992562429753+0j)
-0.196	-0.038416000000000006	-0.0044217106205804236	-0.044031198470808636	0.0	(-0.044031198470808636+0j)
-0.194	-0.037636	-0.004373063659531983	-0.04319996648580348	0.0	(-0.04319996648580348+0j)
-0.192	-0.036864	-0.004323873444454142	-0.0423762329601502	0.0	(-0.0423762329601502+0j)
-0.19	-0.0361	-0.00427414548381117	-0.04156000179789722	0.0	(-0.04156000179789722+0j)
-0.188	-0.035344	-0.004223885864507089	-0.040751277498318306	0.0	(-0.040751277498318306+0j)
-0.186	-0.034596	-0.004173101264616972	-0.039950065147879354	0.0	(-0.039950065147879354+0j)
-0.184	-0.033856	-0.00412179896568974	-0.039156370418665765	0.0	(-0.039156370418665765+0j)
-0.182	-0.033124	-0.004069986864584503	-0.03837019957114097	0.0	(-0.03837019957114097+0j)
-0.18	-0.0324	-0.004017673484802095	-0.037591559459927294	0.0	(-0.037591559459927294+0j)
-0.178	-0.031684	-0.003964867987273333	-0.036820457541781856	0.0	(-0.036820457541781856+0j)
-0.176	-0.030975999999999997	-0.003911580180565287	-0.036056901885273024	0.0	(-0.036056901885273024+0j)
-0.17400000000000002	-0.030276000000000004	-0.0038578205304668953	-0.03530090118185701	0.0	(-0.03530090118185701+0j)
-0.17200000000000001	-0.029584000000000006	-0.003803600168915268	-0.03455246475822429	0.0	(-0.03455246475822429+0j)
-0.17	-0.028900000000000006	-0.0037489309022242043	-0.033811602589883555	0.0	(-0.033811602589883555+0j)
-0.168	-0.028224000000000003	-0.0036938252185767196	-0.033078325316044224	0.0	(-0.033078325316044224+0j)
-0.166	-0.027556000000000004	-0.0036382962947437802	-0.03235264425593687	0.0	(-0.03235264425593687+0j)
-0.164	-0.026896000000000003	-0.003582358001991874	-0.03163457142676787	0.0	(-0.03163457142676787+0j)
-0.162	-0.026244	-0.0035260249111427567	-0.030924119563580748	0.0	(-0.030924119563580748+0j)
-0.16	-0.0256	-0.003469312296749336	-0.03022130214133632	0.0	(-0.03022130214133632+0j)
-0.158	-0.024964	-0.0034122361403525515	-0.029526133399597764	0.0	(-0.029526133399597764+0j)
-0.156	-0.024336	-0.0033548131327850754	-0.02883862837024101	0.0	(-0.02883862837024101+0j)
-0.154	-0.023716	-0.003297060675488724	-0.02815880290867172	0.0	(-0.02815880290867172+0j)
-0.152	-0.023104	-0.0032389968808136573	-0.02748667372906072	0.0	(-0.02748667372906072+0j)
-0.15	-0.0225	-0.0031806405712688206	-0.026822258444145652	0.0	(-0.026822258444145652+0j)
-0.148	-0.021903999999999996	-0.0031220112776944664	-0.02616557561015833	0.0	(-0.02616557561015833+0j)
-0.146	-0.021315999999999998	-0.0030631292363292005	-0.0255166447774389	0.0	(-0.0255166447774389+0j)
-0.14400000000000002	-0.020736000000000004	-0.0030040153847456746	-0.024875486547269888	0.0	(-0.024875486547269888+0j)
-0.14200000000000002	-0.020164000000000005	-0.002944691356630811	-0.02424212263540245	0.0	(-0.02424212263540245+0j)
-0.14	-0.019600000000000003	-0.002885179475388433	-0.023616575942653564	0.0	(-0.023616575942653564+0j)
-0.138	-0.019044000000000002	-0.0028255027465441175	-0.022998870632804667	0.0	(-0.022998870632804667+0j)
-0.136	-0.018496000000000002	-0.0027656848489342944	-0.022389032217827044	0.0	(-0.022389032217827044+0j)
-0.134	-0.017956000000000003	-0.0027057501246638294	-0.021787087650185544	0.0	(-0.021787087650185544+0j)
-0.132	-0.017424000000000002	-0.00264572356781866	-0.021193065421614816	0.0	(-0.021193065421614816+0j)
-0.13	-0.016900000000000002	-0.0025856308119225633	-0.020606995667303816	0.0	(-0.020606995667303816+0j)
-0.128	-0.016384	-0.002525498116129562	-0.020028910273865812	0.0	(-0.020028910273865812+0j)
-0.126	-0.015876	-0.002465352350146236	-0.0194588429887655	0.0	(-0.0194588429887655+0j)
-0.124	-0.015375999999999999	-0.0024052209778808054	-0.01889682952803951	0.0	(-0.01889682952803951+0j)
-0.122	-0.014884	-0.0023451320398186907	-0.018342907678134873	0.0	(-0.018342907678134873+0j)
-0.12	-0.0144	-0.0022851141341271013	-0.017797117386475148	0.0	(-0.017797117386475148+0j)
-0.11800000000000001	-0.013924000000000002	-0.0022251963964941396	-0.017259500833947693	0.0	(-0.017259500833947693+0j)
-0.116	-0.013456000000000001	-0.0021654084787108303	-0.016730102480790814	0.0	(-0.016730102480790814+0j)
-0.114	-0.012996	-0.0021057805260075806	-0.016208969075356728	0.0	(-0.016208969075356728+0j)
-0.112	-0.012544000000000001	-0.0020463431531595874	-0.015696149612802263	0.0	(-0.015696149612802263+0j)
-0.11	-0.0121	-0.0019871274193788147	-0.015191695227828235	0.0	(-0.015191695227828235+0j)
-0.108	-0.011663999999999999	-0.0019281648020133004	-0.014695659001986635	0.0	(-0.014695659001986635+0j)
-0.106	-0.011236	-0.0018694871690776724	-0.014208095661509434	0.0	(-0.014208095661509434+0j)
-0.10400000000000001	-0.010816000000000003	-0.0018111267506418802	-0.013729061135720555	0.0	(-0.013729061135720555+0j)
-0.10200000000000001	-0.010404000000000002	-0.001753116109108326	-0.013258611938207246	0.0	(-0.013258611938207246+0j)
-0.1	-0.010000000000000002	-0.0016954881084106231	-0.01279680432207437	0.0	(-0.01279680432207437+0j)
-0.098	-0.009604000000000001	-0.0016382758821704188	-0.012343693145180266	0.0	(-0.012343693145180266+0j)
-0.096	-0.009216	-0.0015815128008516528	-0.011899330358683388	0.0	(-0.011899330358683388+0j)
-0.094	-0.008836	-0.0015252324379547567	-0.011463762998341386	0.0	(-0.011463762998341386+0j)
-0.092	-0.008464	-0.0014694685352962178	-0.011037030505903924	0.0	(-0.011037030505903924+0j)
-0.09	-0.0081	-0.001414254967421803	-0.010619161126259657	0.0	(-0.010619161126259657+0j)
-0.088	-0.007743999999999999	-0.0013596257052046583	-0.010210166995897545	0.0	(-0.010210166995897545+0j)
-0.08600000000000001	-0.0073960000000000015	-0.0013056147786821588	-0.009810037328908236	0.0	(-0.009810037328908236+0j)
-0.084	-0.007056000000000001	-0.0012522562391881296	-0.009418728769901614	0.0	(-0.009418728769901614+0j)
-0.082	-0.006724000000000001	-0.0011995841208394822	-0.009036151452113594	0.0	(-0.009036151452113594+0j)
-0.08	-0.0064	-0.0011476324014389147	-0.0086621485191194	0.0	(-0.0086621485191194+0j)
-0.078	-0.006084	-0.0010964349628575314	-0.008296465971524931	0.0	(-0.008296465971524931+0j)
-0.076	-0.005776	-0.0010460255509634614	-0.00793870975281256	0.0	(-0.00793870975281256+0j)
-0.074	-0.005475999999999999	-0.000996437735164596	-0.00758829288067547	0.0	(-0.00758829288067547+0j)
-0.07200000000000001	-0.005184000000000001	-0.00094770486763551	-0.007244405570037479	0.0	(-0.007244405570037479+0j)
-0.07	-0.004900000000000001	-0.0008998600423003626	-0.006906148767711626	0.0	(-0.006906148767711626+0j)
-0.068	-0.0046240000000000005	-0.0008529360536450609	-0.006573202354418803	0.0	(-0.006573202354418803+0j)
-0.066	-0.0043560000000000005	-0.0008069653554336172	-0.006247235605045094	0.0	(-0.006247235605045094+0j)
-0.064	-0.004096	-0.0007619800194046122	-0.006189721707354494	-0.0011113515293554295	(-0.006189721707354494-0.0011113515293554295j)
-0.062	-0.0038439999999999998	-0.0007180116940248751	-0.006189721707354494	0.0011113515293554295	(-0.006189721707354494+0.0011113515293554295j)
-0.06	-0.0036	-0.0006750915633783926	-0.005932232948403391	0.0	(-0.005932232948403391+0j)
-0.058	-0.0033640000000000002	-0.0006332503062689981	-0.005631529567042281	0.0	(-0.005631529567042281+0j)
-0.056	-0.0031360000000000003	-0.0005925180556159721	-0.005345542399429048	0.0	(-0.005345542399429048+0j)
-0.054	-0.0029159999999999998	-0.0005529243582219276	-0.005072923359775227	0.0	(-0.005072923359775227+0j)
-0.052000000000000005	-0.0027040000000000007	-0.0005144981349924395	-0.004812075818873969	0.0	(-0.004812075818873969+0j)
-0.05	-0.0025000000000000005	-0.00047726764168669854	-0.004561676777383375	0.0	(-0.004561676777383375+0j)
-0.048	-0.002304	-0.00044126043027814185	-0.0043206990259575286	0.0	(-0.0043206990259575286+0j)
-0.046	-0.002116	-0.0004065033110034564	-0.0040883258991892745	0.0	(-0.0040883258991892745+0j)
-0.044	-0.0019359999999999998	-0.0003730223151775843	-0.003863874664597001	0.0	(-0.003863874664597001+0j)
-0.042	-0.0017640000000000002	-0.00034084265885138756	-0.003646745111370906	0.0	(-0.003646745111370906+0j)
-0.04	-0.0016	-0.0003099887073872848	-0.0034363881644041737	0.0	(-0.0034363881644041737+0j)
-0.038	-0.001444	-0.0002804839410270807	-0.0032322877177857513	0.0	(-0.0032322877177857513+0j)
-0.036000000000000004	-0.0012960000000000003	-0.0002523509215242997	-0.0030339507471848796	0.0	(-0.0030339507471848796+0j)
-0.034	-0.0011560000000000001	-0.0002256112599116275	-0.0028409025150611957	0.0	(-0.0028409025150611957+0j)
-0.032	-0.001024	-0.00020028558547205075	-0.002652684859187621	0.0	(-0.002652684859187621+0j)
-0.03	-0.0009	-0.0001763935159802485	-0.0024688562819504233	0.0	(-0.0024688562819504233+0j)
-0.028	-0.0007840000000000001	-0.00015395362927793366	-0.002288993002230926	0.0	(-0.002288993002230926+0j)
-0.026000000000000002	-0.0006760000000000002	-0.0001329834362448143	-0.0021126904094740484	0.0	(-0.0021126904094740484+0j)
-0.024	-0.000576	-0.00011349935522368682	-0.0019395645408521475	0.0	(-0.0019395645408521475+0j)
-0.022	-0.00048399999999999995	-9.551668795536317e-05	-0.0017692533272762189	0.0	(-0.0017692533272762189+0j)
-0.02	-0.0004	-7.904959707628889e-05	-0.001601417444600779	0.0	(-0.001601417444600779+0j)
-0.018000000000000002	-0.00032400000000000007	-6.411108522758058e-05	-0.0014357406747611571	0.0	(-0.0014357406747611571+0j)
-0.016	-0.000256	-5.0712975822667095e-05	-0.0012719297341793477	0.0	(-0.0012719297341793477+0j)
-0.014	-0.00019600000000000002	-3.886589551443942e-05	-0.001109713566970581	0.0	(-0.001109713566970581+0j)
-0.012	-0.000144	-2.8579258402050556e-05	-0.0009488421302127358	0.0	(-0.0009488421302127358+0j)
-0.01	-0.0001	-1.9861252011921238e-05	-0.0007890847190963586	0.0	(-0.0007890847190963586+0j)
-0.008	-6.4e-05	-1.2718825083413154e-05	-0.0006302278923319462	0.0	(-0.0006302278923319462+0j)
-0.006	-3.6e-05	-7.157677189284506e-06	-0.0004720730640127766	0.0	(-0.0004720730640127766+0j)
-0.004	-1.6e-05	-3.1822502044587253e-06	-0.00031443382856804477	0.0	(-0.00031443382856804477+0j)
-0.002	-4e-06	-7.957216663356803e-07	-0.00015713308238402953	0.0	(-0.00015713308238402953+0j)
0.002	4e-06	7.957216663356803e-07	0.00015713308238409334	0.0	(0.00015713308238409334+0j)
0.004	1.6e-05	3.1822502044587253e-06	0.0003144338285680739	0.0	(0.0003144338285680739+0j)
0.006	3.6e-05	7.157677189284506e-06	0.00047207306401276806	0.0	(0.00047207306401276806+0j)
0.008	6.4e-05	1.2718825083413154e-05	0.0006302278923319467	0.0	(0.0006302278923319467+0j)
0.01	0.0001	1.9861252011921238e-05	0.0007890847190963298	0.0	(0.0007890847190963298+0j)
0.012	0.000144	2.8579258402050556e-05	0.0009488421302127081	0.0	(0.0009488421302127081+0j)
0.014	0.00019600000000000002	3.886589551443942e-05	0.0011097135669705536	0.0	(0.0011097135669705536+0j)
0.016	0.000256	5.0712975822667095e-05	0.0012719297341793358	0.0	(0.0012719297341793358+0j)
0.018000000000000002	0.00032400000000000007	6.411108522758058e-05	0.0014357406747611625	0.0	(0.0014357406747611625+0j)
0.02	0.0004	7.904959707628889e-05	0.0016014174446007856	0.0	(0.0016014174446007856+0j)
0.022	0.00048399999999999995	9.551668795536317e-05	0.0017692533272762137	0.0	(0.0017692533272762137+0j)
0.024	0.000576	0.00011349935522368682	0.001939564540852133	0.0	(0.001939564540852133+0j)
0.026000000000000002	0.0006760000000000002	0.0001329834362448143	0.002112690409474047	0.0	(0.002112690409474047+0j)
0.028	0.0007840000000000001	0.00015395362927793366	0.002288993002230913	0.0	(0.002288993002230913+0j)
0.03	0.0009	0.0001763935159802485	0.002468856281950412	0.0	(0.002468856281950412+0j)
0.032	0.001024	0.00020028558547205075	0.002652684859187629	0.0	(0.002652684859187629+0j)
0.034	0.0011560000000000001	0.0002256112599116275	0.0028409025150611116	0.0	(0.0028409025150611116+0j)
0.036000000000000004	0.0012960000000000003	0.0002523509215242997	0.0030339507471848566	0.0	(0.0030339507471848566+0j)
0.038	0.001444	0.0002804839410270807	0.0032322877177857574	0.0	(0.0032322877177857574+0j)
0.04	0.0016	0.0003099887073872848	0.003436388164404106	0.0	(0.003436388164404106+0j)
0.042	0.0017640000000000002	0.00034084265885138756	0.0036467451113708755	0.0	(0.0036467451113708755+0j)
0.044	0.0019359999999999998	0.0003730223151775843	0.003863874664596955	0.0	(0.003863874664596955+0j)
0.046	0.002116	0.0004065033110034564	0.004088325899189293	0.0	(0.004088325899189293+0j)
0.048	0.002304	0.00044126043027814185	0.004320699025957481	0.0	(0.004320699025957481+0j)
0.05	0.0025000000000000005	0.00047726764168669854	0.004561676777383397	0.0	(0.004561676777383397+0j)
0.052000000000000005	0.0027040000000000007	0.0005144981349924395	0.0048120758188738575	0.0	(0.0048120758188738575+0j)
0.054	0.0029159999999999998	0.0005529243582219276	0.005072923359775199	0.0	(0.005072923359775199+0j)
0.056	0.0031360000000000003	0.0005925180556159721	0.00534554239942903	0.0	(0.00534554239942903+0j)
0.058	0.0033640000000000002	0.0006332503062689981	0.005631529567042273	0.0	(0.005631529567042273+0j)
0.06	0.0036	0.0006750915633783926	0.00593223294840338	0.0	(0.00593223294840338+0j)
0.062	0.0038439999999999998	0.0007180116940248751	0.006189721707354481	-0.0011113515293553293	(0.006189721707354481-0.0011113515293553293j)
0.064	0.004096	0.0007619800194046122	0.006189721707354481	0.0011113515293553293	(0.006189721707354481+0.0011113515293553293j)
0.066	0.0043560000000000005	0.0008069653554336172	0.006247235605045086	0.0	(0.006247235605045086+0j)
0.068	0.0046240000000000005	0.0008529360536450609	0.006573202354418776	0.0	(0.006573202354418776+0j)
0.07	0.004900000000000001	0.0008998600423003626	0.006906148767711602	0.0	(0.006906148767711602+0j)
0.07200000000000001	0.005184000000000001	0.00094770486763551	0.0072444055700373895	0.0	(0.0072444055700373895+0j)
0.074	0.005475999999999999	0.000996437735164596	0.007588292880675408	0.0	(0.007588292880675408+0j)
0.076	0.005776	0.0010460255509634614	0.007938709752812564	0.0	(0.007938709752812564+0j)
0.078	0.006084	0.0010964349628575314	0.00829646597152488	0.0	(0.00829646597152488+0j)
0.08	0.0064	0.0011476324014389147	0.008662148519119402	0.0	(0.008662148519119402+0j)
0.082	0.006724000000000001	0.0011995841208394822	0.009036151452113617	0.0	(0.009036151452113617+0j)
0.084	0.007056000000000001	0.0012522562391881296	0.009418728769901623	0.0	(0.009418728769901623+0j)
0.08600000000000001	0.0073960000000000015	0.0013056147786821588	0.009810037328908273	0.0	(0.009810037328908273+0j)
0.088	0.007743999999999999	0.0013596257052046583	0.010210166995897548	0.0	(0.010210166995897548+0j)
0.09	0.0081	0.001414254967421803	0.0106191611262598	0.0	(0.0106191611262598+0j)
0.092	0.008464	0.0014694685352962178	0.01103703050590388	0.0	(0.01103703050590388+0j)
0.094	0.008836	0.0015252324379547567	0.011463762998341322	0.0	(0.011463762998341322+0j)
0.096	0.009216	0.0015815128008516528	0.011899330358683353	0.0	(0.011899330358683353+0j)
0.098	0.009604000000000001	0.0016382758821704188	0.012343693145180221	0.0	(0.012343693145180221+0j)
0.1	0.010000000000000002	0.0016954881084106231	0.012796804322074393	0.0	(0.012796804322074393+0j)
0.10200000000000001	0.010404000000000002	0.001753116109108326	0.013258611938207113	0.0	(0.013258611938207113+0j)
0.10400000000000001	0.010816000000000003	0.0018111267506418802	0.013729061135720493	0.0	(0.013729061135720493+0j)
0.106	0.011236	0.0018694871690776724	0.014208095661509438	0.0	(0.014208095661509438+0j)
0.108	0.011663999999999999	0.0019281648020133004	0.014695659001986596	0.0	(0.014695659001986596+0j)
0.11	0.0121	0.0019871274193788147	0.015191695227828221	0.0	(0.015191695227828221+0j)
0.112	0.012544000000000001	0.0020463431531595874	0.015696149612802263	0.0	(0.015696149612802263+0j)
0.114	0.012996	0.0021057805260075806	0.016208969075356648	0.0	(0.016208969075356648+0j)
0.116	0.013456000000000001	0.0021654084787108303	0.01673010248079061	0.0	(0.01673010248079061+0j)
0.11800000000000001	0.013924000000000002	0.0022251963964941396	0.017259500833947613	0.0	(0.017259500833947613+0j)
0.12	0.0144	0.0022851141341271013	0.017797117386475218	0.0	(0.017797117386475218+0j)
0.122	0.014884	0.0023451320398186907	0.018342907678134842	0.0	(0.018342907678134842+0j)
0.124	0.015375999999999999	0.0024052209778808054	0.018896829528039526	0.0	(0.018896829528039526+0j)
0.126	0.015876	0.002465352350146236	0.01945884298876535	0.0	(0.01945884298876535+0j)
0.128	0.016384	0.002525498116129562	0.020028910273865868	0.0	(0.020028910273865868+0j)
0.13	0.016900000000000002	0.0025856308119225633	0.02060699566730379	0.0	(0.02060699566730379+0j)
0.132	0.017424000000000002	0.00264572356781866	0.02119306542161486	0.0	(0.02119306542161486+0j)
0.134	0.017956000000000003	0.0027057501246638294	0.021787087650185763	0.0	(0.021787087650185763+0j)
0.136	0.018496000000000002	0.0027656848489342944	0.02238903221782693	0.0	(0.02238903221782693+0j)
0.138	0.019044000000000002	0.0028255027465441175	0.02299887063280463	0.0	(0.02299887063280463+0j)
0.14	0.019600000000000003	0.002885179475388433	0.023616575942653484	0.0	(0.023616575942653484+0j)
0.14200000000000002	0.020164000000000005	0.002944691356630811	0.024242122635402413	0.0	(0.024242122635402413+0j)
0.14400000000000002	0.020736000000000004	0.0030040153847456746	0.024875486547269943	0.0	(0.024875486547269943+0j)
0.146	0.021315999999999998	0.0030631292363292005	0.025516644777438778	0.0	(0.025516644777438778+0j)
0.148	0.021903999999999996	0.0031220112776944664	0.026165575610158223	0.0	(0.026165575610158223+0j)
0.15	0.0225	0.0031806405712688206	0.026822258444145597	0.0	(0.026822258444145597+0j)
0.152	0.023104	0.0032389968808136573	0.027486673729060586	0.0	(0.027486673729060586+0j)
0.154	0.023716	0.003297060675488724	0.0281588029086716	0.0	(0.0281588029086716+0j)
0.156	0.024336	0.0033548131327850754	0.028838628370240853	0.0	(0.028838628370240853+0j)
0.158	0.024964	0.0034122361403525515	0.029526133399597927	0.0	(0.029526133399597927+0j)
0.16	0.0256	0.003469312296749336	0.030221302141336396	0.0	(0.030221302141336396+0j)
0.162	0.026244	0.0035260249111427567	0.030924119563580755	0.0	(0.030924119563580755+0j)
0.164	0.026896000000000003	0.003582358001991874	0.03163457142676795	0.0	(0.03163457142676795+0j)
0.166	0.027556000000000004	0.0036382962947437802	0.03235264425593691	0.0	(0.03235264425593691+0j)
0.168	0.028224000000000003	0.0036938252185767196	0.03307832531604411	0.0	(0.03307832531604411+0j)
0.17	0.028900000000000006	0.0037489309022242043	0.033811602589883534	0.0	(0.033811602589883534+0j)
0.17200000000000001	0.029584000000000006	0.003803600168915268	0.03455246475822431	0.0	(0.03455246475822431+0j)
0.17400000000000002	0.030276000000000004	0.0038578205304668953	0.03530090118185689	0.0	(0.03530090118185689+0j)
0.176	0.030975999999999997	0.003911580180565287	0.036056901885273086	0.0	(0.036056901885273086+0j)
0.178	0.031684	0.003964867987273333	0.03682045754178197	0.0	(0.03682045754178197+0j)
0.18	0.0324	0.004017673484802095	0.037591559459927135	0.0	(0.037591559459927135+0j)
0.182	0.033124	0.004069986864584503	0.03837019957114111	0.0	(0.03837019957114111+0j)
0.184	0.033856	0.00412179896568974	0.03915637041866577	0.0	(0.03915637041866577+0j)
0.186	0.034596	0.004173101264616972	0.03995006514787933	0.0	(0.03995006514787933+0j)
0.188	0.035344	0.004223885864507089	0.040751277498318056	0.0	(0.040751277498318056+0j)
0.19	0.0361	0.00427414548381117	0.04156000179789711	0.0	(0.04156000179789711+0j)
0.192	0.036864	0.004323873444454142	0.042376232960150084	0.0	(0.042376232960150084+0j)
0.194	0.037636	0.004373063659531983	0.043199966485803876	0.0	(0.043199966485803876+0j)
0.196	0.038416000000000006	0.0044217106205804236	0.044031198470808705	0.0	(0.044031198470808705+0j)
0.198	0.039204	0.004469809384452717	0.04486992562429764	0.0	(0.04486992562429764+0j)
0.2	0.04000000000000001	0.004517355559843599	0.04571614530230297	0.0	(0.04571614530230297+0j)
0.202	0.04080400000000001	0.004564345293495945	0.04656985556739498	0.0	(0.04656985556739498+0j)
0.20400000000000001	0.04161600000000001	0.0046107752561260346	0.04743105529259512	0.0	(0.04743105529259512+0j)
0.20600000000000002	0.04243600000000001	0.004656642628102626	0.048299744344501856	0.0	(0.048299744344501856+0j)
0.20800000000000002	0.04326400000000001	0.004701945084914278	0.049175923915960866	0.0	(0.049175923915960866+0j)
0.21	0.04409999999999999	0.004746680782458521	0.05005959716032221	0.0	(0.05005959716032221+0j)
0.212	0.044944	0.004790848342185636	0.0509507704859487	0.0	(0.0509507704859487+0j)
0.214	0.045795999999999996	0.004834446836128839	0.051849456456790226	0.0	(0.051849456456790226+0j)
0.216	0.046655999999999996	0.004877475771851728	0.052755681192053996	0.0	(0.052755681192053996+0j)
0.218	0.047524	0.004919935077342814	0.053669507180478214	0.0	(0.053669507180478214+0j)
0.22	0.0484	0.004961825085885935	0.054591128790475285	0.0	(0.054591128790475285+0j)
0.222	0.049284	0.005003146520934266	0.05552161862631887	0.0	(0.05552161862631887+0j)
0.224	0.050176000000000005	0.005043900481014521	0.056401730343009174	-2.1445170472482873e-05	(0.056401730343009174-2.1445170472482873e-05j)
0.226	0.051076	0.00508408842468684	0.056401730343009174	2.1445170472482873e-05	(0.056401730343009174+2.1445170472482873e-05j)
0.228	0.051984	0.005123712155584701	0.05739426684046624	0.0	(0.05739426684046624+0j)
0.23	0.0529	0.005162773807558027	0.05834664689146203	0.0	(0.05834664689146203+0j)
0.232	0.053824000000000004	0.005201275829941501	0.05930559255393887	0.0	(0.05930559255393887+0j)
0.234	0.054756000000000006	0.005239220972968928	0.06027178210779254	0.0	(0.06027178210779254+0j)
0.23600000000000002	0.05569600000000001	0.0052766122733532905	0.061245364433152094	0.0	(0.061245364433152094+0j)
0.23800000000000002	0.05664400000000001	0.005313453040050987	0.062226393033328435	0.0	(0.062226393033328435+0j)
0.24	0.0576	0.005349746840227549	0.06321489332198652	0.0	(0.06321489332198652+0j)
0.242	0.058564	0.005385497485440963	0.06421088008213242	0.0	(0.06421088008213242+0j)
0.244	0.059536	0.005420709018057614	0.06521436341208459	0.0	(0.06521436341208459+0j)
0.246	0.060516	0.0054553856979146316	0.06622535113415993	0.0	(0.06622535113415993+0j)
0.248	0.061503999999999996	0.00548953198924142	0.06724384989582106	0.0	(0.06724384989582106+0j)
0.25	0.0625	0.005523152547851894	0.06826986571947079	0.0	(0.06826986571947079+0j)
0.252	0.063504	0.005556252208617998	0.06930340429549234	0.0	(0.06930340429549234+0j)
0.254	0.064516	0.005588835973233927	0.07034447114607284	0.0	(0.07034447114607284+0j)
0.256	0.065536	0.005620908998279448	0.07139307171980189	0.0	(0.07139307171980189+0j)
0.258	0.066564	0.005652476583589746	0.07244921144724539	0.0	(0.07244921144724539+0j)
0.26	0.06760000000000001	0.005683544160938166	0.07351289577358787	0.0	(0.07351289577358787+0j)
0.262	0.06864400000000001	0.005714117283037329	0.0745841301773064	0.0	(0.0745841301773064+0j)
0.264	0.06969600000000001	0.005744201612863157	0.07566292018011007	0.0	(0.07566292018011007+0j)
0.266	0.07075600000000001	0.005773802913305405	0.07674927135127901	0.0	(0.07674927135127901+0j)
0.268	0.07182400000000001	0.005802927037147532	0.07784318930836318	0.0	(0.07784318930836318+0j)
0.27	0.0729	0.005831579917377828	0.07894467971549242	0.0	(0.07894467971549242+0j)
0.272	0.07398400000000001	0.0058597675578329796	0.08005374828010338	0.0	(0.08005374828010338+0j)
0.274	0.07507600000000002	0.005887496024174492	0.08117040074863527	0.0	(0.08117040074863527+0j)
0.276	0.07617600000000001	0.005914771435197643	0.08229464290156825	0.0	(0.08229464290156825+0j)
0.278	0.07728400000000002	0.005941599954472012	0.08342648054805311	0.0	(0.08342648054805311+0j)
0.28	0.07840000000000001	0.005967987782311933	0.08456591952032073	0.0	(0.08456591952032073+0j)
0.28200000000000003	0.07952400000000001	0.005993941148074632	0.08571296566799927	0.0	(0.08571296566799927+0j)
0.28400000000000003	0.08065600000000002	0.006019466302783259	0.08686762485242175	0.0	(0.08686762485242175+0j)
0.28600000000000003	0.08179600000000002	0.006044569512071436	0.08802990294101111	0.0	(0.08802990294101111+0j)
0.28800000000000003	0.08294400000000002	0.006069257049445496	0.08919980580176601	0.0	(0.08919980580176601+0j)
0.29	0.0841	0.0060935351898600875	0.09037733929790545	0.0	(0.09037733929790545+0j)
0.292	0.08526399999999999	0.006117410203602394	0.09156250928268256	0.0	(0.09156250928268256+0j)
0.294	0.08643599999999999	0.006140888350479837	0.0927553215943945	0.0	(0.0927553215943945+0j)
0.296	0.08761599999999999	0.006163975874305751	0.09395578205160143	0.0	(0.09395578205160143+0j)
0.298	0.088804	0.00618667899767719	0.09516389644854638	0.0	(0.09516389644854638+0j)
0.3	0.09	0.00620900391703873	0.09637967055081749	0.0	(0.09637967055081749+0j)
0.302	0.091204	0.006230956798025868	0.09760311009121363	0.0	(0.09760311009121363+0j)
0.304	0.092416	0.006252543771081379	0.09883422076584875	0.0	(0.09883422076584875+0j)
0.306	0.093636	0.0062737709273377636	0.1000730082304665	0.0	(0.1000730082304665+0j)
0.308	0.094864	0.006294644314758765	0.10131947809698799	0.0	(0.10131947809698799+0j)
0.31	0.0961	0.006315169934532789	0.10257363593027284	0.0	(0.10257363593027284+0j)
0.312	0.097344	0.006335353737710871	0.10383548724509818	0.0	(0.10383548724509818+0j)
0.314	0.098596	0.006355201622081819	0.10510503750334309	0.0	(0.10510503750334309+0j)
0.316	0.099856	0.006374719429277012	0.10638229211138843	0.0	(0.10638229211138843+0j)
0.318	0.101124	0.006393912942097308	0.10766725641770516	0.0	(0.10766725641770516+0j)
0.32	0.1024	0.006412787882054485	0.1089599357106512	0.0	(0.1089599357106512+0j)
0.322	0.10368400000000001	0.006431349907119606	0.1102603352164469	0.0	(0.1102603352164469+0j)
0.324	0.104976	0.0064496046096707135	0.11156846009733588	0.0	(0.11156846009733588+0j)
0.326	0.10627600000000001	0.006467557514632289	0.11288431544992826	0.0	(0.11288431544992826+0j)
0.328	0.10758400000000001	0.006485214077798933	0.11420790630370975	0.0	(0.11420790630370975+0j)
0.33	0.10890000000000001	0.006502579684335808	0.11553923761971023	0.0	(0.11553923761971023+0j)
0.332	0.11022400000000002	0.00651965964744842	0.11687831428933904	0.0	(0.11687831428933904+0j)
0.334	0.11155600000000002	0.006536459207214419	0.11822514113336982	0.0	(0.11822514113336982+0j)
0.336	0.11289600000000001	0.006552983529570215	0.11957972290105519	0.0	(0.11957972290105519+0j)
0.338	0.11424400000000001	0.006569237705445268	0.12094206426940575	0.0	(0.12094206426940575+0j)
0.34	0.11560000000000002	0.006585226750037065	0.12231216984257756	0.0	(0.12231216984257756+0j)
0.342	0.11696400000000001	0.006600955602219929	0.12369004415139431	0.0	(0.12369004415139431+0j)
0.34400000000000003	0.11833600000000002	0.0066164291240809105	0.12507569165298912	0.0	(0.12507569165298912+0j)
0.34600000000000003	0.11971600000000002	0.006631652100576179	0.12646911673056097	0.0	(0.12646911673056097+0j)
0.34800000000000003	0.12110400000000002	0.00664662923930151	0.12787032369322596	0.0	(0.12787032369322596+0j)
0.35000000000000003	0.12250000000000003	0.0066613651703705465	0.129279316775989	0.0	(0.129279316775989+0j)
0.352	0.12390399999999999	0.0066758644463947685	0.13069610013979585	0.0	(0.13069610013979585+0j)
0.354	0.12531599999999998	0.006690131542559199	0.1321206778716787	0.0	(0.1321206778716787+0j)
0.356	0.126736	0.006704170856788092	0.13355305398498693	0.0	(0.13355305398498693+0j)
0.358	0.128164	0.006717986709994998	0.1349932324197015	0.0	(0.1349932324197015+0j)
0.36	0.1296	0.00673158334641179	0.1364412170428099	0.0	(0.1364412170428099+0j)
0.362	0.131044	0.006744964933991411	0.13789701164876383	0.0	(0.13789701164876383+0j)
0.364	0.132496	0.006758135564879277	0.13936061995999768	0.0	(0.13936061995999768+0j)
0.366	0.133956	0.006771099255948464	0.1408320456274959	0.0	(0.1408320456274959+0j)
0.368	0.135424	0.006783859949393968	0.14231129223143177	0.0	(0.14231129223143177+0j)
0.37	0.1369	0.006796421513381529	0.14379836328183723	0.0	(0.14379836328183723+0j)
0.372	0.138384	0.006808787742746662	0.1452932622193399	0.0	(0.1452932622193399+0j)
0.374	0.139876	0.00682096235973975	0.1467959924159293	0.0	(0.1467959924159293+0j)
0.376	0.141376	0.00683294901481319	0.14830655717576122	0.0	(0.14830655717576122+0j)
0.378	0.142884	0.006844751287446789	0.14982495973600182	0.0	(0.14982495973600182+0j)
0.38	0.1444	0.006856372687007759	0.15135120326770554	0.0	(0.15135120326770554+0j)
0.382	0.145924	0.006867816653641847	0.15288529087670832	0.0	(0.15288529087670832+0j)
0.384	0.147456	0.006879086559192266	0.15442722560456246	0.0	(0.15442722560456246+0j)
0.386	0.14899600000000002	0.006890185708143298	0.1559770104294802	0.0	(0.1559770104294802+0j)
0.388	0.150544	0.006901117338585562	0.15753464826730465	0.0	(0.15753464826730465+0j)
0.39	0.1521	0.006911884623200134	0.15910014197248815	0.0	(0.15910014197248815+0j)
0.392	0.15366400000000002	0.006922490670258788	0.1606734943390939	0.0	(0.1606734943390939+0j)
0.394	0.155236	0.006932938524637872	0.1622547081018065	0.0	(0.1622547081018065+0j)
0.396	0.156816	0.006943231168843391	0.16384378593694296	0.0	(0.16384378593694296+0j)
0.398	0.15840400000000002	0.006953371524045026	0.165440730463479	0.0	(0.165440730463479+0j)
0.4	0.16000000000000003	0.006963362451117005	0.16704554424408646	0.0	(0.16704554424408646+0j)
0.402	0.16160400000000003	0.006973206751683789	0.16865822978615053	0.0	(0.16865822978615053+0j)
0.404	0.16321600000000003	0.006982907169168737	0.1702787895428155	0.0	(0.1702787895428155+0j)
0.406	0.164836	0.006992466389843968	0.17190722591401145	0.0	(0.17190722591401145+0j)
0.40800000000000003	0.16646400000000003	0.007001887043879816	0.17354354124749083	0.0	(0.17354354124749083+0j)
0.41000000000000003	0.16810000000000003	0.007011171706392335	0.1751877378398435	0.0	(0.1751877378398435+0j)
0.41200000000000003	0.16974400000000003	0.007020322898487473	0.17683981793752526	0.0	(0.17683981793752526+0j)
0.41400000000000003	0.17139600000000002	0.007029343088300537	0.17849978373788333	0.0	(0.17849978373788333+0j)
0.41600000000000004	0.17305600000000004	0.007038234692029843	0.18016763739015637	0.0	(0.18016763739015637+0j)
0.418	0.174724	0.007047000074963312	0.18184338099646502	0.0	(0.18184338099646502+0j)
0.42	0.17639999999999997	0.007055641552497087	0.18352701661282445	0.0	(0.18352701661282445+0j)
0.422	0.178084	0.007064161391145177	0.1852185462501122	0.0	(0.1852185462501122+0j)
0.424	0.179776	0.007072561809539276	0.18691797187504058	0.0	(0.18691797187504058+0j)
0.426	0.181476	0.007080844979417984	0.18862529541111933	0.0	(0.18862529541111933+0j)
0.428	0.18318399999999999	0.007089013026604726	0.19034051873960342	0.0	(0.19034051873960342+0j)
0.43	0.18489999999999998	0.00709706803197372	0.19206364370041606	0.0	(0.19206364370041606+0j)
0.432	0.18662399999999998	0.007105012032403433	0.19379467209308035	0.0	(0.19379467209308035+0j)
0.434	0.188356	0.007112847021717007	0.19553360567763112	0.0	(0.19553360567763112+0j)
0.436	0.190096	0.007120574951609242	0.19728044617548768	0.0	(0.19728044617548768+0j)
0.438	0.191844	0.007128197732559686	0.19903519527034988	0.0	(0.19903519527034988+0j)
0.44	0.1936	0.007135717234731543	0.20079785460906333	0.0	(0.20079785460906333+0j)
0.442	0.195364	0.007143135288856094	0.2025684258024487	0.0	(0.2025684258024487+0j)
0.444	0.197136	0.007150453687102374	0.2043469104261588	0.0	(0.2043469104261588+0j)
0.446	0.198916	0.007157674183931937	0.20613331002147892	0.0	(0.20613331002147892+0j)
0.448	0.20070400000000002	0.007164798496938508	0.20792762609613835	0.0	(0.20792762609613835+0j)
0.45	0.2025	0.007171828307672452	0.2097298601250968	0.0	(0.2097298601250968+0j)
0.452	0.204304	0.0071787652624499265	0.21154001355131416	0.0	(0.21154001355131416+0j)
0.454	0.20611600000000002	0.007185610973146704	0.21335808778650792	0.0	(0.21335808778650792+0j)
0.456	0.207936	0.007192367017976611	0.21518408421188628	0.0	(0.21518408421188628+0j)
0.458	0.209764	0.00719903494225463	0.2170180041788918	0.0	(0.2170180041788918+0j)
0.46	0.2116	0.0072056162591446395	0.21885984900988856	0.0	(0.21885984900988856+0j)
0.462	0.21344400000000002	0.007212112450391916	0.22070961999887062	0.0	(0.22070961999887062+0j)
0.464	0.21529600000000002	0.007218524967040434	0.22256731841213323	0.0	(0.22256731841213323+0j)
0.466	0.21715600000000002	0.007224855230135052	0.22443294548894546	0.0	(0.22443294548894546+0j)
0.468	0.21902400000000002	0.007231104631408759	0.22630650244218758	0.0	(0.22630650244218758+0j)
0.47000000000000003	0.22090000000000004	0.007237274533955054	0.22818799045899565	0.0	(0.22818799045899565+0j)
0.47200000000000003	0.22278400000000004	0.007243366272885639	0.23007741070137175	0.0	(0.23007741070137175+0j)
0.47400000000000003	0.22467600000000004	0.0072493811559735995	0.2319747643067982	0.0	(0.2319747643067982+0j)
0.47600000000000003	0.22657600000000003	0.007255320464282209	0.23388005238881593	0.0	(0.23388005238881593+0j)
0.47800000000000004	0.22848400000000005	0.007261185452779586	0.23579327603761271	0.0	(0.23579327603761271+0j)
0.48	0.2304	0.007266977350939373	0.23771443632057895	0.0	(0.23771443632057895+0j)
0.482	0.23232399999999997	0.007272697363327649	0.23964353428286092	0.0	(0.23964353428286092+0j)
0.484	0.234256	0.007278346670176293	0.2415805709478911	0.0	(0.2415805709478911+0j)
0.486	0.236196	0.007283926427943014	0.24352554731791745	0.0	(0.24352554731791745+0j)
0.488	0.238144	0.0072894377698582615	0.2454784643745077	0.0	(0.2454784643745077+0j)
0.49	0.24009999999999998	0.007294881806459266	0.24743932307904817	0.0	(0.24743932307904817+0j)
0.492	0.242064	0.007300259626111419	0.24940812437322435	0.0	(0.24940812437322435+0j)
0.494	0.244036	0.007305572295517242	0.2513848691795081	0.0	(0.2513848691795081+0j)
0.496	0.24601599999999998	0.007310820860213186	0.2533695584015962	0.0	(0.2533695584015962+0j)
0.498	0.248004	0.007316006345054479	0.2553621929248765	0.0	(0.2553621929248765+0j)
0.5	0.25	0.00732112975468828	0.25736277361685955	0.0	(0.25736277361685955+0j)
0.502	0.252004	0.0073261920740153854	0.2593713013275988	0.0	(0.2593713013275988+0j)
0.504	0.254016	0.007331194268640705	0.26138777689011977	0.0	(0.26138777689011977+0j)
0.506	0.256036	0.0073361372853127695	0.26341220112081254	0.0	(0.26341220112081254+0j)
0.508	0.258064	0.0073410220523524895	0.2654445748198285	0.0	(0.2654445748198285+0j)
0.51	0.2601	0.007345849480071427	0.26748489877147164	0.0	(0.26748489877147164+0j)
0.512	0.262144	0.007350620461179787	0.26953317374456015	0.0	(0.26953317374456015+0j)
0.514	0.264196	0.007355335871184395	0.27158940049280467	0.0	(0.27158940049280467+0j)
0.516	0.266256	0.0073599965687768535	0.27365357975515975	0.0	(0.27365357975515975+0j)
0.518	0.268324	0.007364603396212144	0.27572571225616255	0.0	(0.27572571225616255+0j)
0.52	0.27040000000000003	0.007369157179677871	0.27780579870626687	0.0	(0.27780579870626687+0j)
0.522	0.272484	0.007373658729654398	0.2798938398021936	0.0	(0.2798938398021936+0j)
0.524	0.27457600000000004	0.007378108841266062	0.2819898362272283	0.0	(0.2819898362272283+0j)
0.526	0.27667600000000003	0.007382508294623718	0.284093788651538	0.0	(0.284093788651538+0j)
0.528	0.27878400000000003	0.007386857855158796	0.2862056977324764	0.0	(0.2862056977324764+0j)
0.53	0.28090000000000004	0.007391158273949105	0.2883255641148873	0.0	(0.2883255641148873+0j)
0.532	0.28302400000000005	0.007395410288036565	0.290453388431371	0.0	(0.290453388431371+0j)
0.534	0.285156	0.007399614620737094	0.29258917130259154	0.0	(0.29258917130259154+0j)
0.536	0.28729600000000005	0.007403771981942827	0.29473291333752805	0.0	(0.29473291333752805+0j)
0.538	0.28944400000000003	0.007407883068416872	0.29688461513373954	0.0	(0.29688461513373954+0j)
0.54	0.2916	0.00741194856408078	0.2990442772776542	0.0	(0.2990442772776542+0j)
0.542	0.293764	0.007415969140294949	0.3012119003447806	0.0	(0.3012119003447806+0j)
0.544	0.29593600000000003	0.007419945456132089	0.30338748489998313	0.0	(0.30338748489998313+0j)
0.546	0.29811600000000005	0.007423878158643983	0.30557103149770576	0.0	(0.30557103149770576+0j)
0.548	0.30030400000000007	0.007427767883121665	0.30776254068221215	0.0	(0.30776254068221215+0j)
0.55	0.30250000000000005	0.0074316152533492495	0.3099620129878139	0.0	(0.3099620129878139+0j)
0.552	0.30470400000000003	0.007435420881851495	0.3121694489390871	0.0	(0.3121694489390871+0j)
0.554	0.3069160000000001	0.007439185370135348	0.31438484905109	0.0	(0.31438484905109+0j)
0.556	0.3091360000000001	0.00744290930892556	0.31660821382957055	0.0	(0.31660821382957055+0j)
0.558	0.3113640000000001	0.007446593278394579	0.3188395437711818	0.0	(0.3188395437711818+0j)
0.56	0.31360000000000005	0.007450237848386832	0.3210788393636671	0.0	(0.3210788393636671+0j)
0.562	0.31584400000000007	0.0074538435786375675	0.32332610108606247	0.0	(0.32332610108606247+0j)
0.5640000000000001	0.31809600000000005	0.007457411018986386	0.32558132940888684	0.0	(0.32558132940888684+0j)
0.5660000000000001	0.3203560000000001	0.007460940709585612	0.3278445247943247	0.0	(0.3278445247943247+0j)
0.5680000000000001	0.3226240000000001	0.007464433181103637	0.3301156876963999	0.0	(0.3301156876963999+0j)
0.5700000000000001	0.3249000000000001	0.007467888954923352	0.33239481856116826	0.0	(0.33239481856116826+0j)
0.5720000000000001	0.3271840000000001	0.007471308543335835	0.33468191782687023	0.0	(0.33468191782687023+0j)
0.5740000000000001	0.3294760000000001	0.007474692449729372	0.33697698592410946	0.0	(0.33697698592410946+0j)
0.5760000000000001	0.33177600000000007	0.007478041168773975	0.33928002327600787	0.0	(0.33928002327600787+0j)
0.578	0.33408399999999994	0.007481355186601487	0.34159103029837395	0.0	(0.34159103029837395+0j)
0.58	0.3364	0.007484634980981415	0.34391000739984395	0.0	(0.34391000739984395+0j)
0.582	0.33872399999999997	0.0074878810214925725	0.3462369549820469	0.0	(0.3462369549820469+0j)
0.584	0.34105599999999997	0.007491093769690676	0.3485718734397396	0.0	(0.3485718734397396+0j)
0.586	0.343396	0.0074942736792719695	0.35091476316096265	0.0	(0.35091476316096265+0j)
0.588	0.34574399999999994	0.007497421196233013	0.35326562452716476	0.0	(0.35326562452716476+0j)
0.59	0.34809999999999997	0.007500536759026707	0.3556244579133563	0.0	(0.3556244579133563+0j)
0.592	0.35046399999999994	0.007503620798714662	0.35799126368822776	0.0	(0.35799126368822776+0j)
0.594	0.352836	0.007506673739116022	0.3603660422142905	0.0	(0.3603660422142905+0j)
0.596	0.355216	0.0075096959969528105	0.3627487938479935	0.0	(0.3627487938479935+0j)
0.598	0.357604	0.007512687981991909	0.36513951893985896	0.0	(0.36513951893985896+0j)
0.6	0.36	0.007515650097183742	0.3675382178345968	0.0	(0.3675382178345968+0j)
0.602	0.36240399999999995	0.007518582738797768	0.36994489087121946	0.0	(0.36994489087121946+0j)
0.604	0.364816	0.007521486296554846	0.37235953838315416	0.0	(0.37235953838315416+0j)
0.606	0.367236	0.007524361153756557	0.3747821606983753	0.0	(0.3747821606983753+0j)
0.608	0.369664	0.0075272076874115905	0.37721275813949	0.0	(0.37721275813949+0j)
0.61	0.3721	0.0075300262683592085	0.3796513310238613	0.0	(0.3796513310238613+0j)
0.612	0.374544	0.007532817261389942	0.3820978796637014	0.0	(0.3820978796637014+0j)
0.614	0.376996	0.007535581025363513	0.38455240436617605	0.0	(0.38455240436617605+0j)
0.616	0.379456	0.007538317913324118	0.38701490543351563	0.0	(0.38701490543351563+0j)
0.618	0.381924	0.0075410282726130935	0.3894853831630926	0.0	(0.3894853831630926+0j)
0.62	0.3844	0.007543712444979056	0.39196383784754396	0.0	(0.39196383784754396+0j)
0.622	0.386884	0.007546370766685572	0.39445026977483555	0.0	(0.39445026977483555+0j)
0.624	0.389376	0.007549003568616423	0.39694467922836446	0.0	(0.39694467922836446+0j)
0.626	0.391876	0.007551611176378521	0.39944706648705225	0.0	(0.39944706648705225+0j)
0.628	0.394384	0.007554193910402547	0.4019574318254261	0.0	(0.4019574318254261+0j)
0.63	0.39690000000000003	0.007556752086041344	0.40447577551371144	0.0	(0.40447577551371144+0j)
0.632	0.399424	0.00755928601366616	0.4070020978178999	0.0	(0.4070020978178999+0j)
0.634	0.40195600000000004	0.007561795998760754	0.40953639899983296	0.0	(0.40953639899983296+0j)
0.636	0.404496	0.007564282342013442	0.41207867931729913	0.0	(0.41207867931729913+0j)
0.638	0.407044	0.007566745339407132	0.4146289390240955	0.0	(0.4146289390240955+0j)
0.64	0.4096	0.007569185282307394	0.417187178370099	0.0	(0.417187178370099+0j)
0.642	0.41216400000000003	0.007571602457548611	0.41975339760135083	0.0	(0.41975339760135083+0j)
0.644	0.41473600000000005	0.007573997147518266	0.42232759696012406	0.0	(0.42232759696012406+0j)
0.646	0.417316	0.0075763696302394035	0.42490977668499835	0.0	(0.42490977668499835+0j)
0.648	0.419904	0.007578720179451319	0.4274999370109211	0.0	(0.4274999370109211+0j)
0.65	0.42250000000000004	0.007581049064688505	0.4300980781692741	0.0	(0.4300980781692741+0j)
0.652	0.42510400000000004	0.007583356551357919	0.43270420038795965	0.0	(0.43270420038795965+0j)
0.654	0.42771600000000004	0.007585642900814585	0.43531830389143533	0.0	(0.43531830389143533+0j)
0.656	0.43033600000000005	0.0075879083704356014	0.4379403889007956	0.0	(0.4379403889007956+0j)
0.658	0.432964	0.007590153213692564	0.44057045563382935	0.0	(0.44057045563382935+0j)
0.66	0.43560000000000004	0.007592377680222464	0.44320850430508263	0.0	(0.44320850430508263+0j)
0.662	0.438244	0.007594582015897088	0.445854535125914	0.0	(0.445854535125914+0j)
0.664	0.44089600000000007	0.007596766462890953	0.44850854830455	0.0	(0.44850854830455+0j)
0.666	0.44355600000000006	0.007598931259747822	0.4511705440461547	0.0	(0.4511705440461547+0j)
0.668	0.44622400000000007	0.007601076641445826	0.45384052255286234	0.0	(0.45384052255286234+0j)
0.67	0.4489000000000001	0.007603202839461229	0.4565184840238589	0.0	(0.4565184840238589+0j)
0.672	0.45158400000000004	0.007605310081830854	0.45920442865540717	0.0	(0.45920442865540717+0j)
0.674	0.45427600000000007	0.007607398593213247	0.46189835664091883	0.0	(0.46189835664091883+0j)
0.676	0.45697600000000005	0.007609468594948533	0.46460026817100597	0.0	(0.46460026817100597+0j)
0.678	0.45968400000000004	0.007611520305117076	0.4673101634335104	0.0	(0.4673101634335104+0j)
0.68	0.4624000000000001	0.007613553938596909	0.470028042613575	0.0	(0.470028042613575+0j)
0.682	0.4651240000000001	0.007615569707119997	0.4727539058936731	0.0	(0.4727539058936731+0j)
0.684	0.46785600000000005	0.00761756781932736	0.4754877534536743	0.0	(0.4754877534536743+0j)
0.686	0.47059600000000007	0.007619548480823038	0.47822958547087224	0.0	(0.47822958547087224+0j)
0.6880000000000001	0.4733440000000001	0.007621511894227011	0.48097940212003804	0.0	(0.48097940212003804+0j)
0.6900000000000001	0.4761000000000001	0.0076234582592270015	0.48373720357346867	0.0	(0.48373720357346867+0j)
0.6920000000000001	0.47886400000000007	0.00762538777262925	0.48650299000101804	0.0	(0.48650299000101804+0j)
0.6940000000000001	0.48163600000000006	0.007627300628408272	0.4892767615701472	0.0	(0.4892767615701472+0j)
0.6960000000000001	0.48441600000000007	0.0076291970177556085	0.4920585184459655	0.0	(0.4920585184459655+0j)
0.6980000000000001	0.4872040000000001	0.007631077129127603	0.4948482607912674	0.0	(0.4948482607912674+0j)
0.7000000000000001	0.4900000000000001	0.007632941148292214	0.49764598876657024	0.0	(0.49764598876657024+0j)
0.7020000000000001	0.4928040000000001	0.007634789258374915	0.5004517025301664	0.0	(0.5004517025301664+0j)
0.704	0.49561599999999995	0.007636621639903669	0.503265402238146	0.0	(0.503265402238146+0j)
0.706	0.49843599999999993	0.007638438470853013	0.5060870880444367	0.0	(0.5060870880444367+0j)
0.708	0.5012639999999999	0.007640239926687276	0.508916760100848	0.0	(0.508916760100848+0j)
0.71	0.5041	0.007642026180402951	0.5117544185571081	0.0	(0.5117544185571081+0j)
0.712	0.506944	0.0076437974025702175	0.5146000635608814	0.0	(0.5146000635608814+0j)
0.714	0.5097959999999999	0.007645553761373672	0.5174536952578199	0.0	(0.5174536952578199+0j)
0.716	0.512656	0.007647295422652253	0.5203153137916043	0.0	(0.5203153137916043+0j)
0.718	0.515524	0.007649022549938381	0.5231849193039443	0.0	(0.5231849193039443+0j)
0.72	0.5184	0.007650735304496359	0.5260625119346588	0.0	(0.5260625119346588+0j)
0.722	0.521284	0.007652433845360007	0.5289480918216549	0.0	(0.5289480918216549+0j)
0.724	0.524176	0.007654118329369583	0.5318416591010074	0.0	(0.5318416591010074+0j)
0.726	0.527076	0.007655788911207998	0.5347432139069687	0.0	(0.5347432139069687+0j)
0.728	0.529984	0.007657445743436313	0.5376527563719858	0.0	(0.5376527563719858+0j)
0.73	0.5328999999999999	0.007659088976528583	0.5405702866267497	0.0	(0.5405702866267497+0j)
0.732	0.535824	0.00766071875890602	0.543495804800232	0.0	(0.543495804800232+0j)
0.734	0.538756	0.007662335236970504	0.5464293110196885	0.0	(0.5464293110196885+0j)
0.736	0.541696	0.0076639385551374685	0.5493708054107121	0.0	(0.5493708054107121+0j)
0.738	0.544644	0.007665528855868152	0.5523202880972389	0.0	(0.5523202880972389+0j)
0.74	0.5476	0.007667106279701249	0.5552777592016024	0.0	(0.5552777592016024+0j)
0.742	0.5505639999999999	0.007668670965283952	0.558243218844542	0.0	(0.558243218844542+0j)
0.744	0.553536	0.007670223049402433	0.5612166671452287	0.0	(0.5612166671452287+0j)
0.746	0.556516	0.007671762667011724	0.5641981042213174	0.0	(0.5641981042213174+0j)
0.748	0.559504	0.007673289951265063	0.5671875301889443	0.0	(0.5671875301889443+0j)
0.75	0.5625	0.007674805033542681	0.5701849451627699	0.0	(0.5701849451627699+0j)
0.752	0.565504	0.007676308043480059	0.5731903492560069	0.0	(0.5731903492560069+0j)
0.754	0.568516	0.007677799108995657	0.5762037425804456	0.0	(0.5762037425804456+0j)
0.756	0.571536	0.007679278356318135	0.5792251252464699	0.0	(0.5792251252464699+0j)
0.758	0.574564	0.007680745910013062	0.5822544973631113	0.0	(0.5822544973631113+0j)
0.76	0.5776	0.007682201893009154	0.5852918590380465	0.0	(0.5852918590380465+0j)
0.762	0.580644	0.007683646426624003	0.5883372103776423	0.0	(0.5883372103776423+0j)
0.764	0.583696	0.007685079630589356	0.5913905514869896	0.0	(0.5913905514869896+0j)
0.766	0.586756	0.0076865016230759295	0.5944518824699138	0.0	(0.5944518824699138+0j)
0.768	0.589824	0.007687912520717762	0.5975212034290251	0.0	(0.5975212034290251+0j)
0.77	0.5929	0.007689312438636133	0.60059851446573	0.0	(0.60059851446573+0j)
0.772	0.5959840000000001	0.00769070149046305	0.6036838156802731	0.0	(0.6036838156802731+0j)
0.774	0.599076	0.007692079788364305	0.6067771071717736	0.0	(0.6067771071717736+0j)
0.776	0.602176	0.007693447443062121	0.6098783890382685	0.0	(0.6098783890382685+0j)
0.778	0.605284	0.0076948045638573865	0.6129876613767	0.0	(0.6129876613767+0j)
0.78	0.6084	0.007696151258651496	0.616104924283022	0.0	(0.616104924283022+0j)
0.782	0.6115240000000001	0.007697487633967797	0.6192301778521799	0.0	(0.6192301778521799+0j)
0.784	0.6146560000000001	0.007698813794972656	0.6223634221781872	0.0	(0.6223634221781872+0j)
0.786	0.617796	0.00770012984549615	0.6255046573541629	0.0	(0.6255046573541629+0j)
0.788	0.620944	0.00770143588805239	0.6286538834723718	0.0	(0.6286538834723718+0j)
0.79	0.6241000000000001	0.007702732023859483	0.6318111006242623	0.0	(0.6318111006242623+0j)
0.792	0.627264	0.007704018352859147	0.6349763089005526	0.0	(0.6349763089005526+0j)
0.794	0.6304360000000001	0.007705294973735978	0.638149508391265	0.0	(0.638149508391265+0j)
0.796	0.6336160000000001	0.007706561983936367	0.6413306991857766	0.0	(0.6413306991857766+0j)
0.798	0.636804	0.007707819479687113	0.6445198813729155	0.0	(0.6445198813729155+0j)
0.8	0.6400000000000001	0.007709067556013684	0.6477170550410107	0.0	(0.6477170550410107+0j)
0.802	0.6432040000000001	0.007710306306758165	0.6509222202779711	0.0	(0.6509222202779711+0j)
0.804	0.6464160000000001	0.00771153582459691	0.6541353771713809	0.0	(0.6541353771713809+0j)
0.806	0.6496360000000001	0.007712756201057872	0.6573565258085601	0.0	(0.6573565258085601+0j)
0.808	0.6528640000000001	0.00771396752653763	0.6605856662767008	0.0	(0.6605856662767008+0j)
0.81	0.6561000000000001	0.0077151698903181395	0.6638227986629375	0.0	(0.6638227986629375+0j)
0.812	0.659344	0.007716363380583182	0.6670679230544908	0.0	(0.6670679230544908+0j)
0.8140000000000001	0.6625960000000001	0.0077175480844345265	0.6703210395387575	0.0	(0.6703210395387575+0j)
0.8160000000000001	0.6658560000000001	0.0077187240879078335	0.6735821482034865	0.0	(0.6735821482034865+0j)
0.8180000000000001	0.669124	0.007719891475988269	0.6768512491368694	0.0	(0.6768512491368694+0j)
0.8200000000000001	0.6724000000000001	0.0077210503326258575	0.6801283424277641	0.0	(0.6801283424277641+0j)
0.8220000000000001	0.6756840000000001	0.007722200740750581	0.6834134281657757	0.0	(0.6834134281657757+0j)
0.8240000000000001	0.6789760000000001	0.00772334278228721	0.6867065064415424	0.0	(0.6867065064415424+0j)
0.8260000000000001	0.6822760000000001	0.007724476538169896	0.6900075773468279	0.0	(0.6900075773468279+0j)
0.8280000000000001	0.6855840000000001	0.007725602088356501	0.6933166409748421	0.0	(0.6933166409748421+0j)
0.8300000000000001	0.6889000000000001	0.007726719511842705	0.6966336974203532	0.0	(0.6966336974203532+0j)
0.8320000000000001	0.6922240000000002	0.007727828886675863	0.699958746780036	0.0	(0.699958746780036+0j)
0.834	0.695556	0.007728930289968633	0.7032917891526625	0.0	(0.7032917891526625+0j)
0.836	0.698896	0.007730023797912377	0.7066328246394283	0.0	(0.7066328246394283+0j)
0.838	0.702244	0.00773110948579034	0.7099818533442316	0.0	(0.7099818533442316+0j)
0.84	0.7055999999999999	0.007732187427990606	0.7133388753740055	0.0	(0.7133388753740055+0j)
0.842	0.7089639999999999	0.007733257698018839	0.7167038908390724	0.0	(0.7167038908390724+0j)
0.844	0.712336	0.0077343203685108185	0.7200768998534763	0.0	(0.7200768998534763+0j)
0.846	0.7157159999999999	0.0077353755112447575	0.7234579025354076	0.0	(0.7234579025354076+0j)
0.848	0.719104	0.007736423197153429	0.7268468990076151	0.0	(0.7268468990076151+0j)
0.85	0.7224999999999999	0.0077374634963360885	0.7302438893978122	0.0	(0.7302438893978122+0j)
0.852	0.725904	0.007738496478070191	0.7336488738391844	0.0	(0.7336488738391844+0j)
0.854	0.729316	0.007739522210822938	0.7370618524708196	0.0	(0.7370618524708196+0j)
0.856	0.7327359999999999	0.00774054076226261	0.740482825438286	0.0	(0.740482825438286+0j)
0.858	0.7361639999999999	0.007741552199269737	0.7439117928941258	0.0	(0.7439117928941258+0j)
0.86	0.7395999999999999	0.007742556587948072	0.7473487549984315	0.0	(0.7473487549984315+0j)
0.862	0.7430439999999999	0.0077435539936353956	0.7507937119194428	0.0	(0.7507937119194428+0j)
0.864	0.7464959999999999	0.007744544480914137	0.7542466638341635	0.0	(0.7542466638341635+0j)
0.866	0.749956	0.007745528113621836	0.7577076109289648	0.0	(0.7577076109289648+0j)
0.868	0.753424	0.007746504954861422	0.7611765534003253	0.0	(0.7611765534003253+0j)
0.87	0.7569	0.007747475067011341	0.7646534914554413	0.0	(0.7646534914554413+0j)
0.872	0.760384	0.007748438511735507	0.7681384253129591	0.0	(0.7681384253129591+0j)
0.874	0.763876	0.00774939534999311	0.771631355203765	0.0	(0.771631355203765+0j)
0.876	0.767376	0.007750345642048251	0.7751322813716572	0.0	(0.7751322813716572+0j)
0.878	0.770884	0.007751289447479435	0.7786412040741585	0.0	(0.7786412040741585+0j)
0.88	0.7744	0.00775222682518891	0.7821581235833179	0.0	(0.7821581235833179+0j)
0.882	0.7779240000000001	0.007753157833411855	0.7856830401864948	0.0	(0.7856830401864948+0j)
0.884	0.781456	0.0077540825297254265	0.7892159541872175	0.0	(0.7892159541872175+0j)
0.886	0.784996	0.007755000971057659	0.7927568659059854	0.0	(0.7927568659059854+0j)
0.888	0.788544	0.0077559132136962305	0.796305775681159	0.0	(0.796305775681159+0j)
0.89	0.7921	0.007756819313297083	0.7998626838698092	0.0	(0.7998626838698092+0j)
0.892	0.795664	0.0077577193248929135	0.8034275908486012	0.0	(0.8034275908486012+0j)
0.894	0.7992360000000001	0.00775861330290153	0.8070004970147008	0.0	(0.8070004970147008+0j)
0.896	0.8028160000000001	0.00775950130113408	0.8105814027866829	0.0	(0.8105814027866829+0j)
0.898	0.806404	0.00776038337280314	0.8141703086054409	0.0	(0.8141703086054409+0j)
0.9	0.81	0.007761259570530699	0.8177672149351383	0.0	(0.8177672149351383+0j)
0.902	0.813604	0.0077621299463559975	0.8213721222641803	0.0	(0.8213721222641803+0j)
0.904	0.817216	0.007762994551743263	0.8249850311061947	0.0	(0.8249850311061947+0j)
0.906	0.820836	0.0077638534375893044	0.8286059420010218	0.0	(0.8286059420010218+0j)
0.908	0.8244640000000001	0.007764706654231021	0.8322348555158406	0.0	(0.8322348555158406+0j)
0.91	0.8281000000000001	0.0077655542514527606	0.8358717722461998	0.0	(0.8358717722461998+0j)
0.912	0.831744	0.007766396278493592	0.8395166928172332	0.0	(0.8395166928172332+0j)
0.914	0.835396	0.007767232784054454	0.8431696178848822	0.0	(0.8431696178848822+0j)
0.916	0.839056	0.007768063816305194	0.8468305481372461	0.0	(0.8468305481372461+0j)
0.918	0.842724	0.00776888942289151	0.8504994842960577	0.0	(0.8504994842960577+0j)
0.92	0.8464	0.007769709650941771	0.8541764271182349	0.0	(0.8541764271182349+0j)
0.922	0.8500840000000001	0.00777052454707375	0.8578613773977457	0.0	(0.8578613773977457+0j)
0.924	0.8537760000000001	0.007771334157401246	0.8615543359675595	0.0	(0.8615543359675595+0j)
0.926	0.8574760000000001	0.0077721385275406046	0.8652553037019681	0.0	(0.8652553037019681+0j)
0.928	0.8611840000000001	0.0077729377026171465	0.8689642815191946	0.0	(0.8689642815191946+0j)
0.93	0.8649000000000001	0.007773731727271498	0.8726812703844172	0.0	(0.8726812703844172+0j)
0.932	0.8686240000000001	0.007774520645665822	0.8764062713132809	0.0	(0.8764062713132809+0j)
0.934	0.8723560000000001	0.007775304501489961	0.880139285376011	0.0	(0.880139285376011+0j)
0.936	0.8760960000000001	0.007776083337967484	0.8838803137022774	0.0	(0.8838803137022774+0j)
0.9380000000000001	0.8798440000000001	0.007776857197861647	0.8876293574868519	0.0	(0.8876293574868519+0j)
0.9400000000000001	0.8836000000000002	0.007777626123481259	0.8913864179964485	0.0	(0.8913864179964485+0j)
0.9420000000000001	0.8873640000000002	0.0077783901566864724	0.8951514965777421	0.0	(0.8951514965777421+0j)
0.9440000000000001	0.8911360000000002	0.007779149338894476	0.8989245946670891	0.0	(0.8989245946670891+0j)
0.9460000000000001	0.8949160000000002	0.007779903711085102	0.9027057138020793	0.0	(0.9027057138020793+0j)
0.9480000000000001	0.8987040000000002	0.00778065331380637	0.9064948556355211	0.0	(0.9064948556355211+0j)
0.9500000000000001	0.9025000000000001	0.0077813981871799245	0.9102920219523696	0.0	(0.9102920219523696+0j)
0.9520000000000001	0.9063040000000001	0.007782138370906406	0.9140972146902593	0.0	(0.9140972146902593+0j)
0.9540000000000001	0.9101160000000001	0.007782873904270747	0.917910435964674	0.0	(0.917910435964674+0j)
0.9560000000000001	0.9139360000000002	0.007783604826147376	0.921731688099782	0.0	(0.921731688099782+0j)
0.9580000000000001	0.9177640000000001	0.007784331175005357	0.9255609736666218	0.0	(0.9255609736666218+0j)
0.96	0.9216	0.007785052988913457	0.9293982955305807	0.0	(0.9293982955305807+0j)
0.962	0.9254439999999999	0.0077857703055451265	0.9332436569110107	0.0	(0.9332436569110107+0j)
0.964	0.9292959999999999	0.00778648316218342	0.937097061456715	0.0	(0.937097061456715+0j)
0.966	0.933156	0.0077871915957258364	0.9409585133423491	0.0	(0.9409585133423491+0j)
0.968	0.937024	0.0077878956426891	0.944828017393244	0.0	(0.944828017393244+0j)
0.97	0.9409	0.00778859533921386	0.9487055792487311	0.0	(0.9487055792487311+0j)
0.972	0.944784	0.007789290721069331	0.9525912055793112	0.0	(0.9525912055793112+0j)
0.974	0.948676	0.0077899818236578655	0.9564849043800084	0.0	(0.9564849043800084+0j)
0.976	0.952576	0.007790668682019461	0.9603866853743205	0.0	(0.9603866853743205+0j)
0.978	0.956484	0.007791351330836194	0.964296560582744	0.0	(0.964296560582744+0j)
0.98	0.9603999999999999	0.007792029804436608	0.9682145451432677	0.0	(0.9682145451432677+0j)
0.982	0.964324	0.007792704136800027	0.9721406585312314	0.0	(0.9721406585312314+0j)
0.984	0.968256	0.007793374361560801	0.9760749264375274	0.0	(0.9760749264375274+0j)
0.986	0.972196	0.007794040512012514	0.9800173837848404	0.0	(0.9800173837848404+0j)
0.988	0.976144	0.0077947026211121085	0.9839680798280143	0.0	(0.9839680798280143+0j)
0.99	0.9801	0.007795360721483967	0.9879270873545192	0.0	(0.9879270873545192+0j)
0.992	0.9840639999999999	0.007796014845423926	0.9918945207288191	0.0	(0.9918945207288191+0j)
0.994	0.988036	0.007796665024903242	0.9958705755065208	0.0	(0.9958705755065208+0j)
0.996	0.992016	0.007797311291572502	0.9998556306664975	0.0	(0.9998556306664975+0j)
0.998	0.996004	0.0077979536767654655	1.0038505893988328	0.0	(1.0038505893988328+0j)
1.0	1.0	0.007798592211502872	1.0078587400564611	0.0	(1.0078587400564611+0j)
