-1.0	-1.0	-0.02928451901875312	-1.030125502491292	0.0	(-1.030125502491292+0j)
-0.99	-0.9801	-0.029232818105685534	-1.0100103235474494	0.0	(-1.0100103235474494+0j)
-0.98	-0.9603999999999999	-0.029179527225837065	-0.990164455008034	0.0	(-0.990164455008034+0j)
-0.97	-0.9409	-0.029124580685319697	-0.9705445820874636	0.0	(-0.9705445820874636+0j)
-0.96	-0.9216	-0.029067909403757492	-0.9511382529322788	0.0	(-0.9511382529322788+0j)
-0.9500000000000001	-0.9025000000000001	-0.029009440711741268	-0.9319401212715145	0.0	(-0.9319401212715145+0j)
-0.9400000000000001	-0.8836000000000002	-0.028949098135820216	-0.9129473754819317	0.0	(-0.9129473754819317+0j)
-0.93	-0.8649000000000001	-0.028886801170478496	-0.8941583317754336	0.0	(-0.8941583317754336+0j)
-0.92	-0.8464	-0.028822465036578558	-0.8755718802164697	0.0	(-0.8755718802164697+0j)
-0.91	-0.8281000000000001	-0.028756000425802404	-0.8571872298606679	0.0	(-0.8571872298606679+0j)
-0.9	-0.81	-0.028687313230689807	-0.839003778281403	0.0	(-0.839003778281403+0j)
-0.89	-0.7921	-0.028616304259961138	-0.8210210394713539	0.0	(-0.8210210394713539+0j)
-0.88	-0.7744	-0.028542868938926172	-0.8032386017394965	0.0	(-0.8032386017394965+0j)
-0.87	-0.7569	-0.02846689699492177	-0.785656102136396	0.0	(-0.785656102136396+0j)
-0.86	-0.7395999999999999	-0.02838827212789488	-0.7682732104907822	0.0	(-0.7682732104907822+0j)
-0.85	-0.7224999999999999	-0.02830687166645733	-0.7510896192641975	0.0	(-0.7510896192641975+0j)
-0.84	-0.7055999999999999	-0.028222566209988347	-0.734105037024984	0.0	(-0.734105037024984+0j)
-0.8300000000000001	-0.6889000000000001	-0.02813521925765573	-0.7173191842070935	0.0	(-0.7173191842070935+0j)
-0.8200000000000001	-0.6724000000000001	-0.02804468682556934	-0.7007317903124599	0.0	(-0.7007317903124599+0j)
-0.81	-0.6561000000000001	-0.0279508170536773	-0.6843425920127775	0.0	(-0.6843425920127775+0j)
-0.8	-0.6400000000000001	-0.02785344980446802	-0.6681513317930111	0.0	(-0.6681513317930111+0j)
-0.79	-0.6241000000000001	-0.027752416256055283	-0.6521577569017557	0.0	(-0.6521577569017557+0j)
-0.78	-0.6084	-0.027647538492800536	-0.6363616184569805	0.0	(-0.6363616184569805+0j)
-0.77	-0.5929	-0.02753862909726955	-0.6207626706140299	0.0	(-0.6207626706140299+0j)
-0.76	-0.5776	-0.027425490748031037	-0.6053606697438532	0.0	(-0.6053606697438532+0j)
-0.75	-0.5625	-0.02730791582858175	-0.5901553735983398	0.0	(-0.5901553735983398+0j)
-0.74	-0.5476	-0.027185686053526115	-0.5751465404602325	0.0	(-0.5751465404602325+0j)
-0.73	-0.5328999999999999	-0.027058572119044395	-0.5603339282881795	0.0	(-0.5603339282881795+0j)
-0.72	-0.5184	-0.02692633338564716	-0.5457172938762118	0.0	(-0.5457172938762118+0j)
-0.71	-0.5041	-0.026788717602228142	-0.5312963920518067	0.0	(-0.5312963920518067+0j)
-0.7000000000000001	-0.4900000000000001	-0.026645460681482186	-0.5170709749386115	0.0	(-0.5170709749386115+0j)
-0.6900000000000001	-0.4761000000000001	-0.026496286537837803	-0.5030407913103573	0.0	(-0.5030407913103573+0j)
-0.68	-0.4624000000000001	-0.02634090700014826	-0.4892055860615786	0.0	(-0.4892055860615786+0j)
-0.67	-0.4489000000000001	-0.02617902181247344	-0.4755650998191627	0.0	(-0.4755650998191627+0j)
-0.66	-0.43560000000000004	-0.026010318737343233	-0.4621190687171225	0.0	(-0.4621190687171225+0j)
-0.65	-0.42250000000000004	-0.025834473776897522	-0.4488672243552417	0.0	(-0.4488672243552417+0j)
-0.64	-0.4096	-0.02565115152821794	-0.43580929396065266	0.0	(-0.43580929396065266+0j)
-0.63	-0.39690000000000003	-0.025460005689970606	-0.42294500077016584	0.0	(-0.42294500077016584+0j)
-0.62	-0.3844	-0.025260679738131155	-0.41027406465015104	0.0	(-0.41027406465015104+0j)
-0.61	-0.3721	-0.025052807789025935	-0.3977962029699511	0.0	(-0.3977962029699511+0j)
-0.6	-0.36	-0.02483601566815492	-0.38551113174407153	0.0	(-0.38551113174407153+0j)
-0.59	-0.34809999999999997	-0.024609922203221744	-0.37341856705772014	0.0	(-0.37341856705772014+0j)
-0.58	-0.3364	-0.02437414075944035	-0.361518226789462	0.0	(-0.361518226789462+0j)
-0.5700000000000001	-0.3249000000000001	-0.024128281034473877	-0.3498098326436234	0.0	(-0.3498098326436234+0j)
-0.56	-0.31360000000000005	-0.023871951129247733	-0.3382931125036529	0.0	(-0.3382931125036529+0j)
-0.55	-0.30250000000000005	-0.023604759909325836	-0.3269678031155948	0.0	(-0.3269678031155948+0j)
-0.54	-0.2916	-0.023326319669511313	-0.3158336531081974	0.0	(-0.3158336531081974+0j)
-0.53	-0.28090000000000004	-0.023036249111799932	-0.30489042635265085	0.0	(-0.30489042635265085+0j)
-0.52	-0.27040000000000003	-0.022734176643752664	-0.2941379056604866	0.0	(-0.2941379056604866+0j)
-0.51	-0.2601	-0.022419744000746686	-0.2835758968125945	0.0	(-0.2835758968125945+0j)
-0.5	-0.25	-0.022092610191407576	-0.2732042329053052	0.0	(-0.2732042329053052+0j)
-0.49	-0.24009999999999998	-0.021752455760822974	-0.26302277899096255	0.0	(-0.26302277899096255+0j)
-0.48	-0.2304	-0.021398987360910195	-0.2530314369797644	0.0	(-0.2530314369797644+0j)
-0.47000000000000003	-0.22090000000000004	-0.021031942611587737	-0.24323015075658155	0.0	(-0.24323015075658155+0j)
-0.46	-0.2116	-0.02065109523023211	-0.2336189114497944	0.0	(-0.2336189114497944+0j)
-0.45	-0.2025	-0.020256260400350296	-0.2241977627674698	0.0	(-0.2241977627674698+0j)
-0.44	-0.1936	-0.01984730034354374	-0.21496680628633077	0.0	(-0.21496680628633077+0j)
-0.43	-0.18489999999999998	-0.019424130051779998	-0.20592620653472846	0.0	(-0.20592620653472846+0j)
-0.42	-0.17639999999999997	-0.018986723129834085	-0.19707619563898426	0.0	(-0.19707619563898426+0j)
-0.41000000000000003	-0.16810000000000003	-0.018535117690642998	-0.1884170771728039	0.0	(-0.1884170771728039+0j)
-0.4	-0.16000000000000003	-0.018069422239374397	-0.17994922858761742	0.0	(-0.17994922858761742+0j)
-0.39	-0.1521	-0.017589821475399583	-0.1716731010124848	0.0	(-0.1716731010124848+0j)
-0.38	-0.1444	-0.01709658193524468	-0.16358921372819707	0.0	(-0.16358921372819707+0j)
-0.37	-0.1369	-0.016590057394143938	-0.15569813638901528	0.0	(-0.15569813638901528+0j)
-0.36	-0.1296	-0.01607069393920838	-0.14800043798463425	0.0	(-0.14800043798463425+0j)
-0.35000000000000003	-0.12250000000000003	-0.015539034623626368	-0.1404965235183314	0.0	(-0.1404965235183314+0j)
-0.34	-0.11560000000000002	-0.014995723608896817	-0.13318594576399145	0.0	(-0.13318594576399145+0j)
-0.33	-0.10890000000000001	-0.014441509701022013	-0.1260620909969496	0.0	(-0.1260620909969496+0j)
-0.32	-0.1024	-0.013877249186997344	-0.119500599472538	-0.00025967231252386916	(-0.119500599472538-0.00025967231252386916j)
-0.31	-0.0961	-0.013303907879957791	-0.119500599472538	0.00025967231252386916	(-0.119500599472538+0.00025967231252386916j)
-0.3	-0.09	-0.012722562285075283	-0.11248857395277831	0.0	(-0.11248857395277831+0j)
-0.29	-0.0841	-0.012134399803821187	-0.10596599691248935	0.0	(-0.10596599691248935+0j)
-0.28	-0.07840000000000001	-0.011540717901553732	-0.09965273161015402	0.0	(-0.09965273161015402+0j)
-0.27	-0.0729	-0.01094292217256497	-0.093545398964186	0.0	(-0.093545398964186+0j)
-0.26	-0.06760000000000001	-0.010342523247690253	-0.0876449437926594	0.0	(-0.0876449437926594+0j)
-0.25	-0.0625	-0.009741132502266955	-0.08195333574936005	0.0	(-0.08195333574936005+0j)
-0.24	-0.0576	-0.009140456536508405	-0.07647311201561857	0.0	(-0.07647311201561857+0j)
-0.23	-0.0529	-0.008542290416069381	-0.07120728952372993	0.0	(-0.07120728952372993+0j)
-0.22	-0.0484	-0.007948509677515259	-0.0661593297754828	0.0	(-0.0661593297754828+0j)
-0.21	-0.04409999999999999	-0.007361061121321667	-0.06133305945831725	0.0	(-0.06133305945831725+0j)
-0.2	-0.04000000000000001	-0.0067819524336424925	-0.05673248062455528	0.0	(-0.05673248062455528+0j)
-0.19	-0.0361	-0.006213240697075704	-0.05236140532112363	0.0	(-0.05236140532112363+0j)
-0.18	-0.0324	-0.005657019869687212	-0.048222852842349596	0.0	(-0.048222852842349596+0j)
-0.17	-0.028900000000000006	-0.005115407330261133	-0.0443181681833174	0.0	(-0.0443181681833174+0j)
-0.16	-0.0256	-0.004590529605755659	-0.04064586963767463	0.0	(-0.04064586963767463+0j)
-0.15	-0.0225	-0.004084507413880615	-0.03720031823522428	0.0	(-0.03720031823522428+0j)
-0.14	-0.019600000000000003	-0.0035994401692014504	-0.03397041460777472	0.0	(-0.03397041460777472+0j)
-0.13	-0.016900000000000002	-0.0031373901148563227	-0.03093863972670994	0.0	(-0.03093863972670994+0j)
-0.12	-0.0144	-0.0027003662535135704	-0.028080810242711515	0.0	(-0.028080810242711515+0j)
-0.11	-0.0121	-0.002290308260291113	-0.025366855332880498	0.0	(-0.025366855332880498+0j)
-0.1	-0.010000000000000002	-0.0019090705667467942	-0.02276271011183347	0.0	(-0.02276271011183347+0j)
-0.09	-0.0081	-0.0015584068085147673	-0.020233104263291092	0.0	(-0.020233104263291092+0j)
-0.08	-0.0064	-0.0012399548295491392	-0.01774472709905586	0.0	(-0.01774472709905586+0j)
-0.07	-0.004900000000000001	-0.0009552224331466769	-0.015269117099657328	0.0	(-0.015269117099657328+0j)
-0.06	-0.0036	-0.000705574063920994	-0.012784724411555176	0.0	(-0.012784724411555176+0j)
-0.05	-0.0025000000000000005	-0.0004922185957285941	-0.010277868531751404	0.0	(-0.010277868531751404+0j)
-0.04	-0.0016	-0.00031619838830515556	-0.007742618707422371	0.0	(-0.007742618707422371+0j)
-0.03	-0.0009	-0.0001783797602322723	-0.005179837960012306	0.0	(-0.005179837960012306+0j)
-0.02	-0.0004	-7.944500804768495e-05	-0.002595706602582123	0.0	(-0.002595706602582123+0j)
-0.01	-0.0001	-1.988608115510715e-05	-6.459134442582393e-17	-0.030024900672865618	(-6.459134442582393e-17-0.030024900672865618j)
0.01	0.0001	1.988608115510715e-05	-6.459134442582393e-17	0.030024900672865618	(-6.459134442582393e-17+0.030024900672865618j)
0.02	0.0004	7.944500804768495e-05	0.0025957066025822065	0.0	(0.0025957066025822065+0j)
0.03	0.0009	0.0001783797602322723	0.005179837960012306	0.0	(0.005179837960012306+0j)
0.04	0.0016	0.00031619838830515556	0.007742618707422319	0.0	(0.007742618707422319+0j)
0.05	0.0025000000000000005	0.0004922185957285941	0.010277868531751373	0.0	(0.010277868531751373+0j)
0.06	0.0036	0.000705574063920994	0.012784724411555159	0.0	(0.012784724411555159+0j)
0.07	0.004900000000000001	0.0009552224331466769	0.015269117099657252	0.0	(0.015269117099657252+0j)
0.08	0.0064	0.0012399548295491392	0.017744727099055876	0.0	(0.017744727099055876+0j)
0.09	0.0081	0.0015584068085147673	0.020233104263291092	0.0	(0.020233104263291092+0j)
0.1	0.010000000000000002	0.0019090705667467942	0.022762710111833423	0.0	(0.022762710111833423+0j)
0.11	0.0121	0.002290308260291113	0.02536685533288038	0.0	(0.02536685533288038+0j)
0.12	0.0144	0.0027003662535135704	0.028080810242711387	0.0	(0.028080810242711387+0j)
0.13	0.016900000000000002	0.0031373901148563227	0.030938639726709932	0.0	(0.030938639726709932+0j)
0.14	0.019600000000000003	0.0035994401692014504	0.03397041460777469	0.0	(0.03397041460777469+0j)
0.15	0.0225	0.004084507413880615	0.037200318235224586	0.0	(0.037200318235224586+0j)
0.16	0.0256	0.004590529605755659	0.040645869637674595	0.0	(0.040645869637674595+0j)
0.17	0.028900000000000006	0.005115407330261133	0.044318168183317484	0.0	(0.044318168183317484+0j)
0.18	0.0324	0.005657019869687212	0.048222852842349714	0.0	(0.048222852842349714+0j)
0.19	0.0361	0.006213240697075704	0.052361405321123655	0.0	(0.052361405321123655+0j)
0.2	0.04000000000000001	0.0067819524336424925	0.05673248062455531	0.0	(0.05673248062455531+0j)
0.21	0.04409999999999999	0.007361061121321667	0.06133305945831753	0.0	(0.06133305945831753+0j)
0.22	0.0484	0.007948509677515259	0.06615932977548246	0.0	(0.06615932977548246+0j)
0.23	0.0529	0.008542290416069381	0.07120728952372954	0.0	(0.07120728952372954+0j)
0.24	0.0576	0.009140456536508405	0.07647311201561774	0.0	(0.07647311201561774+0j)
0.25	0.0625	0.009741132502266955	0.08195333574935985	0.0	(0.08195333574935985+0j)
0.26	0.06760000000000001	0.010342523247690253	0.08764494379265952	0.0	(0.08764494379265952+0j)
0.27	0.0729	0.01094292217256497	0.0935453989641855	0.0	(0.0935453989641855+0j)
0.28	0.07840000000000001	0.011540717901553732	0.0996527316101544	0.0	(0.0996527316101544+0j)
0.29	0.0841	0.012134399803821187	0.10596599691249012	0.0	(0.10596599691249012+0j)
0.3	0.09	0.012722562285075283	0.11248857395277842	0.0	(0.11248857395277842+0j)
0.31	0.0961	0.013303907879957791	0.11950059947253816	-0.0002596723125238428	(0.11950059947253816-0.0002596723125238428j)
0.32	0.1024	0.013877249186997344	0.11950059947253816	0.0002596723125238428	(0.11950059947253816+0.0002596723125238428j)
0.33	0.10890000000000001	0.014441509701022013	0.1260620909969502	0.0	(0.1260620909969502+0j)
0.34	0.11560000000000002	0.014995723608896817	0.13318594576399012	0.0	(0.13318594576399012+0j)
0.35000000000000003	0.12250000000000003	0.015539034623626368	0.14049652351833072	0.0	(0.14049652351833072+0j)
0.36	0.1296	0.01607069393920838	0.14800043798463436	0.0	(0.14800043798463436+0j)
0.37	0.1369	0.016590057394143938	0.15569813638901464	0.0	(0.15569813638901464+0j)
0.38	0.1444	0.01709658193524468	0.16358921372819804	0.0	(0.16358921372819804+0j)
0.39	0.1521	0.017589821475399583	0.17167310101248562	0.0	(0.17167310101248562+0j)
0.4	0.16000000000000003	0.018069422239374397	0.17994922858761744	0.0	(0.17994922858761744+0j)
0.41000000000000003	0.16810000000000003	0.018535117690642998	0.18841707717280368	0.0	(0.18841707717280368+0j)
0.42	0.17639999999999997	0.018986723129834085	0.19707619563898432	0.0	(0.19707619563898432+0j)
0.43	0.18489999999999998	0.019424130051779998	0.20592620653472693	0.0	(0.20592620653472693+0j)
0.44	0.1936	0.01984730034354374	0.2149668062863312	0.0	(0.2149668062863312+0j)
0.45	0.2025	0.020256260400350296	0.22419776276746836	0.0	(0.22419776276746836+0j)
0.46	0.2116	0.02065109523023211	0.23361891144979385	0.0	(0.23361891144979385+0j)
0.47000000000000003	0.22090000000000004	0.021031942611587737	0.2432301507565819	0.0	(0.2432301507565819+0j)
0.48	0.2304	0.021398987360910195	0.253031436979764	0.0	(0.253031436979764+0j)
0.49	0.24009999999999998	0.021752455760822974	0.26302277899096205	0.0	(0.26302277899096205+0j)
0.5	0.25	0.022092610191407576	0.2732042329053043	0.0	(0.2732042329053043+0j)
0.51	0.2601	0.022419744000746686	0.2835758968125919	0.0	(0.2835758968125919+0j)
0.52	0.27040000000000003	0.022734176643752664	0.29413790566048653	0.0	(0.29413790566048653+0j)
0.53	0.28090000000000004	0.023036249111799932	0.3048904263526517	0.0	(0.3048904263526517+0j)
0.54	0.2916	0.023326319669511313	0.3158336531081983	0.0	(0.3158336531081983+0j)
0.55	0.30250000000000005	0.023604759909325836	0.32696780311559626	0.0	(0.32696780311559626+0j)
0.56	0.31360000000000005	0.023871951129247733	0.3382931125036536	0.0	(0.3382931125036536+0j)
0.5700000000000001	0.3249000000000001	0.024128281034473877	0.34980983264362503	0.0	(0.34980983264362503+0j)
0.58	0.3364	0.02437414075944035	0.3615182267894614	0.0	(0.3615182267894614+0j)
0.59	0.34809999999999997	0.024609922203221744	0.37341856705772086	0.0	(0.37341856705772086+0j)
0.6	0.36	0.02483601566815492	0.3855111317440703	0.0	(0.3855111317440703+0j)
0.61	0.3721	0.025052807789025935	0.39779620296995055	0.0	(0.39779620296995055+0j)
0.62	0.3844	0.025260679738131155	0.41027406465014993	0.0	(0.41027406465014993+0j)
0.63	0.39690000000000003	0.025460005689970606	0.4229450007701641	0.0	(0.4229450007701641+0j)
0.64	0.4096	0.02565115152821794	0.435809293960653	0.0	(0.435809293960653+0j)
0.65	0.42250000000000004	0.025834473776897522	0.44886722435524135	0.0	(0.44886722435524135+0j)
0.66	0.43560000000000004	0.026010318737343233	0.46211906871712066	0.0	(0.46211906871712066+0j)
0.67	0.4489000000000001	0.02617902181247344	0.47556509981916273	0.0	(0.47556509981916273+0j)
0.68	0.4624000000000001	0.02634090700014826	0.4892055860615789	0.0	(0.4892055860615789+0j)
0.6900000000000001	0.4761000000000001	0.026496286537837803	0.5030407913103573	0.0	(0.5030407913103573+0j)
0.7000000000000001	0.4900000000000001	0.026645460681482186	0.5170709749386103	0.0	(0.5170709749386103+0j)
0.71	0.5041	0.026788717602228142	0.5312963920518081	0.0	(0.5312963920518081+0j)
0.72	0.5184	0.02692633338564716	0.5457172938762129	0.0	(0.5457172938762129+0j)
0.73	0.5328999999999999	0.027058572119044395	0.5603339282881793	0.0	(0.5603339282881793+0j)
0.74	0.5476	0.027185686053526115	0.5751465404602311	0.0	(0.5751465404602311+0j)
0.75	0.5625	0.02730791582858175	0.5901553735983344	0.0	(0.5901553735983344+0j)
0.76	0.5776	0.027425490748031037	0.6053606697438481	0.0	(0.6053606697438481+0j)
0.77	0.5929	0.02753862909726955	0.6207626706140377	0.0	(0.6207626706140377+0j)
0.78	0.6084	0.027647538492800536	0.636361618456976	0.0	(0.636361618456976+0j)
0.79	0.6241000000000001	0.027752416256055283	0.6521577569017566	0.0	(0.6521577569017566+0j)
0.8	0.6400000000000001	0.02785344980446802	0.6681513317930139	0.0	(0.6681513317930139+0j)
0.81	0.6561000000000001	0.0279508170536773	0.6843425920127724	0.0	(0.6843425920127724+0j)
0.8200000000000001	0.6724000000000001	0.02804468682556934	0.700731790312458	0.0	(0.700731790312458+0j)
0.8300000000000001	0.6889000000000001	0.02813521925765573	0.717319184207097	0.0	(0.717319184207097+0j)
0.84	0.7055999999999999	0.028222566209988347	0.7341050370249907	0.0	(0.7341050370249907+0j)
0.85	0.7224999999999999	0.02830687166645733	0.7510896192641964	0.0	(0.7510896192641964+0j)
0.86	0.7395999999999999	0.02838827212789488	0.7682732104907845	0.0	(0.7682732104907845+0j)
0.87	0.7569	0.02846689699492177	0.785656102136396	0.0	(0.785656102136396+0j)
0.88	0.7744	0.028542868938926172	0.803238601739496	0.0	(0.803238601739496+0j)
0.89	0.7921	0.028616304259961138	0.8210210394713557	0.0	(0.8210210394713557+0j)
0.9	0.81	0.028687313230689807	0.8390037782814049	0.0	(0.8390037782814049+0j)
0.91	0.8281000000000001	0.028756000425802404	0.8571872298606672	0.0	(0.8571872298606672+0j)
0.92	0.8464	0.028822465036578558	0.8755718802164724	0.0	(0.8755718802164724+0j)
0.93	0.8649000000000001	0.028886801170478496	0.8941583317754352	0.0	(0.8941583317754352+0j)
0.9400000000000001	0.8836000000000002	0.028949098135820216	0.912947375481932	0.0	(0.912947375481932+0j)
0.9500000000000001	0.9025000000000001	0.029009440711741268	0.9319401212715138	0.0	(0.9319401212715138+0j)
0.96	0.9216	0.029067909403757492	0.9511382529322713	0.0	(0.9511382529322713+0j)
0.97	0.9409	0.029124580685319697	0.9705445820874671	0.0	(0.9705445820874671+0j)
0.98	0.9603999999999999	0.029179527225837065	0.9901644550080351	0.0	(0.9901644550080351+0j)
0.99	0.9801	0.029232818105685534	1.0100103235474496	0.0	(1.0100103235474496+0j)
1.0	1.0	0.02928451901875312	1.0301255024912912	0.0	(1.0301255024912912+0j)
