-1.0	-1.0	-0.01695488108410624	-1.017031792675153	0.0	(-1.017031792675153+0j)
-0.9966666666666667	-0.9933444444444445	-0.016859229656885077	-1.0102712327296965	0.0	(-1.0102712327296965+0j)
-0.9933333333333334	-0.9867111111111112	-0.016763695257971625	-1.0035374810411448	0.0	(-1.0035374810411448+0j)
-0.9900000000000001	-0.9801000000000002	-0.016668279429887467	-0.9968276608676485	0.0	(-0.9968276608676485+0j)
-0.9866666666666667	-0.9735111111111112	-0.016572983716896764	-0.9901410039457299	0.0	(-0.9901410039457299+0j)
-0.9833333333333334	-0.9669444444444446	-0.016477809664962734	-0.9834771933969206	0.0	(-0.9834771933969206+0j)
-0.9800000000000001	-0.9604000000000001	-0.016382758821704188	-0.976836068055595	0.0	(-0.976836068055595+0j)
-0.9766666666666667	-0.9538777777777778	-0.016287832736351746	-0.9702175350162021	0.0	(-0.9702175350162021+0j)
-0.9733333333333334	-0.9473777777777779	-0.016193032959703757	-0.9636215360766067	0.0	(-0.9636215360766067+0j)
-0.9700000000000001	-0.9409000000000002	-0.016098361044082174	-0.9570480325676862	0.0	(-0.9570480325676862+0j)
-0.9666666666666667	-0.9344444444444444	-0.016003818543288223	-0.9504969976654711	0.0	(-0.9504969976654711+0j)
-0.9633333333333334	-0.9280111111111112	-0.01590940701255776	-0.9439684121512579	0.0	(-0.9439684121512579+0j)
-0.9600000000000001	-0.9216000000000002	-0.015815128008516546	-0.9374622619152437	0.0	(-0.9374622619152437+0j)
-0.9566666666666668	-0.9152111111111113	-0.015720983089135276	-0.930978536407959	0.0	(-0.930978536407959+0j)
-0.9533333333333334	-0.9088444444444445	-0.015626973813684483	-0.9245172276378267	0.0	(-0.9245172276378267+0j)
-0.9500000000000001	-0.9025000000000001	-0.015533101742689251	-0.9180783294987297	0.0	(-0.9180783294987297+0j)
-0.9466666666666668	-0.896177777777778	-0.015439368437883572	-0.9116618373051426	0.0	(-0.9116618373051426+0j)
-0.9433333333333334	-0.8898777777777778	-0.015345775462164743	-0.9052677474623917	0.0	(-0.9052677474623917+0j)
-0.9400000000000001	-0.8836000000000002	-0.015252324379547613	-0.8988960572274477	0.0	(-0.8988960572274477+0j)
-0.9366666666666668	-0.8773444444444446	-0.01515901675511823	-0.8925467645318997	0.0	(-0.8925467645318997+0j)
-0.9333333333333333	-0.8711111111111112	-0.015065854154987984	-0.886219867848753	0.0	(-0.886219867848753+0j)
-0.93	-0.8649000000000001	-0.014972838146246933	-0.8799153660904991	0.0	(-0.8799153660904991+0j)
-0.9266666666666667	-0.8587111111111113	-0.0148799702969174	-0.8736332585302129	0.0	(-0.8736332585302129+0j)
-0.9233333333333333	-0.8525444444444444	-0.014787252175907054	-0.8673735447395102	0.0	(-0.8673735447395102+0j)
-0.92	-0.8464	-0.014694685352962214	-0.861136224539336	0.0	(-0.861136224539336+0j)
-0.9166666666666667	-0.8402777777777779	-0.014602271398620595	-0.8549212979605156	0.0	(-0.8549212979605156+0j)
-0.9133333333333334	-0.834177777777778	-0.01451001188416419	-0.8487287652117448	0.0	(-0.8487287652117448+0j)
-0.91	-0.8281000000000001	-0.01441790838157174	-0.8425586266534946	0.0	(-0.8425586266534946+0j)
-0.9066666666666667	-0.8220444444444446	-0.014325962463471273	-0.836410882776508	0.0	(-0.836410882776508+0j)
-0.9033333333333334	-0.8160111111111112	-0.014234175703092308	-0.8302855341839547	0.0	(-0.8302855341839547+0j)
-0.9	-0.81	-0.014142549674218033	-0.8241825815765502	0.0	(-0.8241825815765502+0j)
-0.8966666666666667	-0.8040111111111112	-0.014051085951137174	-0.8181020257399994	0.0	(-0.8181020257399994+0j)
-0.8933333333333334	-0.7980444444444446	-0.01395978610859587	-0.8120438675344246	0.0	(-0.8120438675344246+0j)
-0.89	-0.7921	-0.013868651721749323	-0.8060081078853463	0.0	(-0.8060081078853463+0j)
-0.8866666666666667	-0.7861777777777779	-0.013777684366113277	-0.7999947477759832	0.0	(-0.7999947477759832+0j)
-0.8833333333333334	-0.780277777777778	-0.013686885617515451	-0.794003788240628	0.0	(-0.794003788240628+0j)
-0.88	-0.7744	-0.013596257052046562	-0.7880352303589271	0.0	(-0.7880352303589271+0j)
-0.8766666666666667	-0.7685444444444445	-0.013505800246011668	-0.7820890752509391	0.0	(-0.7820890752509391+0j)
-0.8733333333333334	-0.7627111111111112	-0.013415516775880848	-0.7761653240727907	0.0	(-0.7761653240727907+0j)
-0.8700000000000001	-0.7569000000000002	-0.01332540821824027	-0.7702639780129242	0.0	(-0.7702639780129242+0j)
-0.8666666666666667	-0.7511111111111112	-0.013235476149742381	-0.7643850382887635	0.0	(-0.7643850382887635+0j)
-0.8633333333333334	-0.7453444444444446	-0.013145722147057115	-0.7585285061437953	0.0	(-0.7585285061437953+0j)
-0.8600000000000001	-0.7396000000000001	-0.01305614778682157	-0.752694382845002	0.0	(-0.752694382845002+0j)
-0.8566666666666667	-0.7338777777777779	-0.012966754645590828	-0.7468826696805334	0.0	(-0.7468826696805334+0j)
-0.8533333333333334	-0.7281777777777779	-0.012877544299787658	-0.7410933679577039	0.0	(-0.7410933679577039+0j)
-0.8500000000000001	-0.7225000000000001	-0.012788518325652837	-0.7353264790011351	0.0	(-0.7353264790011351+0j)
-0.8466666666666667	-0.7168444444444445	-0.012699678299194939	-0.7295820041511437	0.0	(-0.7295820041511437+0j)
-0.8433333333333334	-0.7112111111111112	-0.012611025796140013	-0.7238599447622577	0.0	(-0.7238599447622577+0j)
-0.8400000000000001	-0.7056000000000001	-0.012522562391881292	-0.7181603022018971	0.0	(-0.7181603022018971+0j)
-0.8366666666666667	-0.7000111111111111	-0.012434289661428788	-0.7124830778491815	0.0	(-0.7124830778491815+0j)
-0.8333333333333334	-0.6944444444444445	-0.01234620917935858	-0.7068282730938327	0.0	(-0.7068282730938327+0j)
-0.8300000000000001	-0.6889000000000001	-0.012258322519762166	-0.7011958893351853	0.0	(-0.7011958893351853+0j)
-0.8266666666666668	-0.683377777777778	-0.01217063125619569	-0.6955859279813285	0.0	(-0.6955859279813285+0j)
-0.8233333333333334	-0.6778777777777778	-0.012083136961629076	-0.6899983904482088	0.0	(-0.6899983904482088+0j)
-0.8200000000000001	-0.6724000000000001	-0.011995841208394836	-0.6844332781589466	0.0	(-0.6844332781589466+0j)
-0.8166666666666668	-0.6669444444444446	-0.011908745568137091	-0.6788905925430979	0.0	(-0.6788905925430979+0j)
-0.8133333333333334	-0.6615111111111112	-0.011821851611760331	-0.6733703350360535	0.0	(-0.6733703350360535+0j)
-0.81	-0.6561000000000001	-0.011735160909378095	-0.6678725070784111	0.0	(-0.6678725070784111+0j)
-0.8066666666666668	-0.6507111111111112	-0.011648675030261596	-0.662397110115465	0.0	(-0.662397110115465+0j)
-0.8033333333333333	-0.6453444444444445	-0.011562395542788012	-0.6569441455966676	0.0	(-0.6569441455966676+0j)
-0.8	-0.6400000000000001	-0.011476324014389139	-0.651513614975197	0.0	(-0.651513614975197+0j)
-0.7966666666666667	-0.6346777777777779	-0.011390462011499708	-0.6461055197074733	0.0	(-0.6461055197074733+0j)
-0.7933333333333333	-0.6293777777777778	-0.011304811099505346	-0.6407198612527949	0.0	(-0.6407198612527949+0j)
-0.79	-0.6241000000000001	-0.011219372842691033	-0.6353566410729211	0.0	(-0.6353566410729211+0j)
-0.7866666666666667	-0.6188444444444445	-0.011134148804189087	-0.6300158606317174	0.0	(-0.6300158606317174+0j)
-0.7833333333333334	-0.6136111111111112	-0.0110491405459269	-0.6246975213948345	0.0	(-0.6246975213948345+0j)
-0.78	-0.6084	-0.010964349628575343	-0.6194016248293545	0.0	(-0.6194016248293545+0j)
-0.7766666666666667	-0.6032111111111113	-0.010879777611496111	-0.6141281724035376	0.0	(-0.6141281724035376+0j)
-0.7733333333333334	-0.5980444444444446	-0.01079542605268985	-0.6088771655864841	0.0	(-0.6088771655864841+0j)
-0.77	-0.5929	-0.010711296508743612	-0.6036486058478818	0.0	(-0.6036486058478818+0j)
-0.7666666666666667	-0.5877777777777778	-0.010627390534778791	-0.5984424946577718	0.0	(-0.5984424946577718+0j)
-0.7633333333333334	-0.582677777777778	-0.010543709684398384	-0.5932588334862634	0.0	(-0.5932588334862634+0j)
-0.76	-0.5776	-0.010460255509634614	-0.5880976238033249	0.0	(-0.5880976238033249+0j)
-0.7566666666666667	-0.5725444444444445	-0.010377029560896589	-0.5829588670785475	0.0	(-0.5829588670785475+0j)
-0.7533333333333334	-0.5675111111111112	-0.01029403338691734	-0.5778425647809292	0.0	(-0.5778425647809292+0j)
-0.75	-0.5625	-0.010211268534701556	-0.5727487183786798	0.0	(-0.5727487183786798+0j)
-0.7466666666666667	-0.5575111111111112	-0.010128736549472578	-0.5676773293390002	0.0	(-0.5676773293390002+0j)
-0.7433333333333334	-0.5525444444444445	-0.01004643897461982	-0.5626283991279153	0.0	(-0.5626283991279153+0j)
-0.7400000000000001	-0.5476000000000002	-0.009964377351645931	-0.5576019292100739	0.0	(-0.5576019292100739+0j)
-0.7366666666666667	-0.5426777777777778	-0.009882553220114026	-0.5525979210485649	0.0	(-0.5525979210485649+0j)
-0.7333333333333334	-0.5377777777777779	-0.00980096811759465	-0.5476163761047644	0.0	(-0.5476163761047644+0j)
-0.7300000000000001	-0.5329000000000002	-0.00971962357961309	-0.5426572958381554	0.0	(-0.5426572958381554+0j)
-0.7266666666666667	-0.5280444444444444	-0.009638521139596262	-0.5377206817061673	0.0	(-0.5377206817061673+0j)
-0.7233333333333334	-0.5232111111111112	-0.0095576623288198	-0.5328065351640117	0.0	(-0.5328065351640117+0j)
-0.7200000000000001	-0.5184000000000001	-0.009477048676355126	-0.5279148576645466	0.0	(-0.5279148576645466+0j)
-0.7166666666666667	-0.5136111111111111	-0.009396681709016225	-0.5230456506581148	0.0	(-0.5230456506581148+0j)
-0.7133333333333334	-0.5088444444444445	-0.009316562951306923	-0.518198915592392	0.0	(-0.518198915592392+0j)
-0.7100000000000001	-0.5041000000000001	-0.009236693925367356	-0.5133746539122788	0.0	(-0.5133746539122788+0j)
-0.7066666666666667	-0.49937777777777775	-0.00915707615092129	-0.5085728670597202	0.0	(-0.5085728670597202+0j)
-0.7033333333333334	-0.4946777777777778	-0.009077711145222933	-0.5037935564736005	0.0	(-0.5037935564736005+0j)
-0.7000000000000001	-0.4900000000000001	-0.008998600423003655	-0.49903672358960555	0.0	(-0.49903672358960555+0j)
-0.6966666666666667	-0.4853444444444444	-0.008919745496418885	-0.49430236984008724	0.0	(-0.49430236984008724+0j)
-0.6933333333333334	-0.48071111111111114	-0.008841147874995181	-0.48959049665395954	0.0	(-0.48959049665395954+0j)
-0.6900000000000001	-0.4761000000000001	-0.008762809065576915	-0.4849011054565465	0.0	(-0.4849011054565465+0j)
-0.6866666666666668	-0.4715111111111112	-0.008684730572273258	-0.48023419766949443	0.0	(-0.48023419766949443+0j)
-0.6833333333333333	-0.46694444444444444	-0.008606913896404722	-0.47558977471064134	0.0	(-0.47558977471064134+0j)
-0.68	-0.4624000000000001	-0.008529360536450592	-0.47096783799390846	0.0	(-0.47096783799390846+0j)
-0.6766666666666667	-0.4578777777777779	-0.008452071987995247	-0.46636838892917937	0.0	(-0.46636838892917937+0j)
-0.6733333333333333	-0.45337777777777777	-0.008375049743675311	-0.4617914289222079	0.0	(-0.4617914289222079+0j)
-0.67	-0.4489000000000001	-0.008298295293126479	-0.45723695937450987	0.0	(-0.45723695937450987+0j)
-0.6666666666666667	-0.44444444444444453	-0.008221810122930662	-0.4527049816832644	0.0	(-0.4527049816832644+0j)
-0.6633333333333333	-0.44001111111111113	-0.008145595716562315	-0.44819549724120983	0.0	(-0.44819549724120983+0j)
-0.66	-0.43560000000000004	-0.008069653554336198	-0.44370850743655055	0.0	(-0.44370850743655055+0j)
-0.6566666666666667	-0.4312111111111112	-0.007993985113353586	-0.4392440136528724	0.0	(-0.4392440136528724+0j)
-0.6533333333333333	-0.4268444444444444	-0.007918591867449698	-0.43480201726903067	0.0	(-0.43480201726903067+0j)
-0.65	-0.42250000000000004	-0.0078434752871408	-0.43038251965911195	0.0	(-0.43038251965911195+0j)
-0.6466666666666667	-0.41817777777777787	-0.007768636839570797	-0.42598552219230124	0.0	(-0.42598552219230124+0j)
-0.6433333333333334	-0.4138777777777779	-0.007694077988458836	-0.421611026232833	0.0	(-0.421611026232833+0j)
-0.64	-0.4096	-0.007619800194046122	-0.417259033139909	0.0	(-0.417259033139909+0j)
-0.6366666666666667	-0.4053444444444445	-0.00754580491304313	-0.41292954426763384	0.0	(-0.41292954426763384+0j)
-0.6333333333333334	-0.4011111111111112	-0.007472093598577034	-0.4086225609649292	0.0	(-0.4086225609649292+0j)
-0.63	-0.39690000000000003	-0.007398667700138584	-0.4043380845755013	0.0	(-0.4043380845755013+0j)
-0.6266666666666667	-0.3927111111111112	-0.007325528663529812	-0.400076116437765	0.0	(-0.400076116437765+0j)
-0.6233333333333334	-0.3885444444444445	-0.00725267793081108	-0.39583665788478745	0.0	(-0.39583665788478745+0j)
-0.62	-0.3844	-0.007180116940248726	-0.3916197102442524	0.0	(-0.3916197102442524+0j)
-0.6166666666666667	-0.3802777777777778	-0.007107847126262334	-0.38742527483841416	0.0	(-0.38742527483841416+0j)
-0.6133333333333334	-0.37617777777777783	-0.007035869919372328	-0.38325335298405994	0.0	(-0.38325335298405994+0j)
-0.61	-0.3721	-0.0069641867461477935	-0.379103945992467	0.0	(-0.379103945992467+0j)
-0.6066666666666667	-0.36804444444444445	-0.006892799029153629	-0.37497705516941254	0.0	(-0.37497705516941254+0j)
-0.6033333333333334	-0.3640111111111112	-0.006821708186898812	-0.3708726818151124	0.0	(-0.3708726818151124+0j)
-0.6000000000000001	-0.3600000000000001	-0.006750915633783938	-0.36679082722423983	0.0	(-0.36679082722423983+0j)
-0.5966666666666667	-0.3560111111111111	-0.006680422780048989	-0.36273149268591653	0.0	(-0.36273149268591653+0j)
-0.5933333333333334	-0.3520444444444445	-0.006610231031721536	-0.3586946794837048	0.0	(-0.3586946794837048+0j)
-0.5900000000000001	-0.3481000000000001	-0.006540341790564563	-0.35468038889564135	0.0	(-0.35468038889564135+0j)
-0.5866666666666667	-0.3441777777777778	-0.006470756454024673	-0.3506886221942334	0.0	(-0.3506886221942334+0j)
-0.5833333333333334	-0.34027777777777785	-0.006401476415180296	-0.34671938064651936	0.0	(-0.34671938064651936+0j)
-0.5800000000000001	-0.3364000000000001	-0.006332503062690009	-0.3427726655140794	0.0	(-0.3427726655140794+0j)
-0.5766666666666667	-0.3325444444444444	-0.006263837780740689	-0.33884847805311114	0.0	(-0.33884847805311114+0j)
-0.5733333333333334	-0.3287111111111111	-0.006195481948996162	-0.3349468195144787	0.0	(-0.3349468195144787+0j)
-0.5700000000000001	-0.3249000000000001	-0.006127436942545916	-0.3310676911437988	0.0	(-0.3310676911437988+0j)
-0.5666666666666667	-0.32111111111111107	-0.006059704131853527	-0.3272110941815119	0.0	(-0.3272110941815119+0j)
-0.5633333333333334	-0.3173444444444445	-0.005992284882705368	-0.3233770298629988	0.0	(-0.3233770298629988+0j)
-0.56	-0.31360000000000005	-0.005925180556159759	-0.3195654994186845	0.0	(-0.3195654994186845+0j)
-0.5566666666666668	-0.30987777777777786	-0.005858392508495847	-0.3157765040741719	0.0	(-0.3157765040741719+0j)
-0.5533333333333333	-0.30617777777777777	-0.005791922091162471	-0.3120100450503917	0.0	(-0.3120100450503917+0j)
-0.55	-0.30250000000000005	-0.005725770650727768	-0.3082661235637557	0.0	(-0.3082661235637557+0j)
-0.5466666666666667	-0.2988444444444445	-0.005659939528828262	-0.3045447408263352	0.0	(-0.3045447408263352+0j)
-0.5433333333333333	-0.2952111111111111	-0.005594430062118183	-0.300845898046078	0.0	(-0.300845898046078+0j)
-0.54	-0.2916	-0.00552924358221929	-0.29716959642700236	0.0	(-0.29716959642700236+0j)
-0.5366666666666667	-0.28801111111111116	-0.005464381415670516	-0.293515837169459	0.0	(-0.293515837169459+0j)
-0.5333333333333333	-0.28444444444444444	-0.005399844883877569	-0.2898846214703716	0.0	(-0.2898846214703716+0j)
-0.53	-0.28090000000000004	-0.005335635303063302	-0.28627595052354365	0.0	(-0.28627595052354365+0j)
-0.5266666666666667	-0.27737777777777783	-0.005271753984217142	-0.28268982551995114	0.0	(-0.28268982551995114+0j)
-0.5233333333333333	-0.2738777777777778	-0.0052082022330460775	-0.2791262476480885	0.0	(-0.2791262476480885+0j)
-0.52	-0.27040000000000003	-0.00514498134992436	-0.27558521809433206	0.0	(-0.27558521809433206+0j)
-0.5166666666666667	-0.2669444444444445	-0.0050820926298447144	-0.2720667380433332	0.0	(-0.2720667380433332+0j)
-0.5133333333333334	-0.2635111111111112	-0.005019537362368043	-0.2685708086784448	0.0	(-0.2685708086784448+0j)
-0.51	-0.2601	-0.004957316831574965	-0.26509743118217355	0.0	(-0.26509743118217355+0j)
-0.5066666666666667	-0.25671111111111117	-0.004895432316016635	-0.2616466067366766	0.0	(-0.2616466067366766+0j)
-0.5033333333333334	-0.25334444444444454	-0.004833885088665446	-0.258218336524294	0.0	(-0.258218336524294+0j)
-0.5	-0.25	-0.004772676416867072	-0.2548126217281105	0.0	(-0.2548126217281105+0j)
-0.4966666666666667	-0.2466777777777778	-0.004711807562290726	-0.25142946353255463	0.0	(-0.25142946353255463+0j)
-0.49333333333333335	-0.2433777777777778	-0.004651279780881867	-0.2480688631240759	0.0	(-0.2480688631240759+0j)
-0.49000000000000005	-0.24010000000000004	-0.004591094322813349	-0.2447308216918181	0.0	(-0.2447308216918181+0j)
-0.4866666666666667	-0.23684444444444447	-0.004531252432437349	-0.24141534042836338	0.0	(-0.24141534042836338+0j)
-0.48333333333333334	-0.2336111111111111	-0.004471755348237627	-0.23812242053053198	0.0	(-0.23812242053053198+0j)
-0.48000000000000004	-0.23040000000000005	-0.004412604302781453	-0.23485206320022842	0.0	(-0.23485206320022842+0j)
-0.4766666666666667	-0.2272111111111111	-0.004353800522672535	-0.23160426964533493	0.0	(-0.23160426964533493+0j)
-0.4733333333333334	-0.2240444444444445	-0.004295345228503167	-0.2283790410806714	0.0	(-0.2283790410806714+0j)
-0.47000000000000003	-0.22090000000000004	-0.004237239634807155	-0.22517637872901552	0.0	(-0.22517637872901552+0j)
-0.4666666666666667	-0.2177777777777778	-0.004179484950012968	-0.22199628382217934	0.0	(-0.22199628382217934+0j)
-0.4633333333333334	-0.21467777777777783	-0.00412208237639633	-0.2188387576021617	0.0	(-0.2188387576021617+0j)
-0.46	-0.2116	-0.004065033110034588	-0.21570380132236708	0.0	(-0.21570380132236708+0j)
-0.4566666666666667	-0.2085444444444445	-0.004008338340758866	-0.21259141624888772	0.0	(-0.21259141624888772+0j)
-0.45333333333333337	-0.20551111111111114	-0.003951999252108984	-0.20950160366187695	0.0	(-0.20950160366187695+0j)
-0.45	-0.2025	-0.003896017021286946	-0.20643436485698666	0.0	(-0.20643436485698666+0j)
-0.4466666666666667	-0.19951111111111114	-0.0038403928191107495	-0.20338970114689742	0.0	(-0.20338970114689742+0j)
-0.44333333333333336	-0.19654444444444447	-0.00378512780996898	-0.20036761386293134	0.0	(-0.20036761386293134+0j)
-0.44	-0.1936	-0.0037302231517758466	-0.1973681043567479	0.0	(-0.1973681043567479+0j)
-0.4366666666666667	-0.1906777777777778	-0.0036756799959248854	-0.19439117400214193	0.0	(-0.19439117400214193+0j)
-0.43333333333333335	-0.1877777777777778	-0.0036214994872445505	-0.1914368241969261	0.0	(-0.1914368241969261+0j)
-0.43000000000000005	-0.18490000000000004	-0.0035676827639533615	-0.18850505636492126	0.0	(-0.18850505636492126+0j)
-0.4266666666666667	-0.18204444444444448	-0.003514230957615383	-0.18559587195804025	0.0	(-0.18559587195804025+0j)
-0.42333333333333334	-0.17921111111111113	-0.0034611451930949277	-0.18270927245847948	0.0	(-0.18270927245847948+0j)
-0.42000000000000004	-0.17640000000000003	-0.003408426588513924	-0.1798452593810183	0.0	(-0.1798452593810183+0j)
-0.4166666666666667	-0.17361111111111113	-0.003356076255206286	-0.1770038342754252	0.0	(-0.1770038342754252+0j)
-0.4133333333333334	-0.1708444444444445	-0.0033040952976755023	-0.17418499872897547	0.0	(-0.17418499872897547+0j)
-0.41000000000000003	-0.16810000000000003	-0.003252484813550449	-0.17138875436908393	0.0	(-0.17138875436908393+0j)
-0.4066666666666667	-0.1653777777777778	-0.003201245893541982	-0.1686151028660539	0.0	(-0.1686151028660539+0j)
-0.4033333333333334	-0.1626777777777778	-0.003150379621400523	-0.16586404593593546	0.0	(-0.16586404593593546+0j)
-0.4	-0.16000000000000003	-0.0030998870738727646	-0.16313558534349787	0.0	(-0.16313558534349787+0j)
-0.39666666666666667	-0.15734444444444445	-0.003049769320659035	-0.16042972290533958	0.0	(-0.16042972290533958+0j)
-0.39333333333333337	-0.15471111111111113	-0.003000027424371332	-0.15774646049308177	0.0	(-0.15774646049308177+0j)
-0.39	-0.1521	-0.0029506624404909143	-0.15508580003669242	0.0	(-0.15508580003669242+0j)
-0.3866666666666667	-0.14951111111111115	-0.0029016754173266657	-0.15244774352792048	0.0	(-0.15244774352792048+0j)
-0.38333333333333336	-0.14694444444444446	-0.002853067395973463	-0.1498322930238324	0.0	(-0.1498322930238324+0j)
-0.38	-0.1444	-0.0028048394102708762	-0.1472394506504468	0.0	(-0.1472394506504468+0j)
-0.3766666666666667	-0.1418777777777778	-0.0027569924867616447	-0.14466921860647378	0.0	(-0.14466921860647378+0j)
-0.37333333333333335	-0.1393777777777778	-0.002709527644651377	-0.14212159916712777	0.0	(-0.14212159916712777+0j)
-0.37000000000000005	-0.13690000000000005	-0.0026624458957678065	-0.1395965946880345	0.0	(-0.1395965946880345+0j)
-0.3666666666666667	-0.13444444444444448	-0.0026157482445208213	-0.13709420760918822	0.0	(-0.13709420760918822+0j)
-0.36333333333333334	-0.1320111111111111	-0.00256943568786161	-0.13461444045897653	0.0	(-0.13461444045897653+0j)
-0.36000000000000004	-0.12960000000000002	-0.002523509215242914	-0.1321572958582292	0.0	(-0.1321572958582292+0j)
-0.3566666666666667	-0.12721111111111114	-0.0024779698085810598	-0.12972277652430583	0.0	(-0.12972277652430583+0j)
-0.35333333333333333	-0.12484444444444444	-0.002432818442214657	-0.12731088527517231	0.0	(-0.12731088527517231+0j)
-0.35000000000000003	-0.12250000000000003	-0.0023880560828666297	-0.12492162503345727	0.0	(-0.12492162503345727+0j)
-0.3466666666666667	-0.12017777777777779	-0.00234368368960558	-0.12255499883047036	0.0	(-0.12255499883047036+0j)
-0.3433333333333334	-0.1178777777777778	-0.0022997022138073753	-0.12021100981014371	0.0	(-0.12021100981014371+0j)
-0.34	-0.11560000000000002	-0.002256112599116067	-0.11788966123287101	0.0	(-0.11788966123287101+0j)
-0.33666666666666667	-0.11334444444444444	-0.0022129157814079203	-0.11559095647921001	0.0	(-0.11559095647921001+0j)
-0.33333333333333337	-0.11111111111111113	-0.0021701126887516686	-0.11331489905340816	0.0	(-0.11331489905340816+0j)
-0.33	-0.10890000000000001	-0.002127704241372763	-0.1110614925867254	0.0	(-0.1110614925867254+0j)
-0.32666666666666666	-0.1067111111111111	-0.002085691351615626	-0.10883074084049081	0.0	(-0.10883074084049081+0j)
-0.32333333333333336	-0.10454444444444447	-0.0020440749239072353	-0.10662264770886463	0.0	(-0.10662264770886463+0j)
-0.32	-0.1024	-0.0020028558547204867	-0.10443721722125135	0.0	(-0.10443721722125135+0j)
-0.3166666666666667	-0.1002777777777778	-0.001962035032538223	-0.10227445354430738	0.0	(-0.10227445354430738+0j)
-0.31333333333333335	-0.0981777777777778	-0.001921613337817707	-0.100134360983495	0.0	(-0.100134360983495+0j)
-0.31	-0.0961	-0.0018815916429542057	-0.0980169439841316	0.0	(-0.0980169439841316+0j)
-0.3066666666666667	-0.09404444444444446	-0.001841970812246796	-0.09592220713186395	0.0	(-0.09592220713186395+0j)
-0.30333333333333334	-0.09201111111111111	-0.0018027517018623929	-0.09385015515250622	0.0	(-0.09385015515250622+0j)
-0.30000000000000004	-0.09000000000000002	-0.0017639351598022213	-0.09180079291120763	0.0	(-0.09180079291120763+0j)
-0.2966666666666667	-0.08801111111111112	-0.0017255220258667325	-0.08977412541085358	0.0	(-0.08977412541085358+0j)
-0.29333333333333333	-0.08604444444444445	-0.001687513131622076	-0.08777015778966146	0.0	(-0.08777015778966146+0j)
-0.29000000000000004	-0.08410000000000002	-0.0016499093003654597	-0.08578889531790693	0.0	(-0.08578889531790693+0j)
-0.2866666666666667	-0.08217777777777778	-0.0016127113470931764	-0.08383034339372446	0.0	(-0.08383034339372446+0j)
-0.2833333333333333	-0.08027777777777777	-0.0015759200784664085	-0.08189450753792117	0.0	(-0.08189450753792117+0j)
-0.28	-0.07840000000000001	-0.0015395362927792533	-0.0799813933877647	0.0	(-0.0799813933877647+0j)
-0.27666666666666667	-0.07654444444444444	-0.001503560779925639	-0.07809100668969456	0.0	(-0.07809100668969456+0j)
-0.2733333333333334	-0.07471111111111113	-0.0014679943213677937	-0.07622335329091078	0.0	(-0.07622335329091078+0j)
-0.27	-0.0729	-0.0014328376901042716	-0.07437843912982736	0.0	(-0.07437843912982736+0j)
-0.26666666666666666	-0.07111111111111111	-0.0013980916506382002	-0.07255627022534548	0.0	(-0.07255627022534548+0j)
-0.26333333333333336	-0.06934444444444446	-0.001363756958946194	-0.07075685266494593	0.0	(-0.07075685266494593+0j)
-0.26	-0.06760000000000001	-0.0013298343624481568	-0.06898019259160285	0.0	(-0.06898019259160285+0j)
-0.2566666666666667	-0.0658777777777778	-0.0012963245999761952	-0.06722629618950333	0.0	(-0.06722629618950333+0j)
-0.25333333333333335	-0.06417777777777779	-0.0012632284017448647	-0.06549516966862565	0.0	(-0.06549516966862565+0j)
-0.25	-0.0625	-0.0012305464893214157	-0.06378681924817774	0.0	(-0.06378681924817774+0j)
-0.24666666666666667	-0.06084444444444445	-0.0011982795755951514	-0.06210125113896658	0.0	(-0.06210125113896658+0j)
-0.24333333333333335	-0.05921111111111112	-0.0011664283647507823	-0.06043847152474192	0.0	(-0.06043847152474192+0j)
-0.24000000000000002	-0.05760000000000001	-0.001134993552236896	-0.05879848654258941	0.0	(-0.05879848654258941+0j)
-0.2366666666666667	-0.05601111111111112	-0.0011039758247393117	-0.05718130226246403	0.0	(-0.05718130226246403+0j)
-0.23333333333333334	-0.05444444444444445	-0.0010733758601522148	-0.05558692466595186	0.0	(-0.05558692466595186+0j)
-0.23	-0.0529	-0.0010431943275510669	-0.05401535962436517	0.0	(-0.05401535962436517+0j)
-0.22666666666666668	-0.051377777777777786	-0.0010134318871641845	-0.05246661287629682	0.0	(-0.05246661287629682+0j)
-0.22333333333333336	-0.049877777777777785	-0.0009840891903469817	-0.050940690004741204	0.0	(-0.050940690004741204+0j)
-0.22	-0.0484	-0.0009551668795539925	-0.04943759641391793	0.0	(-0.04943759641391793+0j)
-0.21666666666666667	-0.04694444444444445	-0.0009266655883131136	-0.047957337305923664	0.0	(-0.047957337305923664+0j)
-0.21333333333333335	-0.04551111111111112	-0.0008985859411998476	-0.046499917657341364	0.0	(-0.046499917657341364+0j)
-0.21000000000000002	-0.04410000000000001	-0.0008709285538115452	-0.045065342195928226	0.0	(-0.045065342195928226+0j)
-0.2066666666666667	-0.04271111111111112	-0.0008436940327412046	-0.04365361537750132	0.0	(-0.04365361537750132+0j)
-0.20333333333333334	-0.04134444444444445	-0.0008168829755543783	-0.042264741363126995	0.0	(-0.042264741363126995+0j)
-0.2	-0.04000000000000001	-0.0007904959707625281	-0.04089872399670712	0.0	(-0.04089872399670712+0j)
-0.19666666666666668	-0.03867777777777778	-0.0007645335978017087	-0.03955556678302719	0.0	(-0.03955556678302719+0j)
-0.19333333333333336	-0.03737777777777779	-0.0007389964270032578	-0.03823527286632989	0.0	(-0.03823527286632989+0j)
-0.19	-0.0361	-0.000713885019577809	-0.036937845009428816	0.0	(-0.036937845009428816+0j)
-0.18666666666666668	-0.03484444444444445	-0.0006891999275859817	-0.03566328557335972	0.0	(-0.03566328557335972+0j)
-0.18333333333333335	-0.03361111111111112	-0.0006649416939197295	-0.03441159649752897	0.0	(-0.03441159649752897+0j)
-0.18000000000000002	-0.032400000000000005	-0.0006411108522756948	-0.03318277928027809	0.0	(-0.03318277928027809+0j)
-0.17666666666666667	-0.03121111111111111	-0.0006177079271383334	-0.0319768349597486	0.0	(-0.0319768349597486+0j)
-0.17333333333333334	-0.030044444444444447	-0.0005947334337532695	-0.030793764094863337	0.0	(-0.030793764094863337+0j)
-0.17	-0.028900000000000006	-0.0005721878781113077	-0.029633566746215312	0.0	(-0.029633566746215312+0j)
-0.16666666666666669	-0.027777777777777783	-0.0005500717569217883	-0.028496242456566668	0.0	(-0.028496242456566668+0j)
-0.16333333333333333	-0.026677777777777776	-0.0005283855575957119	-0.027381790230623308	0.0	(-0.027381790230623308+0j)
-0.16	-0.0256	-0.0005071297582261991	-0.02629020851365068	0.0	(-0.02629020851365068+0j)
-0.15666666666666668	-0.02454444444444445	-0.0004863048275671744	-0.025221495168429173	0.0	(-0.025221495168429173+0j)
-0.15333333333333335	-0.023511111111111115	-0.00046591122501293825	-0.024175647449952903	0.0	(-0.024175647449952903+0j)
-0.15000000000000002	-0.022500000000000006	-0.0004459494005804032	-0.023152661977161412	0.0	(-0.023152661977161412+0j)
-0.14666666666666667	-0.021511111111111113	-0.00042641979489133064	-0.022152534700870526	0.0	(-0.022152534700870526+0j)
-0.14333333333333334	-0.020544444444444445	-0.00040732283915367873	-0.02117526086692313	0.0	(-0.02117526086692313+0j)
-0.14	-0.019600000000000003	-0.0003886589551438391	-0.020220834973403976	0.0	(-0.020220834973403976+0j)
-0.1366666666666667	-0.018677777777777783	-0.00037042855518620854	-0.01928925072056456	0.0	(-0.01928925072056456+0j)
-0.13333333333333333	-0.017777777777777778	-0.0003526320421425311	-0.01838050095183938	0.0	(-0.01838050095183938+0j)
-0.13	-0.016900000000000002	-0.0003352698093852524	-0.017494577584053886	0.0	(-0.017494577584053886+0j)
-0.12666666666666668	-0.016044444444444448	-0.00031834224079396733	-0.016631471524535566	0.0	(-0.016631471524535566+0j)
-0.12333333333333334	-0.015211111111111113	-0.0003018497107287743	-0.015791172572410937	0.0	(-0.015791172572410937+0j)
-0.12000000000000001	-0.014400000000000003	-0.00028579258402139374	-0.014973669300798954	0.0	(-0.014973669300798954+0j)
-0.11666666666666667	-0.013611111111111112	-0.00027017121595207527	-0.014178948915950553	0.0	(-0.014178948915950553+0j)
-0.11333333333333334	-0.012844444444444447	-0.00025498595224959786	-0.013406997088493073	0.0	(-0.013406997088493073+0j)
-0.11	-0.0121	-0.00024023712905574257	-0.012657797750937463	0.0	(-0.012657797750937463+0j)
-0.10666666666666667	-0.01137777777777778	-0.00022592507293772712	-0.011931332854202174	0.0	(-0.011931332854202174+0j)
-0.10333333333333335	-0.01067777777777778	-0.00021205010084379694	-0.011227582074327221	0.0	(-0.011227582074327221+0j)
-0.1	-0.010000000000000002	-0.00019861252011921238	-0.010546522458369964	0.0	(-0.010546522458369964+0j)
-0.09666666666666668	-0.009344444444444447	-0.0001856126284742743	-0.009888127995881318	0.0	(-0.009888127995881318+0j)
-0.09333333333333334	-0.008711111111111112	-0.00017305071398254768	-0.009252369098961658	0.0	(-0.009252369098961658+0j)
-0.09000000000000001	-0.008100000000000001	-0.0001609270550559927	-0.008639211969663236	0.0	(-0.008639211969663236+0j)
-0.08666666666666667	-0.007511111111111112	-0.00014924192045029372	-0.008048617828024547	0.0	(-0.008048617828024547+0j)
-0.08333333333333334	-0.006944444444444446	-0.00013799556924709577	-0.007480541967121393	0.0	(-0.007480541967121393+0j)
-0.08	-0.0064	-0.00012718825083624097	-0.00693493259268014	0.0	(-0.00693493259268014+0j)
-0.07666666666666667	-0.005877777777777779	-0.00011682020491221579	-0.006411729393472787	0.0	(-0.006411729393472787+0j)
-0.07333333333333333	-0.005377777777777778	-0.00010689166145994022	-0.0059108617743306195	0.0	(-0.0059108617743306195+0j)
-0.07	-0.004900000000000001	-9.740284075121508e-05	-0.005432246665248528	0.0	(-0.005432246665248528+0j)
-0.06666666666666667	-0.0044444444444444444	-8.835395333761653e-05	-0.004975785796809188	0.0	(-0.004975785796809188+0j)
-0.06333333333333334	-0.004011111111111112	-7.974520002562713e-05	-0.004541362302960561	0.0	(-0.004541362302960561+0j)
-0.060000000000000005	-0.0036000000000000008	-7.157677188729394e-05	-0.004128836475728686	0.0	(-0.004128836475728686+0j)
-0.05666666666666667	-0.0032111111111111116	-6.384885023891229e-05	-0.0037380404520396134	0.0	(-0.0037380404520396134+0j)
-0.05333333333333334	-0.002844444444444445	-5.656160664102572e-05	-0.003368771559795353	0.0	(-0.003368771559795353+0j)
-0.05	-0.0025000000000000005	-4.971520289132059e-05	-0.003020783989815046	0.0	(-0.003020783989815046+0j)
-0.04666666666666667	-0.002177777777777778	-4.330979101041521e-05	-0.002693778395753679	0.0	(-0.002693778395753679+0j)
-0.043333333333333335	-0.001877777777777778	-3.7345513234754435e-05	-0.0023873889640707332	0.0	(-0.0023873889640707332+0j)
-0.04	-0.0016	-3.182250205213677e-05	-0.0021011674569271143	0.0	(-0.0021011674569271143+0j)
-0.03666666666666667	-0.0013444444444444445	-2.6740880102238407e-05	-0.001834563742779767	0.0	(-0.001834563742779767+0j)
-0.03333333333333333	-0.0011111111111111111	-2.2100760276089204e-05	-0.001586902438993905	0.0	(-0.001586902438993905+0j)
-0.030000000000000002	-0.0009000000000000002	-1.790224567344012e-05	-0.0013573555718503784	0.0	(-0.0013573555718503784+0j)
-0.02666666666666667	-0.0007111111111111113	-1.4145429503287232e-05	-0.0011449117076787595	0.0	(-0.0011449117076787595+0j)
-0.023333333333333334	-0.0005444444444444445	-1.0830395297034556e-05	-0.0009483429314212524	0.0	(-0.0009483429314212524+0j)
-0.02	-0.0004	-7.957216723752936e-06	-0.0007661724288365137	0.0	(-0.0007661724288365137+0j)
-0.016666666666666666	-0.0002777777777777778	-5.525957476493204e-06	-0.0005966472272975962	0.0	(-0.0005966472272975962+0j)
-0.013333333333333334	-0.0001777777777777778	-3.536671670190117e-06	-0.0004377225728945209	0.0	(-0.0004377225728945209+0j)
-0.01	-0.0001	-1.989403472180129e-06	-0.00028706576506678713	0.0	(-0.00028706576506678713+0j)
-0.006666666666666667	-4.444444444444445e-05	-8.841880116960965e-07	-0.00014208683300396085	0.0	(-0.00014208683300396085+0j)
-0.0033333333333333335	-1.1111111111111113e-05	-2.2104904928710312e-07	5.515878552520004e-17	-0.08099975220897329	(5.515878552520004e-17-0.08099975220897329j)
0.0033333333333333335	1.1111111111111113e-05	2.2104904928710312e-07	5.515878552520004e-17	0.08099975220897329	(5.515878552520004e-17+0.08099975220897329j)
0.006666666666666667	4.444444444444445e-05	8.841880116960965e-07	0.0001420868330039428	0.0	(0.0001420868330039428+0j)
0.01	0.0001	1.989403472180129e-06	0.0002870657650667799	0.0	(0.0002870657650667799+0j)
0.013333333333333334	0.0001777777777777778	3.536671670190117e-06	0.00043772257289451864	0.0	(0.00043772257289451864+0j)
0.016666666666666666	0.0002777777777777778	5.525957476493204e-06	0.0005966472272975834	0.0	(0.0005966472272975834+0j)
0.02	0.0004	7.957216723752936e-06	0.0007661724288365105	0.0	(0.0007661724288365105+0j)
0.023333333333333334	0.0005444444444444445	1.0830395297034556e-05	0.0009483429314212568	0.0	(0.0009483429314212568+0j)
0.02666666666666667	0.0007111111111111113	1.4145429503287232e-05	0.001144911707678777	0.0	(0.001144911707678777+0j)
0.030000000000000002	0.0009000000000000002	1.790224567344012e-05	0.001357355571850356	0.0	(0.001357355571850356+0j)
0.03333333333333333	0.0011111111111111111	2.2100760276089204e-05	0.0015869024389939118	0.0	(0.0015869024389939118+0j)
0.03666666666666667	0.0013444444444444445	2.6740880102238407e-05	0.0018345637427797572	0.0	(0.0018345637427797572+0j)
0.04	0.0016	3.182250205213677e-05	0.0021011674569271373	0.0	(0.0021011674569271373+0j)
0.043333333333333335	0.001877777777777778	3.7345513234754435e-05	0.002387388964070721	0.0	(0.002387388964070721+0j)
0.04666666666666667	0.002177777777777778	4.330979101041521e-05	0.0026937783957536915	0.0	(0.0026937783957536915+0j)
0.05	0.0025000000000000005	4.971520289132059e-05	0.0030207839898150424	0.0	(0.0030207839898150424+0j)
0.05333333333333334	0.002844444444444445	5.656160664102572e-05	0.003368771559795332	0.0	(0.003368771559795332+0j)
0.05666666666666667	0.0032111111111111116	6.384885023891229e-05	0.003738040452039613	0.0	(0.003738040452039613+0j)
0.060000000000000005	0.0036000000000000008	7.157677188729394e-05	0.004128836475728696	0.0	(0.004128836475728696+0j)
0.06333333333333334	0.004011111111111112	7.974520002562713e-05	0.004541362302960572	0.0	(0.004541362302960572+0j)
0.06666666666666667	0.0044444444444444444	8.835395333761653e-05	0.004975785796809182	0.0	(0.004975785796809182+0j)
0.07	0.004900000000000001	9.740284075121508e-05	0.005432246665248525	0.0	(0.005432246665248525+0j)
0.07333333333333333	0.005377777777777778	0.00010689166145994022	0.005910861774330619	0.0	(0.005910861774330619+0j)
0.07666666666666667	0.005877777777777779	0.00011682020491221579	0.0064117293934728295	0.0	(0.0064117293934728295+0j)
0.08	0.0064	0.00012718825083624097	0.006934932592680187	0.0	(0.006934932592680187+0j)
0.08333333333333334	0.006944444444444446	0.00013799556924709577	0.007480541967121426	0.0	(0.007480541967121426+0j)
0.08666666666666667	0.007511111111111112	0.00014924192045029372	0.008048617828024565	0.0	(0.008048617828024565+0j)
0.09000000000000001	0.008100000000000001	0.0001609270550559927	0.008639211969663238	0.0	(0.008639211969663238+0j)
0.09333333333333334	0.008711111111111112	0.00017305071398254768	0.009252369098961676	0.0	(0.009252369098961676+0j)
0.09666666666666668	0.009344444444444447	0.0001856126284742743	0.009888127995881287	0.0	(0.009888127995881287+0j)
0.1	0.010000000000000002	0.00019861252011921238	0.010546522458369968	0.0	(0.010546522458369968+0j)
0.10333333333333335	0.01067777777777778	0.00021205010084379694	0.011227582074327273	0.0	(0.011227582074327273+0j)
0.10666666666666667	0.01137777777777778	0.00022592507293772712	0.011931332854202278	0.0	(0.011931332854202278+0j)
0.11	0.0121	0.00024023712905574257	0.012657797750937597	0.0	(0.012657797750937597+0j)
0.11333333333333334	0.012844444444444447	0.00025498595224959786	0.013406997088492998	0.0	(0.013406997088492998+0j)
0.11666666666666667	0.013611111111111112	0.00027017121595207527	0.014178948915950599	0.0	(0.014178948915950599+0j)
0.12000000000000001	0.014400000000000003	0.00028579258402139374	0.01497366930079902	0.0	(0.01497366930079902+0j)
0.12333333333333334	0.015211111111111113	0.0003018497107287743	0.015791172572411017	0.0	(0.015791172572411017+0j)
0.12666666666666668	0.016044444444444448	0.00031834224079396733	0.016631471524535556	0.0	(0.016631471524535556+0j)
0.13	0.016900000000000002	0.0003352698093852524	0.017494577584053806	0.0	(0.017494577584053806+0j)
0.13333333333333333	0.017777777777777778	0.0003526320421425311	0.018380500951839397	0.0	(0.018380500951839397+0j)
0.1366666666666667	0.018677777777777783	0.00037042855518620854	0.01928925072056453	0.0	(0.01928925072056453+0j)
0.14	0.019600000000000003	0.0003886589551438391	0.020220834973403972	0.0	(0.020220834973403972+0j)
0.14333333333333334	0.020544444444444445	0.00040732283915367873	0.02117526086692321	0.0	(0.02117526086692321+0j)
0.14666666666666667	0.021511111111111113	0.00042641979489133064	0.02215253470087058	0.0	(0.02215253470087058+0j)
0.15000000000000002	0.022500000000000006	0.0004459494005804032	0.02315266197716143	0.0	(0.02315266197716143+0j)
0.15333333333333335	0.023511111111111115	0.00046591122501293825	0.024175647449952892	0.0	(0.024175647449952892+0j)
0.15666666666666668	0.02454444444444445	0.0004863048275671744	0.025221495168429097	0.0	(0.025221495168429097+0j)
0.16	0.0256	0.0005071297582261991	0.026290208513650663	0.0	(0.026290208513650663+0j)
0.16333333333333333	0.026677777777777776	0.0005283855575957119	0.02738179023062337	0.0	(0.02738179023062337+0j)
0.16666666666666669	0.027777777777777783	0.0005500717569217883	0.028496242456566567	0.0	(0.028496242456566567+0j)
0.17	0.028900000000000006	0.0005721878781113077	0.029633566746215284	0.0	(0.029633566746215284+0j)
0.17333333333333334	0.030044444444444447	0.0005947334337532695	0.030793764094863566	0.0	(0.030793764094863566+0j)
0.17666666666666667	0.03121111111111111	0.0006177079271383334	0.03197683495974853	0.0	(0.03197683495974853+0j)
0.18000000000000002	0.032400000000000005	0.0006411108522756948	0.03318277928027821	0.0	(0.03318277928027821+0j)
0.18333333333333335	0.03361111111111112	0.0006649416939197295	0.03441159649752902	0.0	(0.03441159649752902+0j)
0.18666666666666668	0.03484444444444445	0.0006891999275859817	0.03566328557335973	0.0	(0.03566328557335973+0j)
0.19	0.0361	0.000713885019577809	0.03693784500942887	0.0	(0.03693784500942887+0j)
0.19333333333333336	0.03737777777777779	0.0007389964270032578	0.03823527286632962	0.0	(0.03823527286632962+0j)
0.19666666666666668	0.03867777777777778	0.0007645335978017087	0.03955556678302721	0.0	(0.03955556678302721+0j)
0.2	0.04000000000000001	0.0007904959707625281	0.040898723996707166	0.0	(0.040898723996707166+0j)
0.20333333333333334	0.04134444444444445	0.0008168829755543783	0.04226474136312715	0.0	(0.04226474136312715+0j)
0.2066666666666667	0.04271111111111112	0.0008436940327412046	0.04365361537750122	0.0	(0.04365361537750122+0j)
0.21000000000000002	0.04410000000000001	0.0008709285538115452	0.04506534219592847	0.0	(0.04506534219592847+0j)
0.21333333333333335	0.04551111111111112	0.0008985859411998476	0.046499917657341495	0.0	(0.046499917657341495+0j)
0.21666666666666667	0.04694444444444445	0.0009266655883131136	0.04795733730592324	0.0	(0.04795733730592324+0j)
0.22	0.0484	0.0009551668795539925	0.049437596413917886	0.0	(0.049437596413917886+0j)
0.22333333333333336	0.049877777777777785	0.0009840891903469817	0.05094069000474122	0.0	(0.05094069000474122+0j)
0.22666666666666668	0.051377777777777786	0.0010134318871641845	0.052466612876296816	0.0	(0.052466612876296816+0j)
0.23	0.0529	0.0010431943275510669	0.05401535962436517	0.0	(0.05401535962436517+0j)
0.23333333333333334	0.05444444444444445	0.0010733758601522148	0.055586924665951574	0.0	(0.055586924665951574+0j)
0.2366666666666667	0.05601111111111112	0.0011039758247393117	0.05718130226246424	0.0	(0.05718130226246424+0j)
0.24000000000000002	0.05760000000000001	0.001134993552236896	0.05879848654258959	0.0	(0.05879848654258959+0j)
0.24333333333333335	0.05921111111111112	0.0011664283647507823	0.060438471524742035	0.0	(0.060438471524742035+0j)
0.24666666666666667	0.06084444444444445	0.0011982795755951514	0.062101251138966904	0.0	(0.062101251138966904+0j)
0.25	0.0625	0.0012305464893214157	0.06378681924817749	0.0	(0.06378681924817749+0j)
0.25333333333333335	0.06417777777777779	0.0012632284017448647	0.0654951696686258	0.0	(0.0654951696686258+0j)
0.2566666666666667	0.0658777777777778	0.0012963245999761952	0.06722629618950367	0.0	(0.06722629618950367+0j)
0.26	0.06760000000000001	0.0013298343624481568	0.06898019259160287	0.0	(0.06898019259160287+0j)
0.26333333333333336	0.06934444444444446	0.001363756958946194	0.07075685266494611	0.0	(0.07075685266494611+0j)
0.26666666666666666	0.07111111111111111	0.0013980916506382002	0.07255627022534517	0.0	(0.07255627022534517+0j)
0.27	0.0729	0.0014328376901042716	0.07437843912982724	0.0	(0.07437843912982724+0j)
0.2733333333333334	0.07471111111111113	0.0014679943213677937	0.07622335329091073	0.0	(0.07622335329091073+0j)
0.27666666666666667	0.07654444444444444	0.001503560779925639	0.0780910066896944	0.0	(0.0780910066896944+0j)
0.28	0.07840000000000001	0.0015395362927792533	0.07998139338776522	0.0	(0.07998139338776522+0j)
0.2833333333333333	0.08027777777777777	0.0015759200784664085	0.08189450753792031	0.0	(0.08189450753792031+0j)
0.2866666666666667	0.08217777777777778	0.0016127113470931764	0.08383034339372383	0.0	(0.08383034339372383+0j)
0.29000000000000004	0.08410000000000002	0.0016499093003654597	0.08578889531790683	0.0	(0.08578889531790683+0j)
0.29333333333333333	0.08604444444444445	0.001687513131622076	0.08777015778966125	0.0	(0.08777015778966125+0j)
0.2966666666666667	0.08801111111111112	0.0017255220258667325	0.08977412541085365	0.0	(0.08977412541085365+0j)
0.30000000000000004	0.09000000000000002	0.0017639351598022213	0.09180079291120663	0.0	(0.09180079291120663+0j)
0.30333333333333334	0.09201111111111111	0.0018027517018623929	0.09385015515250662	0.0	(0.09385015515250662+0j)
0.3066666666666667	0.09404444444444446	0.001841970812246796	0.0959222071318635	0.0	(0.0959222071318635+0j)
0.31	0.0961	0.0018815916429542057	0.09801694398413224	0.0	(0.09801694398413224+0j)
0.31333333333333335	0.0981777777777778	0.001921613337817707	0.10013436098349524	0.0	(0.10013436098349524+0j)
0.3166666666666667	0.1002777777777778	0.001962035032538223	0.10227445354430703	0.0	(0.10227445354430703+0j)
0.32	0.1024	0.0020028558547204867	0.10443721722125181	0.0	(0.10443721722125181+0j)
0.32333333333333336	0.10454444444444447	0.0020440749239072353	0.10662264770886459	0.0	(0.10662264770886459+0j)
0.32666666666666666	0.1067111111111111	0.002085691351615626	0.10883074084049106	0.0	(0.10883074084049106+0j)
0.33	0.10890000000000001	0.002127704241372763	0.11106149258672512	0.0	(0.11106149258672512+0j)
0.33333333333333337	0.11111111111111113	0.0021701126887516686	0.11331489905340793	0.0	(0.11331489905340793+0j)
0.33666666666666667	0.11334444444444444	0.0022129157814079203	0.11559095647920974	0.0	(0.11559095647920974+0j)
0.34	0.11560000000000002	0.002256112599116067	0.11788966123287076	0.0	(0.11788966123287076+0j)
0.3433333333333334	0.1178777777777778	0.0022997022138073753	0.12021100981014345	0.0	(0.12021100981014345+0j)
0.3466666666666667	0.12017777777777779	0.00234368368960558	0.12255499883046944	0.0	(0.12255499883046944+0j)
0.35000000000000003	0.12250000000000003	0.0023880560828666297	0.12492162503345706	0.0	(0.12492162503345706+0j)
0.35333333333333333	0.12484444444444444	0.002432818442214657	0.12731088527517306	0.0	(0.12731088527517306+0j)
0.3566666666666667	0.12721111111111114	0.0024779698085810598	0.12972277652430755	0.0	(0.12972277652430755+0j)
0.36000000000000004	0.12960000000000002	0.002523509215242914	0.13215729585822983	0.0	(0.13215729585822983+0j)
0.36333333333333334	0.1320111111111111	0.00256943568786161	0.13461444045897647	0.0	(0.13461444045897647+0j)
0.3666666666666667	0.13444444444444448	0.0026157482445208213	0.13709420760918867	0.0	(0.13709420760918867+0j)
0.37000000000000005	0.13690000000000005	0.0026624458957678065	0.13959659468803423	0.0	(0.13959659468803423+0j)
0.37333333333333335	0.1393777777777778	0.002709527644651377	0.1421215991671273	0.0	(0.1421215991671273+0j)
0.3766666666666667	0.1418777777777778	0.0027569924867616447	0.14466921860647375	0.0	(0.14466921860647375+0j)
0.38	0.1444	0.0028048394102708762	0.1472394506504477	0.0	(0.1472394506504477+0j)
0.38333333333333336	0.14694444444444446	0.002853067395973463	0.1498322930238329	0.0	(0.1498322930238329+0j)
0.3866666666666667	0.14951111111111115	0.0029016754173266657	0.15244774352792154	0.0	(0.15244774352792154+0j)
0.39	0.1521	0.0029506624404909143	0.15508580003669178	0.0	(0.15508580003669178+0j)
0.39333333333333337	0.15471111111111113	0.003000027424371332	0.15774646049308183	0.0	(0.15774646049308183+0j)
0.39666666666666667	0.15734444444444445	0.003049769320659035	0.16042972290533958	0.0	(0.16042972290533958+0j)
0.4	0.16000000000000003	0.0030998870738727646	0.16313558534349887	0.0	(0.16313558534349887+0j)
0.4033333333333334	0.1626777777777778	0.003150379621400523	0.1658640459359338	0.0	(0.1658640459359338+0j)
0.4066666666666667	0.1653777777777778	0.003201245893541982	0.1686151028660544	0.0	(0.1686151028660544+0j)
0.41000000000000003	0.16810000000000003	0.003252484813550449	0.17138875436908427	0.0	(0.17138875436908427+0j)
0.4133333333333334	0.1708444444444445	0.0033040952976755023	0.1741849987289745	0.0	(0.1741849987289745+0j)
0.4166666666666667	0.17361111111111113	0.003356076255206286	0.17700383427542607	0.0	(0.17700383427542607+0j)
0.42000000000000004	0.17640000000000003	0.003408426588513924	0.17984525938101867	0.0	(0.17984525938101867+0j)
0.42333333333333334	0.17921111111111113	0.0034611451930949277	0.18270927245848054	0.0	(0.18270927245848054+0j)
0.4266666666666667	0.18204444444444448	0.003514230957615383	0.18559587195804073	0.0	(0.18559587195804073+0j)
0.43000000000000005	0.18490000000000004	0.0035676827639533615	0.18850505636491996	0.0	(0.18850505636491996+0j)
0.43333333333333335	0.1877777777777778	0.0036214994872445505	0.1914368241969247	0.0	(0.1914368241969247+0j)
0.4366666666666667	0.1906777777777778	0.0036756799959248854	0.19439117400214104	0.0	(0.19439117400214104+0j)
0.44	0.1936	0.0037302231517758466	0.19736810435674848	0.0	(0.19736810435674848+0j)
0.44333333333333336	0.19654444444444447	0.00378512780996898	0.20036761386293256	0.0	(0.20036761386293256+0j)
0.4466666666666667	0.19951111111111114	0.0038403928191107495	0.20338970114689867	0.0	(0.20338970114689867+0j)
0.45	0.2025	0.003896017021286946	0.2064343648569867	0.0	(0.2064343648569867+0j)
0.45333333333333337	0.20551111111111114	0.003951999252108984	0.20950160366187737	0.0	(0.20950160366187737+0j)
0.4566666666666667	0.2085444444444445	0.004008338340758866	0.21259141624888817	0.0	(0.21259141624888817+0j)
0.46	0.2116	0.004065033110034588	0.21570380132236688	0.0	(0.21570380132236688+0j)
0.4633333333333334	0.21467777777777783	0.00412208237639633	0.21883875760216018	0.0	(0.21883875760216018+0j)
0.4666666666666667	0.2177777777777778	0.004179484950012968	0.2219962838221783	0.0	(0.2219962838221783+0j)
0.47000000000000003	0.22090000000000004	0.004237239634807155	0.2251763787290138	0.0	(0.2251763787290138+0j)
0.4733333333333334	0.2240444444444445	0.004295345228503167	0.22837904108067217	0.0	(0.22837904108067217+0j)
0.4766666666666667	0.2272111111111111	0.004353800522672535	0.2316042696453346	0.0	(0.2316042696453346+0j)
0.48000000000000004	0.23040000000000005	0.004412604302781453	0.23485206320022892	0.0	(0.23485206320022892+0j)
0.48333333333333334	0.2336111111111111	0.004471755348237627	0.23812242053053168	0.0	(0.23812242053053168+0j)
0.4866666666666667	0.23684444444444447	0.004531252432437349	0.24141534042836255	0.0	(0.24141534042836255+0j)
0.49000000000000005	0.24010000000000004	0.004591094322813349	0.2447308216918182	0.0	(0.2447308216918182+0j)
0.49333333333333335	0.2433777777777778	0.004651279780881867	0.24806886312407528	0.0	(0.24806886312407528+0j)
0.4966666666666667	0.2466777777777778	0.004711807562290726	0.25142946353255363	0.0	(0.25142946353255363+0j)
0.5	0.25	0.004772676416867072	0.2548126217281074	0.0	(0.2548126217281074+0j)
0.5033333333333334	0.25334444444444454	0.004833885088665446	0.25821833652429377	0.0	(0.25821833652429377+0j)
0.5066666666666667	0.25671111111111117	0.004895432316016635	0.2616466067366783	0.0	(0.2616466067366783+0j)
0.51	0.2601	0.004957316831574965	0.26509743118217505	0.0	(0.26509743118217505+0j)
0.5133333333333334	0.2635111111111112	0.005019537362368043	0.2685708086784465	0.0	(0.2685708086784465+0j)
0.5166666666666667	0.2669444444444445	0.0050820926298447144	0.2720667380433361	0.0	(0.2720667380433361+0j)
0.52	0.27040000000000003	0.00514498134992436	0.27558521809433156	0.0	(0.27558521809433156+0j)
0.5233333333333333	0.2738777777777778	0.0052082022330460775	0.2791262476480895	0.0	(0.2791262476480895+0j)
0.5266666666666667	0.27737777777777783	0.005271753984217142	0.2826898255199515	0.0	(0.2826898255199515+0j)
0.53	0.28090000000000004	0.005335635303063302	0.28627595052354327	0.0	(0.28627595052354327+0j)
0.5333333333333333	0.28444444444444444	0.005399844883877569	0.28988462147037086	0.0	(0.28988462147037086+0j)
0.5366666666666667	0.28801111111111116	0.005464381415670516	0.2935158371694573	0.0	(0.2935158371694573+0j)
0.54	0.2916	0.00552924358221929	0.29716959642700247	0.0	(0.29716959642700247+0j)
0.5433333333333333	0.2952111111111111	0.005594430062118183	0.30084589804607803	0.0	(0.30084589804607803+0j)
0.5466666666666667	0.2988444444444445	0.005659939528828262	0.30454474082633637	0.0	(0.30454474082633637+0j)
0.55	0.30250000000000005	0.005725770650727768	0.30826612356375394	0.0	(0.30826612356375394+0j)
0.5533333333333333	0.30617777777777777	0.005791922091162471	0.31201004505039626	0.0	(0.31201004505039626+0j)
0.5566666666666668	0.30987777777777786	0.005858392508495847	0.3157765040741762	0.0	(0.3157765040741762+0j)
0.56	0.31360000000000005	0.005925180556159759	0.3195654994186854	0.0	(0.3195654994186854+0j)
0.5633333333333334	0.3173444444444445	0.005992284882705368	0.3233770298629991	0.0	(0.3233770298629991+0j)
0.5666666666666667	0.32111111111111107	0.006059704131853527	0.3272110941815142	0.0	(0.3272110941815142+0j)
0.5700000000000001	0.3249000000000001	0.006127436942545916	0.33106769114379875	0.0	(0.33106769114379875+0j)
0.5733333333333334	0.3287111111111111	0.006195481948996162	0.3349468195144791	0.0	(0.3349468195144791+0j)
0.5766666666666667	0.3325444444444444	0.006263837780740689	0.33884847805310647	0.0	(0.33884847805310647+0j)
0.5800000000000001	0.3364000000000001	0.006332503062690009	0.34277266551407654	0.0	(0.34277266551407654+0j)
0.5833333333333334	0.34027777777777785	0.006401476415180296	0.3467193806465188	0.0	(0.3467193806465188+0j)
0.5866666666666667	0.3441777777777778	0.006470756454024673	0.35068862219423375	0.0	(0.35068862219423375+0j)
0.5900000000000001	0.3481000000000001	0.006540341790564563	0.3546803888956402	0.0	(0.3546803888956402+0j)
0.5933333333333334	0.3520444444444445	0.006610231031721536	0.3586946794837078	0.0	(0.3586946794837078+0j)
0.5966666666666667	0.3560111111111111	0.006680422780048989	0.3627314926859169	0.0	(0.3627314926859169+0j)
0.6000000000000001	0.3600000000000001	0.006750915633783938	0.3667908272242421	0.0	(0.3667908272242421+0j)
0.6033333333333334	0.3640111111111112	0.006821708186898812	0.37087268181511335	0.0	(0.37087268181511335+0j)
0.6066666666666667	0.36804444444444445	0.006892799029153629	0.37497705516941177	0.0	(0.37497705516941177+0j)
0.61	0.3721	0.0069641867461477935	0.37910394599246855	0.0	(0.37910394599246855+0j)
0.6133333333333334	0.37617777777777783	0.007035869919372328	0.3832533529840563	0.0	(0.3832533529840563+0j)
0.6166666666666667	0.3802777777777778	0.007107847126262334	0.3874252748384155	0.0	(0.3874252748384155+0j)
0.62	0.3844	0.007180116940248726	0.39161971024425374	0.0	(0.39161971024425374+0j)
0.6233333333333334	0.3885444444444445	0.00725267793081108	0.3958366578847862	0.0	(0.3958366578847862+0j)
0.6266666666666667	0.3927111111111112	0.007325528663529812	0.40007611643776486	0.0	(0.40007611643776486+0j)
0.63	0.39690000000000003	0.007398667700138584	0.4043380845755048	0.0	(0.4043380845755048+0j)
0.6333333333333334	0.4011111111111112	0.007472093598577034	0.40862256096492977	0.0	(0.40862256096492977+0j)
0.6366666666666667	0.4053444444444445	0.00754580491304313	0.4129295442676357	0.0	(0.4129295442676357+0j)
0.64	0.4096	0.007619800194046122	0.41725903313991053	0.0	(0.41725903313991053+0j)
0.6433333333333334	0.4138777777777779	0.007694077988458836	0.4216110262328341	0.0	(0.4216110262328341+0j)
0.6466666666666667	0.41817777777777787	0.007768636839570797	0.42598552219230096	0.0	(0.42598552219230096+0j)
0.65	0.42250000000000004	0.0078434752871408	0.4303825196591111	0.0	(0.4303825196591111+0j)
0.6533333333333333	0.4268444444444444	0.007918591867449698	0.434802017269033	0.0	(0.434802017269033+0j)
0.6566666666666667	0.4312111111111112	0.007993985113353586	0.43924401365287136	0.0	(0.43924401365287136+0j)
0.66	0.43560000000000004	0.008069653554336198	0.4437085074365526	0.0	(0.4437085074365526+0j)
0.6633333333333333	0.44001111111111113	0.008145595716562315	0.44819549724121266	0.0	(0.44819549724121266+0j)
0.6666666666666667	0.44444444444444453	0.008221810122930662	0.45270498168326434	0.0	(0.45270498168326434+0j)
0.67	0.4489000000000001	0.008298295293126479	0.45723695937450953	0.0	(0.45723695937450953+0j)
0.6733333333333333	0.45337777777777777	0.008375049743675311	0.46179142892220676	0.0	(0.46179142892220676+0j)
0.6766666666666667	0.4578777777777779	0.008452071987995247	0.4663683889291767	0.0	(0.4663683889291767+0j)
0.68	0.4624000000000001	0.008529360536450592	0.47096783799391007	0.0	(0.47096783799391007+0j)
0.6833333333333333	0.46694444444444444	0.008606913896404722	0.47558977471064207	0.0	(0.47558977471064207+0j)
0.6866666666666668	0.4715111111111112	0.008684730572273258	0.48023419766949726	0.0	(0.48023419766949726+0j)
0.6900000000000001	0.4761000000000001	0.008762809065576915	0.4849011054565473	0.0	(0.4849011054565473+0j)
0.6933333333333334	0.48071111111111114	0.008841147874995181	0.48959049665395715	0.0	(0.48959049665395715+0j)
0.6966666666666667	0.4853444444444444	0.008919745496418885	0.49430236984008685	0.0	(0.49430236984008685+0j)
0.7000000000000001	0.4900000000000001	0.008998600423003655	0.4990367235896028	0.0	(0.4990367235896028+0j)
0.7033333333333334	0.4946777777777778	0.009077711145222933	0.5037935564736017	0.0	(0.5037935564736017+0j)
0.7066666666666667	0.49937777777777775	0.00915707615092129	0.5085728670597247	0.0	(0.5085728670597247+0j)
0.7100000000000001	0.5041000000000001	0.009236693925367356	0.5133746539122785	0.0	(0.5133746539122785+0j)
0.7133333333333334	0.5088444444444445	0.009316562951306923	0.5181989155923903	0.0	(0.5181989155923903+0j)
0.7166666666666667	0.5136111111111111	0.009396681709016225	0.5230456506581149	0.0	(0.5230456506581149+0j)
0.7200000000000001	0.5184000000000001	0.009477048676355126	0.5279148576645499	0.0	(0.5279148576645499+0j)
0.7233333333333334	0.5232111111111112	0.0095576623288198	0.5328065351640083	0.0	(0.5328065351640083+0j)
0.7266666666666667	0.5280444444444444	0.009638521139596262	0.537720681706165	0.0	(0.537720681706165+0j)
0.7300000000000001	0.5329000000000002	0.00971962357961309	0.5426572958381571	0.0	(0.5426572958381571+0j)
0.7333333333333334	0.5377777777777779	0.00980096811759465	0.5476163761047621	0.0	(0.5476163761047621+0j)
0.7366666666666667	0.5426777777777778	0.009882553220114026	0.5525979210485623	0.0	(0.5525979210485623+0j)
0.7400000000000001	0.5476000000000002	0.009964377351645931	0.5576019292100715	0.0	(0.5576019292100715+0j)
0.7433333333333334	0.5525444444444445	0.01004643897461982	0.5626283991279155	0.0	(0.5626283991279155+0j)
0.7466666666666667	0.5575111111111112	0.010128736549472578	0.5676773293389984	0.0	(0.5676773293389984+0j)
0.75	0.5625	0.010211268534701556	0.5727487183786802	0.0	(0.5727487183786802+0j)
0.7533333333333334	0.5675111111111112	0.01029403338691734	0.5778425647809319	0.0	(0.5778425647809319+0j)
0.7566666666666667	0.5725444444444445	0.010377029560896589	0.5829588670785467	0.0	(0.5829588670785467+0j)
0.76	0.5776	0.010460255509634614	0.5880976238033253	0.0	(0.5880976238033253+0j)
0.7633333333333334	0.582677777777778	0.010543709684398384	0.5932588334862632	0.0	(0.5932588334862632+0j)
0.7666666666666667	0.5877777777777778	0.010627390534778791	0.5984424946577688	0.0	(0.5984424946577688+0j)
0.77	0.5929	0.010711296508743612	0.6036486058478808	0.0	(0.6036486058478808+0j)
0.7733333333333334	0.5980444444444446	0.01079542605268985	0.60887716558648	0.0	(0.60887716558648+0j)
0.7766666666666667	0.6032111111111113	0.010879777611496111	0.6141281724035388	0.0	(0.6141281724035388+0j)
0.78	0.6084	0.010964349628575343	0.6194016248293529	0.0	(0.6194016248293529+0j)
0.7833333333333334	0.6136111111111112	0.0110491405459269	0.6246975213948311	0.0	(0.6246975213948311+0j)
0.7866666666666667	0.6188444444444445	0.011134148804189087	0.6300158606317184	0.0	(0.6300158606317184+0j)
0.79	0.6241000000000001	0.011219372842691033	0.6353566410729212	0.0	(0.6353566410729212+0j)
0.7933333333333333	0.6293777777777778	0.011304811099505346	0.6407198612527938	0.0	(0.6407198612527938+0j)
0.7966666666666667	0.6346777777777779	0.011390462011499708	0.6461055197074758	0.0	(0.6461055197074758+0j)
0.8	0.6400000000000001	0.011476324014389139	0.651513614975193	0.0	(0.651513614975193+0j)
0.8033333333333333	0.6453444444444445	0.011562395542788012	0.6569441455966633	0.0	(0.6569441455966633+0j)
0.8066666666666668	0.6507111111111112	0.011648675030261596	0.6623971101154643	0.0	(0.6623971101154643+0j)
0.81	0.6561000000000001	0.011735160909378095	0.667872507078414	0.0	(0.667872507078414+0j)
0.8133333333333334	0.6615111111111112	0.011821851611760331	0.6733703350360516	0.0	(0.6733703350360516+0j)
0.8166666666666668	0.6669444444444446	0.011908745568137091	0.6788905925431	0.0	(0.6788905925431+0j)
0.8200000000000001	0.6724000000000001	0.011995841208394836	0.684433278158945	0.0	(0.684433278158945+0j)
0.8233333333333334	0.6778777777777778	0.012083136961629076	0.689998390448207	0.0	(0.689998390448207+0j)
0.8266666666666668	0.683377777777778	0.01217063125619569	0.6955859279813286	0.0	(0.6955859279813286+0j)
0.8300000000000001	0.6889000000000001	0.012258322519762166	0.7011958893351931	0.0	(0.7011958893351931+0j)
0.8333333333333334	0.6944444444444445	0.01234620917935858	0.706828273093831	0.0	(0.706828273093831+0j)
0.8366666666666667	0.7000111111111111	0.012434289661428788	0.7124830778491845	0.0	(0.7124830778491845+0j)
0.8400000000000001	0.7056000000000001	0.012522562391881292	0.7181603022018977	0.0	(0.7181603022018977+0j)
0.8433333333333334	0.7112111111111112	0.012611025796140013	0.7238599447622561	0.0	(0.7238599447622561+0j)
0.8466666666666667	0.7168444444444445	0.012699678299194939	0.7295820041511482	0.0	(0.7295820041511482+0j)
0.8500000000000001	0.7225000000000001	0.012788518325652837	0.7353264790011366	0.0	(0.7353264790011366+0j)
0.8533333333333334	0.7281777777777779	0.012877544299787658	0.7410933679577023	0.0	(0.7410933679577023+0j)
0.8566666666666667	0.7338777777777779	0.012966754645590828	0.7468826696805334	0.0	(0.7468826696805334+0j)
0.8600000000000001	0.7396000000000001	0.01305614778682157	0.7526943828449993	0.0	(0.7526943828449993+0j)
0.8633333333333334	0.7453444444444446	0.013145722147057115	0.7585285061437976	0.0	(0.7585285061437976+0j)
0.8666666666666667	0.7511111111111112	0.013235476149742381	0.7643850382887682	0.0	(0.7643850382887682+0j)
0.8700000000000001	0.7569000000000002	0.01332540821824027	0.7702639780129256	0.0	(0.7702639780129256+0j)
0.8733333333333334	0.7627111111111112	0.013415516775880848	0.7761653240727938	0.0	(0.7761653240727938+0j)
0.8766666666666667	0.7685444444444445	0.013505800246011668	0.7820890752509415	0.0	(0.7820890752509415+0j)
0.88	0.7744	0.013596257052046562	0.7880352303589256	0.0	(0.7880352303589256+0j)
0.8833333333333334	0.780277777777778	0.013686885617515451	0.7940037882406223	0.0	(0.7940037882406223+0j)
0.8866666666666667	0.7861777777777779	0.013777684366113277	0.799994747775983	0.0	(0.799994747775983+0j)
0.89	0.7921	0.013868651721749323	0.8060081078853427	0.0	(0.8060081078853427+0j)
0.8933333333333334	0.7980444444444446	0.01395978610859587	0.8120438675344273	0.0	(0.8120438675344273+0j)
0.8966666666666667	0.8040111111111112	0.014051085951137174	0.8181020257400013	0.0	(0.8181020257400013+0j)
0.9	0.81	0.014142549674218033	0.8241825815765514	0.0	(0.8241825815765514+0j)
0.9033333333333334	0.8160111111111112	0.014234175703092308	0.8302855341839571	0.0	(0.8302855341839571+0j)
0.9066666666666667	0.8220444444444446	0.014325962463471273	0.8364108827765084	0.0	(0.8364108827765084+0j)
0.91	0.8281000000000001	0.01441790838157174	0.8425586266534977	0.0	(0.8425586266534977+0j)
0.9133333333333334	0.834177777777778	0.01451001188416419	0.8487287652117482	0.0	(0.8487287652117482+0j)
0.9166666666666667	0.8402777777777779	0.014602271398620595	0.8549212979605176	0.0	(0.8549212979605176+0j)
0.92	0.8464	0.014694685352962214	0.8611362245393385	0.0	(0.8611362245393385+0j)
0.9233333333333333	0.8525444444444444	0.014787252175907054	0.8673735447395051	0.0	(0.8673735447395051+0j)
0.9266666666666667	0.8587111111111113	0.0148799702969174	0.8736332585302132	0.0	(0.8736332585302132+0j)
0.93	0.8649000000000001	0.014972838146246933	0.8799153660905001	0.0	(0.8799153660905001+0j)
0.9333333333333333	0.8711111111111112	0.015065854154987984	0.886219867848749	0.0	(0.886219867848749+0j)
0.9366666666666668	0.8773444444444446	0.01515901675511823	0.8925467645319018	0.0	(0.8925467645319018+0j)
0.9400000000000001	0.8836000000000002	0.015252324379547613	0.8988960572274522	0.0	(0.8988960572274522+0j)
0.9433333333333334	0.8898777777777778	0.015345775462164743	0.9052677474623946	0.0	(0.9052677474623946+0j)
0.9466666666666668	0.896177777777778	0.015439368437883572	0.9116618373051447	0.0	(0.9116618373051447+0j)
0.9500000000000001	0.9025000000000001	0.015533101742689251	0.9180783294987365	0.0	(0.9180783294987365+0j)
0.9533333333333334	0.9088444444444445	0.015626973813684483	0.9245172276378328	0.0	(0.9245172276378328+0j)
0.9566666666666668	0.9152111111111113	0.015720983089135276	0.9309785364079636	0.0	(0.9309785364079636+0j)
0.9600000000000001	0.9216000000000002	0.015815128008516546	0.937462261915242	0.0	(0.937462261915242+0j)
0.9633333333333334	0.9280111111111112	0.01590940701255776	0.9439684121512582	0.0	(0.9439684121512582+0j)
0.9666666666666667	0.9344444444444444	0.016003818543288223	0.9504969976654688	0.0	(0.9504969976654688+0j)
0.9700000000000001	0.9409000000000002	0.016098361044082174	0.9570480325676817	0.0	(0.9570480325676817+0j)
0.9733333333333334	0.9473777777777779	0.016193032959703757	0.9636215360766054	0.0	(0.9636215360766054+0j)
0.9766666666666667	0.9538777777777778	0.016287832736351746	0.970217535016204	0.0	(0.970217535016204+0j)
0.9800000000000001	0.9604000000000001	0.016382758821704188	0.9768360680555915	0.0	(0.9768360680555915+0j)
0.9833333333333334	0.9669444444444446	0.016477809664962734	0.9834771933969219	0.0	(0.9834771933969219+0j)
0.9866666666666667	0.9735111111111112	0.016572983716896764	0.9901410039457298	0.0	(0.9901410039457298+0j)
0.9900000000000001	0.9801000000000002	0.016668279429887467	0.9968276608676498	0.0	(0.9968276608676498+0j)
0.9933333333333334	0.9867111111111112	0.016763695257971625	1.0035374810411437	0.0	(1.0035374810411437+0j)
0.9966666666666667	0.9933444444444445	0.016859229656885077	1.0102712327296854	0.0	(1.0102712327296854+0j)
1.0	1.0	0.01695488108410624	1.0170317926751637	0.0	(1.0170317926751637+0j)
