-1.0	-1.0	-0.11293388899608998	-1.1143286255828395	0.0	(-1.1143286255828395+0j)
-0.995	-0.990025	-0.11234129497459394	-1.1036397285397872	0.0	(-1.1036397285397872+0j)
-0.99	-0.9801	-0.11174523461131793	-1.093047368739891	0.0	(-1.093047368739891+0j)
-0.985	-0.970225	-0.1111457203598443	-1.0825213799351292	0.0	(-1.0825213799351292+0j)
-0.98	-0.9603999999999999	-0.11054276551451056	-1.0720528270646539	0.0	(-1.0720528270646539+0j)
-0.975	-0.9506249999999999	-0.10993638422124738	-1.0616378017360624	0.0	(-1.0616378017360624+0j)
-0.97	-0.9409	-0.10932659148829958	-1.0512742310082273	0.0	(-1.0512742310082273+0j)
-0.965	-0.931225	-0.1087134031968236	-1.040960879736005	0.0	(-1.040960879736005+0j)
-0.96	-0.9216	-0.10809683611135354	-1.0306969525373872	0.0	(-1.0306969525373872+0j)
-0.9550000000000001	-0.9120250000000001	-0.10747690789012931	-1.020481908316737	0.0	(-1.020481908316737+0j)
-0.9500000000000001	-0.9025000000000001	-0.10685363709527927	-1.0103153639053324	0.0	(-1.0103153639053324+0j)
-0.9450000000000001	-0.8930250000000001	-0.10622704320285017	-1.0001970397839501	0.0	(-1.0001970397839501+0j)
-0.9400000000000001	-0.8836000000000002	-0.10559714661267727	-0.9901267275322791	0.0	(-0.9901267275322791+0j)
-0.935	-0.8742250000000001	-0.10496396865808687	-0.980104269305835	0.0	(-0.980104269305835+0j)
-0.93	-0.8649000000000001	-0.10432753161542432	-0.9701295443551612	0.0	(-0.9701295443551612+0j)
-0.925	-0.8556250000000001	-0.10368785871339962	-0.9602024598633144	0.0	(-0.9602024598633144+0j)
-0.92	-0.8464	-0.10304497414224353	-0.9503229445356186	0.0	(-0.9503229445356186+0j)
-0.915	-0.8372250000000001	-0.10239890306266645	-0.9404909440025054	0.0	(-0.9404909440025054+0j)
-0.91	-0.8281000000000001	-0.10174967161461261	-0.930706417450953	0.0	(-0.930706417450953+0j)
-0.905	-0.819025	-0.10109730692580192	-0.9209693351094531	0.0	(-0.9209693351094531+0j)
-0.9	-0.81	-0.10044183712005243	-0.9112796763387373	0.0	(-0.9112796763387373+0j)
-0.895	-0.801025	-0.09978329132537497	-0.9016374281610864	0.0	(-0.9016374281610864+0j)
-0.89	-0.7921	-0.09912169968183336	-0.8920425841122545	0.0	(-0.8920425841122545+0j)
-0.885	-0.7832250000000001	-0.09845709334916171	-0.8824951433348504	0.0	(-0.8824951433348504+0j)
-0.88	-0.7744	-0.0977895045141322	-0.8729951098545298	0.0	(-0.8729951098545298+0j)
-0.875	-0.765625	-0.09711896639766479	-0.8635424919967323	0.0	(-0.8635424919967323+0j)
-0.87	-0.7569	-0.09644551326167239	-0.8541373019123722	0.0	(-0.8541373019123722+0j)
-0.865	-0.748225	-0.09576918041563295	-0.8447795551891907	0.0	(-0.8447795551891907+0j)
-0.86	-0.7395999999999999	-0.09509000422288169	-0.8354692705308275	0.0	(-0.8354692705308275+0j)
-0.855	-0.7310249999999999	-0.09440802210661606	-0.8262064694901537	0.0	(-0.8262064694901537+0j)
-0.85	-0.7224999999999999	-0.09372327255560509	-0.8169911762462492	0.0	(-0.8169911762462492+0j)
-0.845	-0.7140249999999999	-0.09303579512959724	-0.8078234174168517	0.0	(-0.8078234174168517+0j)
-0.84	-0.7055999999999999	-0.09234563046441803	-0.7987032218998021	0.0	(-0.7987032218998021+0j)
-0.835	-0.697225	-0.09165282027675095	-0.7896306207383581	0.0	(-0.7896306207383581+0j)
-0.8300000000000001	-0.6889000000000001	-0.09095740736859452	-0.7806056470063	0.0	(-0.7806056470063+0j)
-0.8250000000000001	-0.6806250000000001	-0.0902594356313876	-0.7716283357094602	0.0	(-0.7716283357094602+0j)
-0.8200000000000001	-0.6724000000000001	-0.08955895004979686	-0.7626987237010642	0.0	(-0.7626987237010642+0j)
-0.8150000000000001	-0.6642250000000001	-0.0888559967051587	-0.753816849608671	0.0	(-0.753816849608671+0j)
-0.81	-0.6561000000000001	-0.08815062277856894	-0.7449827537709138	0.0	(-0.7449827537709138+0j)
-0.805	-0.6480250000000001	-0.08744287655361352	-0.7361964781825764	0.0	(-0.7361964781825764+0j)
-0.8	-0.6400000000000001	-0.08673280741873343	-0.7274580664467676	0.0	(-0.7274580664467676+0j)
-0.795	-0.6320250000000001	-0.08602046586921702	-0.718767563733216	0.0	(-0.718767563733216+0j)
-0.79	-0.6241000000000001	-0.08530590350881381	-0.7101250167417648	0.0	(-0.7101250167417648+0j)
-0.785	-0.616225	-0.08458917305096234	-0.7015304736704222	0.0	(-0.7015304736704222+0j)
-0.78	-0.6084	-0.0838703283196269	-0.6929839841873127	0.0	(-0.6929839841873127+0j)
-0.775	-0.6006250000000001	-0.0831494242497362	-0.6844855994060645	0.0	(-0.6844855994060645+0j)
-0.77	-0.5929	-0.08242651688721808	-0.6760353718641554	0.0	(-0.6760353718641554+0j)
-0.765	-0.585225	-0.08170166338862461	-0.6676333555039005	0.0	(-0.6676333555039005+0j)
-0.76	-0.5776	-0.08097492202034144	-0.6592796056557251	0.0	(-0.6592796056557251+0j)
-0.755	-0.570025	-0.08024635215737631	-0.650974179023509	0.0	(-0.650974179023509+0j)
-0.75	-0.5625	-0.07951601428172053	-0.6427171336717078	0.0	(-0.6427171336717078+0j)
-0.745	-0.555025	-0.07878396998027878	-0.6345085290141256	0.0	(-0.6345085290141256+0j)
-0.74	-0.5476	-0.07805028194236166	-0.6263484258041248	0.0	(-0.6263484258041248+0j)
-0.735	-0.540225	-0.07731501395673632	-0.6182368861261366	0.0	(-0.6182368861261366+0j)
-0.73	-0.5328999999999999	-0.07657823090823002	-0.6101739733884045	0.0	(-0.6101739733884045+0j)
-0.725	-0.525625	-0.07583999877388248	-0.602159752316747	0.0	(-0.602159752316747+0j)
-0.72	-0.5184	-0.07510038461864185	-0.5941942889493712	0.0	(-0.5941942889493712+0j)
-0.715	-0.5112249999999999	-0.07435945659060123	-0.5862776506325472	0.0	(-0.5862776506325472+0j)
-0.71	-0.5041	-0.07361728391577027	-0.5784099060171777	0.0	(-0.5784099060171777+0j)
-0.705	-0.49702499999999994	-0.07287393689237914	-0.570591125056105	0.0	(-0.570591125056105+0j)
-0.7000000000000001	-0.4900000000000001	-0.07212948688471085	-0.5628213790021982	0.0	(-0.5628213790021982+0j)
-0.6950000000000001	-0.4830250000000001	-0.07138400631645822	-0.5551007404071061	0.0	(-0.5551007404071061+0j)
-0.6900000000000001	-0.4761000000000001	-0.07063756866360299	-0.5474292831206481	0.0	(-0.5474292831206481+0j)
-0.685	-0.46922500000000006	-0.06989024844681324	-0.5398070822908356	0.0	(-0.5398070822908356+0j)
-0.68	-0.4624000000000001	-0.06914212122335742	-0.5322342143644943	0.0	(-0.5322342143644943+0j)
-0.675	-0.45562500000000006	-0.06839326357853108	-0.5247107570883657	0.0	(-0.5247107570883657+0j)
-0.67	-0.4489000000000001	-0.06764375311659575	-0.517236789510792	0.0	(-0.517236789510792+0j)
-0.665	-0.44222500000000003	-0.06689366845122635	-0.5098123919838531	0.0	(-0.5098123919838531+0j)
-0.66	-0.43560000000000004	-0.06614308919546655	-0.502437646165975	0.0	(-0.502437646165975+0j)
-0.655	-0.42902500000000005	-0.06539209595118953	-0.49511263502495156	0.0	(-0.49511263502495156+0j)
-0.65	-0.42250000000000004	-0.06464077029806406	-0.4878374428413501	0.0	(-0.4878374428413501+0j)
-0.645	-0.41602500000000003	-0.0638891947820237	-0.48061215521230344	0.0	(-0.48061215521230344+0j)
-0.64	-0.4096	-0.06313745290323902	-0.4734368590555691	0.0	(-0.4734368590555691+0j)
-0.635	-0.403225	-0.06238562910359263	-0.4663116426139019	0.0	(-0.4663116426139019+0j)
-0.63	-0.39690000000000003	-0.0616338087536559	-0.4592365954596373	0.0	(-0.4592365954596373+0j)
-0.625	-0.390625	-0.06088207813916849	-0.45221180849944037	0.0	(-0.45221180849944037+0j)
-0.62	-0.3844	-0.06013052444702016	-0.4452373739791672	0.0	(-0.4452373739791672+0j)
-0.615	-0.378225	-0.05937923575073629	-0.4383133854887995	0.0	(-0.4383133854887995+0j)
-0.61	-0.3721	-0.05862830099546728	-0.43143993796731706	0.0	(-0.43143993796731706+0j)
-0.605	-0.366025	-0.05787780998248353	-0.4246171277075243	0.0	(-0.4246171277075243+0j)
-0.6	-0.36	-0.05712785335317756	-0.41784505236062003	0.0	(-0.41784505236062003+0j)
-0.595	-0.354025	-0.05637852257257443	-0.41112381094054984	0.0	(-0.41112381094054984+0j)
-0.59	-0.34809999999999997	-0.055629909912353476	-0.4044535038279447	0.0	(-0.4044535038279447+0j)
-0.585	-0.34222499999999995	-0.05488210843338301	-0.3978342327735494	0.0	(-0.3978342327735494+0j)
-0.58	-0.3364	-0.05413521196777073	-0.39126610090105896	0.0	(-0.39126610090105896+0j)
-0.5750000000000001	-0.33062500000000006	-0.05338931510043368	-0.38474921270917467	0.0	(-0.38474921270917467+0j)
-0.5700000000000001	-0.3249000000000001	-0.05264451315018952	-0.37828367407277985	0.0	(-0.37828367407277985+0j)
-0.5650000000000001	-0.3192250000000001	-0.05190090215037437	-0.37186959224304944	0.0	(-0.37186959224304944+0j)
-0.56	-0.31360000000000005	-0.05115857882898967	-0.3655070758463696	0.0	(-0.3655070758463696+0j)
-0.555	-0.30802500000000005	-0.05041764058838369	-0.3591962348818442	0.0	(-0.3591962348818442+0j)
-0.55	-0.30250000000000005	-0.049678185484470436	-0.3529371807172326	0.0	(-0.3529371807172326+0j)
-0.545	-0.29702500000000004	-0.04894031220549256	-0.34673002608312253	0.0	(-0.34673002608312253+0j)
-0.54	-0.2916	-0.04820412005033255	-0.34057488506511635	0.0	(-0.34057488506511635+0j)
-0.535	-0.286225	-0.04746970890637716	-0.3344718730938332	0.0	(-0.3344718730938332+0j)
-0.53	-0.28090000000000004	-0.04673717922694186	-0.32842110693246096	0.0	(-0.32842110693246096+0j)
-0.525	-0.275625	-0.04600663200826041	-0.3224227046616912	0.0	(-0.3224227046616912+0j)
-0.52	-0.27040000000000003	-0.04527816876604706	-0.316476785661712	0.0	(-0.316476785661712+0j)
-0.515	-0.265225	-0.04455189151163611	-0.31058347059105473	0.0	(-0.31058347059105473+0j)
-0.51	-0.2601	-0.04382790272770817	-0.30474288136205246	0.0	(-0.30474288136205246+0j)
-0.505	-0.255025	-0.04310630534360843	-0.2989551411125665	0.0	(-0.2989551411125665+0j)
-0.5	-0.25	-0.0423872027102656	-0.29322037417380264	0.0	(-0.29322037417380264+0j)
-0.495	-0.245025	-0.0416706985747187	-0.2875387060338915	0.0	(-0.2875387060338915+0j)
-0.49	-0.24009999999999998	-0.04095689705426047	-0.2819102632969659	0.0	(-0.2819102632969659+0j)
-0.485	-0.235225	-0.04024590261020547	-0.27633517363747506	0.0	(-0.27633517363747506+0j)
-0.48	-0.2304	-0.039537820021291366	-0.2708135657494541	0.0	(-0.2708135657494541+0j)
-0.47500000000000003	-0.22562500000000002	-0.03883275435672313	-0.26534556929049297	0.0	(-0.26534556929049297+0j)
-0.47000000000000003	-0.22090000000000004	-0.03813081094886903	-0.2599313148201432	0.0	(-0.2599313148201432+0j)
-0.465	-0.21622500000000003	-0.037432095365617334	-0.25457093373251016	0.0	(-0.25457093373251016+0j)
-0.46	-0.2116	-0.036736713382405535	-0.24926455818279883	0.0	(-0.24926455818279883+0j)
-0.455	-0.20702500000000001	-0.03604477095392935	-0.24401232100762194	0.0	(-0.24401232100762194+0j)
-0.45	-0.2025	-0.03535637418554508	-0.23881435563881837	0.0	(-0.23881435563881837+0j)
-0.445	-0.198025	-0.03467162930437331	-0.23367079601067825	0.0	(-0.23367079601067825+0j)
-0.44	-0.1936	-0.033990642630116405	-0.2285817764603679	0.0	(-0.2285817764603679+0j)
-0.435	-0.189225	-0.033313520545600536	-0.2235474316214731	0.0	(-0.2235474316214731+0j)
-0.43	-0.18489999999999998	-0.032640369467053926	-0.21856789631059043	0.0	(-0.21856789631059043+0j)
-0.425	-0.18062499999999998	-0.03197129581413202	-0.21364330540689316	0.0	(-0.21364330540689316+0j)
-0.42	-0.17639999999999997	-0.0313064059797033	-0.20877379372471744	0.0	(-0.20877379372471744+0j)
-0.41500000000000004	-0.17222500000000002	-0.030645806299405415	-0.20395949587919143	0.0	(-0.20395949587919143+0j)
-0.41000000000000003	-0.16810000000000003	-0.02998960302098709	-0.19920054614502783	0.0	(-0.19920054614502783+0j)
-0.405	-0.16402500000000003	-0.029337902273445238	-0.19449707830864155	0.0	(-0.19449707830864155+0j)
-0.4	-0.16000000000000003	-0.028690810035972847	-0.18984922551379518	0.0	(-0.18984922551379518+0j)
-0.395	-0.15602500000000002	-0.028048432106727583	-0.18525712010106546	0.0	(-0.18525712010106546+0j)
-0.39	-0.1521	-0.027410874071438357	-0.18072089344146422	0.0	(-0.18072089344146422+0j)
-0.385	-0.148225	-0.02677824127185903	-0.17624067576461278	0.0	(-0.17624067576461278+0j)
-0.38	-0.1444	-0.026150638774086535	-0.1718165959819153	0.0	(-0.1718165959819153+0j)
-0.375	-0.140625	-0.02552817133675389	-0.16744878150529524	0.0	(-0.16744878150529524+0j)
-0.37	-0.1369	-0.024910943379114897	-0.16313735806197727	0.0	(-0.16313735806197727+0j)
-0.365	-0.13322499999999998	-0.024299058949032656	-0.15888244950601474	0.0	(-0.15888244950601474+0j)
-0.36	-0.1296	-0.023692621690887816	-0.1546841776271342	0.0	(-0.1546841776271342+0j)
-0.355	-0.126025	-0.02309173481341832	-0.1505426619575928	0.0	(-0.1505426619575928+0j)
-0.35000000000000003	-0.12250000000000003	-0.02249650105750914	-0.14645801957768603	0.0	(-0.14645801957768603+0j)
-0.34500000000000003	-0.11902500000000002	-0.021907022663942288	-0.142430364920567	0.0	(-0.142430364920567+0j)
-0.34	-0.11560000000000002	-0.02132340134112648	-0.13845980957693796	0.0	(-0.13845980957693796+0j)
-0.335	-0.11222500000000002	-0.020745738232816197	-0.13454646210016888	0.0	(-0.13454646210016888+0j)
-0.33	-0.10890000000000001	-0.020174133885840495	-0.1306904278122298	0.0	(-0.1306904278122298+0j)
-0.325	-0.10562500000000001	-0.019608688217852	-0.1268918086107266	0.0	(-0.1268918086107266+0j)
-0.32	-0.1024	-0.019049500485115306	-0.12315070277714141	0.0	(-0.12315070277714141+0j)
-0.315	-0.09922500000000001	-0.01849666925034646	-0.11946720478615505	0.0	(-0.11946720478615505+0j)
-0.31	-0.0961	-0.017950292350621816	-0.1158414051157001	0.0	(-0.1158414051157001+0j)
-0.305	-0.093025	-0.017410466865369484	-0.1122733900570851	0.0	(-0.1122733900570851+0j)
-0.3	-0.09	-0.016877289084459846	-0.10876324152423128	0.0	(-0.10876324152423128+0j)
-0.295	-0.08702499999999999	-0.01635085447641141	-0.1053110368607023	0.0	(-0.1053110368607023+0j)
-0.29	-0.0841	-0.015831257656725023	-0.10191684864284949	0.0	(-0.10191684864284949+0j)
-0.28500000000000003	-0.08122500000000002	-0.01531859235636479	-0.0985807444770221	0.0	(-0.0985807444770221+0j)
-0.28	-0.07840000000000001	-0.014812951390399398	-0.09530278678840318	0.0	(-0.09530278678840318+0j)
-0.275	-0.07562500000000001	-0.014314426626819421	-0.09208303259866107	0.0	(-0.09208303259866107+0j)
-0.27	-0.0729	-0.013823108955548224	-0.08892153328927241	0.0	(-0.08892153328927241+0j)
-0.265	-0.07022500000000001	-0.013339088257658255	-0.08581833434702171	0.0	(-0.08581833434702171+0j)
-0.26	-0.06760000000000001	-0.0128624533748109	-0.08277347508792746	0.0	(-0.08277347508792746+0j)
-0.255	-0.065025	-0.012393292078937412	-0.0797869883555638	0.0	(-0.0797869883555638+0j)
-0.25	-0.0625	-0.01193169104216768	-0.07685890018956816	0.0	(-0.07685890018956816+0j)
-0.245	-0.060024999999999995	-0.011477735807033373	-0.07398922945993854	0.0	(-0.07398922945993854+0j)
-0.24	-0.0576	-0.011031510756953355	-0.07117798746256712	0.0	(-0.07117798746256712+0j)
-0.23500000000000001	-0.05522500000000001	-0.010593099087017888	-0.06842517747130958	0.0	(-0.06842517747130958+0j)
-0.23	-0.0529	-0.01016258277508647	-0.06573079424171892	0.0	(-0.06573079424171892+0j)
-0.225	-0.050625	-0.009740042553217365	-0.06309482346134211	0.0	(-0.06309482346134211+0j)
-0.22	-0.0484	-0.009325557879439617	-0.06051724114112708	0.0	(-0.06051724114112708+0j)
-0.215	-0.046224999999999995	-0.008919206909883404	-0.05799801294205586	0.0	(-0.05799801294205586+0j)
-0.21	-0.04409999999999999	-0.00852106647128481	-0.055537093430441345	0.0	(-0.055537093430441345+0j)
-0.20500000000000002	-0.04202500000000001	-0.008131212033876123	-0.053134425254451605	0.0	(-0.053134425254451605+0j)
-0.2	-0.04000000000000001	-0.007749717684681912	-0.050789938233271194	0.0	(-0.050789938233271194+0j)
-0.195	-0.038025	-0.007376656101227286	-0.04850354834881293	0.0	(-0.04850354834881293+0j)
-0.19	-0.0361	-0.007012098525677191	-0.04627515662806717	0.0	(-0.04627515662806717+0j)
-0.185	-0.034225	-0.006656114739419516	-0.04410464790193031	0.0	(-0.04410464790193031+0j)
-0.18	-0.0324	-0.00630877303810784	-0.0419918894236988	0.0	(-0.0419918894236988+0j)
-0.17500000000000002	-0.030625000000000006	-0.005970140207166574	-0.039936729327333755	0.0	(-0.039936729327333755+0j)
-0.17	-0.028900000000000006	-0.005640281497790167	-0.03793899490205157	0.0	(-0.03793899490205157+0j)
-0.165	-0.027225000000000003	-0.005319260603431908	-0.03599849065580452	0.0	(-0.03599849065580452+0j)
-0.16	-0.0256	-0.005007139636801217	-0.03411499613581885	0.0	(-0.03411499613581885+0j)
-0.155	-0.024025	-0.004703979107385514	-0.03228826346951791	0.0	(-0.03228826346951791+0j)
-0.15	-0.0225	-0.004409837899506108	-0.030518014584003602	0.0	(-0.030518014584003602+0j)
-0.145	-0.021025	-0.004124773250913649	-0.028803938056849356	0.0	(-0.028803938056849356+0j)
-0.14	-0.019600000000000003	-0.0038488407319481333	-0.027145685545397744	0.0	(-0.027145685545397744+0j)
-0.135	-0.018225	-0.003582094225260679	-0.025542867736280755	0.0	(-0.025542867736280755+0j)
-0.13	-0.016900000000000002	-0.003324585906120392	-0.0239950497517302	0.0	(-0.0239950497517302+0j)
-0.125	-0.015625	-0.0030763662233035394	-0.022501745944862282	0.0	(-0.022501745944862282+0j)
-0.12	-0.0144	-0.0028374838805922398	-0.021062414012981947	0.0	(-0.021062414012981947+0j)
-0.115	-0.013225	-0.0026079858188776672	-0.019676448356857144	0.0	(-0.019676448356857144+0j)
-0.11	-0.0121	-0.0023879171988849812	-0.018343172615774096	0.0	(-0.018343172615774096+0j)
-0.105	-0.011024999999999998	-0.002177321384528863	-0.017061831314262563	0.0	(-0.017061831314262563+0j)
-0.1	-0.010000000000000002	-0.0019762399269063202	-0.015831580568218147	0.0	(-0.015831580568218147+0j)
-0.095	-0.009025	-0.0017847125489445226	-0.01465147781758863	0.0	(-0.01465147781758863+0j)
-0.09	-0.0081	-0.0016027771306892369	-0.013520470582100458	0.0	(-0.013520470582100458+0j)
-0.085	-0.007225000000000001	-0.0014304696952782692	-0.012437384277876558	0.0	(-0.012437384277876558+0j)
-0.08	-0.0064	-0.0012678243955654978	-0.011400909188943965	0.0	(-0.011400909188943965+0j)
-0.075	-0.005625	-0.001114873501451008	-0.010409586760376696	0.0	(-0.010409586760376696+0j)
-0.07	-0.004900000000000001	-0.0009716473878595977	-0.009461795471053247	0.0	(-0.009461795471053247+0j)
-0.065	-0.0042250000000000005	-0.000838174523463131	-0.00855573665325366	0.0	(-0.00855573665325366+0j)
-0.06	-0.0036	-0.0007144814600534843	-0.007689420752100932	0.0	(-0.007689420752100932+0j)
-0.055	-0.003025	-0.0006005928226393564	-0.006860654654368916	0.0	(-0.006860654654368916+0j)
-0.05	-0.0025000000000000005	-0.0004965313002980309	-0.006067030853932206	0.0	(-0.006067030853932206+0j)
-0.045	-0.002025	-0.00040231763763998174	-0.005305919346436812	0.0	(-0.005305919346436812+0j)
-0.04	-0.0016	-0.0003179706270906024	-0.004574463237430783	0.0	(-0.004574463237430783+0j)
-0.035	-0.0012250000000000002	-0.0002435071018780377	-0.0038695790828939323	0.0	(-0.0038695790828939323+0j)
-0.03	-0.0009	-0.00017894192971823486	-0.0031879629313145133	0.0	(-0.0031879629313145133+0j)
-0.025	-0.0006250000000000001	-0.00012428800722830147	-0.002526102876844281	0.0	(-0.002526102876844281+0j)
-0.02	-0.0004	-7.955625513034192e-05	-0.0018802986459284245	0.0	(-0.0018802986459284245+0j)
-0.015	-0.000225	-4.47556141836003e-05	-0.0012466883243906018	0.0	(-0.0012466883243906018+0j)
-0.01	-0.0001	-1.989304180938234e-05	-0.0006212818038957781	0.0	(-0.0006212818038957781+0j)
-0.005	-2.5e-05	-4.9735086804503226e-06	4.05955786564674e-16	-0.0970168268451985	(4.05955786564674e-16-0.0970168268451985j)
0.005	2.5e-05	4.9735086804503226e-06	4.05955786564674e-16	0.0970168268451985	(4.05955786564674e-16+0.0970168268451985j)
0.01	0.0001	1.989304180938234e-05	0.0006212818038957998	0.0	(0.0006212818038957998+0j)
0.015	0.000225	4.47556141836003e-05	0.0012466883243905731	0.0	(0.0012466883243905731+0j)
0.02	0.0004	7.955625513034192e-05	0.0018802986459283816	0.0	(0.0018802986459283816+0j)
0.025	0.0006250000000000001	0.00012428800722830147	0.0025261028768442367	0.0	(0.0025261028768442367+0j)
0.03	0.0009	0.00017894192971823486	0.003187962931314483	0.0	(0.003187962931314483+0j)
0.035	0.0012250000000000002	0.0002435071018780377	0.0038695790828939254	0.0	(0.0038695790828939254+0j)
0.04	0.0016	0.0003179706270906024	0.004574463237430765	0.0	(0.004574463237430765+0j)
0.045	0.002025	0.00040231763763998174	0.005305919346436759	0.0	(0.005305919346436759+0j)
0.05	0.0025000000000000005	0.0004965313002980309	0.006067030853932167	0.0	(0.006067030853932167+0j)
0.055	0.003025	0.0006005928226393564	0.0068606546543688515	0.0	(0.0068606546543688515+0j)
0.06	0.0036	0.0007144814600534843	0.0076894207521008345	0.0	(0.0076894207521008345+0j)
0.065	0.0042250000000000005	0.000838174523463131	0.008555736653253635	0.0	(0.008555736653253635+0j)
0.07	0.004900000000000001	0.0009716473878595977	0.009461795471053136	0.0	(0.009461795471053136+0j)
0.075	0.005625	0.001114873501451008	0.010409586760376725	0.0	(0.010409586760376725+0j)
0.08	0.0064	0.0012678243955654978	0.011400909188943941	0.0	(0.011400909188943941+0j)
0.085	0.007225000000000001	0.0014304696952782692	0.012437384277876487	0.0	(0.012437384277876487+0j)
0.09	0.0081	0.0016027771306892369	0.013520470582100503	0.0	(0.013520470582100503+0j)
0.095	0.009025	0.0017847125489445226	0.014651477817588606	0.0	(0.014651477817588606+0j)
0.1	0.010000000000000002	0.0019762399269063202	0.015831580568217922	0.0	(0.015831580568217922+0j)
0.105	0.011024999999999998	0.002177321384528863	0.017061831314262525	0.0	(0.017061831314262525+0j)
0.11	0.0121	0.0023879171988849812	0.018343172615774086	0.0	(0.018343172615774086+0j)
0.115	0.013225	0.0026079858188776672	0.019676448356857137	0.0	(0.019676448356857137+0j)
0.12	0.0144	0.0028374838805922398	0.02106241401298198	0.0	(0.02106241401298198+0j)
0.125	0.015625	0.0030763662233035394	0.02250174594486218	0.0	(0.02250174594486218+0j)
0.13	0.016900000000000002	0.003324585906120392	0.023995049751730127	0.0	(0.023995049751730127+0j)
0.135	0.018225	0.003582094225260679	0.025542867736280755	0.0	(0.025542867736280755+0j)
0.14	0.019600000000000003	0.0038488407319481333	0.0271456855453978	0.0	(0.0271456855453978+0j)
0.145	0.021025	0.004124773250913649	0.0288039380568494	0.0	(0.0288039380568494+0j)
0.15	0.0225	0.004409837899506108	0.03051801458400358	0.0	(0.03051801458400358+0j)
0.155	0.024025	0.004703979107385514	0.03228826346951773	0.0	(0.03228826346951773+0j)
0.16	0.0256	0.005007139636801217	0.03411499613581891	0.0	(0.03411499613581891+0j)
0.165	0.027225000000000003	0.005319260603431908	0.035998490655804474	0.0	(0.035998490655804474+0j)
0.17	0.028900000000000006	0.005640281497790167	0.03793899490205127	0.0	(0.03793899490205127+0j)
0.17500000000000002	0.030625000000000006	0.005970140207166574	0.03993672932733373	0.0	(0.03993672932733373+0j)
0.18	0.0324	0.00630877303810784	0.04199188942369853	0.0	(0.04199188942369853+0j)
0.185	0.034225	0.006656114739419516	0.044104647901930374	0.0	(0.044104647901930374+0j)
0.19	0.0361	0.007012098525677191	0.046275156628066964	0.0	(0.046275156628066964+0j)
0.195	0.038025	0.007376656101227286	0.04850354834881286	0.0	(0.04850354834881286+0j)
0.2	0.04000000000000001	0.007749717684681912	0.050789938233271166	0.0	(0.050789938233271166+0j)
0.20500000000000002	0.04202500000000001	0.008131212033876123	0.05313442525445179	0.0	(0.05313442525445179+0j)
0.21	0.04409999999999999	0.00852106647128481	0.055537093430441435	0.0	(0.055537093430441435+0j)
0.215	0.046224999999999995	0.008919206909883404	0.05799801294205611	0.0	(0.05799801294205611+0j)
0.22	0.0484	0.009325557879439617	0.0605172411411265	0.0	(0.0605172411411265+0j)
0.225	0.050625	0.009740042553217365	0.06309482346134188	0.0	(0.06309482346134188+0j)
0.23	0.0529	0.01016258277508647	0.06573079424171885	0.0	(0.06573079424171885+0j)
0.23500000000000001	0.05522500000000001	0.010593099087017888	0.06842517747130933	0.0	(0.06842517747130933+0j)
0.24	0.0576	0.011031510756953355	0.07117798746256769	0.0	(0.07117798746256769+0j)
0.245	0.060024999999999995	0.011477735807033373	0.07398922945993863	0.0	(0.07398922945993863+0j)
0.25	0.0625	0.01193169104216768	0.07685890018956727	0.0	(0.07685890018956727+0j)
0.255	0.065025	0.012393292078937412	0.0797869883555628	0.0	(0.0797869883555628+0j)
0.26	0.06760000000000001	0.0128624533748109	0.0827734750879272	0.0	(0.0827734750879272+0j)
0.265	0.07022500000000001	0.013339088257658255	0.08581833434702174	0.0	(0.08581833434702174+0j)
0.27	0.0729	0.013823108955548224	0.08892153328927223	0.0	(0.08892153328927223+0j)
0.275	0.07562500000000001	0.014314426626819421	0.09208303259866119	0.0	(0.09208303259866119+0j)
0.28	0.07840000000000001	0.014812951390399398	0.09530278678840258	0.0	(0.09530278678840258+0j)
0.28500000000000003	0.08122500000000002	0.01531859235636479	0.09858074447702192	0.0	(0.09858074447702192+0j)
0.29	0.0841	0.015831257656725023	0.10191684864284867	0.0	(0.10191684864284867+0j)
0.295	0.08702499999999999	0.01635085447641141	0.10531103686070205	0.0	(0.10531103686070205+0j)
0.3	0.09	0.016877289084459846	0.10876324152423135	0.0	(0.10876324152423135+0j)
0.305	0.093025	0.017410466865369484	0.11227339005708482	0.0	(0.11227339005708482+0j)
0.31	0.0961	0.017950292350621816	0.11584140511569922	0.0	(0.11584140511569922+0j)
0.315	0.09922500000000001	0.01849666925034646	0.11946720478615556	0.0	(0.11946720478615556+0j)
0.32	0.1024	0.019049500485115306	0.12315070277714142	0.0	(0.12315070277714142+0j)
0.325	0.10562500000000001	0.019608688217852	0.12689180861072757	0.0	(0.12689180861072757+0j)
0.33	0.10890000000000001	0.020174133885840495	0.13069042781222998	0.0	(0.13069042781222998+0j)
0.335	0.11222500000000002	0.020745738232816197	0.13454646210017024	0.0	(0.13454646210017024+0j)
0.34	0.11560000000000002	0.02132340134112648	0.13845980957693754	0.0	(0.13845980957693754+0j)
0.34500000000000003	0.11902500000000002	0.021907022663942288	0.14243036492056657	0.0	(0.14243036492056657+0j)
0.35000000000000003	0.12250000000000003	0.02249650105750914	0.14645801957768634	0.0	(0.14645801957768634+0j)
0.355	0.126025	0.02309173481341832	0.1505426619575926	0.0	(0.1505426619575926+0j)
0.36	0.1296	0.023692621690887816	0.15468417762713443	0.0	(0.15468417762713443+0j)
0.365	0.13322499999999998	0.024299058949032656	0.15888244950601585	0.0	(0.15888244950601585+0j)
0.37	0.1369	0.024910943379114897	0.16313735806197743	0.0	(0.16313735806197743+0j)
0.375	0.140625	0.02552817133675389	0.16744878150529532	0.0	(0.16744878150529532+0j)
0.38	0.1444	0.026150638774086535	0.17181659598191598	0.0	(0.17181659598191598+0j)
0.385	0.148225	0.02677824127185903	0.1762406757646109	0.0	(0.1762406757646109+0j)
0.39	0.1521	0.027410874071438357	0.18072089344146414	0.0	(0.18072089344146414+0j)
0.395	0.15602500000000002	0.028048432106727583	0.1852571201010657	0.0	(0.1852571201010657+0j)
0.4	0.16000000000000003	0.028690810035972847	0.18984922551379468	0.0	(0.18984922551379468+0j)
0.405	0.16402500000000003	0.029337902273445238	0.1944970783086418	0.0	(0.1944970783086418+0j)
0.41000000000000003	0.16810000000000003	0.02998960302098709	0.19920054614502788	0.0	(0.19920054614502788+0j)
0.41500000000000004	0.17222500000000002	0.030645806299405415	0.20395949587919032	0.0	(0.20395949587919032+0j)
0.42	0.17639999999999997	0.0313064059797033	0.20877379372471808	0.0	(0.20877379372471808+0j)
0.425	0.18062499999999998	0.03197129581413202	0.2136433054068928	0.0	(0.2136433054068928+0j)
0.43	0.18489999999999998	0.032640369467053926	0.21856789631058993	0.0	(0.21856789631058993+0j)
0.435	0.189225	0.033313520545600536	0.22354743162147295	0.0	(0.22354743162147295+0j)
0.44	0.1936	0.033990642630116405	0.22858177646036867	0.0	(0.22858177646036867+0j)
0.445	0.198025	0.03467162930437331	0.2336707960106785	0.0	(0.2336707960106785+0j)
0.45	0.2025	0.03535637418554508	0.23881435563881687	0.0	(0.23881435563881687+0j)
0.455	0.20702500000000001	0.03604477095392935	0.24401232100762074	0.0	(0.24401232100762074+0j)
0.46	0.2116	0.036736713382405535	0.2492645581827999	0.0	(0.2492645581827999+0j)
0.465	0.21622500000000003	0.037432095365617334	0.25457093373250866	0.0	(0.25457093373250866+0j)
0.47000000000000003	0.22090000000000004	0.03813081094886903	0.25993131482014403	0.0	(0.25993131482014403+0j)
0.47500000000000003	0.22562500000000002	0.03883275435672313	0.2653455692904933	0.0	(0.2653455692904933+0j)
0.48	0.2304	0.039537820021291366	0.27081356574945414	0.0	(0.27081356574945414+0j)
0.485	0.235225	0.04024590261020547	0.2763351736374751	0.0	(0.2763351736374751+0j)
0.49	0.24009999999999998	0.04095689705426047	0.28191026329696617	0.0	(0.28191026329696617+0j)
0.495	0.245025	0.0416706985747187	0.2875387060338909	0.0	(0.2875387060338909+0j)
0.5	0.25	0.0423872027102656	0.2932203741738013	0.0	(0.2932203741738013+0j)
0.505	0.255025	0.04310630534360843	0.2989551411125659	0.0	(0.2989551411125659+0j)
0.51	0.2601	0.04382790272770817	0.30474288136205263	0.0	(0.30474288136205263+0j)
0.515	0.265225	0.04455189151163611	0.31058347059105323	0.0	(0.31058347059105323+0j)
0.52	0.27040000000000003	0.04527816876604706	0.3164767856617094	0.0	(0.3164767856617094+0j)
0.525	0.275625	0.04600663200826041	0.3224227046616915	0.0	(0.3224227046616915+0j)
0.53	0.28090000000000004	0.04673717922694186	0.32842110693246235	0.0	(0.32842110693246235+0j)
0.535	0.286225	0.04746970890637716	0.334471873093831	0.0	(0.334471873093831+0j)
0.54	0.2916	0.04820412005033255	0.34057488506511646	0.0	(0.34057488506511646+0j)
0.545	0.29702500000000004	0.04894031220549256	0.3467300260831221	0.0	(0.3467300260831221+0j)
0.55	0.30250000000000005	0.049678185484470436	0.3529371807172335	0.0	(0.3529371807172335+0j)
0.555	0.30802500000000005	0.05041764058838369	0.35919623488184266	0.0	(0.35919623488184266+0j)
0.56	0.31360000000000005	0.05115857882898967	0.36550707584636893	0.0	(0.36550707584636893+0j)
0.5650000000000001	0.3192250000000001	0.05190090215037437	0.3718695922430496	0.0	(0.3718695922430496+0j)
0.5700000000000001	0.3249000000000001	0.05264451315018952	0.37828367407277874	0.0	(0.37828367407277874+0j)
0.5750000000000001	0.33062500000000006	0.05338931510043368	0.3847492127091755	0.0	(0.3847492127091755+0j)
0.58	0.3364	0.05413521196777073	0.39126610090106034	0.0	(0.39126610090106034+0j)
0.585	0.34222499999999995	0.05488210843338301	0.39783423277355034	0.0	(0.39783423277355034+0j)
0.59	0.34809999999999997	0.055629909912353476	0.4044535038279436	0.0	(0.4044535038279436+0j)
0.595	0.354025	0.05637852257257443	0.41112381094055206	0.0	(0.41112381094055206+0j)
0.6	0.36	0.05712785335317756	0.4178450523606216	0.0	(0.4178450523606216+0j)
0.605	0.366025	0.05787780998248353	0.4246171277075258	0.0	(0.4246171277075258+0j)
0.61	0.3721	0.05862830099546728	0.431439937967319	0.0	(0.431439937967319+0j)
0.615	0.378225	0.05937923575073629	0.4383133854887989	0.0	(0.4383133854887989+0j)
0.62	0.3844	0.06013052444702016	0.44523737397916796	0.0	(0.44523737397916796+0j)
0.625	0.390625	0.06088207813916849	0.45221180849943843	0.0	(0.45221180849943843+0j)
0.63	0.39690000000000003	0.0616338087536559	0.45923659545963813	0.0	(0.45923659545963813+0j)
0.635	0.403225	0.06238562910359263	0.46631164261390023	0.0	(0.46631164261390023+0j)
0.64	0.4096	0.06313745290323902	0.4734368590555688	0.0	(0.4734368590555688+0j)
0.645	0.41602500000000003	0.0638891947820237	0.48061215521230244	0.0	(0.48061215521230244+0j)
0.65	0.42250000000000004	0.06464077029806406	0.48783744284134944	0.0	(0.48783744284134944+0j)
0.655	0.42902500000000005	0.06539209595118953	0.4951126350249532	0.0	(0.4951126350249532+0j)
0.66	0.43560000000000004	0.06614308919546655	0.5024376461659749	0.0	(0.5024376461659749+0j)
0.665	0.44222500000000003	0.06689366845122635	0.5098123919838508	0.0	(0.5098123919838508+0j)
0.67	0.4489000000000001	0.06764375311659575	0.5172367895107889	0.0	(0.5172367895107889+0j)
0.675	0.45562500000000006	0.06839326357853108	0.5247107570883655	0.0	(0.5247107570883655+0j)
0.68	0.4624000000000001	0.06914212122335742	0.5322342143644982	0.0	(0.5322342143644982+0j)
0.685	0.46922500000000006	0.06989024844681324	0.539807082290835	0.0	(0.539807082290835+0j)
0.6900000000000001	0.4761000000000001	0.07063756866360299	0.5474292831206478	0.0	(0.5474292831206478+0j)
0.6950000000000001	0.4830250000000001	0.07138400631645822	0.5551007404071049	0.0	(0.5551007404071049+0j)
0.7000000000000001	0.4900000000000001	0.07212948688471085	0.5628213790021986	0.0	(0.5628213790021986+0j)
0.705	0.49702499999999994	0.07287393689237914	0.5705911250561023	0.0	(0.5705911250561023+0j)
0.71	0.5041	0.07361728391577027	0.5784099060171785	0.0	(0.5784099060171785+0j)
0.715	0.5112249999999999	0.07435945659060123	0.5862776506325453	0.0	(0.5862776506325453+0j)
0.72	0.5184	0.07510038461864185	0.5941942889493728	0.0	(0.5941942889493728+0j)
0.725	0.525625	0.07583999877388248	0.6021597523167497	0.0	(0.6021597523167497+0j)
0.73	0.5328999999999999	0.07657823090823002	0.6101739733884044	0.0	(0.6101739733884044+0j)
0.735	0.540225	0.07731501395673632	0.6182368861261398	0.0	(0.6182368861261398+0j)
0.74	0.5476	0.07805028194236166	0.6263484258041241	0.0	(0.6263484258041241+0j)
0.745	0.555025	0.07878396998027878	0.6345085290141268	0.0	(0.6345085290141268+0j)
0.75	0.5625	0.07951601428172053	0.6427171336717098	0.0	(0.6427171336717098+0j)
0.755	0.570025	0.08024635215737631	0.6509741790235122	0.0	(0.6509741790235122+0j)
0.76	0.5776	0.08097492202034144	0.6592796056557247	0.0	(0.6592796056557247+0j)
0.765	0.585225	0.08170166338862461	0.6676333555038946	0.0	(0.6676333555038946+0j)
0.77	0.5929	0.08242651688721808	0.6760353718641552	0.0	(0.6760353718641552+0j)
0.775	0.6006250000000001	0.0831494242497362	0.6844855994060655	0.0	(0.6844855994060655+0j)
0.78	0.6084	0.0838703283196269	0.6929839841873137	0.0	(0.6929839841873137+0j)
0.785	0.616225	0.08458917305096234	0.7015304736704222	0.0	(0.7015304736704222+0j)
0.79	0.6241000000000001	0.08530590350881381	0.710125016741767	0.0	(0.710125016741767+0j)
0.795	0.6320250000000001	0.08602046586921702	0.7187675637332156	0.0	(0.7187675637332156+0j)
0.8	0.6400000000000001	0.08673280741873343	0.727458066446769	0.0	(0.727458066446769+0j)
0.805	0.6480250000000001	0.08744287655361352	0.7361964781825798	0.0	(0.7361964781825798+0j)
0.81	0.6561000000000001	0.08815062277856894	0.744982753770913	0.0	(0.744982753770913+0j)
0.8150000000000001	0.6642250000000001	0.0888559967051587	0.7538168496086662	0.0	(0.7538168496086662+0j)
0.8200000000000001	0.6724000000000001	0.08955895004979686	0.7626987237010612	0.0	(0.7626987237010612+0j)
0.8250000000000001	0.6806250000000001	0.0902594356313876	0.7716283357094565	0.0	(0.7716283357094565+0j)
0.8300000000000001	0.6889000000000001	0.09095740736859452	0.7806056470062992	0.0	(0.7806056470062992+0j)
0.835	0.697225	0.09165282027675095	0.7896306207383587	0.0	(0.7896306207383587+0j)
0.84	0.7055999999999999	0.09234563046441803	0.7987032218998001	0.0	(0.7987032218998001+0j)
0.845	0.7140249999999999	0.09303579512959724	0.8078234174168522	0.0	(0.8078234174168522+0j)
0.85	0.7224999999999999	0.09372327255560509	0.8169911762462461	0.0	(0.8169911762462461+0j)
0.855	0.7310249999999999	0.09440802210661606	0.8262064694901543	0.0	(0.8262064694901543+0j)
0.86	0.7395999999999999	0.09509000422288169	0.8354692705308262	0.0	(0.8354692705308262+0j)
0.865	0.748225	0.09576918041563295	0.8447795551891918	0.0	(0.8447795551891918+0j)
0.87	0.7569	0.09644551326167239	0.8541373019123714	0.0	(0.8541373019123714+0j)
0.875	0.765625	0.09711896639766479	0.8635424919967328	0.0	(0.8635424919967328+0j)
0.88	0.7744	0.0977895045141322	0.8729951098545303	0.0	(0.8729951098545303+0j)
0.885	0.7832250000000001	0.09845709334916171	0.8824951433348508	0.0	(0.8824951433348508+0j)
0.89	0.7921	0.09912169968183336	0.8920425841122606	0.0	(0.8920425841122606+0j)
0.895	0.801025	0.09978329132537497	0.9016374281610897	0.0	(0.9016374281610897+0j)
0.9	0.81	0.10044183712005243	0.9112796763387394	0.0	(0.9112796763387394+0j)
0.905	0.819025	0.10109730692580192	0.9209693351094496	0.0	(0.9209693351094496+0j)
0.91	0.8281000000000001	0.10174967161461261	0.9307064174509554	0.0	(0.9307064174509554+0j)
0.915	0.8372250000000001	0.10239890306266645	0.9404909440025058	0.0	(0.9404909440025058+0j)
0.92	0.8464	0.10304497414224353	0.9503229445356234	0.0	(0.9503229445356234+0j)
0.925	0.8556250000000001	0.10368785871339962	0.9602024598633158	0.0	(0.9602024598633158+0j)
0.93	0.8649000000000001	0.10432753161542432	0.9701295443551605	0.0	(0.9701295443551605+0j)
0.935	0.8742250000000001	0.10496396865808687	0.9801042693058314	0.0	(0.9801042693058314+0j)
0.9400000000000001	0.8836000000000002	0.10559714661267727	0.9901267275322818	0.0	(0.9901267275322818+0j)
0.9450000000000001	0.8930250000000001	0.10622704320285017	1.00019703978395	0.0	(1.00019703978395+0j)
0.9500000000000001	0.9025000000000001	0.10685363709527927	1.0103153639053315	0.0	(1.0103153639053315+0j)
0.9550000000000001	0.9120250000000001	0.10747690789012931	1.0204819083167365	0.0	(1.0204819083167365+0j)
0.96	0.9216	0.10809683611135354	1.0306969525373937	0.0	(1.0306969525373937+0j)
0.965	0.931225	0.1087134031968236	1.0409608797360101	0.0	(1.0409608797360101+0j)
0.97	0.9409	0.10932659148829958	1.0512742310082226	0.0	(1.0512742310082226+0j)
0.975	0.9506249999999999	0.10993638422124738	1.06163780173606	0.0	(1.06163780173606+0j)
0.98	0.9603999999999999	0.11054276551451056	1.0720528270646545	0.0	(1.0720528270646545+0j)
0.985	0.970225	0.1111457203598443	1.0825213799351225	0.0	(1.0825213799351225+0j)
0.99	0.9801	0.11174523461131793	1.0930473687398963	0.0	(1.0930473687398963+0j)
0.995	0.990025	0.11234129497459394	1.1036397285397836	0.0	(1.1036397285397836+0j)
1.0	1.0	0.11293388899608998	1.1143286255828448	0.0	(1.1143286255828448+0j)
