-1.0	-1.0	-0.00847744054205312	-1.0085082484386587	0.0	(-1.0085082484386587+0j)
-0.995	-0.990025	-0.008405723866261823	-0.9984569983079549	0.0	(-0.9984569983079549+0j)
-0.99	-0.9801	-0.00833413971494374	-0.9884581364544216	0.0	(-0.9884581364544216+0j)
-0.985	-0.970225	-0.008262690693304889	-0.9785101869340812	0.0	(-0.9785101869340812+0j)
-0.98	-0.9603999999999999	-0.008191379410852094	-0.9686127688916928	0.0	(-0.9686127688916928+0j)
-0.975	-0.9506249999999999	-0.008120208481227381	-0.9587657290239668	0.0	(-0.9587657290239668+0j)
-0.97	-0.9409	-0.008049180522041094	-0.9489689912500743	0.0	(-0.9489689912500743+0j)
-0.965	-0.931225	-0.007978298154704001	-0.9392225129513334	0.0	(-0.9392225129513334+0j)
-0.96	-0.9216	-0.007907564004258273	-0.9295262683671337	0.0	(-0.9295262683671337+0j)
-0.9550000000000001	-0.9120250000000001	-0.007836980699207317	-0.9198802411541052	0.0	(-0.9198802411541052+0j)
-0.9500000000000001	-0.9025000000000001	-0.0077665508713446255	-0.9102844206426737	0.0	(-0.9102844206426737+0j)
-0.9450000000000001	-0.8930250000000001	-0.007696277155581514	-0.9007387997853851	0.0	(-0.9007387997853851+0j)
-0.9400000000000001	-0.8836000000000002	-0.007626162189773807	-0.8912433739555288	0.0	(-0.8912433739555288+0j)
-0.935	-0.8742250000000001	-0.007556208614547491	-0.8817981402055477	0.0	(-0.8817981402055477+0j)
-0.93	-0.8649000000000001	-0.007486419073123467	-0.872403096789052	0.0	(-0.872403096789052+0j)
-0.925	-0.8556250000000001	-0.007416796211141136	-0.8630582428415002	0.0	(-0.8630582428415002+0j)
-0.92	-0.8464	-0.007347342676481107	-0.8537635781602568	0.0	(-0.8537635781602568+0j)
-0.915	-0.8372250000000001	-0.007278061119086916	-0.844519103049053	0.0	(-0.844519103049053+0j)
-0.91	-0.8281000000000001	-0.00720895419078587	-0.8353248182054817	0.0	(-0.8353248182054817+0j)
-0.905	-0.819025	-0.007140024545108779	-0.8261807246379929	0.0	(-0.8261807246379929+0j)
-0.9	-0.81	-0.0070712748371090164	-0.8170868236035281	0.0	(-0.8170868236035281+0j)
-0.895	-0.801025	-0.00700270772318045	-0.8080431165599254	0.0	(-0.8080431165599254+0j)
-0.89	-0.7921	-0.006934325860874661	-0.7990496051290576	0.0	(-0.7990496051290576+0j)
-0.885	-0.7832250000000001	-0.006866131908717259	-0.7901062910679809	0.0	(-0.7901062910679809+0j)
-0.88	-0.7744	-0.006798128526023281	-0.7812131762459416	0.0	(-0.7812131762459416+0j)
-0.875	-0.765625	-0.006730318372711888	-0.7723702626260264	0.0	(-0.7723702626260264+0j)
-0.87	-0.7569	-0.006662704109120107	-0.7635775522502253	0.0	(-0.7635775522502253+0j)
-0.865	-0.748225	-0.006595288395815996	-0.7548350472272333	0.0	(-0.7548350472272333+0j)
-0.86	-0.7395999999999999	-0.006528073893410785	-0.7461427497223879	0.0	(-0.7461427497223879+0j)
-0.855	-0.7310249999999999	-0.006461063262370434	-0.7375006619492618	0.0	(-0.7375006619492618+0j)
-0.85	-0.7224999999999999	-0.0063942591628264045	-0.7289087861626412	0.0	(-0.7289087861626412+0j)
-0.845	-0.7140249999999999	-0.006327664254385815	-0.7203671246525953	0.0	(-0.7203671246525953+0j)
-0.84	-0.7055999999999999	-0.00626128119594066	-0.711875679739386	0.0	(-0.711875679739386+0j)
-0.835	-0.697225	-0.0061951126454765915	-0.7034344537691148	0.0	(-0.7034344537691148+0j)
-0.8300000000000001	-0.6889000000000001	-0.006129161259881083	-0.6950434491099983	0.0	(-0.6950434491099983+0j)
-0.8250000000000001	-0.6806250000000001	-0.00606342969475053	-0.6867026681490799	0.0	(-0.6867026681490799+0j)
-0.8200000000000001	-0.6724000000000001	-0.005997920604197418	-0.6784121132893874	0.0	(-0.6784121132893874+0j)
-0.8150000000000001	-0.6642250000000001	-0.005932636640656186	-0.6701717869473984	0.0	(-0.6701717869473984+0j)
-0.81	-0.6561000000000001	-0.0058675804546890475	-0.6619816915508203	0.0	(-0.6619816915508203+0j)
-0.805	-0.6480250000000001	-0.005802754694791065	-0.6538418295365825	0.0	(-0.6538418295365825+0j)
-0.8	-0.6400000000000001	-0.005738162007194569	-0.6457522033490679	0.0	(-0.6457522033490679+0j)
-0.795	-0.6320250000000001	-0.0056738050356732045	-0.6377128154384578	0.0	(-0.6377128154384578+0j)
-0.79	-0.6241000000000001	-0.005609686421345517	-0.6297236682592975	0.0	(-0.6297236682592975+0j)
-0.785	-0.616225	-0.005545808802478014	-0.6217847642691166	0.0	(-0.6217847642691166+0j)
-0.78	-0.6084	-0.005482174814287671	-0.6138961059272036	0.0	(-0.6138961059272036+0j)
-0.775	-0.6006250000000001	-0.005418787088744201	-0.6060576956934468	0.0	(-0.6060576956934468+0j)
-0.77	-0.5929	-0.005355648254371806	-0.59826953602726	0.0	(-0.59826953602726+0j)
-0.765	-0.585225	-0.00529276093605055	-0.590531629386583	0.0	(-0.590531629386583+0j)
-0.76	-0.5776	-0.005230127754817307	-0.5828439782269301	0.0	(-0.5828439782269301+0j)
-0.755	-0.570025	-0.0051677513276666	-0.5752065850004819	0.0	(-0.5752065850004819+0j)
-0.75	-0.5625	-0.005105634267350778	-0.5676194521552259	0.0	(-0.5676194521552259+0j)
-0.745	-0.555025	-0.005043779182180214	-0.5600825821341693	0.0	(-0.5600825821341693+0j)
-0.74	-0.5476	-0.004982188675822979	-0.5525959773744886	0.0	(-0.5525959773744886+0j)
-0.735	-0.540225	-0.004920865347104439	-0.5451596403068334	0.0	(-0.5451596403068334+0j)
-0.73	-0.5328999999999999	-0.004859811789806531	-0.5377735733545048	0.0	(-0.5377735733545048+0j)
-0.725	-0.525625	-0.004799030592466877	-0.5304377789328117	0.0	(-0.5304377789328117+0j)
-0.72	-0.5184	-0.004738524338177563	-0.5231522594482966	0.0	(-0.5231522594482966+0j)
-0.715	-0.5112249999999999	-0.004678295604384056	-0.5159170172980774	0.0	(-0.5159170172980774+0j)
-0.71	-0.5041	-0.004618346962683664	-0.5087320548691433	0.0	(-0.5087320548691433+0j)
-0.705	-0.49702499999999994	-0.004558680978624108	-0.5015973745376825	0.0	(-0.5015973745376825+0j)
-0.7000000000000001	-0.4900000000000001	-0.004499300211501828	-0.4945129786683966	0.0	(-0.4945129786683966+0j)
-0.6950000000000001	-0.4830250000000001	-0.004440207214160302	-0.48747886961384346	0.0	(-0.48747886961384346+0j)
-0.6900000000000001	-0.4761000000000001	-0.004381404532788458	-0.4804950497137626	0.0	(-0.4804950497137626+0j)
-0.685	-0.46922500000000006	-0.004322894706718705	-0.47356152129441714	0.0	(-0.47356152129441714+0j)
-0.68	-0.4624000000000001	-0.004264680268225296	-0.46667828666790256	0.0	(-0.46667828666790256+0j)
-0.675	-0.45562500000000006	-0.0042067637423225945	-0.45984534813150874	0.0	(-0.45984534813150874+0j)
-0.67	-0.4489000000000001	-0.004149147646563239	-0.45306270796702536	0.0	(-0.45306270796702536+0j)
-0.665	-0.44222500000000003	-0.00409183449083686	-0.44633036844006474	0.0	(-0.44633036844006474+0j)
-0.66	-0.43560000000000004	-0.004034826777168099	-0.4396483317993992	0.0	(-0.4396483317993992+0j)
-0.655	-0.42902500000000005	-0.003978126999515552	-0.4330166002762494	0.0	(-0.4330166002762494+0j)
-0.65	-0.42250000000000004	-0.0039217376435704	-0.4264351760836041	0.0	(-0.4264351760836041+0j)
-0.645	-0.41602500000000003	-0.0038656611865551804	-0.41990406141552583	0.0	(-0.41990406141552583+0j)
-0.64	-0.4096	-0.003809900097023061	-0.4134232584464205	0.0	(-0.4134232584464205+0j)
-0.635	-0.403225	-0.0037544568346569718	-0.4069927693303311	0.0	(-0.4069927693303311+0j)
-0.63	-0.39690000000000003	-0.003699333850069292	-0.40061259620021566	0.0	(-0.40061259620021566+0j)
-0.625	-0.390625	-0.0036445335846015114	-0.3942827411671975	0.0	(-0.3942827411671975+0j)
-0.62	-0.3844	-0.003590058470124363	-0.3880032063198252	0.0	(-0.3880032063198252+0j)
-0.615	-0.378225	-0.0035359109288382318	-0.3817739937233041	0.0	(-0.3817739937233041+0j)
-0.61	-0.3721	-0.0034820933730738968	-0.3755951054187398	0.0	(-0.3755951054187398+0j)
-0.605	-0.366025	-0.003428608205093414	-0.3694665434223437	0.0	(-0.3694665434223437+0j)
-0.6	-0.36	-0.003375457816891969	-0.36338830972464464	0.0	(-0.36338830972464464+0j)
-0.595	-0.354025	-0.003322644589999285	-0.35736040628967536	0.0	(-0.35736040628967536+0j)
-0.59	-0.34809999999999997	-0.0032701708952822817	-0.3513828350541648	0.0	(-0.3513828350541648+0j)
-0.585	-0.34222499999999995	-0.003218039092747621	-0.3454555979266887	0.0	(-0.3454555979266887+0j)
-0.58	-0.3364	-0.0031662515313450046	-0.3395786967868401	0.0	(-0.3395786967868401+0j)
-0.5750000000000001	-0.33062500000000006	-0.003114810548770941	-0.33375213348436034	0.0	(-0.33375213348436034+0j)
-0.5700000000000001	-0.3249000000000001	-0.003063718471272958	-0.3279759098382658	0.0	(-0.3279759098382658+0j)
-0.5650000000000001	-0.3192250000000001	-0.003012977613454426	-0.3222500276359762	0.0	(-0.3222500276359762+0j)
-0.56	-0.31360000000000005	-0.0029625902780798796	-0.3165744886323936	0.0	(-0.3165744886323936+0j)
-0.555	-0.30802500000000005	-0.0029125587558811727	-0.31094929454901077	0.0	(-0.31094929454901077+0j)
-0.55	-0.30250000000000005	-0.002862885325363884	-0.3053744470729872	0.0	(-0.3053744470729872+0j)
-0.545	-0.29702500000000004	-0.002813572252614832	-0.2998499478562003	0.0	(-0.2998499478562003+0j)
-0.54	-0.2916	-0.002764621791109645	-0.2943757985143178	0.0	(-0.2943757985143178+0j)
-0.535	-0.286225	-0.0027160361815218026	-0.2889520006258241	0.0	(-0.2889520006258241+0j)
-0.53	-0.28090000000000004	-0.002667817651531651	-0.28357855573107615	0.0	(-0.28357855573107615+0j)
-0.525	-0.275625	-0.0026199684156366365	-0.2782554653313145	0.0	(-0.2782554653313145+0j)
-0.52	-0.27040000000000003	-0.00257249067496218	-0.2729827308877021	0.0	(-0.2729827308877021+0j)
-0.515	-0.265225	-0.0025253866170734662	-0.2677603538203254	0.0	(-0.2677603538203254+0j)
-0.51	-0.2601	-0.0024786584157874825	-0.2625883355072387	0.0	(-0.2625883355072387+0j)
-0.505	-0.255025	-0.0024323082309867794	-0.25746667728346245	0.0	(-0.25746667728346245+0j)
-0.5	-0.25	-0.002386338208433536	-0.2523953804400183	0.0	(-0.2523953804400183+0j)
-0.495	-0.245025	-0.0023407504795843748	-0.2473744462229714	0.0	(-0.2473744462229714+0j)
-0.49	-0.24009999999999998	-0.0022955471614066747	-0.24240387583247255	0.0	(-0.24240387583247255+0j)
-0.485	-0.235225	-0.002250730356195385	-0.23748367042184035	0.0	(-0.23748367042184035+0j)
-0.48	-0.2304	-0.002206302151390671	-0.23261383109665087	0.0	(-0.23261383109665087+0j)
-0.47500000000000003	-0.22562500000000002	-0.002162264619397225	-0.22779435891387406	0.0	(-0.22779435891387406+0j)
-0.47000000000000003	-0.22090000000000004	-0.0021186198174035775	-0.22302525488105512	0.0	(-0.22302525488105512+0j)
-0.465	-0.21622500000000003	-0.002075369787203407	-0.21830651995554679	0.0	(-0.21830651995554679+0j)
-0.46	-0.2116	-0.002032516555017294	-0.21363815504380498	0.0	(-0.21363815504380498+0j)
-0.455	-0.20702500000000001	-0.0019900621313157507	-0.20902016100076787	0.0	(-0.20902016100076787+0j)
-0.45	-0.2025	-0.001948008510643473	-0.20445253862933982	0.0	(-0.20445253862933982+0j)
-0.445	-0.198025	-0.0019063576714443142	-0.19993528867998434	0.0	(-0.19993528867998434+0j)
-0.44	-0.1936	-0.0018651115758879233	-0.19546841185044547	0.0	(-0.19546841185044547+0j)
-0.435	-0.189225	-0.0018242721696971609	-0.1910519087856578	0.0	(-0.1910519087856578+0j)
-0.43	-0.18489999999999998	-0.0017838413819766807	-0.18668578007783007	0.0	(-0.18668578007783007+0j)
-0.425	-0.18062499999999998	-0.0017438211250433988	-0.18237002626675644	0.0	(-0.18237002626675644+0j)
-0.42	-0.17639999999999997	-0.001704213294256962	-0.17810464784040614	0.0	(-0.17810464784040614+0j)
-0.41500000000000004	-0.17222500000000002	-0.0016650197678527157	-0.1738896452358092	0.0	(-0.1738896452358092+0j)
-0.41000000000000003	-0.16810000000000003	-0.0016262424067752246	-0.16972501884031435	0.0	(-0.16972501884031435+0j)
-0.405	-0.16402500000000003	-0.001587883054513295	-0.1656107689932713	0.0	(-0.1656107689932713+0j)
-0.4	-0.16000000000000003	-0.0015499435369363823	-0.16154689598819277	0.0	(-0.16154689598819277+0j)
-0.395	-0.15602500000000002	-0.0015124256621321108	-0.1575334000754963	0.0	(-0.1575334000754963+0j)
-0.39	-0.1521	-0.0014753312202454572	-0.15357028146591006	0.0	(-0.15357028146591006+0j)
-0.385	-0.148225	-0.0014386619833191006	-0.1496575403346365	0.0	(-0.1496575403346365+0j)
-0.38	-0.1444	-0.0014024197051354381	-0.1457951768264061	0.0	(-0.1457951768264061+0j)
-0.375	-0.140625	-0.0013666061210594327	-0.14198319106156296	0.0	(-0.14198319106156296+0j)
-0.37	-0.1369	-0.0013312229478839033	-0.1382215831433177	0.0	(-0.1382215831433177+0j)
-0.365	-0.13322499999999998	-0.001296271883675315	-0.13451035316638615	0.0	(-0.13451035316638615+0j)
-0.36	-0.1296	-0.001261754607621568	-0.1308495012271856	0.0	(-0.1308495012271856+0j)
-0.355	-0.126025	-0.001227672779880895	-0.1272390274358481	0.0	(-0.1272390274358481+0j)
-0.35000000000000003	-0.12250000000000003	-0.0011940280414333149	-0.12367893193032137	0.0	(-0.12367893193032137+0j)
-0.34500000000000003	-0.11902500000000002	-0.0011608220139320835	-0.12016921489286052	0.0	(-0.12016921489286052+0j)
-0.34	-0.11560000000000002	-0.0011280562995580334	-0.11670987656926993	0.0	(-0.11670987656926993+0j)
-0.335	-0.11222500000000002	-0.0010957324808749114	-0.11330091729129779	0.0	(-0.11330091729129779+0j)
-0.33	-0.10890000000000001	-0.0010638521206863816	-0.10994233750263517	0.0	(-0.10994233750263517+0j)
-0.325	-0.10562500000000001	-0.0010324167618944724	-0.10663413778904124	0.0	(-0.10663413778904124+0j)
-0.32	-0.1024	-0.0010014279273602433	-0.1033763189131763	0.0	(-0.1033763189131763+0j)
-0.315	-0.09922500000000001	-0.0009708871197656732	-0.10016888185478483	0.0	(-0.10016888185478483+0j)
-0.31	-0.0961	-0.0009407958214771028	-0.09701182785697565	0.0	(-0.09701182785697565+0j)
-0.305	-0.093025	-0.00091115549441112	-0.09390515847940317	0.0	(-0.09390515847940317+0j)
-0.3	-0.09	-0.0008819675799012217	-0.09084887565922861	0.0	(-0.09084887565922861+0j)
-0.295	-0.08702499999999999	-0.0008532334985663637	-0.08784298178087996	0.0	(-0.08784298178087996+0j)
-0.29	-0.0841	-0.0008249546501827298	-0.08488747975563643	0.0	(-0.08488747975563643+0j)
-0.28500000000000003	-0.08122500000000002	-0.0007971324135545022	-0.08198237311219815	0.0	(-0.08198237311219815+0j)
-0.28	-0.07840000000000001	-0.0007697681463896267	-0.07912766609943571	0.0	(-0.07912766609943571+0j)
-0.275	-0.07562500000000001	-0.0007428631851744694	-0.07632336380256141	0.0	(-0.07632336380256141+0j)
-0.27	-0.0729	-0.0007164188450521358	-0.07356947227396674	0.0	(-0.07356947227396674+0j)
-0.265	-0.07022500000000001	-0.0006904364197029	-0.07086599867992727	0.0	(-0.07086599867992727+0j)
-0.26	-0.06760000000000001	-0.0006649171812240784	-0.0682129514642687	0.0	(-0.0682129514642687+0j)
-0.255	-0.065025	-0.0006398623800147885	-0.06561034052988196	0.0	(-0.06561034052988196+0j)
-0.25	-0.0625	-0.0006152732446607079	-0.06305817743865895	0.0	(-0.06305817743865895+0j)
-0.245	-0.060024999999999995	-0.0005911509818210536	-0.060556475629952616	0.0	(-0.060556475629952616+0j)
-0.24	-0.0576	-0.000567496776118448	-0.058105250656996676	0.0	(-0.058105250656996676+0j)
-0.23500000000000001	-0.05522500000000001	-0.0005443117900287842	-0.05570452043985295	0.0	(-0.05570452043985295+0j)
-0.23	-0.0529	-0.0005215971637755334	-0.05335430553228767	0.0	(-0.05335430553228767+0j)
-0.225	-0.050625	-0.0004993540152236076	-0.05105462939853094	0.0	(-0.05105462939853094+0j)
-0.22	-0.0484	-0.00047758343977699624	-0.048805518694072195	0.0	(-0.048805518694072195+0j)
-0.215	-0.046224999999999995	-0.0004562865102775149	-0.04660700354253105	0.0	(-0.04660700354253105+0j)
-0.21	-0.04409999999999999	-0.0004354642769057726	-0.04445911779816778	0.0	(-0.04445911779816778+0j)
-0.20500000000000002	-0.04202500000000001	-0.00041511776708413883	-0.04236189928089159	0.0	(-0.04236189928089159+0j)
-0.2	-0.04000000000000001	-0.00039524798538126404	-0.040315389967740374	0.0	(-0.040315389967740374+0j)
-0.195	-0.038025	-0.0003758559134210415	-0.03831963612198395	0.0	(-0.03831963612198395+0j)
-0.19	-0.0361	-0.0003569425097889045	-0.03637468833844405	0.0	(-0.03637468833844405+0j)
-0.185	-0.034225	-0.0003385087099454509	-0.034480601481733264	0.0	(-0.034480601481733264+0j)
-0.18	-0.0324	-0.0003205554261378474	-0.03263743449325706	0.0	(-0.03263743449325706+0j)
-0.17500000000000002	-0.030625000000000006	-0.00030308354731767295	-0.030845250043458686	0.0	(-0.030845250043458686+0j)
-0.17	-0.028900000000000006	-0.00028609393905565383	-0.02910411400834659	0.0	(-0.02910411400834659+0j)
-0.165	-0.027225000000000003	-0.00026958744346305963	-0.027414094754159738	0.0	(-0.027414094754159738+0j)
-0.16	-0.0256	-0.00025356487911309955	-0.025775262221199656	0.0	(-0.025775262221199656+0j)
-0.155	-0.024025	-0.00023802704096498317	-0.024187686807255495	0.0	(-0.024187686807255495+0j)
-0.15	-0.0225	-0.0002229747002902016	-0.022651438062073818	0.0	(-0.022651438062073818+0j)
-0.145	-0.021025	-0.00020840860459836463	-0.02116658321599205	0.0	(-0.02116658321599205+0j)
-0.14	-0.019600000000000003	-0.00019432947757191954	-0.019733185576746113	0.0	(-0.019733185576746113+0j)
-0.135	-0.018225	-0.00018073801899554098	-0.018351302836840774	0.0	(-0.018351302836840774+0j)
-0.13	-0.016900000000000002	-0.0001676349046926262	-0.017020985337925825	0.0	(-0.017020985337925825+0j)
-0.125	-0.015625	-0.00015502078646001394	-0.015742274336572732	0.0	(-0.015742274336572732+0j)
-0.12	-0.0144	-0.00014289629201069687	-0.014515200306309161	0.0	(-0.014515200306309161+0j)
-0.115	-0.013225	-0.000131262024910761	-0.013339781292771255	0.0	(-0.013339781292771255+0j)
-0.11	-0.0121	-0.00012011856452787129	-0.01221602131180176	0.0	(-0.01221602131180176+0j)
-0.105	-0.011024999999999998	-0.00010946646597620457	-0.011143908743826059	0.0	(-0.011143908743826059+0j)
-0.1	-0.010000000000000002	-9.930626005960619e-05	-0.010123414631094993	0.0	(-0.010123414631094993+0j)
-0.095	-0.009025	-8.9638453227181e-05	-0.009154490725342784	0.0	(-0.009154490725342784+0j)
-0.09	-0.0081	-8.046352752799635e-05	-0.008237067057860528	0.0	(-0.008237067057860528+0j)
-0.085	-0.007225000000000001	-7.178194055512677e-05	-0.0073710487039752885	0.0	(-0.0073710487039752885+0j)
-0.08	-0.0064	-6.359412541812048e-05	-0.006556311275650197	0.0	(-0.006556311275650197+0j)
-0.075	-0.005625	-5.590049069148506e-05	-0.005792694477130244	0.0	(-0.005792694477130244+0j)
-0.07	-0.004900000000000001	-4.870142037560754e-05	-0.005079992763736225	0.0	(-0.005079992763736225+0j)
-0.065	-0.0042250000000000005	-4.199727387543817e-05	-0.0044179416980531724	0.0	(-0.0044179416980531724+0j)
-0.06	-0.0036	-3.578838594364697e-05	-0.003806197917378151	0.0	(-0.003806197917378151+0j)
-0.055	-0.003025	-3.007506667174198e-05	-0.0032443095877967894	0.0	(-0.0032443095877967894+0j)
-0.05	-0.0025000000000000005	-2.4857601445660293e-05	-0.002731672653384733	0.0	(-0.002731672653384733+0j)
-0.045	-0.002025	-2.0136250924451815e-05	-0.0022674658895795717	0.0	(-0.0022674658895795717+0j)
-0.04	-0.0016	-1.5911251026068385e-05	-0.0018505545871032698	0.0	(-0.0018505545871032698+0j)
-0.035	-0.0012250000000000002	-1.2182812881178506e-05	-0.0014793488158412961	0.0	(-0.0014793488158412961+0j)
-0.03	-0.0009	-8.95112283672006e-06	-0.0011515989311527129	0.0	(-0.0011515989311527129+0j)
-0.025	-0.0006250000000000001	-6.216342413267739e-06	-0.0008641123369261372	0.0	(-0.0008641123369261372+0j)
-0.02	-0.0004	-3.978608361876468e-06	-0.0006123911450731652	0.0	(-0.0006123911450731652+0j)
-0.015	-0.000225	-2.2380324367077264e-06	-0.0003902375819197726	0.0	(-0.0003902375819197726+0j)
-0.01	-0.0001	-9.947017360900645e-07	-0.00018946913517583648	0.0	(-0.00018946913517583648+0j)
-0.005	-2.5e-05	-2.486785888322629e-07	1.087454779002961e-16	-0.03259576550992257	(1.087454779002961e-16-0.03259576550992257j)
0.005	2.5e-05	2.486785888322629e-07	1.087454779002961e-16	0.03259576550992257	(1.087454779002961e-16+0.03259576550992257j)
0.01	0.0001	9.947017360900645e-07	0.0001894691351758237	0.0	(0.0001894691351758237+0j)
0.015	0.000225	2.2380324367077264e-06	0.0003902375819197787	0.0	(0.0003902375819197787+0j)
0.02	0.0004	3.978608361876468e-06	0.0006123911450731676	0.0	(0.0006123911450731676+0j)
0.025	0.0006250000000000001	6.216342413267739e-06	0.0008641123369261315	0.0	(0.0008641123369261315+0j)
0.03	0.0009	8.95112283672006e-06	0.0011515989311526942	0.0	(0.0011515989311526942+0j)
0.035	0.0012250000000000002	1.2182812881178506e-05	0.001479348815841286	0.0	(0.001479348815841286+0j)
0.04	0.0016	1.5911251026068385e-05	0.0018505545871032789	0.0	(0.0018505545871032789+0j)
0.045	0.002025	2.0136250924451815e-05	0.0022674658895795946	0.0	(0.0022674658895795946+0j)
0.05	0.0025000000000000005	2.4857601445660293e-05	0.002731672653384763	0.0	(0.002731672653384763+0j)
0.055	0.003025	3.007506667174198e-05	0.003244309587796806	0.0	(0.003244309587796806+0j)
0.06	0.0036	3.578838594364697e-05	0.0038061979173781854	0.0	(0.0038061979173781854+0j)
0.065	0.0042250000000000005	4.199727387543817e-05	0.004417941698053221	0.0	(0.004417941698053221+0j)
0.07	0.004900000000000001	4.870142037560754e-05	0.005079992763736245	0.0	(0.005079992763736245+0j)
0.075	0.005625	5.590049069148506e-05	0.005792694477130262	0.0	(0.005792694477130262+0j)
0.08	0.0064	6.359412541812048e-05	0.006556311275650164	0.0	(0.006556311275650164+0j)
0.085	0.007225000000000001	7.178194055512677e-05	0.007371048703975286	0.0	(0.007371048703975286+0j)
0.09	0.0081	8.046352752799635e-05	0.008237067057860514	0.0	(0.008237067057860514+0j)
0.095	0.009025	8.9638453227181e-05	0.009154490725342844	0.0	(0.009154490725342844+0j)
0.1	0.010000000000000002	9.930626005960619e-05	0.010123414631094984	0.0	(0.010123414631094984+0j)
0.105	0.011024999999999998	0.00010946646597620457	0.011143908743826134	0.0	(0.011143908743826134+0j)
0.11	0.0121	0.00012011856452787129	0.01221602131180176	0.0	(0.01221602131180176+0j)
0.115	0.013225	0.000131262024910761	0.013339781292771314	0.0	(0.013339781292771314+0j)
0.12	0.0144	0.00014289629201069687	0.014515200306309138	0.0	(0.014515200306309138+0j)
0.125	0.015625	0.00015502078646001394	0.01574227433657279	0.0	(0.01574227433657279+0j)
0.13	0.016900000000000002	0.0001676349046926262	0.01702098533792589	0.0	(0.01702098533792589+0j)
0.135	0.018225	0.00018073801899554098	0.018351302836840774	0.0	(0.018351302836840774+0j)
0.14	0.019600000000000003	0.00019432947757191954	0.019733185576746148	0.0	(0.019733185576746148+0j)
0.145	0.021025	0.00020840860459836463	0.021166583215992067	0.0	(0.021166583215992067+0j)
0.15	0.0225	0.0002229747002902016	0.022651438062073755	0.0	(0.022651438062073755+0j)
0.155	0.024025	0.00023802704096498317	0.024187686807255512	0.0	(0.024187686807255512+0j)
0.16	0.0256	0.00025356487911309955	0.025775262221199708	0.0	(0.025775262221199708+0j)
0.165	0.027225000000000003	0.00026958744346305963	0.0274140947541598	0.0	(0.0274140947541598+0j)
0.17	0.028900000000000006	0.00028609393905565383	0.02910411400834646	0.0	(0.02910411400834646+0j)
0.17500000000000002	0.030625000000000006	0.00030308354731767295	0.030845250043458537	0.0	(0.030845250043458537+0j)
0.18	0.0324	0.0003205554261378474	0.032637434493257074	0.0	(0.032637434493257074+0j)
0.185	0.034225	0.0003385087099454509	0.03448060148173332	0.0	(0.03448060148173332+0j)
0.19	0.0361	0.0003569425097889045	0.03637468833844413	0.0	(0.03637468833844413+0j)
0.195	0.038025	0.0003758559134210415	0.038319636121983976	0.0	(0.038319636121983976+0j)
0.2	0.04000000000000001	0.00039524798538126404	0.040315389967740145	0.0	(0.040315389967740145+0j)
0.20500000000000002	0.04202500000000001	0.00041511776708413883	0.042361899280891534	0.0	(0.042361899280891534+0j)
0.21	0.04409999999999999	0.0004354642769057726	0.044459117798167684	0.0	(0.044459117798167684+0j)
0.215	0.046224999999999995	0.0004562865102775149	0.04660700354253089	0.0	(0.04660700354253089+0j)
0.22	0.0484	0.00047758343977699624	0.048805518694072306	0.0	(0.048805518694072306+0j)
0.225	0.050625	0.0004993540152236076	0.051054629398531164	0.0	(0.051054629398531164+0j)
0.23	0.0529	0.0005215971637755334	0.053354305532287746	0.0	(0.053354305532287746+0j)
0.23500000000000001	0.05522500000000001	0.0005443117900287842	0.055704520439852606	0.0	(0.055704520439852606+0j)
0.24	0.0576	0.000567496776118448	0.0581052506569966	0.0	(0.0581052506569966+0j)
0.245	0.060024999999999995	0.0005911509818210536	0.06055647562995247	0.0	(0.06055647562995247+0j)
0.25	0.0625	0.0006152732446607079	0.06305817743865925	0.0	(0.06305817743865925+0j)
0.255	0.065025	0.0006398623800147885	0.06561034052988182	0.0	(0.06561034052988182+0j)
0.26	0.06760000000000001	0.0006649171812240784	0.0682129514642684	0.0	(0.0682129514642684+0j)
0.265	0.07022500000000001	0.0006904364197029	0.07086599867992797	0.0	(0.07086599867992797+0j)
0.27	0.0729	0.0007164188450521358	0.07356947227396712	0.0	(0.07356947227396712+0j)
0.275	0.07562500000000001	0.0007428631851744694	0.07632336380256122	0.0	(0.07632336380256122+0j)
0.28	0.07840000000000001	0.0007697681463896267	0.07912766609943545	0.0	(0.07912766609943545+0j)
0.28500000000000003	0.08122500000000002	0.0007971324135545022	0.08198237311219812	0.0	(0.08198237311219812+0j)
0.29	0.0841	0.0008249546501827298	0.08488747975563612	0.0	(0.08488747975563612+0j)
0.295	0.08702499999999999	0.0008532334985663637	0.08784298178087954	0.0	(0.08784298178087954+0j)
0.3	0.09	0.0008819675799012217	0.09084887565922825	0.0	(0.09084887565922825+0j)
0.305	0.093025	0.00091115549441112	0.09390515847940298	0.0	(0.09390515847940298+0j)
0.31	0.0961	0.0009407958214771028	0.09701182785697597	0.0	(0.09701182785697597+0j)
0.315	0.09922500000000001	0.0009708871197656732	0.1001688818547842	0.0	(0.1001688818547842+0j)
0.32	0.1024	0.0010014279273602433	0.10337631891317617	0.0	(0.10337631891317617+0j)
0.325	0.10562500000000001	0.0010324167618944724	0.10663413778904136	0.0	(0.10663413778904136+0j)
0.33	0.10890000000000001	0.0010638521206863816	0.10994233750263464	0.0	(0.10994233750263464+0j)
0.335	0.11222500000000002	0.0010957324808749114	0.11330091729129721	0.0	(0.11330091729129721+0j)
0.34	0.11560000000000002	0.0011280562995580334	0.1167098765692702	0.0	(0.1167098765692702+0j)
0.34500000000000003	0.11902500000000002	0.0011608220139320835	0.12016921489286032	0.0	(0.12016921489286032+0j)
0.35000000000000003	0.12250000000000003	0.0011940280414333149	0.12367893193032135	0.0	(0.12367893193032135+0j)
0.355	0.126025	0.001227672779880895	0.127239027435848	0.0	(0.127239027435848+0j)
0.36	0.1296	0.001261754607621568	0.13084950122718605	0.0	(0.13084950122718605+0j)
0.365	0.13322499999999998	0.001296271883675315	0.13451035316638646	0.0	(0.13451035316638646+0j)
0.37	0.1369	0.0013312229478839033	0.1382215831433178	0.0	(0.1382215831433178+0j)
0.375	0.140625	0.0013666061210594327	0.14198319106156215	0.0	(0.14198319106156215+0j)
0.38	0.1444	0.0014024197051354381	0.145795176826406	0.0	(0.145795176826406+0j)
0.385	0.148225	0.0014386619833191006	0.14965754033463555	0.0	(0.14965754033463555+0j)
0.39	0.1521	0.0014753312202454572	0.15357028146590956	0.0	(0.15357028146590956+0j)
0.395	0.15602500000000002	0.0015124256621321108	0.15753340007549582	0.0	(0.15753340007549582+0j)
0.4	0.16000000000000003	0.0015499435369363823	0.16154689598819275	0.0	(0.16154689598819275+0j)
0.405	0.16402500000000003	0.001587883054513295	0.16561076899327162	0.0	(0.16561076899327162+0j)
0.41000000000000003	0.16810000000000003	0.0016262424067752246	0.16972501884031513	0.0	(0.16972501884031513+0j)
0.41500000000000004	0.17222500000000002	0.0016650197678527157	0.17388964523580916	0.0	(0.17388964523580916+0j)
0.42	0.17639999999999997	0.001704213294256962	0.17810464784040586	0.0	(0.17810464784040586+0j)
0.425	0.18062499999999998	0.0017438211250433988	0.18237002626675688	0.0	(0.18237002626675688+0j)
0.43	0.18489999999999998	0.0017838413819766807	0.1866857800778295	0.0	(0.1866857800778295+0j)
0.435	0.189225	0.0018242721696971609	0.19105190878565842	0.0	(0.19105190878565842+0j)
0.44	0.1936	0.0018651115758879233	0.1954684118504457	0.0	(0.1954684118504457+0j)
0.445	0.198025	0.0019063576714443142	0.199935288679984	0.0	(0.199935288679984+0j)
0.45	0.2025	0.001948008510643473	0.20445253862934198	0.0	(0.20445253862934198+0j)
0.455	0.20702500000000001	0.0019900621313157507	0.2090201610007677	0.0	(0.2090201610007677+0j)
0.46	0.2116	0.002032516555017294	0.21363815504380565	0.0	(0.21363815504380565+0j)
0.465	0.21622500000000003	0.002075369787203407	0.2183065199555478	0.0	(0.2183065199555478+0j)
0.47000000000000003	0.22090000000000004	0.0021186198174035775	0.2230252548810569	0.0	(0.2230252548810569+0j)
0.47500000000000003	0.22562500000000002	0.002162264619397225	0.22779435891387256	0.0	(0.22779435891387256+0j)
0.48	0.2304	0.002206302151390671	0.2326138310966489	0.0	(0.2326138310966489+0j)
0.485	0.235225	0.002250730356195385	0.2374836704218404	0.0	(0.2374836704218404+0j)
0.49	0.24009999999999998	0.0022955471614066747	0.242403875832473	0.0	(0.242403875832473+0j)
0.495	0.245025	0.0023407504795843748	0.2473744462229696	0.0	(0.2473744462229696+0j)
0.5	0.25	0.002386338208433536	0.25239538044001897	0.0	(0.25239538044001897+0j)
0.505	0.255025	0.0024323082309867794	0.2574666772834617	0.0	(0.2574666772834617+0j)
0.51	0.2601	0.0024786584157874825	0.26258833550724087	0.0	(0.26258833550724087+0j)
0.515	0.265225	0.0025253866170734662	0.2677603538203267	0.0	(0.2677603538203267+0j)
0.52	0.27040000000000003	0.00257249067496218	0.272982730887702	0.0	(0.272982730887702+0j)
0.525	0.275625	0.0026199684156366365	0.27825546533131645	0.0	(0.27825546533131645+0j)
0.53	0.28090000000000004	0.002667817651531651	0.28357855573107654	0.0	(0.28357855573107654+0j)
0.535	0.286225	0.0027160361815218026	0.28895200062582316	0.0	(0.28895200062582316+0j)
0.54	0.2916	0.002764621791109645	0.2943757985143176	0.0	(0.2943757985143176+0j)
0.545	0.29702500000000004	0.002813572252614832	0.29984994785620006	0.0	(0.29984994785620006+0j)
0.55	0.30250000000000005	0.002862885325363884	0.30537444707298733	0.0	(0.30537444707298733+0j)
0.555	0.30802500000000005	0.0029125587558811727	0.31094929454901304	0.0	(0.31094929454901304+0j)
0.56	0.31360000000000005	0.0029625902780798796	0.3165744886323943	0.0	(0.3165744886323943+0j)
0.5650000000000001	0.3192250000000001	0.003012977613454426	0.32225002763597616	0.0	(0.32225002763597616+0j)
0.5700000000000001	0.3249000000000001	0.003063718471272958	0.3279759098382677	0.0	(0.3279759098382677+0j)
0.5750000000000001	0.33062500000000006	0.003114810548770941	0.33375213348436195	0.0	(0.33375213348436195+0j)
0.58	0.3364	0.0031662515313450046	0.339578696786843	0.0	(0.339578696786843+0j)
0.585	0.34222499999999995	0.003218039092747621	0.3454555979266905	0.0	(0.3454555979266905+0j)
0.59	0.34809999999999997	0.0032701708952822817	0.3513828350541641	0.0	(0.3513828350541641+0j)
0.595	0.354025	0.003322644589999285	0.35736040628967497	0.0	(0.35736040628967497+0j)
0.6	0.36	0.003375457816891969	0.3633883097246426	0.0	(0.3633883097246426+0j)
0.605	0.366025	0.003428608205093414	0.36946654342234114	0.0	(0.36946654342234114+0j)
0.61	0.3721	0.0034820933730738968	0.3755951054187395	0.0	(0.3755951054187395+0j)
0.615	0.378225	0.0035359109288382318	0.3817739937233056	0.0	(0.3817739937233056+0j)
0.62	0.3844	0.003590058470124363	0.3880032063198231	0.0	(0.3880032063198231+0j)
0.625	0.390625	0.0036445335846015114	0.3942827411671973	0.0	(0.3942827411671973+0j)
0.63	0.39690000000000003	0.003699333850069292	0.40061259620021494	0.0	(0.40061259620021494+0j)
0.635	0.403225	0.0037544568346569718	0.4069927693303312	0.0	(0.4069927693303312+0j)
0.64	0.4096	0.003809900097023061	0.413423258446422	0.0	(0.413423258446422+0j)
0.645	0.41602500000000003	0.0038656611865551804	0.419904061415527	0.0	(0.419904061415527+0j)
0.65	0.42250000000000004	0.0039217376435704	0.4264351760836061	0.0	(0.4264351760836061+0j)
0.655	0.42902500000000005	0.003978126999515552	0.43301660027624644	0.0	(0.43301660027624644+0j)
0.66	0.43560000000000004	0.004034826777168099	0.43964833179939716	0.0	(0.43964833179939716+0j)
0.665	0.44222500000000003	0.00409183449083686	0.4463303684400661	0.0	(0.4463303684400661+0j)
0.67	0.4489000000000001	0.004149147646563239	0.453062707967027	0.0	(0.453062707967027+0j)
0.675	0.45562500000000006	0.0042067637423225945	0.4598453481315107	0.0	(0.4598453481315107+0j)
0.68	0.4624000000000001	0.004264680268225296	0.46667828666790123	0.0	(0.46667828666790123+0j)
0.685	0.46922500000000006	0.004322894706718705	0.47356152129441526	0.0	(0.47356152129441526+0j)
0.6900000000000001	0.4761000000000001	0.004381404532788458	0.48049504971376206	0.0	(0.48049504971376206+0j)
0.6950000000000001	0.4830250000000001	0.004440207214160302	0.48747886961384135	0.0	(0.48747886961384135+0j)
0.7000000000000001	0.4900000000000001	0.004499300211501828	0.49451297866839633	0.0	(0.49451297866839633+0j)
0.705	0.49702499999999994	0.004558680978624108	0.5015973745376817	0.0	(0.5015973745376817+0j)
0.71	0.5041	0.004618346962683664	0.5087320548691449	0.0	(0.5087320548691449+0j)
0.715	0.5112249999999999	0.004678295604384056	0.5159170172980807	0.0	(0.5159170172980807+0j)
0.72	0.5184	0.004738524338177563	0.5231522594482981	0.0	(0.5231522594482981+0j)
0.725	0.525625	0.004799030592466877	0.5304377789328134	0.0	(0.5304377789328134+0j)
0.73	0.5328999999999999	0.004859811789806531	0.5377735733545063	0.0	(0.5377735733545063+0j)
0.735	0.540225	0.004920865347104439	0.5451596403068302	0.0	(0.5451596403068302+0j)
0.74	0.5476	0.004982188675822979	0.5525959773744902	0.0	(0.5525959773744902+0j)
0.745	0.555025	0.005043779182180214	0.5600825821341642	0.0	(0.5600825821341642+0j)
0.75	0.5625	0.005105634267350778	0.567619452155225	0.0	(0.567619452155225+0j)
0.755	0.570025	0.0051677513276666	0.5752065850004777	0.0	(0.5752065850004777+0j)
0.76	0.5776	0.005230127754817307	0.5828439782269309	0.0	(0.5828439782269309+0j)
0.765	0.585225	0.00529276093605055	0.5905316293865795	0.0	(0.5905316293865795+0j)
0.77	0.5929	0.005355648254371806	0.5982695360272609	0.0	(0.5982695360272609+0j)
0.775	0.6006250000000001	0.005418787088744201	0.6060576956934466	0.0	(0.6060576956934466+0j)
0.78	0.6084	0.005482174814287671	0.6138961059272048	0.0	(0.6138961059272048+0j)
0.785	0.616225	0.005545808802478014	0.6217847642691153	0.0	(0.6217847642691153+0j)
0.79	0.6241000000000001	0.005609686421345517	0.6297236682592972	0.0	(0.6297236682592972+0j)
0.795	0.6320250000000001	0.0056738050356732045	0.637712815438461	0.0	(0.637712815438461+0j)
0.8	0.6400000000000001	0.005738162007194569	0.6457522033490635	0.0	(0.6457522033490635+0j)
0.805	0.6480250000000001	0.005802754694791065	0.653841829536582	0.0	(0.653841829536582+0j)
0.81	0.6561000000000001	0.0058675804546890475	0.6619816915508152	0.0	(0.6619816915508152+0j)
0.8150000000000001	0.6642250000000001	0.005932636640656186	0.6701717869473967	0.0	(0.6701717869473967+0j)
0.8200000000000001	0.6724000000000001	0.005997920604197418	0.6784121132893868	0.0	(0.6784121132893868+0j)
0.8250000000000001	0.6806250000000001	0.00606342969475053	0.6867026681490832	0.0	(0.6867026681490832+0j)
0.8300000000000001	0.6889000000000001	0.006129161259881083	0.6950434491099998	0.0	(0.6950434491099998+0j)
0.835	0.697225	0.0061951126454765915	0.7034344537691154	0.0	(0.7034344537691154+0j)
0.84	0.7055999999999999	0.00626128119594066	0.7118756797393827	0.0	(0.7118756797393827+0j)
0.845	0.7140249999999999	0.006327664254385815	0.7203671246525963	0.0	(0.7203671246525963+0j)
0.85	0.7224999999999999	0.0063942591628264045	0.7289087861626419	0.0	(0.7289087861626419+0j)
0.855	0.7310249999999999	0.006461063262370434	0.7375006619492581	0.0	(0.7375006619492581+0j)
0.86	0.7395999999999999	0.006528073893410785	0.7461427497223875	0.0	(0.7461427497223875+0j)
0.865	0.748225	0.006595288395815996	0.7548350472272378	0.0	(0.7548350472272378+0j)
0.87	0.7569	0.006662704109120107	0.763577552250232	0.0	(0.763577552250232+0j)
0.875	0.765625	0.006730318372711888	0.7723702626260301	0.0	(0.7723702626260301+0j)
0.88	0.7744	0.006798128526023281	0.7812131762459462	0.0	(0.7812131762459462+0j)
0.885	0.7832250000000001	0.006866131908717259	0.7901062910679815	0.0	(0.7901062910679815+0j)
0.89	0.7921	0.006934325860874661	0.7990496051290638	0.0	(0.7990496051290638+0j)
0.895	0.801025	0.00700270772318045	0.8080431165599292	0.0	(0.8080431165599292+0j)
0.9	0.81	0.0070712748371090164	0.8170868236035345	0.0	(0.8170868236035345+0j)
0.905	0.819025	0.007140024545108779	0.8261807246379943	0.0	(0.8261807246379943+0j)
0.91	0.8281000000000001	0.00720895419078587	0.8353248182054797	0.0	(0.8353248182054797+0j)
0.915	0.8372250000000001	0.007278061119086916	0.8445191030490531	0.0	(0.8445191030490531+0j)
0.92	0.8464	0.007347342676481107	0.8537635781602566	0.0	(0.8537635781602566+0j)
0.925	0.8556250000000001	0.007416796211141136	0.8630582428415018	0.0	(0.8630582428415018+0j)
0.93	0.8649000000000001	0.007486419073123467	0.8724030967890504	0.0	(0.8724030967890504+0j)
0.935	0.8742250000000001	0.007556208614547491	0.8817981402055491	0.0	(0.8817981402055491+0j)
0.9400000000000001	0.8836000000000002	0.007626162189773807	0.8912433739555339	0.0	(0.8912433739555339+0j)
0.9450000000000001	0.8930250000000001	0.007696277155581514	0.9007387997853881	0.0	(0.9007387997853881+0j)
0.9500000000000001	0.9025000000000001	0.0077665508713446255	0.9102844206426718	0.0	(0.9102844206426718+0j)
0.9550000000000001	0.9120250000000001	0.007836980699207317	0.9198802411541062	0.0	(0.9198802411541062+0j)
0.96	0.9216	0.007907564004258273	0.92952626836713	0.0	(0.92952626836713+0j)
0.965	0.931225	0.007978298154704001	0.9392225129513319	0.0	(0.9392225129513319+0j)
0.97	0.9409	0.008049180522041094	0.9489689912500741	0.0	(0.9489689912500741+0j)
0.975	0.9506249999999999	0.008120208481227381	0.9587657290239664	0.0	(0.9587657290239664+0j)
0.98	0.9603999999999999	0.008191379410852094	0.9686127688916933	0.0	(0.9686127688916933+0j)
0.985	0.970225	0.008262690693304889	0.9785101869340803	0.0	(0.9785101869340803+0j)
0.99	0.9801	0.00833413971494374	0.9884581364544234	0.0	(0.9884581364544234+0j)
0.995	0.990025	0.008405723866261823	0.998456998307956	0.0	(0.998456998307956+0j)
1.0	1.0	0.00847744054205312	1.008508248438658	0.0	(1.008508248438658+0j)
