-1.0	-1.0	-0.00019794896047054482	-1.000198128645305	0.0	-1.000198128645305
-0.9975	-0.9950062500000001	-0.00019794396816523853	-0.9952043154842855	0.0	-0.9952043154842855
-0.995	-0.990025	-0.00019793893818223555	-0.9902230317323104	0.0	-0.9902230317323104
-0.9925	-0.9850562500000001	-0.000197933870141434	-0.9852542579505537	0.0	-0.9852542579505537
-0.99	-0.9801	-0.00019792876365792666	-0.9802979892561257	0.0	-0.9802979892561257
-0.9875	-0.9751562500000001	-0.000197923618341928	-0.9753542236870186	0.0	-0.9753542236870186
-0.985	-0.970225	-0.00019791843379869962	-0.970422960253647	0.0	-0.970422960253647
-0.9825	-0.96530625	-0.00019791320962847465	-0.9655041983816174	0.0	-0.9655041983816174
-0.98	-0.9603999999999999	-0.00019790794542638067	-0.9605979377031217	0.0	-0.9605979377031217
-0.9775	-0.9555062500000001	-0.00019790264078236124	-0.9557041779645638	0.0	-0.9557041779645638
-0.975	-0.9506249999999999	-0.00019789729528109604	-0.9508229189807507	0.0	-0.9508229189807507
-0.9725	-0.9457562500000001	-0.0001978919085019196	-0.9459541606102041	0.0	-0.9459541606102041
-0.97	-0.9409	-0.0001978864800187385	-0.9410979027410088	0.0	-0.9410979027410088
-0.9675	-0.93605625	-0.00019788100939994722	-0.9362541452822563	0.0	-0.9362541452822563
-0.965	-0.931225	-0.00019787549620834218	-0.9314228881586549	0.0	-0.9314228881586549
-0.9625	-0.9264062500000001	-0.0001978699400010345	-0.9266041313070774	0.0	-0.9266041313070774
-0.96	-0.9216	-0.00019786434032936098	-0.9217978746741268	0.0	-0.9217978746741268
-0.9575	-0.91680625	-0.00019785869673879361	-0.9170041182144668	0.0	-0.9170041182144668
-0.9550000000000001	-0.9120250000000001	-0.0001978530087688473	-0.912222861889573	0.0	-0.912222861889573
-0.9525	-0.90725625	-0.00019784727595298585	-0.9074541056667335	0.0	-0.9074541056667335
-0.9500000000000001	-0.9025000000000001	-0.0001978414978185264	-0.9026978495183163	0.0	-0.9026978495183163
-0.9475	-0.89775625	-0.000197835673886542	-0.8979540934210155	0.0	-0.8979540934210155
-0.9450000000000001	-0.8930250000000001	-0.0001978298036717622	-0.8932228373553404	0.0	-0.8932228373553404
-0.9425	-0.88830625	-0.00019782388668247223	-0.8885040813050805	0.0	-0.8885040813050805
-0.9400000000000001	-0.8836000000000002	-0.00019781792242040976	-0.8837978252568135	0.0	-0.8837978252568135
-0.9375	-0.87890625	-0.00019781191038066015	-0.8791040691995374	0.0	-0.8791040691995374
-0.935	-0.8742250000000001	-0.00019780585005154956	-0.8744228131242714	0.0	-0.8744228131242714
-0.9325	-0.86955625	-0.00019779974091453604	-0.8697540570237232	0.0	-0.8697540570237232
-0.93	-0.8649000000000001	-0.00019779358244409874	-0.8650978008920214	0.0	-0.8650978008920214
-0.9275	-0.86025625	-0.00019778737410762462	-0.8604540447244367	0.0	-0.8604540447244367
-0.925	-0.8556250000000001	-0.0001977811153652936	-0.8558227885171674	0.0	-0.8558227885171674
-0.9225	-0.85100625	-0.00019777480566996096	-0.8512040322671841	0.0	-0.8512040322671841
-0.92	-0.8464	-0.00019776844446703796	-0.8465977759720315	0.0	-0.8465977759720315
-0.9175	-0.84180625	-0.00019776203119436977	-0.8420040196297046	0.0	-0.8420040196297046
-0.915	-0.8372250000000001	-0.00019775556528211144	-0.8374227632386027	0.0	-0.8374227632386027
-0.9125	-0.83265625	-0.00019774904615260124	-0.8328540067973565	0.0	-0.8328540067973565
-0.91	-0.8281000000000001	-0.00019774247322023163	-0.828297750304819	0.0	-0.828297750304819
-0.9075	-0.82355625	-0.00019773584589131776	-0.8237539937599971	0.0	-0.8237539937599971
-0.905	-0.819025	-0.0001977291635639634	-0.8192227371620004	0.0	-0.8192227371620004
-0.9025	-0.81450625	-0.00019772242562792426	-0.8147039805100329	0.0	-0.8147039805100329
-0.9	-0.81	-0.00019771563146446874	-0.8101977238033286	0.0	-0.8101977238033286
-0.8975	-0.80550625	-0.00019770878044623574	-0.8057039670411881	0.0	-0.8057039670411881
-0.895	-0.801025	-0.00019770187193708996	-0.801222710222914	0.0	-0.801222710222914
-0.8925000000000001	-0.7965562500000001	-0.00019769490529197416	-0.7967539533478363	0.0	-0.7967539533478363
-0.89	-0.7921	-0.00019768787985675865	-0.7922976964153012	0.0	-0.7922976964153012
-0.8875000000000001	-0.7876562500000002	-0.0001976807949680876	-0.7878539394246287	0.0	-0.7878539394246287
-0.885	-0.7832250000000001	-0.00019767364995322266	-0.7834226823751527	0.0	-0.7834226823751527
-0.8825000000000001	-0.7788062500000001	-0.00019766644412988298	-0.7790039252662099	0.0	-0.7790039252662099
-0.88	-0.7744	-0.00019765917680608256	-0.7745976680971082	0.0	-0.7745976680971082
-0.8775000000000001	-0.7700062500000001	-0.00019765184727996404	-0.7702039108671843	0.0	-0.7702039108671843
-0.875	-0.765625	-0.0001976444548396292	-0.7658226535757344	0.0	-0.7658226535757344
-0.8725	-0.7612562500000001	-0.0001976369987629661	-0.7614538962220585	0.0	-0.7614538962220585
-0.87	-0.7569	-0.00019762947831747276	-0.7570976388054476	0.0	-0.7570976388054476
-0.8675	-0.75255625	-0.0001976218927600772	-0.7527538813251905	0.0	-0.7527538813251905
-0.865	-0.748225	-0.00019761424133695398	-0.7484226237805409	0.0	-0.7484226237805409
-0.8625	-0.7439062500000001	-0.00019760652328333677	-0.7441038661707702	0.0	-0.7441038661707702
-0.86	-0.7395999999999999	-0.00019759873782332734	-0.7397976084951253	0.0	-0.7397976084951253
-0.8575	-0.73530625	-0.00019759088416970052	-0.7355038507528537	0.0	-0.7355038507528537
-0.855	-0.7310249999999999	-0.00019758296152370527	-0.7312225929431652	0.0	-0.7312225929431652
-0.8525	-0.7267562500000001	-0.00019757496907486137	-0.7269538350652897	0.0	-0.7269538350652897
-0.85	-0.7224999999999999	-0.00019756690600075243	-0.7226975771184263	0.0	-0.7226975771184263
-0.8475	-0.71825625	-0.000197558771466814	-0.7184538191017669	0.0	-0.7184538191017669
-0.845	-0.7140249999999999	-0.00019755056462611795	-0.7142225610144991	0.0	-0.7142225610144991
-0.8425	-0.7098062500000001	-0.00019754228461915164	-0.7100038028557953	0.0	-0.7100038028557953
-0.84	-0.7055999999999999	-0.00019753393057359318	-0.7057975446248008	0.0	-0.7057975446248008
-0.8375	-0.70140625	-0.0001975255016040815	-0.7016037863206663	0.0	-0.7016037863206663
-0.835	-0.697225	-0.00019751699681198187	-0.6974225279425291	0.0	-0.6974225279425291
-0.8325	-0.69305625	-0.00019750841528514624	-0.6932537694895015	0.0	-0.6932537694895015
-0.8300000000000001	-0.6889000000000001	-0.00019749975609766878	-0.6890975109606993	0.0	-0.6890975109606993
-0.8275	-0.6847562500000001	-0.00019749101830963606	-0.6849537523552001	0.0	-0.6849537523552001
-0.8250000000000001	-0.6806250000000001	-0.00019748220096687196	-0.6808224936721026	0.0	-0.6808224936721026
-0.8225	-0.67650625	-0.00019747330310067727	-0.6767037349104509	0.0	-0.6767037349104509
-0.8200000000000001	-0.6724000000000001	-0.00019746432372756348	-0.6725974760693174	0.0	-0.6725974760693174
-0.8175	-0.66830625	-0.0001974552618489811	-0.6685037171477276	0.0	-0.6685037171477276
-0.8150000000000001	-0.6642250000000001	-0.000197446116451042	-0.6644224581447048	0.0	-0.6644224581447048
-0.8125	-0.66015625	-0.00019743688650423585	-0.6603536990592505	0.0	-0.6603536990592505
-0.81	-0.6561000000000001	-0.00019742757096314026	-0.6562974398903715	0.0	-0.6562974398903715
-0.8075	-0.65205625	-0.00019741816876612487	-0.6522536806370336	0.0	-0.6522536806370336
-0.805	-0.6480250000000001	-0.0001974086788350488	-0.6482224212982018	0.0	-0.6482224212982018
-0.8025	-0.64400625	-0.00019739910007495162	-0.6442036618728233	0.0	-0.6442036618728233
-0.8	-0.6400000000000001	-0.00019738943137373737	-0.6401974023598275	0.0	-0.6401974023598275
-0.7975	-0.63600625	-0.00019737967160185195	-0.6362036427581276	0.0	-0.6362036427581276
-0.795	-0.6320250000000001	-0.000197369819611953	-0.6322223830666069	0.0	-0.6322223830666069
-0.7925	-0.62805625	-0.00019735987423857282	-0.6282536232841623	0.0	-0.6282536232841623
-0.79	-0.6241000000000001	-0.0001973498342977736	-0.6242973634096411	0.0	-0.6242973634096411
-0.7875	-0.62015625	-0.00019733969858679514	-0.6203536034418929	0.0	-0.6203536034418929
-0.785	-0.616225	-0.00019732946588369452	-0.6164223433797407	0.0	-0.6164223433797407
-0.7825	-0.6123062499999999	-0.00019731913494697785	-0.6125035832219876	0.0	-0.6125035832219876
-0.78	-0.6084	-0.00019730870451522363	-0.608597322967421	0.0	-0.608597322967421
-0.7775	-0.6045062499999999	-0.00019729817330669776	-0.6047035626148163	0.0	-0.6047035626148163
-0.775	-0.6006250000000001	-0.00019728754001895974	-0.6008223021629164	0.0	-0.6008223021629164
-0.7725	-0.59675625	-0.00019727680332845988	-0.5969535416104473	0.0	-0.5969535416104473
-0.77	-0.5929	-0.0001972659618901275	-0.5930972809561226	0.0	-0.5930972809561226
-0.7675000000000001	-0.5890562500000001	-0.00019725501433694956	-0.5892535201986213	0.0	-0.5892535201986213
-0.765	-0.585225	-0.00019724395927953986	-0.5854222593366197	0.0	-0.5854222593366197
-0.7625000000000001	-0.5814062500000001	-0.00019723279530569802	-0.5816034983687562	0.0	-0.5816034983687562
-0.76	-0.5776	-0.00019722152097995858	-0.5777972372936512	0.0	-0.5777972372936512
-0.7575000000000001	-0.5738062500000001	-0.00019721013484312952	-0.5740034761099079	0.0	-0.5740034761099079
-0.755	-0.570025	-0.00019719863541182002	-0.5702222148161006	0.0	-0.5702222148161006
-0.7525000000000001	-0.5662562500000001	-0.00019718702117795737	-0.5664534534107869	0.0	-0.5664534534107869
-0.75	-0.5625	-0.00019717529060829257	-0.5626971918924938	0.0	-0.5626971918924938
-0.7475	-0.5587562500000001	-0.00019716344214389407	-0.5589534302597224	0.0	-0.5589534302597224
-0.745	-0.555025	-0.00019715147419963004	-0.5552221685109632	0.0	-0.5552221685109632
-0.7425	-0.5513062500000001	-0.00019713938516363806	-0.5515034066446661	0.0	-0.5515034066446661
-0.74	-0.5476	-0.00019712717339678235	-0.54779714465926	0.0	-0.54779714465926
-0.7375	-0.54390625	-0.00019711483723209818	-0.5441033825531514	0.0	-0.5441033825531514
-0.735	-0.540225	-0.00019710237497422297	-0.5404221203247129	0.0	-0.5404221203247129
-0.7325	-0.5365562500000001	-0.0001970897848988137	-0.536753357972296	0.0	-0.536753357972296
-0.73	-0.5328999999999999	-0.00019707706525195053	-0.5330970954942218	0.0	-0.5330970954942218
-0.7275	-0.5292562500000001	-0.00019706421424952575	-0.5294533328887834	0.0	-0.5294533328887834
-0.725	-0.525625	-0.00019705123007661833	-0.5258220701542435	0.0	-0.5258220701542435
-0.7225	-0.52200625	-0.00019703811088685292	-0.5222033072888339	0.0	-0.5222033072888339
-0.72	-0.5184	-0.0001970248548017435	-0.518597044290769	0.0	-0.518597044290769
-0.7175	-0.51480625	-0.00019701145991002093	-0.5150032811582097	0.0	-0.5150032811582097
-0.715	-0.5112249999999999	-0.0001969979242669439	-0.5114220178892996	0.0	-0.5114220178892996
-0.7125	-0.50765625	-0.00019698424589359315	-0.5078532544821556	0.0	-0.5078532544821556
-0.71	-0.5041	-0.000196970422776148	-0.5042969909348454	0.0	-0.5042969909348454
-0.7075	-0.50055625	-0.00019695645286514518	-0.500753227245418	0.0	-0.500753227245418
-0.705	-0.49702499999999994	-0.0001969423340747191	-0.49722196341187724	0.0	-0.49722196341187724
-0.7025	-0.49350625000000004	-0.00019692806428182316	-0.4937031994321985	0.0	-0.4937031994321985
-0.7000000000000001	-0.4900000000000001	-0.00019691364132543173	-0.49019693530432107	0.0	-0.49019693530432107
-0.6975	-0.48650625000000003	-0.00019689906300572173	-0.48670317102614163	0.0	-0.48670317102614163
-0.6950000000000001	-0.4830250000000001	-0.00019688432708323396	-0.48322190659552955	0.0	-0.48322190659552955
-0.6925	-0.47955625	-0.00019686943127801288	-0.4797531420103111	0.0	-0.4797531420103111
-0.6900000000000001	-0.4761000000000001	-0.00019685437326872476	-0.4762968772682674	0.0	-0.4762968772682674
-0.6875	-0.47265625	-0.0001968391506917532	-0.4728531123671506	0.0	-0.4728531123671506
-0.685	-0.46922500000000006	-0.0001968237611402715	-0.4694218473046721	0.0	-0.4694218473046721
-0.6825	-0.46580625	-0.00019680820216329132	-0.4660030820784901	0.0	-0.4660030820784901
-0.68	-0.4624000000000001	-0.00019679247126468675	-0.4625968166862324	0.0	-0.4625968166862324
-0.6775	-0.45900625	-0.00019677656590219307	-0.45920305112547655	0.0	-0.45920305112547655
-0.675	-0.45562500000000006	-0.00019676048348637952	-0.4558217853937562	0.0	-0.4558217853937562
-0.6725	-0.45225624999999997	-0.0001967442213795954	-0.452453019488567	0.0	-0.452453019488567
-0.67	-0.4489000000000001	-0.00019672777689488846	-0.44909675340735433	0.0	-0.44909675340735433
-0.6675	-0.44555625	-0.0001967111472948949	-0.4457529871475069	0.0	-0.4457529871475069
-0.665	-0.44222500000000003	-0.00019669432979070025	-0.44242172070638086	0.0	-0.44242172070638086
-0.6625	-0.43890625	-0.00019667732154066988	-0.4391029540812772	0.0	-0.4391029540812772
-0.66	-0.43560000000000004	-0.00019666011964924855	-0.43579668726943777	0.0	-0.43579668726943777
-0.6575	-0.43230624999999995	-0.000196642721165728	-0.43250292026806914	0.0	-0.43250292026806914
-0.655	-0.42902500000000005	-0.00019662512308298152	-0.4292216530743083	0.0	-0.4292216530743083
-0.6525	-0.42575624999999995	-0.00019660732233616444	-0.42595288568525275	0.0	-0.42595288568525275
-0.65	-0.42250000000000004	-0.0001965893158013796	-0.42269661809793546	0.0	-0.42269661809793546
-0.6475	-0.41925624999999994	-0.00019657110029430678	-0.4194528503093325	0.0	-0.4194528503093325
-0.645	-0.41602500000000003	-0.00019655267256879478	-0.4162215823163708	0.0	-0.4162215823163708
-0.6425	-0.41280624999999993	-0.00019653402931541506	-0.41300281411591167	0.0	-0.41300281411591167
-0.64	-0.4096	-0.00019651516715997575	-0.40979654570476	0.0	-0.40979654570476
-0.6375000000000001	-0.4064062500000001	-0.00019649608266199495	-0.40660277707964715	0.0	-0.40660277707964715
-0.635	-0.403225	-0.0001964767723131317	-0.40342150823726064	0.0	-0.40342150823726064
-0.6325000000000001	-0.40005625000000006	-0.00019645723253557335	-0.40025273917420595	0.0	-0.40025273917420595
-0.63	-0.39690000000000003	-0.0001964374596803785	-0.3970964698870336	0.0	-0.3970964698870336
-0.6275000000000001	-0.3937562500000001	-0.00019641745002577305	-0.3939527003722194	0.0	-0.3939527003722194
-0.625	-0.390625	-0.00019639719977539884	-0.3908214306261755	0.0	-0.3908214306261755
-0.6225	-0.38750625000000005	-0.00019637670505651293	-0.3877026606452373	0.0	-0.3877026606452373
-0.62	-0.3844	-0.0001963559619181357	-0.38459639042566923	0.0	-0.38459639042566923
-0.6175	-0.38130625000000007	-0.00019633496632914666	-0.3815026199636656	0.0	-0.3815026199636656
-0.615	-0.378225	-0.0001963137141763257	-0.37842134925533305	0.0	-0.37842134925533305
-0.6125	-0.3751562500000001	-0.00019629220126233865	-0.3753525782967182	0.0	-0.3753525782967182
-0.61	-0.3721	-0.00019627042330366427	-0.3722963070837689	0.0	-0.3722963070837689
-0.6075	-0.36905625000000003	-0.00019624837592846218	-0.36925253561236476	0.0	-0.36925253561236476
-0.605	-0.366025	-0.0001962260546743785	-0.36622126387829235	0.0	-0.36622126387829235
-0.6025	-0.36300625000000003	-0.00019620345498628762	-0.36320249187725545	0.0	-0.36320249187725545
-0.6	-0.36	-0.00019618057221396822	-0.36019621960487314	0.0	-0.36019621960487314
-0.5975	-0.35700625	-0.0001961574016097109	-0.35720244705666915	0.0	-0.35720244705666915
-0.595	-0.354025	-0.0001961339383258554	-0.3542211742280744	0.0	-0.3542211742280744
-0.5925	-0.35105625	-0.00019611017741225483	-0.3512524011144336	0.0	-0.3512524011144336
-0.59	-0.34809999999999997	-0.00019608611381366449	-0.3482961277109777	0.0	-0.3482961277109777
-0.5875	-0.34515625000000005	-0.00019606174236705304	-0.3453523540128564	0.0	-0.3453523540128564
-0.585	-0.34222499999999995	-0.00019603705779883265	-0.3424210800151009	0.0	-0.3424210800151009
-0.5825	-0.33930625000000003	-0.00019601205472200605	-0.3395023057126499	0.0	-0.3395023057126499
-0.58	-0.3364	-0.00019598672763322723	-0.33659603110032776	0.0	-0.33659603110032776
-0.5775	-0.33350625	-0.00019596107090977285	-0.3337022561728509	0.0	-0.3337022561728509
-0.5750000000000001	-0.33062500000000006	-0.00019593507880642124	-0.330820980924822	0.0	-0.330820980924822
-0.5725	-0.32775625	-0.000195908745452236	-0.32795220535072483	0.0	-0.32795220535072483
-0.5700000000000001	-0.3249000000000001	-0.00019588206484725038	-0.3250959294449325	0.0	-0.3250959294449325
-0.5675	-0.32205625	-0.00019585503085904924	-0.3222521532016814	0.0	-0.3222521532016814
-0.5650000000000001	-0.3192250000000001	-0.0001958276372192451	-0.3194208766150976	0.0	-0.3194208766150976
-0.5625	-0.31640625	-0.00019579987751984406	-0.3166020996791703	0.0	-0.3166020996791703
-0.56	-0.31360000000000005	-0.00019577174520949816	-0.3137958223877623	0.0	-0.3137958223877623
-0.5575	-0.31080625	-0.0001957432335896395	-0.3110020447345894	0.0	-0.3110020447345894
-0.555	-0.30802500000000005	-0.00019571433581049258	-0.30822076671323734	0.0	-0.30822076671323734
-0.5525	-0.30525625	-0.00019568504486695972	-0.3054519883171524	0.0	-0.3054519883171524
-0.55	-0.30250000000000005	-0.00019565535359437547	-0.30269570953961883	0.0	-0.30269570953961883
-0.5475	-0.29975625	-0.0001956252546641249	-0.2999519303737881	0.0	-0.2999519303737881
-0.545	-0.29702500000000004	-0.000195594740579121	-0.29722065081264293	0.0	-0.29722065081264293
-0.5425	-0.29430625	-0.00019556380366913566	-0.29450187084901785	0.0	-0.29450187084901785
-0.54	-0.2916	-0.0001955324360859791	-0.2917955904755726	0.0	-0.2917955904755726
-0.5375	-0.28890625	-0.00019550062979852204	-0.2891018096848055	0.0	-0.2891018096848055
-0.535	-0.286225	-0.00019546837658755464	-0.2864205284690457	0.0	-0.2864205284690457
-0.5325	-0.28355624999999995	-0.00019543566804047595	-0.2837517468204323	0.0	-0.2837517468204323
-0.53	-0.28090000000000004	-0.00019540249554580777	-0.28109546473093017	0.0	-0.28109546473093017
-0.5275	-0.27825625	-0.000195368850287526	-0.27845168219232613	0.0	-0.27845168219232613
-0.525	-0.275625	-0.0001953347232392026	-0.2758203991961939	0.0	-0.2758203991961939
-0.5225	-0.27300624999999995	-0.00019530010515795093	-0.2732016157339182	0.0	-0.2732016157339182
-0.52	-0.27040000000000003	-0.00019526498657816672	-0.2705953317966856	0.0	-0.2705953317966856
-0.5175	-0.26780624999999997	-0.0001952293578050569	-0.26800154737546533	0.0	-0.26800154737546533
-0.515	-0.265225	-0.00019519320890794826	-0.2654202624610127	0.0	-0.2654202624610127
-0.5125	-0.26265625	-0.0001951565297133666	-0.26285147704385536	0.0	-0.26285147704385536
-0.51	-0.2601	-0.00019511930979787821	-0.2602951911143042	0.0	-0.2602951911143042
-0.5075000000000001	-0.25755625000000004	-0.0001950815384806838	-0.2577514046624229	0.0	-0.2577514046624229
-0.505	-0.255025	-0.00019504320481595496	-0.2552201176780376	0.0	-0.2552201176780376
-0.5025000000000001	-0.25250625000000004	-0.00019500429758490345	-0.2527013301507264	0.0	-0.2527013301507264
-0.5	-0.25	-0.00019496480528757179	-0.2501950420698095	0.0	-0.2501950420698095
-0.4975	-0.24750625	-0.00019492471613433471	-0.24770125342433627	0.0	-0.24770125342433627
-0.495	-0.245025	-0.00019488401803709917	-0.24521996420309464	0.0	-0.24521996420309464
-0.4925	-0.24255625	-0.000194842698600191	-0.24275117439457913	0.0	-0.24275117439457913
-0.49	-0.24009999999999998	-0.0001948007451109152	-0.24029488398700763	0.0	-0.24029488398700763
-0.4875	-0.23765624999999999	-0.00019475814452977658	-0.23785109296828927	0.0	-0.23785109296828927
-0.485	-0.235225	-0.0001947148834803465	-0.23541980132602963	0.0	-0.23541980132602963
-0.4825	-0.23280625	-0.0001946709482387612	-0.2330010090475206	0.0	-0.2330010090475206
-0.48	-0.2304	-0.00019462632472283642	-0.23059471611971924	0.0	-0.23059471611971924
-0.47750000000000004	-0.22800625000000002	-0.0001945809984807817	-0.2282009225292529	0.0	-0.2282009225292529
-0.47500000000000003	-0.22562500000000002	-0.0001945349546794981	-0.2258196282623991	0.0	-0.2258196282623991
-0.47250000000000003	-0.22325625000000002	-0.0001944881780924413	-0.2234508333050764	0.0	-0.2234508333050764
-0.47000000000000003	-0.22090000000000004	-0.0001944406530870315	-0.22109453764283246	0.0	-0.22109453764283246
-0.4675	-0.21855625000000004	-0.00019439236361159067	-0.21875074126083488	0.0	-0.21875074126083488
-0.465	-0.21622500000000003	-0.00019434329318178745	-0.2164194441438552	0.0	-0.2164194441438552
-0.4625	-0.21390625000000002	-0.0001942934248665669	-0.21410064627626016	0.0	-0.21410064627626016
-0.46	-0.2116	-0.00019424274127354427	-0.21179434764199576	0.0	-0.21179434764199576
-0.4575	-0.20930625000000003	-0.00019419122453383822	-0.20950054822457503	0.0	-0.20950054822457503
-0.455	-0.20702500000000001	-0.000194138856286319	-0.20721924800705802	0.0	-0.20721924800705802
-0.4525	-0.20475625	-0.0001940856176612461	-0.20495044697205236	0.0	-0.20495044697205236
-0.45	-0.2025	-0.00019403148926326746	-0.20269414510167683	0.0	-0.20269414510167683
-0.4475	-0.20025625	-0.0001939764511537523	-0.20045034237756199	0.0	-0.20045034237756199
-0.445	-0.198025	-0.00019392048283242708	-0.19821903878082506	0.0	-0.19821903878082506
-0.4425	-0.19580625000000002	-0.00019386356321828308	-0.19600023429205662	0.0	-0.19600023429205662
-0.44	-0.1936	-0.00019380567062972275	-0.19379392889130095	0.0	-0.19379392889130095
-0.4375	-0.19140625	-0.0001937467827639093	-0.19160012255803374	0.0	-0.19160012255803374
-0.435	-0.189225	-0.00019368687667528352	-0.1894188152711534	0.0	-0.1894188152711534
-0.4325	-0.18705625	-0.0001936259287532084	-0.18725000700894556	0.0	-0.18725000700894556
-0.43	-0.18489999999999998	-0.0001935639146987018	-0.1850936977490748	0.0	-0.1850936977490748
-0.4275	-0.18275624999999998	-0.00019350080950021354	-0.1829498874685596	0.0	-0.1829498874685596
-0.425	-0.18062499999999998	-0.0001934365874084022	-0.1808185761437422	0.0	-0.1808185761437422
-0.4225	-0.17850624999999998	-0.00019337122190986425	-0.178699763750273	0.0	-0.178699763750273
-0.42	-0.17639999999999997	-0.00019330468569976516	-0.17659345026308235	0.0	-0.17659345026308235
-0.4175	-0.17430625	-0.00019323695065331998	-0.17449963565635487	0.0	-0.17449963565635487
-0.41500000000000004	-0.17222500000000002	-0.00019316798779606763	-0.17241831990350467	0.0	-0.17241831990350467
-0.41250000000000003	-0.17015625000000004	-0.00019309776727288036	-0.17034950297713883	0.0	-0.17034950297713883
-0.41000000000000003	-0.16810000000000003	-0.00019302625831564644	-0.1682931848490411	0.0	-0.1682931848490411
-0.40750000000000003	-0.16605625000000002	-0.00019295342920956055	-0.16624936549012795	0.0	-0.16624936549012795
-0.405	-0.16402500000000003	-0.0001928792472579535	-0.16421804487042446	0.0	-0.16421804487042446
-0.4025	-0.16200625000000002	-0.00019280367874558775	-0.16219922295903058	0.0	-0.16219922295903058
-0.4	-0.16000000000000003	-0.0001927266889003421	-0.160192899724083	0.0	-0.160192899724083
-0.3975	-0.15800625000000001	-0.00019264824185320458	-0.1581990751327148	0.0	-0.1581990751327148
-0.395	-0.15602500000000002	-0.00019256830059648708	-0.15621774915102826	0.0	-0.15621774915102826
-0.3925	-0.15405625	-0.00019248682694017087	-0.1542489217440443	0.0	-0.1542489217440443
-0.39	-0.1521	-0.0001924037814662874	-0.1522925928756635	0.0	-0.1522925928756635
-0.3875	-0.15015625000000002	-0.0001923191234812321	-0.1503487625086286	0.0	-0.1503487625086286
-0.385	-0.148225	-0.00019223281096590332	-0.1484174306044674	0.0	-0.1484174306044674
-0.3825	-0.14630625	-0.00019214480052355326	-0.1464985971234522	0.0	-0.1464985971234522
-0.38	-0.1444	-0.00019205504732522886	-0.144592262024547	0.0	-0.144592262024547
-0.3775	-0.14250625	-0.00019196350505267545	-0.14269842526535126	0.0	-0.14269842526535126
-0.375	-0.140625	-0.00019187012583856702	-0.14081708680205635	0.0	-0.14081708680205635
-0.3725	-0.13875625	-0.00019177486020391902	-0.13894824658937124	0.0	-0.13894824658937124
-0.37	-0.1369	-0.00019167765699253122	-0.13709190458047282	0.0	-0.13709190458047282
-0.3675	-0.13505625	-0.00019157846330229803	-0.13524806072693776	0.0	-0.13524806072693776
-0.365	-0.13322499999999998	-0.00019147722441321458	-0.1334167149786777	0.0	-0.1334167149786777
-0.3625	-0.13140625	-0.00019137388371189503	-0.13159786728386222	0.0	-0.13159786728386222
-0.36	-0.1296	-0.00019126838261240899	-0.12979151758885568	0.0	-0.12979151758885568
-0.3575	-0.12780624999999998	-0.00019116066047322974	-0.1279976658381264	0.0	-0.1279976658381264
-0.355	-0.126025	-0.00019105065451007378	-0.12621631197417602	0.0	-0.12621631197417602
-0.3525	-0.12425624999999998	-0.00019093829970439784	-0.12444745593744648	0.0	-0.12444745593744648
-0.35000000000000003	-0.12250000000000003	-0.00019082352870730535	-0.12269109766623311	0.0	-0.12269109766623311
-0.34750000000000003	-0.12075625000000002	-0.00019070627173859564	-0.1209472370965839	0.0	-0.1209472370965839
-0.34500000000000003	-0.11902500000000002	-0.00019058645648067503	-0.11921587416220442	0.0	-0.11921587416220442
-0.3425	-0.11730625000000001	-0.00019046400796702707	-0.11749700879435086	0.0	-0.11749700879435086
-0.34	-0.11560000000000002	-0.00019033884846492272	-0.1157906409217138	0.0	-0.1157906409217138
-0.3375	-0.11390625000000001	-0.00019021089735202584	-0.11409677047030652	0.0	-0.11409677047030652
-0.335	-0.11222500000000002	-0.00019008007098653072	-0.1124153973633373	0.0	-0.1124153973633373
-0.3325	-0.11055625000000001	-0.00018994628257043908	-0.1107465215210732	0.0	-0.1107465215210732
-0.33	-0.10890000000000001	-0.0001898094420055616	-0.10909014286071611	0.0	-0.10909014286071611
-0.3275	-0.10725625000000001	-0.00018966945574179695	-0.10744626129624238	0.0	-0.10744626129624238
-0.325	-0.10562500000000001	-0.00018952622661721263	-0.10581487673824938	0.0	-0.10581487673824938
-0.3225	-0.10400625000000001	-0.00018937965368941815	-0.10419598909379987	0.0	-0.10419598909379987
-0.32	-0.1024	-0.00018922963205768485	-0.10258959826624117	0.0	-0.10258959826624117
-0.3175	-0.10080625	-0.00018907605267522908	-0.10099570415502718	0.0	-0.10099570415502718
-0.315	-0.09922500000000001	-0.0001889188021510336	-0.09941430665551787	0.0	-0.09941430665551787
-0.3125	-0.09765625	-0.00018875776254053737	-0.09784540565878194	0.0	-0.09784540565878194
-0.31	-0.0961	-0.0001885928111244764	-0.09628900105137074	0.0	-0.09628900105137074
-0.3075	-0.09455625	-0.00018842382017510612	-0.09474509271509135	0.0	-0.09474509271509135
-0.305	-0.093025	-0.00018825065670898021	-0.09321368052676056	0.0	-0.09321368052676056
-0.3025	-0.09150625	-0.00018807318222540127	-0.09169476435794288	0.0	-0.09169476435794288
-0.3	-0.09	-0.00018789125242959357	-0.09018834407467408	0.0	-0.09018834407467408
-0.2975	-0.08850625	-0.00018770471693957972	-0.08869441953716999	0.0	-0.08869441953716999
-0.295	-0.08702499999999999	-0.00018751341897566768	-0.08721299059951061	0.0	-0.08721299059951061
-0.2925	-0.08555624999999999	-0.0001873171950313756	-0.08574405710930662	0.0	-0.08574405710930662
-0.29	-0.0841	-0.00018711587452453538	-0.08428761890734651	0.0	-0.08428761890734651
-0.28750000000000003	-0.08265625000000001	-0.00018690927942722544	-0.0828436758272215	0.0	-0.0828436758272215
-0.28500000000000003	-0.08122500000000002	-0.0001866972238730838	-0.08141222769491976	0.0	-0.08141222769491976
-0.28250000000000003	-0.07980625000000002	-0.00018647951374044981	-0.07999327432840025	0.0	-0.07999327432840025
-0.28	-0.07840000000000001	-0.0001862559462096708	-0.07858681553713642	0.0	-0.07858681553713642
-0.2775	-0.07700625000000001	-0.00018602630929279293	-0.07719285112162706	0.0	-0.07719285112162706
-0.275	-0.07562500000000001	-0.00018579038133373124	-0.0758113808728779	0.0	-0.0758113808728779
-0.2725	-0.07425625000000001	-0.00018554793047688412	-0.07444240457184433	0.0	-0.07444240457184433
-0.27	-0.0729	-0.00018529871410201951	-0.07308592198883992	0.0	-0.07308592198883992
-0.2675	-0.07155625	-0.00018504247822312024	-0.07174193288290016	0.0	-0.07174193288290016
-0.265	-0.07022500000000001	-0.0001847789568487276	-0.0704104370011079	0.0	-0.0704104370011079
-0.2625	-0.06890625	-0.00018450787130117464	-0.06909143407786593	0.0	-0.06909143407786593
-0.26	-0.06760000000000001	-0.00018422892949194677	-0.06778492383412245	0.0	-0.06778492383412245
-0.2575	-0.06630625	-0.00018394182515025863	-0.06649090597654432	0.0	-0.06649090597654432
-0.255	-0.065025	-0.00018364623700178567	-0.06520938019662706	0.0	-0.06520938019662706
-0.2525	-0.06375625	-0.0001833418278943473	-0.06394034616974814	0.0	-0.06394034616974814
-0.25	-0.0625	-0.00018302824386720698	-0.06268380355415197	0.0	-0.06268380355415197
-0.2475	-0.06125625	-0.0001827051131605346	-0.06143975198986321	0.0	-0.06143975198986321
-0.245	-0.060024999999999995	-0.00018237204516148166	-0.06020819109752492	0.0	-0.06020819109752492
-0.2425	-0.05880625	-0.0001820286292832481	-0.05898912047715978	0.0	-0.05898912047715978
-0.24	-0.0576	-0.00018167443377348433	-0.05778253970683799	0.0	-0.05778253970683799
-0.23750000000000002	-0.056406250000000005	-0.00018130900444838293	-0.05658844834126419	0.0	-0.05658844834126419
-0.23500000000000001	-0.05522500000000001	-0.00018093186334887634	-0.05540684591025883	0.0	-0.05540684591025883
-0.2325	-0.05405625000000001	-0.0001805425073154906	-0.05423773191714627	0.0	-0.05423773191714627
-0.23	-0.0529	-0.00018014040647861598	-0.05308110583703024	0.0	-0.05308110583703024
-0.2275	-0.051756250000000004	-0.00017972500266126503	-0.05193696711496	0.0	-0.05193696711496
-0.225	-0.050625	-0.0001792957076918113	-0.05080531516398158	0.0	-0.05080531516398158
-0.2225	-0.04950625	-0.0001788519016247571	-0.049686149363062856	0.0	-0.049686149363062856
-0.22	-0.0484	-0.00017839293086828857	-0.04857946905489945	0.0	-0.04857946905489945
-0.2175	-0.04730625	-0.00017791810621826105	-0.04748527354358686	0.0	-0.04748527354358686
-0.215	-0.046224999999999995	-0.00017742670079934301	-0.04640356209216271	0.0	-0.04640356209216271
-0.2125	-0.045156249999999995	-0.0001769179479153583	-0.04533433392001939	0.0	-0.04533433392001939
-0.21	-0.04409999999999999	-0.00017639103881242718	-0.04427758820017677	0.0	-0.04427758820017677
-0.20750000000000002	-0.043056250000000004	-0.0001758451203603483	-0.04323332405643209	0.0	-0.04323332405643209
-0.20500000000000002	-0.04202500000000001	-0.0001752792926598084	-0.04220154056037539	0.0	-0.04220154056037539
-0.2025	-0.04100625000000001	-0.00017469260658548312	-0.041182236728285394	0.0	-0.041182236728285394
-0.2	-0.04000000000000001	-0.0001740840612779251	-0.04017541151790879	0.0	-0.04017541151790879
-0.1975	-0.039006250000000006	-0.00017345260160034551	-0.039181063825140534	0.0	-0.039181063825140534
-0.195	-0.038025	-0.00017279711558000334	-0.03819919248061028	0.0	-0.03819919248061028
-0.1925	-0.03705625	-0.00017211643185793468	-0.03722979624620596	0.0	-0.03722979624620596
-0.19	-0.0361	-0.00017140931717519398	-0.036272873811544204	0.0	-0.036272873811544204
-0.1875	-0.03515625	-0.00017067447392863595	-0.035328423790426826	0.0	-0.035328423790426826
-0.185	-0.034225	-0.00016991053783453822	-0.03439644471731018	0.0	-0.03439644471731018
-0.1825	-0.033306249999999996	-0.00016911607574402748	-0.03347693504382964	0.0	-0.03347693504382964
-0.18	-0.0324	-0.00016828958366029475	-0.032569893135421774	0.0	-0.032569893135421774
-0.1775	-0.03150625	-0.00016742948501392588	-0.03167531726810511	0.0	-0.03167531726810511
-0.17500000000000002	-0.030625000000000006	-0.00016653412925926367	-0.030793205625467113	0.0	-0.030793205625467113
-0.17250000000000001	-0.029756250000000005	-0.00016560179086148627	-0.029923556295938212	0.0	-0.029923556295938212
-0.17	-0.028900000000000006	-0.00016463066875092663	-0.029066367270422548	0.0	-0.029066367270422548
-0.1675	-0.028056250000000005	-0.000163618886327959	-0.028221636440371407	0.0	-0.028221636440371407
-0.165	-0.027225000000000003	-0.0001625644921083952	-0.027389361596395788	0.0	-0.027389361596395788
-0.1625	-0.026406250000000003	-0.00016146546110560952	-0.026569540427520754	0.0	-0.026569540427520754
-0.16	-0.0256	-0.00016031969705136213	-0.02576217052119189	0.0	-0.02576217052119189
-0.1575	-0.024806250000000002	-0.00015912503556231628	-0.024967249364156806	0.0	-0.024967249364156806
-0.155	-0.024025	-0.00015787924836331972	-0.024184774344353014	0.0	-0.024184774344353014
-0.1525	-0.02325625	-0.0001565800486814121	-0.023414742753934365	0.0	-0.023414742753934365
-0.15	-0.0225	-0.00015522509792596824	-0.022657151793586548	0.0	-0.022657151793586548
-0.1475	-0.021756249999999998	-0.0001538120137701359	-0.02191199857827639	0.0	-0.02191199857827639
-0.145	-0.021025	-0.0001523383797465022	-0.021179280144591466	0.0	-0.021179280144591466
-0.14250000000000002	-0.020306250000000005	-0.00015080175646546172	-0.020458993459827452	0.0	-0.020458993459827452
-0.14	-0.019600000000000003	-0.00014919969455779833	-0.01975113543297301	0.0	-0.01975113543297301
-0.1375	-0.018906250000000003	-0.00014752974943328648	-0.019055702927752174	0.0	-0.019055702927752174
-0.135	-0.018225	-0.0001457894979344457	-0.018372692777862132	0.0	-0.018372692777862132
-0.1325	-0.017556250000000002	-0.00014397655694874958	-0.01770210180454733	0.0	-0.01770210180454733
-0.13	-0.016900000000000002	-0.00014208860402345415	-0.017043926836628254	0.0	-0.017043926836628254
-0.1275	-0.01625625	-0.00014012340000466679	-0.01639816473308682	0.0	-0.01639816473308682
-0.125	-0.015625	-0.00013807881369629735	-0.01576481240829347	0.0	-0.01576481240829347
-0.1225	-0.015006249999999999	-0.0001359528485051436	-0.015143866859927088	0.0	-0.015143866859927088
-0.12	-0.0144	-0.00013374367100568873	-0.014535325199621267	0.0	-0.014535325199621267
-0.11750000000000001	-0.013806250000000003	-0.00013144964132242334	-0.013939184686332939	0.0	-0.013939184686332939
-0.115	-0.013225	-0.00012906934518895069	-0.013355442762409013	0.0	-0.013355442762409013
-0.1125	-0.01265625	-0.00012660162750218935	-0.012784097092297362	0.0	-0.012784097092297362
-0.11	-0.0121	-0.00012404562714714838	-0.01222514560382407	0.0	-0.01222514560382407
-0.1075	-0.011556249999999999	-0.00012140081282362499	-0.011678586531946143	0.0	-0.011678586531946143
-0.105	-0.011024999999999998	-0.00011866701956146303	-0.01114441846487219	0.0	-0.01114441846487219
-0.10250000000000001	-0.010506250000000002	-0.00011584448556651873	-0.010622640392433132	0.0	-0.010622640392433132
-0.1	-0.010000000000000002	-0.00011293388899608998	-0.010113251756576751	0.0	-0.010113251756576751
-0.0975	-0.00950625	-0.00010993638422124739	-0.009616252503854086	0.0	-0.009616252503854086
-0.095	-0.009025	-0.00010685363709527924	-0.00913164313975775	0.0	-0.00913164313975775
-0.0925	-0.00855625	-0.00010368785871339961	-0.008659424784789213	0.0	-0.008659424784789213
-0.09	-0.0081	-0.00010044183712005239	-0.00819959923219565	0.0	-0.00819959923219565
-0.08750000000000001	-0.007656250000000002	-9.71189663976648e-05	-0.0077521690074927015	0.0	-0.0077521690074927015
-0.085	-0.007225000000000001	-9.37232725556051e-05	-0.007317137430272162	0.0	-0.007317137430272162
-0.0825	-0.006806250000000001	-9.025943563138758e-05	-0.006894508679533643	0.0	-0.006894508679533643
-0.08	-0.0064	-8.67328074187334e-05	-0.00648428786504922	0.0	-0.00648428786504922
-0.0775	-0.00600625	-8.31494242497362e-05	-0.006086481109254221	0.0	-0.006086481109254221
-0.075	-0.005625	-7.951601428172052e-05	-0.005701095646993921	0.0	-0.005701095646993921
-0.0725	-0.00525625	-7.583999877388242e-05	-0.005328139954115739	0.0	-0.005328139954115739
-0.07	-0.004900000000000001	-7.212948688471083e-05	-0.004967623920069649	0.0	-0.004967623920069649
-0.0675	-0.00455625	-6.839326357853107e-05	-0.004619559083591078	0.0	-0.004619559083591078
-0.065	-0.0042250000000000005	-6.464077029806408e-05	-0.004283958952800233	0.0	-0.004283958952800233
-0.0625	-0.00390625	-6.0882078139168466e-05	-0.003960839429498918	0.0	-0.003960839429498918
-0.06	-0.0036	-5.712785335317753e-05	-0.003650219349127156	0.0	-0.003650219349127156
-0.0575	-0.00330625	-5.338931510043363e-05	-0.0033521211290774016	0.0	-0.0033521211290774016
-0.055	-0.003025	-4.967818548447036e-05	-0.0030665714847766456	0.0	-0.0030665714847766456
-0.0525	-0.0027562499999999996	-4.6006632008260416e-05	-0.0027936021213379545	0.0	-0.0027936021213379545
-0.05	-0.0025000000000000005	-4.238720271026558e-05	-0.002533250236432841	0.0	-0.002533250236432841
-0.0475	-0.00225625	-3.883275435672315e-05	-0.0022855585791494775	0.0	-0.0022855585791494775
-0.045	-0.002025	-3.5356374185545076e-05	-0.0020505747101539243	0.0	-0.0020505747101539243
-0.0425	-0.0018062500000000003	-3.197129581413208e-05	-0.00182834902639108	0.0	-0.00182834902639108
-0.04	-0.0016	-2.8690810035972866e-05	-0.0016189311015127501	0.0	-0.0016189311015127501
-0.0375	-0.00140625	-2.5528171336753843e-05	-0.001422364042469649	0.0	-0.001422364042469649
-0.035	-0.0012250000000000002	-2.2496501057509065e-05	-0.0012386770026254726	0.0	-0.0012386770026254726
-0.0325	-0.0010562500000000001	-1.9608688217852017e-05	-0.0010678768421328892	0.0	-0.0010678768421328892
-0.03	-0.0009	-1.6877289084459815e-05	-0.0009099411479522199	0.0	-0.0009099411479522199
-0.0275	-0.00075625	-1.4314426626819456e-05	-0.0007648159604175995	0.0	-0.0007648159604175995
-0.025	-0.0006250000000000001	-1.1931691042167463e-05	-0.0006324215609416563	0.0	-0.0006324215609416563
-0.0225	-0.00050625	-9.740042553217296e-06	-0.0005126673976888341	0.0	-0.0005126673976888341
-0.02	-0.0004	-7.74971768468212e-06	-0.0004054727723165816	0.0	-0.0004054727723165816
-0.0175	-0.00030625000000000004	-5.9701402071667305e-06	-0.0003107858158251086	0.0	-0.0003107858158251086
-0.015	-0.000225	-4.409837899506212e-06	-0.00022859312137265845	0.0	-0.00022859312137265845
-0.0125	-0.00015625000000000003	-3.076366223303713e-06	-0.00015891706580187554	0.0	-0.00015891706580187554
-0.01	-0.0001	-1.9762399269072223e-06	-0.00010180395353176436	0.0	-0.00010180395353176436
-0.0075	-5.625e-05	-1.114873501451702e-06	-5.7309280789653054e-05	0.0	-5.7309280789653054e-05
-0.005	-2.5e-05	-4.965313002980309e-07	-2.548539029971576e-05	0.0	-2.548539029971576e-05
-0.0025	-6.25e-06	-1.2428800721941968e-07	-6.373584659278492e-06	0.0	-6.373584659278492e-06
0.0025	6.25e-06	1.2428800721941968e-07	6.37358465928147e-06	0.0	6.37358465928147e-06
0.005	2.5e-05	4.965313002980309e-07	2.5485390299682213e-05	0.0	2.5485390299682213e-05
0.0075	5.625e-05	1.114873501451702e-06	5.730928078962081e-05	0.0	5.730928078962081e-05
0.01	0.0001	1.9762399269072223e-06	0.00010180395353174622	0.0	0.00010180395353174622
0.0125	0.00015625000000000003	3.076366223303713e-06	0.0001589170658018549	0.0	0.0001589170658018549
0.015	0.000225	4.409837899506212e-06	0.00022859312137268114	0.0	0.00022859312137268114
0.0175	0.00030625000000000004	5.9701402071667305e-06	0.00031078581582511016	0.0	0.00031078581582511016
0.02	0.0004	7.74971768468212e-06	0.000405472772316548	0.0	0.000405472772316548
0.0225	0.00050625	9.740042553217296e-06	0.000512667397688828	0.0	0.000512667397688828
0.025	0.0006250000000000001	1.1931691042167463e-05	0.000632421560941663	0.0	0.000632421560941663
0.0275	0.00075625	1.4314426626819456e-05	0.0007648159604176002	0.0	0.0007648159604176002
0.03	0.0009	1.6877289084459815e-05	0.0009099411479522155	0.0	0.0009099411479522155
0.0325	0.0010562500000000001	1.9608688217852017e-05	0.0010678768421328857	0.0	0.0010678768421328857
0.035	0.0012250000000000002	2.2496501057509065e-05	0.0012386770026254468	0.0	0.0012386770026254468
0.0375	0.00140625	2.5528171336753843e-05	0.001422364042469668	0.0	0.001422364042469668
0.04	0.0016	2.8690810035972866e-05	0.0016189311015127386	0.0	0.0016189311015127386
0.0425	0.0018062500000000003	3.197129581413208e-05	0.0018283490263910805	0.0	0.0018283490263910805
0.045	0.002025	3.5356374185545076e-05	0.0020505747101539433	0.0	0.0020505747101539433
0.0475	0.00225625	3.883275435672315e-05	0.0022855585791494745	0.0	0.0022855585791494745
0.05	0.0025000000000000005	4.238720271026558e-05	0.002533250236432818	0.0	0.002533250236432818
0.0525	0.0027562499999999996	4.6006632008260416e-05	0.0027936021213379424	0.0	0.0027936021213379424
0.055	0.003025	4.967818548447036e-05	0.0030665714847766465	0.0	0.0030665714847766465
0.0575	0.00330625	5.338931510043363e-05	0.0033521211290774215	0.0	0.0033521211290774215
0.06	0.0036	5.712785335317753e-05	0.003650219349127155	0.0	0.003650219349127155
0.0625	0.00390625	6.0882078139168466e-05	0.003960839429498874	0.0	0.003960839429498874
0.065	0.0042250000000000005	6.464077029806408e-05	0.004283958952800251	0.0	0.004283958952800251
0.0675	0.00455625	6.839326357853107e-05	0.004619559083591109	0.0	0.004619559083591109
0.07	0.004900000000000001	7.212948688471083e-05	0.004967623920069716	0.0	0.004967623920069716
0.0725	0.00525625	7.583999877388242e-05	0.0053281399541157655	0.0	0.0053281399541157655
0.075	0.005625	7.951601428172052e-05	0.005701095646993937	0.0	0.005701095646993937
0.0775	0.00600625	8.31494242497362e-05	0.006086481109254207	0.0	0.006086481109254207
0.08	0.0064	8.67328074187334e-05	0.00648428786504924	0.0	0.00648428786504924
0.0825	0.006806250000000001	9.025943563138758e-05	0.006894508679533656	0.0	0.006894508679533656
0.085	0.007225000000000001	9.37232725556051e-05	0.007317137430272155	0.0	0.007317137430272155
0.08750000000000001	0.007656250000000002	9.71189663976648e-05	0.007752169007492758	0.0	0.007752169007492758
0.09	0.0081	0.00010044183712005239	0.008199599232195605	0.0	0.008199599232195605
0.0925	0.00855625	0.00010368785871339961	0.008659424784789177	0.0	0.008659424784789177
0.095	0.009025	0.00010685363709527924	0.009131643139757843	0.0	0.009131643139757843
0.0975	0.00950625	0.00010993638422124739	0.009616252503854126	0.0	0.009616252503854126
0.1	0.010000000000000002	0.00011293388899608998	0.010113251756576668	0.0	0.010113251756576668
0.10250000000000001	0.010506250000000002	0.00011584448556651873	0.010622640392433104	0.0	0.010622640392433104
0.105	0.011024999999999998	0.00011866701956146303	0.011144418464872255	0.0	0.011144418464872255
0.1075	0.011556249999999999	0.00012140081282362499	0.011678586531946068	0.0	0.011678586531946068
0.11	0.0121	0.00012404562714714838	0.012225145603824063	0.0	0.012225145603824063
0.1125	0.01265625	0.00012660162750218935	0.012784097092297381	0.0	0.012784097092297381
0.115	0.013225	0.00012906934518895069	0.013355442762409096	0.0	0.013355442762409096
0.11750000000000001	0.013806250000000003	0.00013144964132242334	0.013939184686332805	0.0	0.013939184686332805
0.12	0.0144	0.00013374367100568873	0.014535325199621222	0.0	0.014535325199621222
0.1225	0.015006249999999999	0.0001359528485051436	0.015143866859927111	0.0	0.015143866859927111
0.125	0.015625	0.00013807881369629735	0.015764812408293364	0.0	0.015764812408293364
0.1275	0.01625625	0.00014012340000466679	0.016398164733086775	0.0	0.016398164733086775
0.13	0.016900000000000002	0.00014208860402345415	0.017043926836628212	0.0	0.017043926836628212
0.1325	0.017556250000000002	0.00014397655694874958	0.01770210180454734	0.0	0.01770210180454734
0.135	0.018225	0.0001457894979344457	0.018372692777862083	0.0	0.018372692777862083
0.1375	0.018906250000000003	0.00014752974943328648	0.01905570292775225	0.0	0.01905570292775225
0.14	0.019600000000000003	0.00014919969455779833	0.019751135432973136	0.0	0.019751135432973136
0.14250000000000002	0.020306250000000005	0.00015080175646546172	0.020458993459827362	0.0	0.020458993459827362
0.145	0.021025	0.0001523383797465022	0.021179280144591524	0.0	0.021179280144591524
0.1475	0.021756249999999998	0.0001538120137701359	0.021911998578276456	0.0	0.021911998578276456
0.15	0.0225	0.00015522509792596824	0.022657151793586423	0.0	0.022657151793586423
0.1525	0.02325625	0.0001565800486814121	0.02341474275393442	0.0	0.02341474275393442
0.155	0.024025	0.00015787924836331972	0.024184774344352806	0.0	0.024184774344352806
0.1575	0.024806250000000002	0.00015912503556231628	0.024967249364156768	0.0	0.024967249364156768
0.16	0.0256	0.00016031969705136213	0.025762170521191778	0.0	0.025762170521191778
0.1625	0.026406250000000003	0.00016146546110560952	0.0265695404275207	0.0	0.0265695404275207
0.165	0.027225000000000003	0.0001625644921083952	0.02738936159639569	0.0	0.02738936159639569
0.1675	0.028056250000000005	0.000163618886327959	0.02822163644037138	0.0	0.02822163644037138
0.17	0.028900000000000006	0.00016463066875092663	0.02906636727042277	0.0	0.02906636727042277
0.17250000000000001	0.029756250000000005	0.00016560179086148627	0.029923556295938444	0.0	0.029923556295938444
0.17500000000000002	0.030625000000000006	0.00016653412925926367	0.030793205625467193	0.0	0.030793205625467193
0.1775	0.03150625	0.00016742948501392588	0.03167531726810559	0.0	0.03167531726810559
0.18	0.0324	0.00016828958366029475	0.03256989313542216	0.0	0.03256989313542216
0.1825	0.033306249999999996	0.00016911607574402748	0.0334769350438294	0.0	0.0334769350438294
0.185	0.034225	0.00016991053783453822	0.034396444717310126	0.0	0.034396444717310126
0.1875	0.03515625	0.00017067447392863595	0.035328423790426784	0.0	0.035328423790426784
0.19	0.0361	0.00017140931717519398	0.03627287381154427	0.0	0.03627287381154427
0.1925	0.03705625	0.00017211643185793468	0.037229796246206065	0.0	0.037229796246206065
0.195	0.038025	0.00017279711558000334	0.038199192480610523	0.0	0.038199192480610523
0.1975	0.039006250000000006	0.00017345260160034551	0.03918106382514056	0.0	0.03918106382514056
0.2	0.04000000000000001	0.0001740840612779251	0.0401754115179087	0.0	0.0401754115179087
0.2025	0.04100625000000001	0.00017469260658548312	0.04118223672828554	0.0	0.04118223672828554
0.20500000000000002	0.04202500000000001	0.0001752792926598084	0.042201540560375436	0.0	0.042201540560375436
0.20750000000000002	0.043056250000000004	0.0001758451203603483	0.043233324056431884	0.0	0.043233324056431884
0.21	0.04409999999999999	0.00017639103881242718	0.04427758820017657	0.0	0.04427758820017657
0.2125	0.045156249999999995	0.0001769179479153583	0.04533433392001924	0.0	0.04533433392001924
0.215	0.046224999999999995	0.00017742670079934301	0.046403562092162925	0.0	0.046403562092162925
0.2175	0.04730625	0.00017791810621826105	0.047485273543586955	0.0	0.047485273543586955
0.22	0.0484	0.00017839293086828857	0.04857946905489972	0.0	0.04857946905489972
0.2225	0.04950625	0.0001788519016247571	0.04968614936306258	0.0	0.04968614936306258
0.225	0.050625	0.0001792957076918113	0.05080531516398132	0.0	0.05080531516398132
0.2275	0.051756250000000004	0.00017972500266126503	0.05193696711496002	0.0	0.05193696711496002
0.23	0.0529	0.00018014040647861598	0.05308110583703017	0.0	0.05308110583703017
0.2325	0.05405625000000001	0.0001805425073154906	0.05423773191714658	0.0	0.05423773191714658
0.23500000000000001	0.05522500000000001	0.00018093186334887634	0.055406845910259066	0.0	0.055406845910259066
0.23750000000000002	0.056406250000000005	0.00018130900444838293	0.05658844834126398	0.0	0.05658844834126398
0.24	0.0576	0.00018167443377348433	0.057782539706837895	0.0	0.057782539706837895
0.2425	0.05880625	0.0001820286292832481	0.05898912047715956	0.0	0.05898912047715956
0.245	0.060024999999999995	0.00018237204516148166	0.06020819109752478	0.0	0.06020819109752478
0.2475	0.06125625	0.0001827051131605346	0.06143975198986296	0.0	0.06143975198986296
0.25	0.0625	0.00018302824386720698	0.06268380355415233	0.0	0.06268380355415233
0.2525	0.06375625	0.0001833418278943473	0.06394034616974899	0.0	0.06394034616974899
0.255	0.065025	0.00018364623700178567	0.06520938019662757	0.0	0.06520938019662757
0.2575	0.06630625	0.00018394182515025863	0.06649090597654488	0.0	0.06649090597654488
0.26	0.06760000000000001	0.00018422892949194677	0.06778492383412368	0.0	0.06778492383412368
0.2625	0.06890625	0.00018450787130117464	0.06909143407786592	0.0	0.06909143407786592
0.265	0.07022500000000001	0.0001847789568487276	0.0704104370011076	0.0	0.0704104370011076
0.2675	0.07155625	0.00018504247822312024	0.07174193288289986	0.0	0.07174193288289986
0.27	0.0729	0.00018529871410201951	0.07308592198883952	0.0	0.07308592198883952
0.2725	0.07425625000000001	0.00018554793047688412	0.07444240457184503	0.0	0.07444240457184503
0.275	0.07562500000000001	0.00018579038133373124	0.07581138087287773	0.0	0.07581138087287773
0.2775	0.07700625000000001	0.00018602630929279293	0.07719285112162767	0.0	0.07719285112162767
0.28	0.07840000000000001	0.0001862559462096708	0.07858681553713588	0.0	0.07858681553713588
0.28250000000000003	0.07980625000000002	0.00018647951374044981	0.07999327432840077	0.0	0.07999327432840077
0.28500000000000003	0.08122500000000002	0.0001866972238730838	0.08141222769491983	0.0	0.08141222769491983
0.28750000000000003	0.08265625000000001	0.00018690927942722544	0.08284367582722144	0.0	0.08284367582722144
0.29	0.0841	0.00018711587452453538	0.08428761890734585	0.0	0.08428761890734585
0.2925	0.08555624999999999	0.0001873171950313756	0.08574405710930558	0.0	0.08574405710930558
0.295	0.08702499999999999	0.00018751341897566768	0.08721299059951008	0.0	0.08721299059951008
0.2975	0.08850625	0.00018770471693957972	0.08869441953717017	0.0	0.08869441953717017
0.3	0.09	0.00018789125242959357	0.09018834407467373	0.0	0.09018834407467373
0.3025	0.09150625	0.00018807318222540127	0.0916947643579418	0.0	0.0916947643579418
0.305	0.093025	0.00018825065670898021	0.09321368052676011	0.0	0.09321368052676011
0.3075	0.09455625	0.00018842382017510612	0.09474509271509188	0.0	0.09474509271509188
0.31	0.0961	0.0001885928111244764	0.096289001051371	0.0	0.096289001051371
0.3125	0.09765625	0.00018875776254053737	0.09784540565878215	0.0	0.09784540565878215
0.315	0.09922500000000001	0.0001889188021510336	0.09941430665551784	0.0	0.09941430665551784
0.3175	0.10080625	0.00018907605267522908	0.10099570415502732	0.0	0.10099570415502732
0.32	0.1024	0.00018922963205768485	0.1025895982662425	0.0	0.1025895982662425
0.3225	0.10400625000000001	0.00018937965368941815	0.10419598909380015	0.0	0.10419598909380015
0.325	0.10562500000000001	0.00018952622661721263	0.10581487673824941	0.0	0.10581487673824941
0.3275	0.10725625000000001	0.00018966945574179695	0.10744626129624164	0.0	0.10744626129624164
0.33	0.10890000000000001	0.0001898094420055616	0.10909014286071662	0.0	0.10909014286071662
0.3325	0.11055625000000001	0.00018994628257043908	0.11074652152107368	0.0	0.11074652152107368
0.335	0.11222500000000002	0.00019008007098653072	0.11241539736333536	0.0	0.11241539736333536
0.3375	0.11390625000000001	0.00019021089735202584	0.11409677047030584	0.0	0.11409677047030584
0.34	0.11560000000000002	0.00019033884846492272	0.11579064092171461	0.0	0.11579064092171461
0.3425	0.11730625000000001	0.00019046400796702707	0.11749700879435056	0.0	0.11749700879435056
0.34500000000000003	0.11902500000000002	0.00019058645648067503	0.1192158741622051	0.0	0.1192158741622051
0.34750000000000003	0.12075625000000002	0.00019070627173859564	0.12094723709658371	0.0	0.12094723709658371
0.35000000000000003	0.12250000000000003	0.00019082352870730535	0.12269109766623423	0.0	0.12269109766623423
0.3525	0.12425624999999998	0.00019093829970439784	0.12444745593744796	0.0	0.12444745593744796
0.355	0.126025	0.00019105065451007378	0.12621631197417693	0.0	0.12621631197417693
0.3575	0.12780624999999998	0.00019116066047322974	0.12799766583812702	0.0	0.12799766583812702
0.36	0.1296	0.00019126838261240899	0.12979151758885604	0.0	0.12979151758885604
0.3625	0.13140625	0.00019137388371189503	0.1315978672838636	0.0	0.1315978672838636
0.365	0.13322499999999998	0.00019147722441321458	0.13341671497867794	0.0	0.13341671497867794
0.3675	0.13505625	0.00019157846330229803	0.13524806072693807	0.0	0.13524806072693807
0.37	0.1369	0.00019167765699253122	0.13709190458047385	0.0	0.13709190458047385
0.3725	0.13875625	0.00019177486020391902	0.13894824658937113	0.0	0.13894824658937113
0.375	0.140625	0.00019187012583856702	0.14081708680205618	0.0	0.14081708680205618
0.3775	0.14250625	0.00019196350505267545	0.14269842526535184	0.0	0.14269842526535184
0.38	0.1444	0.00019205504732522886	0.14459226202454536	0.0	0.14459226202454536
0.3825	0.14630625	0.00019214480052355326	0.14649859712345184	0.0	0.14649859712345184
0.385	0.148225	0.00019223281096590332	0.14841743060446835	0.0	0.14841743060446835
0.3875	0.15015625000000002	0.0001923191234812321	0.15034876250862964	0.0	0.15034876250862964
0.39	0.1521	0.0001924037814662874	0.15229259287566357	0.0	0.15229259287566357
0.3925	0.15405625	0.00019248682694017087	0.15424892174404256	0.0	0.15424892174404256
0.395	0.15602500000000002	0.00019256830059648708	0.15621774915102665	0.0	0.15621774915102665
0.3975	0.15800625000000001	0.00019264824185320458	0.15819907513271494	0.0	0.15819907513271494
0.4	0.16000000000000003	0.0001927266889003421	0.16019289972408127	0.0	0.16019289972408127
0.4025	0.16200625000000002	0.00019280367874558775	0.16219922295903041	0.0	0.16219922295903041
0.405	0.16402500000000003	0.0001928792472579535	0.1642180448704234	0.0	0.1642180448704234
0.40750000000000003	0.16605625000000002	0.00019295342920956055	0.1662493654901263	0.0	0.1662493654901263
0.41000000000000003	0.16810000000000003	0.00019302625831564644	0.16829318484904116	0.0	0.16829318484904116
0.41250000000000003	0.17015625000000004	0.00019309776727288036	0.1703495029771392	0.0	0.1703495029771392
0.41500000000000004	0.17222500000000002	0.00019316798779606763	0.17241831990350437	0.0	0.17241831990350437
0.4175	0.17430625	0.00019323695065331998	0.1744996356563541	0.0	0.1744996356563541
0.42	0.17639999999999997	0.00019330468569976516	0.17659345026308204	0.0	0.17659345026308204
0.4225	0.17850624999999998	0.00019337122190986425	0.1786997637502716	0.0	0.1786997637502716
0.425	0.18062499999999998	0.0001934365874084022	0.1808185761437412	0.0	0.1808185761437412
0.4275	0.18275624999999998	0.00019350080950021354	0.18294988746855945	0.0	0.18294988746855945
0.43	0.18489999999999998	0.0001935639146987018	0.18509369774907633	0.0	0.18509369774907633
0.4325	0.18705625	0.0001936259287532084	0.18725000700894498	0.0	0.18725000700894498
0.435	0.189225	0.00019368687667528352	0.18941881527115167	0.0	0.18941881527115167
0.4375	0.19140625	0.0001937467827639093	0.19160012255803352	0.0	0.19160012255803352
0.44	0.1936	0.00019380567062972275	0.1937939288913004	0.0	0.1937939288913004
0.4425	0.19580625000000002	0.00019386356321828308	0.19600023429205637	0.0	0.19600023429205637
0.445	0.198025	0.00019392048283242708	0.19821903878082364	0.0	0.19821903878082364
0.4475	0.20025625	0.0001939764511537523	0.20045034237756268	0.0	0.20045034237756268
0.45	0.2025	0.00019403148926326746	0.20269414510167547	0.0	0.20269414510167547
0.4525	0.20475625	0.0001940856176612461	0.20495044697205209	0.0	0.20495044697205209
0.455	0.20702500000000001	0.000194138856286319	0.20721924800705782	0.0	0.20721924800705782
0.4575	0.20930625000000003	0.00019419122453383822	0.20950054822457315	0.0	0.20950054822457315
0.46	0.2116	0.00019424274127354427	0.21179434764199467	0.0	0.21179434764199467
0.4625	0.21390625000000002	0.0001942934248665669	0.21410064627625944	0.0	0.21410064627625944
0.465	0.21622500000000003	0.00019434329318178745	0.21641944414385433	0.0	0.21641944414385433
0.4675	0.21855625000000004	0.00019439236361159067	0.21875074126083532	0.0	0.21875074126083532
0.47000000000000003	0.22090000000000004	0.0001944406530870315	0.22109453764283274	0.0	0.22109453764283274
0.47250000000000003	0.22325625000000002	0.0001944881780924413	0.2234508333050754	0.0	0.2234508333050754
0.47500000000000003	0.22562500000000002	0.0001945349546794981	0.2258196282623985	0.0	0.2258196282623985
0.47750000000000004	0.22800625000000002	0.0001945809984807817	0.2282009225292534	0.0	0.2282009225292534
0.48	0.2304	0.00019462632472283642	0.23059471611971746	0.0	0.23059471611971746
0.4825	0.23280625	0.0001946709482387612	0.23300100904751853	0.0	0.23300100904751853
0.485	0.235225	0.0001947148834803465	0.23541980132602988	0.0	0.23541980132602988
0.4875	0.23765624999999999	0.00019475814452977658	0.23785109296828902	0.0	0.23785109296828902
0.49	0.24009999999999998	0.0001948007451109152	0.24029488398700685	0.0	0.24029488398700685
0.4925	0.24255625	0.000194842698600191	0.24275117439457994	0.0	0.24275117439457994
0.495	0.245025	0.00019488401803709917	0.24521996420309256	0.0	0.24521996420309256
0.4975	0.24750625	0.00019492471613433471	0.24770125342433463	0.0	0.24770125342433463
0.5	0.25	0.00019496480528757179	0.250195042069808	0.0	0.250195042069808
0.5025000000000001	0.25250625000000004	0.00019500429758490345	0.25270133015072854	0.0	0.25270133015072854
0.505	0.255025	0.00019504320481595496	0.2552201176780407	0.0	0.2552201176780407
0.5075000000000001	0.25755625000000004	0.0001950815384806838	0.25775140466242213	0.0	0.25775140466242213
0.51	0.2601	0.00019511930979787821	0.2602951911143036	0.0	0.2602951911143036
0.5125	0.26265625	0.0001951565297133666	0.26285147704385275	0.0	0.26285147704385275
0.515	0.265225	0.00019519320890794826	0.265420262461009	0.0	0.265420262461009
0.5175	0.26780624999999997	0.0001952293578050569	0.26800154737546583	0.0	0.26800154737546583
0.52	0.27040000000000003	0.00019526498657816672	0.2705953317966867	0.0	0.2705953317966867
0.5225	0.27300624999999995	0.00019530010515795093	0.2732016157339187	0.0	0.2732016157339187
0.525	0.275625	0.0001953347232392026	0.27582039919619206	0.0	0.27582039919619206
0.5275	0.27825625	0.000195368850287526	0.27845168219232624	0.0	0.27845168219232624
0.53	0.28090000000000004	0.00019540249554580777	0.28109546473093416	0.0	0.28109546473093416
0.5325	0.28355624999999995	0.00019543566804047595	0.2837517468204325	0.0	0.2837517468204325
0.535	0.286225	0.00019546837658755464	0.28642052846904675	0.0	0.28642052846904675
0.5375	0.28890625	0.00019550062979852204	0.2891018096848068	0.0	0.2891018096848068
0.54	0.2916	0.0001955324360859791	0.2917955904755702	0.0	0.2917955904755702
0.5425	0.29430625	0.00019556380366913566	0.2945018708490182	0.0	0.2945018708490182
0.545	0.29702500000000004	0.000195594740579121	0.29722065081264465	0.0	0.29722065081264465
0.5475	0.29975625	0.0001956252546641249	0.2999519303737874	0.0	0.2999519303737874
0.55	0.30250000000000005	0.00019565535359437547	0.3026957095396204	0.0	0.3026957095396204
0.5525	0.30525625	0.00019568504486695972	0.305451988317152	0.0	0.305451988317152
0.555	0.30802500000000005	0.00019571433581049258	0.3082207667132363	0.0	0.3082207667132363
0.5575	0.31080625	0.0001957432335896395	0.3110020447345879	0.0	0.3110020447345879
0.56	0.31360000000000005	0.00019577174520949816	0.3137958223877614	0.0	0.3137958223877614
0.5625	0.31640625	0.00019579987751984406	0.31660209967917213	0.0	0.31660209967917213
0.5650000000000001	0.3192250000000001	0.0001958276372192451	0.31942087661510016	0.0	0.31942087661510016
0.5675	0.32205625	0.00019585503085904924	0.32225215320168105	0.0	0.32225215320168105
0.5700000000000001	0.3249000000000001	0.00019588206484725038	0.32509592944493243	0.0	0.32509592944493243
0.5725	0.32775625	0.000195908745452236	0.32795220535072633	0.0	0.32795220535072633
0.5750000000000001	0.33062500000000006	0.00019593507880642124	0.3308209809248209	0.0	0.3308209809248209
0.5775	0.33350625	0.00019596107090977285	0.33370225617285165	0.0	0.33370225617285165
0.58	0.3364	0.00019598672763322723	0.3365960311003259	0.0	0.3365960311003259
0.5825	0.33930625000000003	0.00019601205472200605	0.3395023057126496	0.0	0.3395023057126496
0.585	0.34222499999999995	0.00019603705779883265	0.3424210800151021	0.0	0.3424210800151021
0.5875	0.34515625000000005	0.00019606174236705304	0.3453523540128534	0.0	0.3453523540128534
0.59	0.34809999999999997	0.00019608611381366449	0.34829612771097807	0.0	0.34829612771097807
0.5925	0.35105625	0.00019611017741225483	0.35125240111443207	0.0	0.35125240111443207
0.595	0.354025	0.0001961339383258554	0.354221174228076	0.0	0.354221174228076
0.5975	0.35700625	0.0001961574016097109	0.3572024470566676	0.0	0.3572024470566676
0.6	0.36	0.00019618057221396822	0.36019621960487525	0.0	0.36019621960487525
0.6025	0.36300625000000003	0.00019620345498628762	0.3632024918772557	0.0	0.3632024918772557
0.605	0.366025	0.0001962260546743785	0.3662212638782899	0.0	0.3662212638782899
0.6075	0.36905625000000003	0.00019624837592846218	0.3692525356123651	0.0	0.3692525356123651
0.61	0.3721	0.00019627042330366427	0.37229630708377	0.0	0.37229630708377
0.6125	0.3751562500000001	0.00019629220126233865	0.37535257829672025	0.0	0.37535257829672025
0.615	0.378225	0.0001963137141763257	0.3784213492553357	0.0	0.3784213492553357
0.6175	0.38130625000000007	0.00019633496632914666	0.38150261996366547	0.0	0.38150261996366547
0.62	0.3844	0.0001963559619181357	0.38459639042567106	0.0	0.38459639042567106
0.6225	0.38750625000000005	0.00019637670505651293	0.3877026606452384	0.0	0.3877026606452384
0.625	0.390625	0.00019639719977539884	0.3908214306261738	0.0	0.3908214306261738
0.6275000000000001	0.3937562500000001	0.00019641745002577305	0.393952700372219	0.0	0.393952700372219
0.63	0.39690000000000003	0.0001964374596803785	0.3970964698870353	0.0	0.3970964698870353
0.6325000000000001	0.40005625000000006	0.00019645723253557335	0.400252739174208	0.0	0.400252739174208
0.635	0.403225	0.0001964767723131317	0.4034215082372608	0.0	0.4034215082372608
0.6375000000000001	0.4064062500000001	0.00019649608266199495	0.4066027770796477	0.0	0.4066027770796477
0.64	0.4096	0.00019651516715997575	0.4097965457047581	0.0	0.4097965457047581
0.6425	0.41280624999999993	0.00019653402931541506	0.4130028141159135	0.0	0.4130028141159135
0.645	0.41602500000000003	0.00019655267256879478	0.4162215823163729	0.0	0.4162215823163729
0.6475	0.41925624999999994	0.00019657110029430678	0.4194528503093304	0.0	0.4194528503093304
0.65	0.42250000000000004	0.0001965893158013796	0.4226966180979348	0.0	0.4226966180979348
0.6525	0.42575624999999995	0.00019660732233616444	0.4259528856852539	0.0	0.4259528856852539
0.655	0.42902500000000005	0.00019662512308298152	0.42922165307430643	0.0	0.42922165307430643
0.6575	0.43230624999999995	0.000196642721165728	0.43250292026806686	0.0	0.43250292026806686
0.66	0.43560000000000004	0.00019666011964924855	0.4357966872694385	0.0	0.4357966872694385
0.6625	0.43890625	0.00019667732154066988	0.43910295408127764	0.0	0.43910295408127764
0.665	0.44222500000000003	0.00019669432979070025	0.4424217207063818	0.0	0.4424217207063818
0.6675	0.44555625	0.0001967111472948949	0.4457529871475093	0.0	0.4457529871475093
0.67	0.4489000000000001	0.00019672777689488846	0.44909675340735394	0.0	0.44909675340735394
0.6725	0.45225624999999997	0.0001967442213795954	0.4524530194885673	0.0	0.4524530194885673
0.675	0.45562500000000006	0.00019676048348637952	0.45582178539375995	0.0	0.45582178539375995
0.6775	0.45900625	0.00019677656590219307	0.4592030511254756	0.0	0.4592030511254756
0.68	0.4624000000000001	0.00019679247126468675	0.4625968166862301	0.0	0.4625968166862301
0.6825	0.46580625	0.00019680820216329132	0.4660030820784894	0.0	0.4660030820784894
0.685	0.46922500000000006	0.0001968237611402715	0.46942184730466885	0.0	0.46942184730466885
0.6875	0.47265625	0.0001968391506917532	0.4728531123671539	0.0	0.4728531123671539
0.6900000000000001	0.4761000000000001	0.00019685437326872476	0.4762968772682675	0.0	0.4762968772682675
0.6925	0.47955625	0.00019686943127801288	0.47975314201030805	0.0	0.47975314201030805
0.6950000000000001	0.4830250000000001	0.00019688432708323396	0.4832219065955286	0.0	0.4832219065955286
0.6975	0.48650625000000003	0.00019689906300572173	0.48670317102613964	0.0	0.48670317102613964
0.7000000000000001	0.4900000000000001	0.00019691364132543173	0.490196935304319	0.0	0.490196935304319
0.7025	0.49350625000000004	0.00019692806428182316	0.49370319943219676	0.0	0.49370319943219676
0.705	0.49702499999999994	0.0001969423340747191	0.49722196341187913	0.0	0.49722196341187913
0.7075	0.50055625	0.00019695645286514518	0.5007532272454192	0.0	0.5007532272454192
0.71	0.5041	0.000196970422776148	0.5042969909348479	0.0	0.5042969909348479
0.7125	0.50765625	0.00019698424589359315	0.5078532544821553	0.0	0.5078532544821553
0.715	0.5112249999999999	0.0001969979242669439	0.5114220178893037	0.0	0.5114220178893037
0.7175	0.51480625	0.00019701145991002093	0.5150032811582098	0.0	0.5150032811582098
0.72	0.5184	0.0001970248548017435	0.5185970442907718	0.0	0.5185970442907718
0.7225	0.52200625	0.00019703811088685292	0.5222033072888383	0.0	0.5222033072888383
0.725	0.525625	0.00019705123007661833	0.5258220701542471	0.0	0.5258220701542471
0.7275	0.5292562500000001	0.00019706421424952575	0.5294533328887866	0.0	0.5294533328887866
0.73	0.5328999999999999	0.00019707706525195053	0.5330970954942207	0.0	0.5330970954942207
0.7325	0.5365562500000001	0.0001970897848988137	0.5367533579722944	0.0	0.5367533579722944
0.735	0.540225	0.00019710237497422297	0.5404221203247075	0.0	0.5404221203247075
0.7375	0.54390625	0.00019711483723209818	0.544103382553151	0.0	0.544103382553151
0.74	0.5476	0.00019712717339678235	0.5477971446592592	0.0	0.5477971446592592
0.7425	0.5513062500000001	0.00019713938516363806	0.5515034066446616	0.0	0.5515034066446616
0.745	0.555025	0.00019715147419963004	0.5552221685109638	0.0	0.5552221685109638
0.7475	0.5587562500000001	0.00019716344214389407	0.5589534302597204	0.0	0.5589534302597204
0.75	0.5625	0.00019717529060829257	0.5626971918924937	0.0	0.5626971918924937
0.7525000000000001	0.5662562500000001	0.00019718702117795737	0.5664534534107878	0.0	0.5664534534107878
0.755	0.570025	0.00019719863541182002	0.5702222148160976	0.0	0.5702222148160976
0.7575000000000001	0.5738062500000001	0.00019721013484312952	0.5740034761099063	0.0	0.5740034761099063
0.76	0.5776	0.00019722152097995858	0.5777972372936502	0.0	0.5777972372936502
0.7625000000000001	0.5814062500000001	0.00019723279530569802	0.581603498368755	0.0	0.581603498368755
0.765	0.585225	0.00019724395927953986	0.5854222593366181	0.0	0.5854222593366181
0.7675000000000001	0.5890562500000001	0.00019725501433694956	0.5892535201986251	0.0	0.5892535201986251
0.77	0.5929	0.0001972659618901275	0.5930972809561202	0.0	0.5930972809561202
0.7725	0.59675625	0.00019727680332845988	0.5969535416104441	0.0	0.5969535416104441
0.775	0.6006250000000001	0.00019728754001895974	0.6008223021629152	0.0	0.6008223021629152
0.7775	0.6045062499999999	0.00019729817330669776	0.6047035626148177	0.0	0.6047035626148177
0.78	0.6084	0.00019730870451522363	0.608597322967424	0.0	0.608597322967424
0.7825	0.6123062499999999	0.00019731913494697785	0.6125035832219883	0.0	0.6125035832219883
0.785	0.616225	0.00019732946588369452	0.6164223433797381	0.0	0.6164223433797381
0.7875	0.62015625	0.00019733969858679514	0.6203536034418928	0.0	0.6203536034418928
0.79	0.6241000000000001	0.0001973498342977736	0.6242973634096424	0.0	0.6242973634096424
0.7925	0.62805625	0.00019735987423857282	0.6282536232841656	0.0	0.6282536232841656
0.795	0.6320250000000001	0.000197369819611953	0.6322223830666114	0.0	0.6322223830666114
0.7975	0.63600625	0.00019737967160185195	0.6362036427581235	0.0	0.6362036427581235
0.8	0.6400000000000001	0.00019738943137373737	0.6401974023598289	0.0	0.6401974023598289
0.8025	0.64400625	0.00019739910007495162	0.6442036618728285	0.0	0.6442036618728285
0.805	0.6480250000000001	0.0001974086788350488	0.6482224212982044	0.0	0.6482224212982044
0.8075	0.65205625	0.00019741816876612487	0.652253680637038	0.0	0.652253680637038
0.81	0.6561000000000001	0.00019742757096314026	0.6562974398903667	0.0	0.6562974398903667
0.8125	0.66015625	0.00019743688650423585	0.6603536990592497	0.0	0.6603536990592497
0.8150000000000001	0.6642250000000001	0.000197446116451042	0.664422458144698	0.0	0.664422458144698
0.8175	0.66830625	0.0001974552618489811	0.6685037171477249	0.0	0.6685037171477249
0.8200000000000001	0.6724000000000001	0.00019746432372756348	0.6725974760693171	0.0	0.6725974760693171
0.8225	0.67650625	0.00019747330310067727	0.676703734910454	0.0	0.676703734910454
0.8250000000000001	0.6806250000000001	0.00019748220096687196	0.6808224936720991	0.0	0.6808224936720991
0.8275	0.6847562500000001	0.00019749101830963606	0.684953752355204	0.0	0.684953752355204
0.8300000000000001	0.6889000000000001	0.00019749975609766878	0.6890975109606978	0.0	0.6890975109606978
0.8325	0.69305625	0.00019750841528514624	0.6932537694895096	0.0	0.6932537694895096
0.835	0.697225	0.00019751699681198187	0.6974225279425341	0.0	0.6974225279425341
0.8375	0.70140625	0.0001975255016040815	0.7016037863206752	0.0	0.7016037863206752
0.84	0.7055999999999999	0.00019753393057359318	0.7057975446248008	0.0	0.7057975446248008
0.8425	0.7098062500000001	0.00019754228461915164	0.7100038028557911	0.0	0.7100038028557911
0.845	0.7140249999999999	0.00019755056462611795	0.7142225610145027	0.0	0.7142225610145027
0.8475	0.71825625	0.000197558771466814	0.7184538191017696	0.0	0.7184538191017696
0.85	0.7224999999999999	0.00019756690600075243	0.7226975771184221	0.0	0.7226975771184221
0.8525	0.7267562500000001	0.00019757496907486137	0.7269538350652921	0.0	0.7269538350652921
0.855	0.7310249999999999	0.00019758296152370527	0.73122259294317	0.0	0.73122259294317
0.8575	0.73530625	0.00019759088416970052	0.7355038507528542	0.0	0.7355038507528542
0.86	0.7395999999999999	0.00019759873782332734	0.739797608495131	0.0	0.739797608495131
0.8625	0.7439062500000001	0.00019760652328333677	0.7441038661707735	0.0	0.7441038661707735
0.865	0.748225	0.00019761424133695398	0.7484226237805444	0.0	0.7484226237805444
0.8675	0.75255625	0.0001976218927600772	0.7527538813251871	0.0	0.7527538813251871
0.87	0.7569	0.00019762947831747276	0.7570976388054472	0.0	0.7570976388054472
0.8725	0.7612562500000001	0.0001976369987629661	0.7614538962220585	0.0	0.7614538962220585
0.875	0.765625	0.0001976444548396292	0.7658226535757268	0.0	0.7658226535757268
0.8775000000000001	0.7700062500000001	0.00019765184727996404	0.7702039108671811	0.0	0.7702039108671811
0.88	0.7744	0.00019765917680608256	0.7745976680971065	0.0	0.7745976680971065
0.8825000000000001	0.7788062500000001	0.00019766644412988298	0.7790039252662055	0.0	0.7790039252662055
0.885	0.7832250000000001	0.00019767364995322266	0.7834226823751482	0.0	0.7834226823751482
0.8875000000000001	0.7876562500000002	0.0001976807949680876	0.7878539394246282	0.0	0.7878539394246282
0.89	0.7921	0.00019768787985675865	0.7922976964153111	0.0	0.7922976964153111
0.8925000000000001	0.7965562500000001	0.00019769490529197416	0.7967539533478476	0.0	0.7967539533478476
0.895	0.801025	0.00019770187193708996	0.8012227102229121	0.0	0.8012227102229121
0.8975	0.80550625	0.00019770878044623574	0.8057039670411866	0.0	0.8057039670411866
0.9	0.81	0.00019771563146446874	0.8101977238033264	0.0	0.8101977238033264
0.9025	0.81450625	0.00019772242562792426	0.8147039805100245	0.0	0.8147039805100245
0.905	0.819025	0.0001977291635639634	0.8192227371619991	0.0	0.8192227371619991
0.9075	0.82355625	0.00019773584589131776	0.8237539937599981	0.0	0.8237539937599981
0.91	0.8281000000000001	0.00019774247322023163	0.8282977503048216	0.0	0.8282977503048216
0.9125	0.83265625	0.00019774904615260124	0.832854006797359	0.0	0.832854006797359
0.915	0.8372250000000001	0.00019775556528211144	0.8374227632386055	0.0	0.8374227632386055
0.9175	0.84180625	0.00019776203119436977	0.8420040196297143	0.0	0.8420040196297143
0.92	0.8464	0.00019776844446703796	0.8465977759720285	0.0	0.8465977759720285
0.9225	0.85100625	0.00019777480566996096	0.8512040322671868	0.0	0.8512040322671868
0.925	0.8556250000000001	0.0001977811153652936	0.8558227885171728	0.0	0.8558227885171728
0.9275	0.86025625	0.00019778737410762462	0.8604540447244341	0.0	0.8604540447244341
0.93	0.8649000000000001	0.00019779358244409874	0.86509780089202	0.0	0.86509780089202
0.9325	0.86955625	0.00019779974091453604	0.8697540570237231	0.0	0.8697540570237231
0.935	0.8742250000000001	0.00019780585005154956	0.874422813124266	0.0	0.874422813124266
0.9375	0.87890625	0.00019781191038066015	0.879104069199532	0.0	0.879104069199532
0.9400000000000001	0.8836000000000002	0.00019781792242040976	0.8837978252568065	0.0	0.8837978252568065
0.9425	0.88830625	0.00019782388668247223	0.8885040813050784	0.0	0.8885040813050784
0.9450000000000001	0.8930250000000001	0.0001978298036717622	0.8932228373553359	0.0	0.8932228373553359
0.9475	0.89775625	0.000197835673886542	0.8979540934210145	0.0	0.8979540934210145
0.9500000000000001	0.9025000000000001	0.0001978414978185264	0.9026978495183171	0.0	0.9026978495183171
0.9525	0.90725625	0.00019784727595298585	0.9074541056667368	0.0	0.9074541056667368
0.9550000000000001	0.9120250000000001	0.0001978530087688473	0.9122228618895684	0.0	0.9122228618895684
0.9575	0.91680625	0.00019785869673879361	0.9170041182144687	0.0	0.9170041182144687
0.96	0.9216	0.00019786434032936098	0.9217978746741315	0.0	0.9217978746741315
0.9625	0.9264062500000001	0.0001978699400010345	0.9266041313070772	0.0	0.9266041313070772
0.965	0.931225	0.00019787549620834218	0.9314228881586566	0.0	0.9314228881586566
0.9675	0.93605625	0.00019788100939994722	0.9362541452822497	0.0	0.9362541452822497
0.97	0.9409	0.0001978864800187385	0.9410979027410115	0.0	0.9410979027410115
0.9725	0.9457562500000001	0.0001978919085019196	0.9459541606101988	0.0	0.9459541606101988
0.975	0.9506249999999999	0.00019789729528109604	0.9508229189807438	0.0	0.9508229189807438
0.9775	0.9555062500000001	0.00019790264078236124	0.9557041779645551	0.0	0.9557041779645551
0.98	0.9603999999999999	0.00019790794542638067	0.960597937703112	0.0	0.960597937703112
0.9825	0.96530625	0.00019791320962847465	0.9655041983816218	0.0	0.9655041983816218
0.985	0.970225	0.00019791843379869962	0.970422960253651	0.0	0.970422960253651
0.9875	0.9751562500000001	0.000197923618341928	0.9753542236870185	0.0	0.9753542236870185
0.99	0.9801	0.00019792876365792666	0.9802979892561235	0.0	0.9802979892561235
0.9925	0.9850562500000001	0.000197933870141434	0.9852542579505578	0.0	0.9852542579505578
0.995	0.990025	0.00019793893818223555	0.9902230317323163	0.0	0.9902230317323163
0.9975	0.9950062500000001	0.00019794396816523853	0.9952043154842912	0.0	0.9952043154842912
1.0	1.0	0.00019794896047054482	1.0001981286453028	0.0	1.0001981286453028
