-1.0	-1.0	-0.00847744054205312	-1.0084992705745452	0.0	(-1.0084992705745452+0j)
-0.9966666666666667	-0.9933444444444445	-0.008429614828442539	-1.0017928696109946	0.0	(-1.0017928696109946+0j)
-0.9933333333333334	-0.9867111111111112	-0.008381847628985813	-0.9951102369935524	0.0	(-0.9951102369935524+0j)
-0.9900000000000001	-0.9801000000000002	-0.008334139714943734	-0.9884503996783844	0.0	(-0.9884503996783844+0j)
-0.9866666666666667	-0.9735111111111112	-0.008286491858448382	-0.9818131055252008	0.0	(-0.9818131055252008+0j)
-0.9833333333333334	-0.9669444444444446	-0.008238904832481367	-0.9751982523195555	0.0	(-0.9751982523195555+0j)
-0.9800000000000001	-0.9604000000000001	-0.008191379410852094	-0.9686057887746803	0.0	(-0.9686057887746803+0j)
-0.9766666666666667	-0.9538777777777778	-0.008143916368175873	-0.962035685693258	0.0	(-0.962035685693258+0j)
-0.9733333333333334	-0.9473777777777779	-0.008096516479851879	-0.9554879250172569	0.0	(-0.9554879250172569+0j)
-0.9700000000000001	-0.9409000000000002	-0.008049180522041087	-0.9489624949171396	0.0	(-0.9489624949171396+0j)
-0.9666666666666667	-0.9344444444444444	-0.008001909271644111	-0.9424593873194079	0.0	(-0.9424593873194079+0j)
-0.9633333333333334	-0.9280111111111112	-0.00795470350627888	-0.9359785965505357	0.0	(-0.9359785965505357+0j)
-0.9600000000000001	-0.9216000000000002	-0.007907564004258273	-0.9295201185423648	0.0	(-0.9295201185423648+0j)
-0.9566666666666668	-0.9152111111111113	-0.007860491544567638	-0.923083950341227	0.0	(-0.923083950341227+0j)
-0.9533333333333334	-0.9088444444444445	-0.007813486906842242	-0.9166700897914216	0.0	(-0.9166700897914216+0j)
-0.9500000000000001	-0.9025000000000001	-0.0077665508713446255	-0.9102785353236061	0.0	(-0.9102785353236061+0j)
-0.9466666666666668	-0.896177777777778	-0.007719684218941786	-0.9039092858089464	0.0	(-0.9039092858089464+0j)
-0.9433333333333334	-0.8898777777777778	-0.0076728877310823715	-0.8975623404560051	0.0	(-0.8975623404560051+0j)
-0.9400000000000001	-0.8836000000000002	-0.007626162189773807	-0.8912376987360732	0.0	(-0.8912376987360732+0j)
-0.9366666666666668	-0.8773444444444446	-0.007579508377559115	-0.8849353603281116	0.0	(-0.8849353603281116+0j)
-0.9333333333333333	-0.8711111111111112	-0.007532927077493992	-0.878655325077381	0.0	(-0.878655325077381+0j)
-0.93	-0.8649000000000001	-0.007486419073123467	-0.8723975929638529	0.0	(-0.8723975929638529+0j)
-0.9266666666666667	-0.8587111111111113	-0.0074399851484587	-0.866162164077845	0.0	(-0.866162164077845+0j)
-0.9233333333333333	-0.8525444444444444	-0.007393626087953527	-0.8599490386008314	0.0	(-0.8599490386008314+0j)
-0.92	-0.8464	-0.007347342676481107	-0.853758216790326	0.0	(-0.853758216790326+0j)
-0.9166666666666667	-0.8402777777777779	-0.007301135699310297	-0.8475896989677045	0.0	(-0.8475896989677045+0j)
-0.9133333333333334	-0.834177777777778	-0.007255005942082095	-0.8414434855084149	0.0	(-0.8414434855084149+0j)
-0.91	-0.8281000000000001	-0.00720895419078587	-0.8353195768339476	0.0	(-0.8353195768339476+0j)
-0.9066666666666667	-0.8220444444444446	-0.0071629812317356364	-0.829217973405261	0.0	(-0.829217973405261+0j)
-0.9033333333333334	-0.8160111111111112	-0.007117087851546154	-0.8231386757173276	0.0	(-0.8231386757173276+0j)
-0.9	-0.81	-0.0070712748371090164	-0.8170816842945604	0.0	(-0.8170816842945604+0j)
-0.8966666666666667	-0.8040111111111112	-0.007025542975568587	-0.8110469996870153	0.0	(-0.8110469996870153+0j)
-0.8933333333333334	-0.7980444444444446	-0.006979893054297935	-0.8050346224671349	0.0	(-0.8050346224671349+0j)
-0.89	-0.7921	-0.006934325860874661	-0.7990445532270234	0.0	(-0.7990445532270234+0j)
-0.8866666666666667	-0.7861777777777779	-0.0068888421830566385	-0.7930767925760842	0.0	(-0.7930767925760842+0j)
-0.8833333333333334	-0.780277777777778	-0.006843442808757726	-0.7871313411389974	0.0	(-0.7871313411389974+0j)
-0.88	-0.7744	-0.006798128526023281	-0.7812081995539967	0.0	(-0.7812081995539967+0j)
-0.8766666666666667	-0.7685444444444445	-0.006752900123005834	-0.7753073684713631	0.0	(-0.7753073684713631+0j)
-0.8733333333333334	-0.7627111111111112	-0.006707758387940424	-0.7694288485520715	0.0	(-0.7694288485520715+0j)
-0.8700000000000001	-0.7569000000000002	-0.006662704109120135	-0.7635726404666847	0.0	(-0.7635726404666847+0j)
-0.8666666666666667	-0.7511111111111112	-0.006617738074871191	-0.7577387448943089	0.0	(-0.7577387448943089+0j)
-0.8633333333333334	-0.7453444444444446	-0.0065728610735285575	-0.7519271625217254	0.0	(-0.7519271625217254+0j)
-0.8600000000000001	-0.7396000000000001	-0.006528073893410785	-0.7461378940425991	0.0	(-0.7461378940425991+0j)
-0.8566666666666667	-0.7338777777777779	-0.006483377322795414	-0.7403709401567465	0.0	(-0.7403709401567465+0j)
-0.8533333333333334	-0.7281777777777779	-0.006438772149893829	-0.7346263015695589	0.0	(-0.7346263015695589+0j)
-0.8500000000000001	-0.7225000000000001	-0.006394259162826418	-0.7289039789913957	0.0	(-0.7289039789913957+0j)
-0.8466666666666667	-0.7168444444444445	-0.006349839149597469	-0.7232039731371176	0.0	(-0.7232039731371176+0j)
-0.8433333333333334	-0.7112111111111112	-0.0063055128980700065	-0.717526284725606	0.0	(-0.717526284725606+0j)
-0.8400000000000001	-0.7056000000000001	-0.006261281195940646	-0.711870914479386	0.0	(-0.711870914479386+0j)
-0.8366666666666667	-0.7000111111111111	-0.006217144830714394	-0.7062378631242011	0.0	(-0.7062378631242011+0j)
-0.8333333333333334	-0.6944444444444445	-0.00617310458967929	-0.7006271313887427	0.0	(-0.7006271313887427+0j)
-0.8300000000000001	-0.6889000000000001	-0.006129161259881083	-0.6950387200042892	0.0	(-0.6950387200042892+0j)
-0.8266666666666668	-0.683377777777778	-0.006085315628097845	-0.6894726297044493	0.0	(-0.6894726297044493+0j)
-0.8233333333333334	-0.6778777777777778	-0.006041568480814538	-0.6839288612248801	0.0	(-0.6839288612248801+0j)
-0.8200000000000001	-0.6724000000000001	-0.005997920604197418	-0.6784074153030801	0.0	(-0.6784074153030801+0j)
-0.8166666666666668	-0.6669444444444446	-0.005954372784068546	-0.6729082926781378	0.0	(-0.6729082926781378+0j)
-0.8133333333333334	-0.6615111111111112	-0.005910925805880166	-0.66743149409055	0.0	(-0.66743149409055+0j)
-0.81	-0.6561000000000001	-0.0058675804546890475	-0.6619770202820185	0.0	(-0.6619770202820185+0j)
-0.8066666666666668	-0.6507111111111112	-0.005824337515130798	-0.6565448719952729	0.0	(-0.6565448719952729+0j)
-0.8033333333333333	-0.6453444444444445	-0.005781197771394006	-0.6511350499739041	0.0	(-0.6511350499739041+0j)
-0.8	-0.6400000000000001	-0.005738162007194569	-0.6457475549622235	0.0	(-0.6457475549622235+0j)
-0.7966666666666667	-0.6346777777777779	-0.005695231005749854	-0.6403823877050859	0.0	(-0.6403823877050859+0j)
-0.7933333333333333	-0.6293777777777778	-0.005652405549752673	-0.6350395489477877	0.0	(-0.6350395489477877+0j)
-0.79	-0.6241000000000001	-0.005609686421345517	-0.6297190394359068	0.0	(-0.6297190394359068+0j)
-0.7866666666666667	-0.6188444444444445	-0.005567074402094543	-0.6244208599151961	0.0	(-0.6244208599151961+0j)
-0.7833333333333334	-0.6136111111111112	-0.00552457027296345	-0.6191450111314566	0.0	(-0.6191450111314566+0j)
-0.78	-0.6084	-0.005482174814287671	-0.6138914938304373	0.0	(-0.6138914938304373+0j)
-0.7766666666666667	-0.6032111111111113	-0.0054398888057480554	-0.6086603087576998	0.0	(-0.6086603087576998+0j)
-0.7733333333333334	-0.5980444444444446	-0.005397713026344925	-0.6034514566585527	0.0	(-0.6034514566585527+0j)
-0.77	-0.5929	-0.005355648254371806	-0.5982649382779259	0.0	(-0.5982649382779259+0j)
-0.7666666666666667	-0.5877777777777778	-0.005313695267389396	-0.593100754360282	0.0	(-0.593100754360282+0j)
-0.7633333333333334	-0.582677777777778	-0.005271854842199192	-0.5879589056495286	0.0	(-0.5879589056495286+0j)
-0.76	-0.5776	-0.005230127754817307	-0.5828393928889202	0.0	(-0.5828393928889202+0j)
-0.7566666666666667	-0.5725444444444445	-0.0051885147804482945	-0.5777422168209856	0.0	(-0.5777422168209856+0j)
-0.7533333333333334	-0.5675111111111112	-0.00514701669345867	-0.5726673781874297	0.0	(-0.5726673781874297+0j)
-0.75	-0.5625	-0.005105634267350778	-0.5676148777290541	0.0	(-0.5676148777290541+0j)
-0.7466666666666667	-0.5575111111111112	-0.005064368274736289	-0.5625847161856833	0.0	(-0.5625847161856833+0j)
-0.7433333333333334	-0.5525444444444445	-0.00502321948730991	-0.5575768942960843	0.0	(-0.5575768942960843+0j)
-0.7400000000000001	-0.5476000000000002	-0.0049821886758229655	-0.5525914127978868	0.0	(-0.5525914127978868+0j)
-0.7366666666666667	-0.5426777777777778	-0.004941276610057013	-0.5476282724275097	0.0	(-0.5476282724275097+0j)
-0.7333333333333334	-0.5377777777777779	-0.004900484058797325	-0.5426874739200891	0.0	(-0.5426874739200891+0j)
-0.7300000000000001	-0.5329000000000002	-0.004859811789806545	-0.5377690180093985	0.0	(-0.5377690180093985+0j)
-0.7266666666666667	-0.5280444444444444	-0.004819260569798131	-0.532872905427779	0.0	(-0.532872905427779+0j)
-0.7233333333333334	-0.5232111111111112	-0.0047788311644099	-0.5279991369060785	0.0	(-0.5279991369060785+0j)
-0.7200000000000001	-0.5184000000000001	-0.004738524338177563	-0.5231477131735652	0.0	(-0.5231477131735652+0j)
-0.7166666666666667	-0.5136111111111111	-0.004698340854508112	-0.5183186349578703	0.0	(-0.5183186349578703+0j)
-0.7133333333333334	-0.5088444444444445	-0.004658281475653461	-0.5135119029849129	0.0	(-0.5135119029849129+0j)
-0.7100000000000001	-0.5041000000000001	-0.004618346962683678	-0.5087275179788311	0.0	(-0.5087275179788311+0j)
-0.7066666666666667	-0.49937777777777775	-0.004578538075460645	-0.5039654806619135	0.0	(-0.5039654806619135+0j)
-0.7033333333333334	-0.4946777777777778	-0.0045388555726114665	-0.4992257917545349	0.0	(-0.4992257917545349+0j)
-0.7000000000000001	-0.4900000000000001	-0.004499300211501828	-0.49450845197508503	0.0	(-0.49450845197508503+0j)
-0.6966666666666667	-0.4853444444444444	-0.0044598727482094425	-0.48981346203990095	0.0	(-0.48981346203990095+0j)
-0.6933333333333334	-0.48071111111111114	-0.0044205739374975905	-0.4851408226632028	0.0	(-0.4851408226632028+0j)
-0.6900000000000001	-0.4761000000000001	-0.004381404532788458	-0.4804905345570203	0.0	(-0.4804905345570203+0j)
-0.6866666666666668	-0.4715111111111112	-0.004342365286136629	-0.4758625984311265	0.0	(-0.4758625984311265+0j)
-0.6833333333333333	-0.46694444444444444	-0.004303456948202361	-0.4712570149929804	0.0	(-0.4712570149929804+0j)
-0.68	-0.4624000000000001	-0.004264680268225296	-0.4666737849476407	0.0	(-0.4666737849476407+0j)
-0.6766666666666667	-0.4578777777777779	-0.004226035993997623	-0.46211290899772534	0.0	(-0.46211290899772534+0j)
-0.6733333333333333	-0.45337777777777777	-0.004187524871837656	-0.4575743878433083	0.0	(-0.4575743878433083+0j)
-0.67	-0.4489000000000001	-0.004149147646563239	-0.45305822218188374	0.0	(-0.45305822218188374+0j)
-0.6666666666666667	-0.44444444444444453	-0.004110905061465331	-0.4485644127082669	0.0	(-0.4485644127082669+0j)
-0.6633333333333333	-0.44001111111111113	-0.0040727978582811575	-0.4440929601145662	0.0	(-0.4440929601145662+0j)
-0.66	-0.43560000000000004	-0.004034826777168099	-0.4396438650900678	0.0	(-0.4396438650900678+0j)
-0.6566666666666667	-0.4312111111111112	-0.003996992556676793	-0.4352171283212002	0.0	(-0.4352171283212002+0j)
-0.6533333333333333	-0.4268444444444444	-0.003959295933724849	-0.43081275049145856	0.0	(-0.43081275049145856+0j)
-0.65	-0.42250000000000004	-0.0039217376435704	-0.42643073228131395	0.0	(-0.42643073228131395+0j)
-0.6466666666666667	-0.41817777777777787	-0.0038843184197853986	-0.4220710743681656	0.0	(-0.4220710743681656+0j)
-0.6433333333333334	-0.4138777777777779	-0.003847038994229418	-0.4177337774262641	0.0	(-0.4177337774262641+0j)
-0.64	-0.4096	-0.003809900097023061	-0.4134188421266334	0.0	(-0.4134188421266334+0j)
-0.6366666666666667	-0.4053444444444445	-0.003772902456521565	-0.4091262691370051	0.0	(-0.4091262691370051+0j)
-0.6333333333333334	-0.4011111111111112	-0.003736046799288517	-0.40485605912174977	0.0	(-0.40485605912174977+0j)
-0.63	-0.39690000000000003	-0.003699333850069292	-0.40060821274177694	0.0	(-0.40060821274177694+0j)
-0.6266666666666667	-0.3927111111111112	-0.003662764331764906	-0.3963827306545014	0.0	(-0.3963827306545014+0j)
-0.6233333333333334	-0.3885444444444445	-0.00362633896540554	-0.39217961351375114	0.0	(-0.39217961351375114+0j)
-0.62	-0.3844	-0.003590058470124363	-0.3879988619696767	0.0	(-0.3879988619696767+0j)
-0.6166666666666667	-0.3802777777777778	-0.003553923563131167	-0.38384047666869553	0.0	(-0.38384047666869553+0j)
-0.6133333333333334	-0.37617777777777783	-0.003517934959686164	-0.379704458253412	0.0	(-0.379704458253412+0j)
-0.61	-0.3721	-0.0034820933730738968	-0.3755908073625394	0.0	(-0.3755908073625394+0j)
-0.6066666666666667	-0.36804444444444445	-0.0034463995145768145	-0.371499524630815	0.0	(-0.371499524630815+0j)
-0.6033333333333334	-0.3640111111111112	-0.003410854093449406	-0.36743061068893	0.0	(-0.36743061068893+0j)
-0.6000000000000001	-0.3600000000000001	-0.003375457816891969	-0.363384066163453	0.0	(-0.363384066163453+0j)
-0.5966666666666667	-0.3560111111111111	-0.0033402113900244945	-0.35935989167673715	0.0	(-0.35935989167673715+0j)
-0.5933333333333334	-0.3520444444444445	-0.003305115515860768	-0.35535808784685774	0.0	(-0.35535808784685774+0j)
-0.5900000000000001	-0.3481000000000001	-0.0032701708952822817	-0.3513786552875128	0.0	(-0.3513786552875128+0j)
-0.5866666666666667	-0.3441777777777778	-0.0032353782270123366	-0.3474215946079585	0.0	(-0.3474215946079585+0j)
-0.5833333333333334	-0.34027777777777785	-0.003200738207590148	-0.34348690641291085	0.0	(-0.34348690641291085+0j)
-0.5800000000000001	-0.3364000000000001	-0.0031662515313450046	-0.3395745913024768	0.0	(-0.3395745913024768+0j)
-0.5766666666666667	-0.3325444444444444	-0.0031319188903703443	-0.3356846498720582	0.0	(-0.3356846498720582+0j)
-0.5733333333333334	-0.3287111111111111	-0.003097740974498081	-0.3318170827122735	0.0	(-0.3318170827122735+0j)
-0.5700000000000001	-0.3249000000000001	-0.003063718471272958	-0.3279718904088671	0.0	(-0.3279718904088671+0j)
-0.5666666666666667	-0.32111111111111107	-0.0030298520659267636	-0.32414907354264166	0.0	(-0.32414907354264166+0j)
-0.5633333333333334	-0.3173444444444445	-0.002996142441352684	-0.3203486326893374	0.0	(-0.3203486326893374+0j)
-0.56	-0.31360000000000005	-0.0029625902780798796	-0.31657056841957504	0.0	(-0.31657056841957504+0j)
-0.5566666666666668	-0.30987777777777786	-0.0029291962542479233	-0.3128148812987519	0.0	(-0.3128148812987519+0j)
-0.5533333333333333	-0.30617777777777777	-0.0028959610455812357	-0.30908157188696506	0.0	(-0.30908157188696506+0j)
-0.55	-0.30250000000000005	-0.002862885325363884	-0.305370640738905	0.0	(-0.305370640738905+0j)
-0.5466666666666667	-0.2988444444444445	-0.002829969764414131	-0.301682088403784	0.0	(-0.301682088403784+0j)
-0.5433333333333333	-0.2952111111111111	-0.0027972150310590915	-0.2980159154252267	0.0	(-0.2980159154252267+0j)
-0.54	-0.2916	-0.002764621791109645	-0.2943721223411995	0.0	(-0.2943721223411995+0j)
-0.5366666666666667	-0.28801111111111116	-0.002732190707835258	-0.29075070968390554	0.0	(-0.29075070968390554+0j)
-0.5333333333333333	-0.28444444444444444	-0.0026999224419387846	-0.28715167797969365	0.0	(-0.28715167797969365+0j)
-0.53	-0.28090000000000004	-0.002667817651531651	-0.2835750277489726	0.0	(-0.2835750277489726+0j)
-0.5266666666666667	-0.27737777777777783	-0.002635876992108571	-0.28002075950611116	0.0	(-0.28002075950611116+0j)
-0.5233333333333333	-0.2738777777777778	-0.0026041011165230388	-0.27648887375935066	0.0	(-0.27648887375935066+0j)
-0.52	-0.27040000000000003	-0.00257249067496218	-0.27297937101070957	0.0	(-0.27297937101070957+0j)
-0.5166666666666667	-0.2669444444444445	-0.0025410463149223572	-0.2694922517558979	0.0	(-0.2694922517558979+0j)
-0.5133333333333334	-0.2635111111111112	-0.0025097686811840214	-0.26602751648421097	0.0	(-0.26602751648421097+0j)
-0.51	-0.2601	-0.0024786584157874825	-0.26258516567844986	0.0	(-0.26258516567844986+0j)
-0.5066666666666667	-0.25671111111111117	-0.0024477161580083173	-0.2591651998148256	0.0	(-0.2591651998148256+0j)
-0.5033333333333334	-0.25334444444444454	-0.002416942544332723	-0.255767619362858	0.0	(-0.255767619362858+0j)
-0.5	-0.25	-0.002386338208433536	-0.25239242478531126	0.0	(-0.25239242478531126+0j)
-0.4966666666666667	-0.2466777777777778	-0.002355903781145363	-0.24903961653806894	0.0	(-0.24903961653806894+0j)
-0.49333333333333335	-0.2433777777777778	-0.0023256398904409337	-0.24570919507007544	0.0	(-0.24570919507007544+0j)
-0.49000000000000005	-0.24010000000000004	-0.0022955471614066747	-0.24240116082322968	0.0	(-0.24240116082322968+0j)
-0.4866666666666667	-0.23684444444444447	-0.0022656262162186747	-0.2391155142323139	0.0	(-0.2391155142323139+0j)
-0.48333333333333334	-0.2336111111111111	-0.0022358776741188136	-0.23585225572489665	0.0	(-0.23585225572489665+0j)
-0.48000000000000004	-0.23040000000000005	-0.0022063021513907266	-0.23261138572126516	0.0	(-0.23261138572126516+0j)
-0.4766666666666667	-0.2272111111111111	-0.0021769002613362676	-0.2293929046343322	0.0	(-0.2293929046343322+0j)
-0.4733333333333334	-0.2240444444444445	-0.0021476726142515834	-0.2261968128695704	0.0	(-0.2261968128695704+0j)
-0.47000000000000003	-0.22090000000000004	-0.0021186198174035775	-0.22302311082494083	0.0	(-0.22302311082494083+0j)
-0.4666666666666667	-0.2177777777777778	-0.002089742475006484	-0.21987179889081698	0.0	(-0.21987179889081698+0j)
-0.4633333333333334	-0.21467777777777783	-0.002061041188198165	-0.21674287744992513	0.0	(-0.21674287744992513+0j)
-0.46	-0.2116	-0.002032516555017294	-0.21363634687729152	0.0	(-0.21363634687729152+0j)
-0.4566666666666667	-0.2085444444444445	-0.002004169170379433	-0.21055220754017653	0.0	(-0.21055220754017653+0j)
-0.45333333333333337	-0.20551111111111114	-0.001975999626054492	-0.2074904597980406	0.0	(-0.2074904597980406+0j)
-0.45	-0.2025	-0.001948008510643473	-0.20445110400249467	0.0	(-0.20445110400249467+0j)
-0.4466666666666667	-0.19951111111111114	-0.0019201964095553747	-0.2014341404972755	0.0	(-0.2014341404972755+0j)
-0.44333333333333336	-0.19654444444444447	-0.00189256390498449	-0.19843956961822137	0.0	(-0.19843956961822137+0j)
-0.44	-0.1936	-0.0018651115758879233	-0.19546739169325944	0.0	(-0.19546739169325944+0j)
-0.4366666666666667	-0.1906777777777778	-0.0018378399979624427	-0.19251760704240278	0.0	(-0.19251760704240278+0j)
-0.43333333333333335	-0.1877777777777778	-0.0018107497436222753	-0.1895902159777656	0.0	(-0.1895902159777656+0j)
-0.43000000000000005	-0.18490000000000004	-0.0017838413819766807	-0.18668521880358216	0.0	(-0.18668521880358216+0j)
-0.4266666666666667	-0.18204444444444448	-0.0017571154788076915	-0.18380261581625504	0.0	(-0.18380261581625504+0j)
-0.42333333333333334	-0.17921111111111113	-0.0017305725965474639	-0.18094240730440464	0.0	(-0.18094240730440464+0j)
-0.42000000000000004	-0.17640000000000003	-0.001704213294256962	-0.17810459354895228	0.0	(-0.17810459354895228+0j)
-0.4166666666666667	-0.17361111111111113	-0.001678038127603143	-0.17528917482321094	0.0	(-0.17528917482321094+0j)
-0.4133333333333334	-0.1708444444444445	-0.0016520476488377511	-0.17249615139300822	0.0	(-0.17249615139300822+0j)
-0.41000000000000003	-0.16810000000000003	-0.0016262424067752246	-0.16972552351683814	0.0	(-0.16972552351683814+0j)
-0.4066666666666667	-0.1653777777777778	-0.001600622946770991	-0.16697729144601858	0.0	(-0.16697729144601858+0j)
-0.4033333333333334	-0.1626777777777778	-0.0015751898107002615	-0.16425145542491792	0.0	(-0.16425145542491792+0j)
-0.4	-0.16000000000000003	-0.0015499435369363823	-0.16154801569117347	0.0	(-0.16154801569117347+0j)
-0.39666666666666667	-0.15734444444444445	-0.0015248846603295174	-0.1588669724759828	0.0	(-0.1588669724759828+0j)
-0.39333333333333337	-0.15471111111111113	-0.001500013712185666	-0.15620832600441795	0.0	(-0.15620832600441795+0j)
-0.39	-0.1521	-0.0014753312202454572	-0.15357207649579002	0.0	(-0.15357207649579002+0j)
-0.3866666666666667	-0.14951111111111115	-0.0014508377086633328	-0.15095822416406401	0.0	(-0.15095822416406401+0j)
-0.38333333333333336	-0.14694444444444446	-0.0014265336979867316	-0.1483667692183298	0.0	(-0.1483667692183298+0j)
-0.38	-0.1444	-0.0014024197051354381	-0.1457977118633368	0.0	(-0.1457977118633368+0j)
-0.3766666666666667	-0.1418777777777778	-0.0013784962433808223	-0.143251052300094	0.0	(-0.143251052300094+0j)
-0.37333333333333335	-0.1393777777777778	-0.0013547638223256886	-0.14072679072654232	0.0	(-0.14072679072654232+0j)
-0.37000000000000005	-0.13690000000000005	-0.0013312229478839033	-0.13822492733830785	0.0	(-0.13822492733830785+0j)
-0.3666666666666667	-0.13444444444444448	-0.0013078741222604107	-0.1357454623295528	0.0	(-0.1357454623295528+0j)
-0.36333333333333334	-0.1320111111111111	-0.001284717843930805	-0.13328839589391742	0.0	(-0.13328839589391742+0j)
-0.36000000000000004	-0.12960000000000002	-0.001261754607621457	-0.13085372822556482	0.0	(-0.13085372822556482+0j)
-0.3566666666666667	-0.12721111111111114	-0.0012389849042905299	-0.12844145952036068	0.0	(-0.12844145952036068+0j)
-0.35333333333333333	-0.12484444444444444	-0.0012164092211073285	-0.12605158997716315	0.0	(-0.12605158997716315+0j)
-0.35000000000000003	-0.12250000000000003	-0.0011940280414333149	-0.1236841197992757	0.0	(-0.1236841197992757+0j)
-0.3466666666666667	-0.12017777777777779	-0.00117184184480279	-0.1213390491960332	0.0	(-0.1213390491960332+0j)
-0.3433333333333334	-0.1178777777777778	-0.0011498511069036876	-0.1190163783845795	0.0	(-0.1190163783845795+0j)
-0.34	-0.11560000000000002	-0.0011280562995580334	-0.11671610759181747	0.0	(-0.11671610759181747+0j)
-0.33666666666666667	-0.11334444444444444	-0.0011064578907039602	-0.11443823705657044	0.0	(-0.11443823705657044+0j)
-0.33333333333333337	-0.11111111111111113	-0.0010850563443758343	-0.11218276703196758	0.0	(-0.11218276703196758+0j)
-0.33	-0.10890000000000001	-0.0010638521206863816	-0.10994969778806761	0.0	(-0.10994969778806761+0j)
-0.32666666666666666	-0.1067111111111111	-0.001042845675807813	-0.10773902961475451	0.0	(-0.10773902961475451+0j)
-0.32333333333333336	-0.10454444444444447	-0.0010220374619536177	-0.1055507628249202	0.0	(-0.1055507628249202+0j)
-0.32	-0.1024	-0.0010014279273602433	-0.10338489775796758	0.0	(-0.10338489775796758+0j)
-0.3166666666666667	-0.1002777777777778	-0.0009810175162691115	-0.10124143478365064	0.0	(-0.10124143478365064+0j)
-0.31333333333333335	-0.0981777777777778	-0.0009608066689088535	-0.09912037430629873	0.0	(-0.09912037430629873+0j)
-0.31	-0.0961	-0.0009407958214771028	-0.09702171676943819	0.0	(-0.09702171676943819+0j)
-0.3066666666666667	-0.09404444444444446	-0.000920985406123398	-0.09494546266086075	0.0	(-0.09494546266086075+0j)
-0.30333333333333334	-0.09201111111111111	-0.0009013758509311964	-0.09289161251816927	0.0	(-0.09289161251816927+0j)
-0.30000000000000004	-0.09000000000000002	-0.0008819675799011106	-0.09086016693483225	0.0	(-0.09086016693483225+0j)
-0.2966666666666667	-0.08801111111111112	-0.0008627610129333663	-0.08885112656680708	0.0	(-0.08885112656680708+0j)
-0.29333333333333333	-0.08604444444444445	-0.000843756565811038	-0.08686449213975189	0.0	(-0.08686449213975189+0j)
-0.29000000000000004	-0.08410000000000002	-0.0008249546501827298	-0.08490026445688328	0.0	(-0.08490026445688328+0j)
-0.2866666666666667	-0.08217777777777778	-0.0008063556735465882	-0.08295844440753548	0.0	(-0.08295844440753548+0j)
-0.2833333333333333	-0.08027777777777777	-0.0007879600392332042	-0.08103903297643691	0.0	(-0.08103903297643691+0j)
-0.28	-0.07840000000000001	-0.0007697681463896267	-0.07914203125379038	0.0	(-0.07914203125379038+0j)
-0.27666666666666667	-0.07654444444444444	-0.0007517803899628195	-0.07726744044617549	0.0	(-0.07726744044617549+0j)
-0.2733333333333334	-0.07471111111111113	-0.0007339971606838969	-0.075415261888338	0.0	(-0.075415261888338+0j)
-0.27	-0.0729	-0.0007164188450521358	-0.07358549705589856	0.0	(-0.07358549705589856+0j)
-0.26666666666666666	-0.07111111111111111	-0.0006990458253191001	-0.07177814757903717	0.0	(-0.07177814757903717+0j)
-0.26333333333333336	-0.06934444444444446	-0.000681878479473097	-0.06999321525718175	0.0	(-0.06999321525718175+0j)
-0.26	-0.06760000000000001	-0.0006649171812240784	-0.06823070207473345	0.0	(-0.06823070207473345+0j)
-0.2566666666666667	-0.0658777777777778	-0.0006481622999880976	-0.06649061021785538	0.0	(-0.06649061021785538+0j)
-0.25333333333333335	-0.06417777777777779	-0.0006316142008724324	-0.06477294209234298	0.0	(-0.06477294209234298+0j)
-0.25	-0.0625	-0.0006152732446607079	-0.06307770034256216	0.0	(-0.06307770034256216+0j)
-0.24666666666666667	-0.06084444444444445	-0.0005991397877975757	-0.06140488787144461	0.0	(-0.06140488787144461+0j)
-0.24333333333333335	-0.05921111111111112	-0.0005832141823753911	-0.05975450786151077	0.0	(-0.05975450786151077+0j)
-0.24000000000000002	-0.05760000000000001	-0.000567496776118448	-0.058126563796839975	0.0	(-0.058126563796839975+0j)
-0.2366666666666667	-0.05601111111111112	-0.0005519879123696558	-0.056521059485911934	0.0	(-0.056521059485911934+0j)
-0.23333333333333334	-0.05444444444444445	-0.0005366879300761074	-0.05493799908517964	0.0	(-0.05493799908517964+0j)
-0.23	-0.0529	-0.0005215971637755334	-0.05337738712321788	0.0	(-0.05337738712321788+0j)
-0.22666666666666668	-0.051377777777777786	-0.0005067159435820923	-0.05183922852523026	0.0	(-0.05183922852523026+0j)
-0.22333333333333336	-0.049877777777777785	-0.0004920445951734909	-0.05032352863764997	0.0	(-0.05032352863764997+0j)
-0.22	-0.0484	-0.00047758343977699624	-0.04883029325251843	0.0	(-0.04883029325251843+0j)
-0.21666666666666667	-0.04694444444444445	-0.0004633327941565568	-0.04735952863125913	0.0	(-0.04735952863125913+0j)
-0.21333333333333335	-0.04551111111111112	-0.0004492929705999238	-0.04591124152740185	0.0	(-0.04591124152740185+0j)
-0.21000000000000002	-0.04410000000000001	-0.0004354642769057726	-0.044485439207729724	0.0	(-0.044485439207729724+0j)
-0.2066666666666667	-0.04271111111111112	-0.0004218470163706023	-0.04308212947127272	0.0	(-0.04308212947127272+0j)
-0.20333333333333334	-0.04134444444444445	-0.00040844148777718914	-0.04170132066547846	0.0	(-0.04170132066547846+0j)
-0.2	-0.04000000000000001	-0.00039524798538126404	-0.0403430216988314	0.0	(-0.0403430216988314+0j)
-0.19666666666666668	-0.03867777777777778	-0.00038226679890085435	-0.039007242049133785	0.0	(-0.039007242049133785+0j)
-0.19333333333333336	-0.03737777777777779	-0.0003694982135016289	-0.03769399176659597	0.0	(-0.03769399176659597+0j)
-0.19	-0.0361	-0.0003569425097889045	-0.03640328147086256	0.0	(-0.03640328147086256+0j)
-0.18666666666666668	-0.03484444444444445	-0.00034459996379299085	-0.03513512234106437	0.0	(-0.03513512234106437+0j)
-0.18333333333333335	-0.03361111111111112	-0.00033247084695986473	-0.033889526098009375	0.0	(-0.033889526098009375+0j)
-0.18000000000000002	-0.032400000000000005	-0.0003205554261378474	-0.03266650497764376	0.0	(-0.03266650497764376+0j)
-0.17666666666666667	-0.03121111111111111	-0.0003088539635691667	-0.031466071695001235	0.0	(-0.031466071695001235+0j)
-0.17333333333333334	-0.030044444444444447	-0.00029736671687663474	-0.030288239397942587	0.0	(-0.030288239397942587+0j)
-0.17	-0.028900000000000006	-0.00028609393905565383	-0.02913302161016018	0.0	(-0.02913302161016018+0j)
-0.16666666666666669	-0.027777777777777783	-0.00027503587846089417	-0.02800043216308257	0.0	(-0.02800043216308257+0j)
-0.16333333333333333	-0.026677777777777776	-0.00026419277879785596	-0.026890485116565114	0.0	(-0.026890485116565114+0j)
-0.16	-0.0256	-0.00025356487911309955	-0.025803194668494272	0.0	(-0.025803194668494272+0j)
-0.15666666666666668	-0.02454444444444445	-0.0002431524137835872	-0.024738575053728853	0.0	(-0.024738575053728853+0j)
-0.15333333333333335	-0.023511111111111115	-0.00023295561250646912	-0.023696640433105	0.0	(-0.023696640433105+0j)
-0.15000000000000002	-0.022500000000000006	-0.0002229747002902016	-0.022677404773533902	0.0	(-0.022677404773533902+0j)
-0.14666666666666667	-0.021511111111111113	-0.00021320989744566532	-0.021680881720510293	0.0	(-0.021680881720510293+0j)
-0.14333333333333334	-0.020544444444444445	-0.00020366141957683936	-0.020707084464608255	0.0	(-0.020707084464608255+0j)
-0.14	-0.019600000000000003	-0.00019432947757191954	-0.0197560256037394	0.0	(-0.0197560256037394+0j)
-0.1366666666666667	-0.018677777777777783	-0.00018521427759310427	-0.018827717003079933	0.0	(-0.018827717003079933+0j)
-0.13333333333333333	-0.017777777777777778	-0.00017631602107126554	-0.01792216965460609	0.0	(-0.01792216965460609+0j)
-0.13	-0.016900000000000002	-0.0001676349046926262	-0.017039393538105827	0.0	(-0.017039393538105827+0j)
-0.12666666666666668	-0.016044444444444448	-0.00015917112039698367	-0.016179397485337303	0.0	(-0.016179397485337303+0j)
-0.12333333333333334	-0.015211111111111113	-0.00015092485536438716	-0.015342189048680746	0.0	(-0.015342189048680746+0j)
-0.12000000000000001	-0.014400000000000003	-0.00014289629201069687	-0.014527774375163689	0.0	(-0.014527774375163689+0j)
-0.11666666666666667	-0.013611111111111112	-0.00013508560797603764	-0.01373615808614254	0.0	(-0.01373615808614254+0j)
-0.11333333333333334	-0.012844444444444447	-0.00012749297612479893	-0.012967343162166274	0.0	(-0.012967343162166274+0j)
-0.11	-0.0121	-0.00012011856452787129	-0.012221330831672792	0.0	(-0.012221330831672792+0j)
-0.10666666666666667	-0.01137777777777778	-0.00011296253646886356	-0.011498120461109108	0.0	(-0.011498120461109108+0j)
-0.10333333333333335	-0.01067777777777778	-0.00010602505042189847	-0.010797709442868083	0.0	(-0.010797709442868083+0j)
-0.1	-0.010000000000000002	-9.930626005960619e-05	-0.010120093076005792	0.0	(-0.010120093076005792+0j)
-0.09666666666666668	-0.009344444444444447	-9.280631423713714e-05	-0.009465264433035334	0.0	(-0.009465264433035334+0j)
-0.09333333333333334	-0.008711111111111112	-8.652535699127384e-05	-0.008833214204079268	0.0	(-0.008833214204079268+0j)
-0.09000000000000001	-0.008100000000000001	-8.046352752799635e-05	-0.00822393050718768	0.0	(-0.00822393050718768+0j)
-0.08666666666666667	-0.007511111111111112	-7.462096022514686e-05	-0.007637398650483915	0.0	(-0.007637398650483915+0j)
-0.08333333333333334	-0.006944444444444446	-6.899778462354789e-05	-0.00707360082775756	0.0	(-0.00707360082775756+0j)
-0.08	-0.0064	-6.359412541812048e-05	-0.006532515723793663	0.0	(-0.006532515723793663+0j)
-0.07666666666666667	-0.005877777777777779	-5.841010245610789e-05	-0.006014117998551133	0.0	(-0.006014117998551133+0j)
-0.07333333333333333	-0.005377777777777778	-5.344583072997011e-05	-0.005518377609579341	0.0	(-0.005518377609579341+0j)
-0.07	-0.004900000000000001	-4.870142037560754e-05	-0.005045258918677407	0.0	(-0.005045258918677407+0j)
-0.06666666666666667	-0.0044444444444444444	-4.4176976668808265e-05	-0.0045947195102614725	0.0	(-0.0045947195102614725+0j)
-0.06333333333333334	-0.004011111111111112	-3.9872600012813564e-05	-0.004166708623054364	0.0	(-0.004166708623054364+0j)
-0.060000000000000005	-0.0036000000000000008	-3.578838594364697e-05	-0.0037611650603824225	0.0	(-0.0037611650603824225+0j)
-0.05666666666666667	-0.0032111111111111116	-3.1924425119456146e-05	-0.003378014393240882	0.0	(-0.003378014393240882+0j)
-0.05333333333333334	-0.002844444444444445	-2.828080332051286e-05	-0.003017165198025523	0.0	(-0.003017165198025523+0j)
-0.05	-0.0025000000000000005	-2.4857601445660293e-05	-0.0026785039687752515	0.0	(-0.0026785039687752515+0j)
-0.04666666666666667	-0.002177777777777778	-2.1654895505207605e-05	-0.0023618882001165097	0.0	(-0.0023618882001165097+0j)
-0.043333333333333335	-0.001877777777777778	-1.8672756617377217e-05	-0.0020671369366603836	0.0	(-0.0020671369366603836+0j)
-0.04	-0.0016	-1.5911251026068385e-05	-0.001794017809685114	0.0	(-0.001794017809685114+0j)
-0.03666666666666667	-0.0013444444444444445	-1.3370440051119203e-05	-0.0015422292170914024	0.0	(-0.0015422292170914024+0j)
-0.03333333333333333	-0.0011111111111111111	-1.1050380138044602e-05	-0.0013113758451685947	0.0	(-0.0013113758451685947+0j)
-0.030000000000000002	-0.0009000000000000002	-8.95112283672006e-06	-0.001100935221231778	0.0	(-0.001100935221231778+0j)
-0.02666666666666667	-0.0007111111111111113	-7.072714751643616e-06	-0.0009102125645455873	0.0	(-0.0009102125645455873+0j)
-0.023333333333333334	-0.0005444444444444445	-5.415197648517278e-06	-0.0007382812166577989	0.0	(-0.0007382812166577989+0j)
-0.02	-0.0004	-3.978608361876468e-06	-0.0005839071031514488	0.0	(-0.0005839071031514488+0j)
-0.016666666666666666	-0.0002777777777777778	-2.762978738246602e-06	-0.000445459261222025	0.0	(-0.000445459261222025+0j)
-0.013333333333333334	-0.0001777777777777778	-1.7683358350950584e-06	-0.00032081615486042497	0.0	(-0.00032081615486042497+0j)
-0.01	-0.0001	-9.947017360900645e-07	-0.00020729038554636328	0.0	(-0.00020729038554636328+0j)
-0.006666666666666667	-4.444444444444445e-05	-4.4209400584804825e-07	-0.00010160984655922795	0.0	(-0.00010160984655922795+0j)
-0.0033333333333333335	-1.1111111111111113e-05	-1.1052452464355156e-07	3.252606517456513e-17	-0.032766327506955975	(3.252606517456513e-17-0.032766327506955975j)
0.0033333333333333335	1.1111111111111113e-05	1.1052452464355156e-07	3.252606517456513e-17	0.032766327506955975	(3.252606517456513e-17+0.032766327506955975j)
0.006666666666666667	4.444444444444445e-05	4.4209400584804825e-07	0.00010160984655917959	0.0	(0.00010160984655917959+0j)
0.01	0.0001	9.947017360900645e-07	0.00020729038554636987	0.0	(0.00020729038554636987+0j)
0.013333333333333334	0.0001777777777777778	1.7683358350950584e-06	0.0003208161548604409	0.0	(0.0003208161548604409+0j)
0.016666666666666666	0.0002777777777777778	2.762978738246602e-06	0.00044545926122203683	0.0	(0.00044545926122203683+0j)
0.02	0.0004	3.978608361876468e-06	0.0005839071031514962	0.0	(0.0005839071031514962+0j)
0.023333333333333334	0.0005444444444444445	5.415197648517278e-06	0.0007382812166577956	0.0	(0.0007382812166577956+0j)
0.02666666666666667	0.0007111111111111113	7.072714751643616e-06	0.0009102125645456007	0.0	(0.0009102125645456007+0j)
0.030000000000000002	0.0009000000000000002	8.95112283672006e-06	0.0011009352212318115	0.0	(0.0011009352212318115+0j)
0.03333333333333333	0.0011111111111111111	1.1050380138044602e-05	0.0013113758451686088	0.0	(0.0013113758451686088+0j)
0.03666666666666667	0.0013444444444444445	1.3370440051119203e-05	0.0015422292170914106	0.0	(0.0015422292170914106+0j)
0.04	0.0016	1.5911251026068385e-05	0.0017940178096851158	0.0	(0.0017940178096851158+0j)
0.043333333333333335	0.001877777777777778	1.8672756617377217e-05	0.0020671369366604226	0.0	(0.0020671369366604226+0j)
0.04666666666666667	0.002177777777777778	2.1654895505207605e-05	0.0023618882001164997	0.0	(0.0023618882001164997+0j)
0.05	0.0025000000000000005	2.4857601445660293e-05	0.002678503968775264	0.0	(0.002678503968775264+0j)
0.05333333333333334	0.002844444444444445	2.828080332051286e-05	0.0030171651980255244	0.0	(0.0030171651980255244+0j)
0.05666666666666667	0.0032111111111111116	3.1924425119456146e-05	0.0033780143932408903	0.0	(0.0033780143932408903+0j)
0.060000000000000005	0.0036000000000000008	3.578838594364697e-05	0.0037611650603824156	0.0	(0.0037611650603824156+0j)
0.06333333333333334	0.004011111111111112	3.9872600012813564e-05	0.004166708623054385	0.0	(0.004166708623054385+0j)
0.06666666666666667	0.0044444444444444444	4.4176976668808265e-05	0.00459471951026144	0.0	(0.00459471951026144+0j)
0.07	0.004900000000000001	4.870142037560754e-05	0.005045258918677414	0.0	(0.005045258918677414+0j)
0.07333333333333333	0.005377777777777778	5.344583072997011e-05	0.0055183776095793224	0.0	(0.0055183776095793224+0j)
0.07666666666666667	0.005877777777777779	5.841010245610789e-05	0.006014117998551144	0.0	(0.006014117998551144+0j)
0.08	0.0064	6.359412541812048e-05	0.006532515723793677	0.0	(0.006532515723793677+0j)
0.08333333333333334	0.006944444444444446	6.899778462354789e-05	0.0070736008277576005	0.0	(0.0070736008277576005+0j)
0.08666666666666667	0.007511111111111112	7.462096022514686e-05	0.0076373986504838605	0.0	(0.0076373986504838605+0j)
0.09000000000000001	0.008100000000000001	8.046352752799635e-05	0.0082239305071877	0.0	(0.0082239305071877+0j)
0.09333333333333334	0.008711111111111112	8.652535699127384e-05	0.008833214204079235	0.0	(0.008833214204079235+0j)
0.09666666666666668	0.009344444444444447	9.280631423713714e-05	0.009465264433035312	0.0	(0.009465264433035312+0j)
0.1	0.010000000000000002	9.930626005960619e-05	0.01012009307600581	0.0	(0.01012009307600581+0j)
0.10333333333333335	0.01067777777777778	0.00010602505042189847	0.010797709442868106	0.0	(0.010797709442868106+0j)
0.10666666666666667	0.01137777777777778	0.00011296253646886356	0.011498120461109108	0.0	(0.011498120461109108+0j)
0.11	0.0121	0.00012011856452787129	0.01222133083167277	0.0	(0.01222133083167277+0j)
0.11333333333333334	0.012844444444444447	0.00012749297612479893	0.012967343162166248	0.0	(0.012967343162166248+0j)
0.11666666666666667	0.013611111111111112	0.00013508560797603764	0.013736158086142557	0.0	(0.013736158086142557+0j)
0.12000000000000001	0.014400000000000003	0.00014289629201069687	0.014527774375163664	0.0	(0.014527774375163664+0j)
0.12333333333333334	0.015211111111111113	0.00015092485536438716	0.015342189048680767	0.0	(0.015342189048680767+0j)
0.12666666666666668	0.016044444444444448	0.00015917112039698367	0.016179397485337307	0.0	(0.016179397485337307+0j)
0.13	0.016900000000000002	0.0001676349046926262	0.01703939353810582	0.0	(0.01703939353810582+0j)
0.13333333333333333	0.017777777777777778	0.00017631602107126554	0.017922169654606124	0.0	(0.017922169654606124+0j)
0.1366666666666667	0.018677777777777783	0.00018521427759310427	0.01882771700307996	0.0	(0.01882771700307996+0j)
0.14	0.019600000000000003	0.00019432947757191954	0.019756025603739343	0.0	(0.019756025603739343+0j)
0.14333333333333334	0.020544444444444445	0.00020366141957683936	0.02070708446460841	0.0	(0.02070708446460841+0j)
0.14666666666666667	0.021511111111111113	0.00021320989744566532	0.021680881720510362	0.0	(0.021680881720510362+0j)
0.15000000000000002	0.022500000000000006	0.0002229747002902016	0.022677404773533867	0.0	(0.022677404773533867+0j)
0.15333333333333335	0.023511111111111115	0.00023295561250646912	0.023696640433105078	0.0	(0.023696640433105078+0j)
0.15666666666666668	0.02454444444444445	0.0002431524137835872	0.024738575053728767	0.0	(0.024738575053728767+0j)
0.16	0.0256	0.00025356487911309955	0.025803194668494178	0.0	(0.025803194668494178+0j)
0.16333333333333333	0.026677777777777776	0.00026419277879785596	0.02689048511656499	0.0	(0.02689048511656499+0j)
0.16666666666666669	0.027777777777777783	0.00027503587846089417	0.028000432163082657	0.0	(0.028000432163082657+0j)
0.17	0.028900000000000006	0.00028609393905565383	0.029133021610160195	0.0	(0.029133021610160195+0j)
0.17333333333333334	0.030044444444444447	0.00029736671687663474	0.03028823939794277	0.0	(0.03028823939794277+0j)
0.17666666666666667	0.03121111111111111	0.0003088539635691667	0.03146607169500103	0.0	(0.03146607169500103+0j)
0.18000000000000002	0.032400000000000005	0.0003205554261378474	0.03266650497764356	0.0	(0.03266650497764356+0j)
0.18333333333333335	0.03361111111111112	0.00033247084695986473	0.03388952609800938	0.0	(0.03388952609800938+0j)
0.18666666666666668	0.03484444444444445	0.00034459996379299085	0.035135122341064515	0.0	(0.035135122341064515+0j)
0.19	0.0361	0.0003569425097889045	0.0364032814708625	0.0	(0.0364032814708625+0j)
0.19333333333333336	0.03737777777777779	0.0003694982135016289	0.03769399176659611	0.0	(0.03769399176659611+0j)
0.19666666666666668	0.03867777777777778	0.00038226679890085435	0.03900724204913388	0.0	(0.03900724204913388+0j)
0.2	0.04000000000000001	0.00039524798538126404	0.040343021698831374	0.0	(0.040343021698831374+0j)
0.20333333333333334	0.04134444444444445	0.00040844148777718914	0.04170132066547856	0.0	(0.04170132066547856+0j)
0.2066666666666667	0.04271111111111112	0.0004218470163706023	0.043082129471273115	0.0	(0.043082129471273115+0j)
0.21000000000000002	0.04410000000000001	0.0004354642769057726	0.0444854392077301	0.0	(0.0444854392077301+0j)
0.21333333333333335	0.04551111111111112	0.0004492929705999238	0.045911241527402134	0.0	(0.045911241527402134+0j)
0.21666666666666667	0.04694444444444445	0.0004633327941565568	0.04735952863125913	0.0	(0.04735952863125913+0j)
0.22	0.0484	0.00047758343977699624	0.04883029325251848	0.0	(0.04883029325251848+0j)
0.22333333333333336	0.049877777777777785	0.0004920445951734909	0.05032352863765011	0.0	(0.05032352863765011+0j)
0.22666666666666668	0.051377777777777786	0.0005067159435820923	0.0518392285252301	0.0	(0.0518392285252301+0j)
0.23	0.0529	0.0005215971637755334	0.0533773871232178	0.0	(0.0533773871232178+0j)
0.23333333333333334	0.05444444444444445	0.0005366879300761074	0.054937999085179066	0.0	(0.054937999085179066+0j)
0.2366666666666667	0.05601111111111112	0.0005519879123696558	0.05652105948591204	0.0	(0.05652105948591204+0j)
0.24000000000000002	0.05760000000000001	0.000567496776118448	0.0581265637968402	0.0	(0.0581265637968402+0j)
0.24333333333333335	0.05921111111111112	0.0005832141823753911	0.05975450786151082	0.0	(0.05975450786151082+0j)
0.24666666666666667	0.06084444444444445	0.0005991397877975757	0.06140488787144463	0.0	(0.06140488787144463+0j)
0.25	0.0625	0.0006152732446607079	0.06307770034256202	0.0	(0.06307770034256202+0j)
0.25333333333333335	0.06417777777777779	0.0006316142008724324	0.064772942092343	0.0	(0.064772942092343+0j)
0.2566666666666667	0.0658777777777778	0.0006481622999880976	0.06649061021785503	0.0	(0.06649061021785503+0j)
0.26	0.06760000000000001	0.0006649171812240784	0.06823070207473306	0.0	(0.06823070207473306+0j)
0.26333333333333336	0.06934444444444446	0.000681878479473097	0.06999321525718143	0.0	(0.06999321525718143+0j)
0.26666666666666666	0.07111111111111111	0.0006990458253191001	0.07177814757903726	0.0	(0.07177814757903726+0j)
0.27	0.0729	0.0007164188450521358	0.07358549705589833	0.0	(0.07358549705589833+0j)
0.2733333333333334	0.07471111111111113	0.0007339971606838969	0.07541526188833786	0.0	(0.07541526188833786+0j)
0.27666666666666667	0.07654444444444444	0.0007517803899628195	0.07726744044617509	0.0	(0.07726744044617509+0j)
0.28	0.07840000000000001	0.0007697681463896267	0.07914203125379048	0.0	(0.07914203125379048+0j)
0.2833333333333333	0.08027777777777777	0.0007879600392332042	0.08103903297643703	0.0	(0.08103903297643703+0j)
0.2866666666666667	0.08217777777777778	0.0008063556735465882	0.08295844440753578	0.0	(0.08295844440753578+0j)
0.29000000000000004	0.08410000000000002	0.0008249546501827298	0.08490026445688387	0.0	(0.08490026445688387+0j)
0.29333333333333333	0.08604444444444445	0.000843756565811038	0.08686449213975206	0.0	(0.08686449213975206+0j)
0.2966666666666667	0.08801111111111112	0.0008627610129333663	0.08885112656680787	0.0	(0.08885112656680787+0j)
0.30000000000000004	0.09000000000000002	0.0008819675799011106	0.09086016693483318	0.0	(0.09086016693483318+0j)
0.30333333333333334	0.09201111111111111	0.0009013758509311964	0.09289161251816902	0.0	(0.09289161251816902+0j)
0.3066666666666667	0.09404444444444446	0.000920985406123398	0.09494546266086108	0.0	(0.09494546266086108+0j)
0.31	0.0961	0.0009407958214771028	0.09702171676943822	0.0	(0.09702171676943822+0j)
0.31333333333333335	0.0981777777777778	0.0009608066689088535	0.09912037430629898	0.0	(0.09912037430629898+0j)
0.3166666666666667	0.1002777777777778	0.0009810175162691115	0.10124143478365107	0.0	(0.10124143478365107+0j)
0.32	0.1024	0.0010014279273602433	0.10338489775796737	0.0	(0.10338489775796737+0j)
0.32333333333333336	0.10454444444444447	0.0010220374619536177	0.1055507628249205	0.0	(0.1055507628249205+0j)
0.32666666666666666	0.1067111111111111	0.001042845675807813	0.10773902961475493	0.0	(0.10773902961475493+0j)
0.33	0.10890000000000001	0.0010638521206863816	0.10994969778806796	0.0	(0.10994969778806796+0j)
0.33333333333333337	0.11111111111111113	0.0010850563443758343	0.11218276703196801	0.0	(0.11218276703196801+0j)
0.33666666666666667	0.11334444444444444	0.0011064578907039602	0.1144382370565709	0.0	(0.1144382370565709+0j)
0.34	0.11560000000000002	0.0011280562995580334	0.11671610759181698	0.0	(0.11671610759181698+0j)
0.3433333333333334	0.1178777777777778	0.0011498511069036876	0.11901637838458	0.0	(0.11901637838458+0j)
0.3466666666666667	0.12017777777777779	0.00117184184480279	0.12133904919603408	0.0	(0.12133904919603408+0j)
0.35000000000000003	0.12250000000000003	0.0011940280414333149	0.12368411979927611	0.0	(0.12368411979927611+0j)
0.35333333333333333	0.12484444444444444	0.0012164092211073285	0.12605158997716304	0.0	(0.12605158997716304+0j)
0.3566666666666667	0.12721111111111114	0.0012389849042905299	0.12844145952036012	0.0	(0.12844145952036012+0j)
0.36000000000000004	0.12960000000000002	0.001261754607621457	0.1308537282255647	0.0	(0.1308537282255647+0j)
0.36333333333333334	0.1320111111111111	0.001284717843930805	0.13328839589391733	0.0	(0.13328839589391733+0j)
0.3666666666666667	0.13444444444444448	0.0013078741222604107	0.13574546232955464	0.0	(0.13574546232955464+0j)
0.37000000000000005	0.13690000000000005	0.0013312229478839033	0.13822492733830796	0.0	(0.13822492733830796+0j)
0.37333333333333335	0.1393777777777778	0.0013547638223256886	0.14072679072654276	0.0	(0.14072679072654276+0j)
0.3766666666666667	0.1418777777777778	0.0013784962433808223	0.14325105230009505	0.0	(0.14325105230009505+0j)
0.38	0.1444	0.0014024197051354381	0.1457977118633369	0.0	(0.1457977118633369+0j)
0.38333333333333336	0.14694444444444446	0.0014265336979867316	0.148366769218329	0.0	(0.148366769218329+0j)
0.3866666666666667	0.14951111111111115	0.0014508377086633328	0.15095822416406485	0.0	(0.15095822416406485+0j)
0.39	0.1521	0.0014753312202454572	0.15357207649579005	0.0	(0.15357207649579005+0j)
0.39333333333333337	0.15471111111111113	0.001500013712185666	0.15620832600441806	0.0	(0.15620832600441806+0j)
0.39666666666666667	0.15734444444444445	0.0015248846603295174	0.1588669724759832	0.0	(0.1588669724759832+0j)
0.4	0.16000000000000003	0.0015499435369363823	0.16154801569117344	0.0	(0.16154801569117344+0j)
0.4033333333333334	0.1626777777777778	0.0015751898107002615	0.1642514554249187	0.0	(0.1642514554249187+0j)
0.4066666666666667	0.1653777777777778	0.001600622946770991	0.1669772914460197	0.0	(0.1669772914460197+0j)
0.41000000000000003	0.16810000000000003	0.0016262424067752246	0.16972552351683723	0.0	(0.16972552351683723+0j)
0.4133333333333334	0.1708444444444445	0.0016520476488377511	0.17249615139301064	0.0	(0.17249615139301064+0j)
0.4166666666666667	0.17361111111111113	0.001678038127603143	0.1752891748232112	0.0	(0.1752891748232112+0j)
0.42000000000000004	0.17640000000000003	0.001704213294256962	0.17810459354895225	0.0	(0.17810459354895225+0j)
0.42333333333333334	0.17921111111111113	0.0017305725965474639	0.1809424073044052	0.0	(0.1809424073044052+0j)
0.4266666666666667	0.18204444444444448	0.0017571154788076915	0.1838026158162541	0.0	(0.1838026158162541+0j)
0.43000000000000005	0.18490000000000004	0.0017838413819766807	0.18668521880358188	0.0	(0.18668521880358188+0j)
0.43333333333333335	0.1877777777777778	0.0018107497436222753	0.18959021597776538	0.0	(0.18959021597776538+0j)
0.4366666666666667	0.1906777777777778	0.0018378399979624427	0.19251760704240456	0.0	(0.19251760704240456+0j)
0.44	0.1936	0.0018651115758879233	0.19546739169325947	0.0	(0.19546739169325947+0j)
0.44333333333333336	0.19654444444444447	0.00189256390498449	0.1984395696182222	0.0	(0.1984395696182222+0j)
0.4466666666666667	0.19951111111111114	0.0019201964095553747	0.2014341404972757	0.0	(0.2014341404972757+0j)
0.45	0.2025	0.001948008510643473	0.20445110400249422	0.0	(0.20445110400249422+0j)
0.45333333333333337	0.20551111111111114	0.001975999626054492	0.20749045979804062	0.0	(0.20749045979804062+0j)
0.4566666666666667	0.2085444444444445	0.002004169170379433	0.21055220754017656	0.0	(0.21055220754017656+0j)
0.46	0.2116	0.002032516555017294	0.21363634687729144	0.0	(0.21363634687729144+0j)
0.4633333333333334	0.21467777777777783	0.002061041188198165	0.21674287744992593	0.0	(0.21674287744992593+0j)
0.4666666666666667	0.2177777777777778	0.002089742475006484	0.21987179889081565	0.0	(0.21987179889081565+0j)
0.47000000000000003	0.22090000000000004	0.0021186198174035775	0.22302311082494117	0.0	(0.22302311082494117+0j)
0.4733333333333334	0.2240444444444445	0.0021476726142515834	0.22619681286957077	0.0	(0.22619681286957077+0j)
0.4766666666666667	0.2272111111111111	0.0021769002613362676	0.22939290463433118	0.0	(0.22939290463433118+0j)
0.48000000000000004	0.23040000000000005	0.0022063021513907266	0.23261138572126414	0.0	(0.23261138572126414+0j)
0.48333333333333334	0.2336111111111111	0.0022358776741188136	0.23585225572489812	0.0	(0.23585225572489812+0j)
0.4866666666666667	0.23684444444444447	0.0022656262162186747	0.23911551423231348	0.0	(0.23911551423231348+0j)
0.49000000000000005	0.24010000000000004	0.0022955471614066747	0.24240116082323115	0.0	(0.24240116082323115+0j)
0.49333333333333335	0.2433777777777778	0.0023256398904409337	0.24570919507007527	0.0	(0.24570919507007527+0j)
0.4966666666666667	0.2466777777777778	0.002355903781145363	0.24903961653806922	0.0	(0.24903961653806922+0j)
0.5	0.25	0.002386338208433536	0.2523924247853107	0.0	(0.2523924247853107+0j)
0.5033333333333334	0.25334444444444454	0.002416942544332723	0.2557676193628614	0.0	(0.2557676193628614+0j)
0.5066666666666667	0.25671111111111117	0.0024477161580083173	0.25916519981482256	0.0	(0.25916519981482256+0j)
0.51	0.2601	0.0024786584157874825	0.262585165678449	0.0	(0.262585165678449+0j)
0.5133333333333334	0.2635111111111112	0.0025097686811840214	0.2660275164842115	0.0	(0.2660275164842115+0j)
0.5166666666666667	0.2669444444444445	0.0025410463149223572	0.2694922517558967	0.0	(0.2694922517558967+0j)
0.52	0.27040000000000003	0.00257249067496218	0.2729793710107103	0.0	(0.2729793710107103+0j)
0.5233333333333333	0.2738777777777778	0.0026041011165230388	0.27648887375935016	0.0	(0.27648887375935016+0j)
0.5266666666666667	0.27737777777777783	0.002635876992108571	0.2800207595061091	0.0	(0.2800207595061091+0j)
0.53	0.28090000000000004	0.002667817651531651	0.28357502774897336	0.0	(0.28357502774897336+0j)
0.5333333333333333	0.28444444444444444	0.0026999224419387846	0.2871516779796942	0.0	(0.2871516779796942+0j)
0.5366666666666667	0.28801111111111116	0.002732190707835258	0.2907507096839045	0.0	(0.2907507096839045+0j)
0.54	0.2916	0.002764621791109645	0.2943721223411998	0.0	(0.2943721223411998+0j)
0.5433333333333333	0.2952111111111111	0.0027972150310590915	0.2980159154252262	0.0	(0.2980159154252262+0j)
0.5466666666666667	0.2988444444444445	0.002829969764414131	0.3016820884037826	0.0	(0.3016820884037826+0j)
0.55	0.30250000000000005	0.002862885325363884	0.30537064073890485	0.0	(0.30537064073890485+0j)
0.5533333333333333	0.30617777777777777	0.0028959610455812357	0.309081571886964	0.0	(0.309081571886964+0j)
0.5566666666666668	0.30987777777777786	0.0029291962542479233	0.31281488129875207	0.0	(0.31281488129875207+0j)
0.56	0.31360000000000005	0.0029625902780798796	0.31657056841957426	0.0	(0.31657056841957426+0j)
0.5633333333333334	0.3173444444444445	0.002996142441352684	0.32034863268933905	0.0	(0.32034863268933905+0j)
0.5666666666666667	0.32111111111111107	0.0030298520659267636	0.32414907354264144	0.0	(0.32414907354264144+0j)
0.5700000000000001	0.3249000000000001	0.003063718471272958	0.3279718904088685	0.0	(0.3279718904088685+0j)
0.5733333333333334	0.3287111111111111	0.003097740974498081	0.33181708271227184	0.0	(0.33181708271227184+0j)
0.5766666666666667	0.3325444444444444	0.0031319188903703443	0.3356846498720562	0.0	(0.3356846498720562+0j)
0.5800000000000001	0.3364000000000001	0.0031662515313450046	0.3395745913024776	0.0	(0.3395745913024776+0j)
0.5833333333333334	0.34027777777777785	0.003200738207590148	0.34348690641291085	0.0	(0.34348690641291085+0j)
0.5866666666666667	0.3441777777777778	0.0032353782270123366	0.3474215946079555	0.0	(0.3474215946079555+0j)
0.5900000000000001	0.3481000000000001	0.0032701708952822817	0.3513786552875137	0.0	(0.3513786552875137+0j)
0.5933333333333334	0.3520444444444445	0.003305115515860768	0.3553580878468544	0.0	(0.3553580878468544+0j)
0.5966666666666667	0.3560111111111111	0.0033402113900244945	0.3593598916767369	0.0	(0.3593598916767369+0j)
0.6000000000000001	0.3600000000000001	0.003375457816891969	0.3633840661634532	0.0	(0.3633840661634532+0j)
0.6033333333333334	0.3640111111111112	0.003410854093449406	0.36743061068893146	0.0	(0.36743061068893146+0j)
0.6066666666666667	0.36804444444444445	0.0034463995145768145	0.37149952463081487	0.0	(0.37149952463081487+0j)
0.61	0.3721	0.0034820933730738968	0.3755908073625377	0.0	(0.3755908073625377+0j)
0.6133333333333334	0.37617777777777783	0.003517934959686164	0.3797044582534116	0.0	(0.3797044582534116+0j)
0.6166666666666667	0.3802777777777778	0.003553923563131167	0.3838404766686933	0.0	(0.3838404766686933+0j)
0.62	0.3844	0.003590058470124363	0.38799886196967437	0.0	(0.38799886196967437+0j)
0.6233333333333334	0.3885444444444445	0.00362633896540554	0.3921796135137495	0.0	(0.3921796135137495+0j)
0.6266666666666667	0.3927111111111112	0.003662764331764906	0.3963827306545044	0.0	(0.3963827306545044+0j)
0.63	0.39690000000000003	0.003699333850069292	0.4006082127417772	0.0	(0.4006082127417772+0j)
0.6333333333333334	0.4011111111111112	0.003736046799288517	0.4048560591217484	0.0	(0.4048560591217484+0j)
0.6366666666666667	0.4053444444444445	0.003772902456521565	0.4091262691370084	0.0	(0.4091262691370084+0j)
0.64	0.4096	0.003809900097023061	0.4134188421266351	0.0	(0.4134188421266351+0j)
0.6433333333333334	0.4138777777777779	0.003847038994229418	0.41773377742626244	0.0	(0.41773377742626244+0j)
0.6466666666666667	0.41817777777777787	0.0038843184197853986	0.4220710743681645	0.0	(0.4220710743681645+0j)
0.65	0.42250000000000004	0.0039217376435704	0.42643073228131184	0.0	(0.42643073228131184+0j)
0.6533333333333333	0.4268444444444444	0.003959295933724849	0.4308127504914583	0.0	(0.4308127504914583+0j)
0.6566666666666667	0.4312111111111112	0.003996992556676793	0.43521712832120346	0.0	(0.43521712832120346+0j)
0.66	0.43560000000000004	0.004034826777168099	0.4396438650900675	0.0	(0.4396438650900675+0j)
0.6633333333333333	0.44001111111111113	0.0040727978582811575	0.4440929601145652	0.0	(0.4440929601145652+0j)
0.6666666666666667	0.44444444444444453	0.004110905061465331	0.44856441270826897	0.0	(0.44856441270826897+0j)
0.67	0.4489000000000001	0.004149147646563239	0.45305822218188235	0.0	(0.45305822218188235+0j)
0.6733333333333333	0.45337777777777777	0.004187524871837656	0.45757438784330984	0.0	(0.45757438784330984+0j)
0.6766666666666667	0.4578777777777779	0.004226035993997623	0.46211290899772717	0.0	(0.46211290899772717+0j)
0.68	0.4624000000000001	0.004264680268225296	0.4666737849476452	0.0	(0.4666737849476452+0j)
0.6833333333333333	0.46694444444444444	0.004303456948202361	0.47125701499298095	0.0	(0.47125701499298095+0j)
0.6866666666666668	0.4715111111111112	0.004342365286136629	0.4758625984311272	0.0	(0.4758625984311272+0j)
0.6900000000000001	0.4761000000000001	0.004381404532788458	0.48049053455701735	0.0	(0.48049053455701735+0j)
0.6933333333333334	0.48071111111111114	0.0044205739374975905	0.48514082266320335	0.0	(0.48514082266320335+0j)
0.6966666666666667	0.4853444444444444	0.0044598727482094425	0.4898134620398989	0.0	(0.4898134620398989+0j)
0.7000000000000001	0.4900000000000001	0.004499300211501828	0.49450845197508664	0.0	(0.49450845197508664+0j)
0.7033333333333334	0.4946777777777778	0.0045388555726114665	0.4992257917545341	0.0	(0.4992257917545341+0j)
0.7066666666666667	0.49937777777777775	0.004578538075460645	0.5039654806619154	0.0	(0.5039654806619154+0j)
0.7100000000000001	0.5041000000000001	0.004618346962683678	0.5087275179788325	0.0	(0.5087275179788325+0j)
0.7133333333333334	0.5088444444444445	0.004658281475653461	0.5135119029849137	0.0	(0.5135119029849137+0j)
0.7166666666666667	0.5136111111111111	0.004698340854508112	0.5183186349578734	0.0	(0.5183186349578734+0j)
0.7200000000000001	0.5184000000000001	0.004738524338177563	0.523147713173564	0.0	(0.523147713173564+0j)
0.7233333333333334	0.5232111111111112	0.0047788311644099	0.5279991369060775	0.0	(0.5279991369060775+0j)
0.7266666666666667	0.5280444444444444	0.004819260569798131	0.5328729054277821	0.0	(0.5328729054277821+0j)
0.7300000000000001	0.5329000000000002	0.004859811789806545	0.5377690180094001	0.0	(0.5377690180094001+0j)
0.7333333333333334	0.5377777777777779	0.004900484058797325	0.54268747392009	0.0	(0.54268747392009+0j)
0.7366666666666667	0.5426777777777778	0.004941276610057013	0.5476282724275137	0.0	(0.5476282724275137+0j)
0.7400000000000001	0.5476000000000002	0.0049821886758229655	0.5525914127978896	0.0	(0.5525914127978896+0j)
0.7433333333333334	0.5525444444444445	0.00502321948730991	0.5575768942960878	0.0	(0.5575768942960878+0j)
0.7466666666666667	0.5575111111111112	0.005064368274736289	0.5625847161856833	0.0	(0.5625847161856833+0j)
0.75	0.5625	0.005105634267350778	0.5676148777290506	0.0	(0.5676148777290506+0j)
0.7533333333333334	0.5675111111111112	0.00514701669345867	0.5726673781874275	0.0	(0.5726673781874275+0j)
0.7566666666666667	0.5725444444444445	0.0051885147804482945	0.5777422168209858	0.0	(0.5777422168209858+0j)
0.76	0.5776	0.005230127754817307	0.5828393928889193	0.0	(0.5828393928889193+0j)
0.7633333333333334	0.582677777777778	0.005271854842199192	0.587958905649527	0.0	(0.587958905649527+0j)
0.7666666666666667	0.5877777777777778	0.005313695267389396	0.5931007543602834	0.0	(0.5931007543602834+0j)
0.77	0.5929	0.005355648254371806	0.598264938277926	0.0	(0.598264938277926+0j)
0.7733333333333334	0.5980444444444446	0.005397713026344925	0.6034514566585567	0.0	(0.6034514566585567+0j)
0.7766666666666667	0.6032111111111113	0.0054398888057480554	0.6086603087576987	0.0	(0.6086603087576987+0j)
0.78	0.6084	0.005482174814287671	0.6138914938304374	0.0	(0.6138914938304374+0j)
0.7833333333333334	0.6136111111111112	0.00552457027296345	0.6191450111314551	0.0	(0.6191450111314551+0j)
0.7866666666666667	0.6188444444444445	0.005567074402094543	0.6244208599151985	0.0	(0.6244208599151985+0j)
0.79	0.6241000000000001	0.005609686421345517	0.6297190394359046	0.0	(0.6297190394359046+0j)
0.7933333333333333	0.6293777777777778	0.005652405549752673	0.6350395489477877	0.0	(0.6350395489477877+0j)
0.7966666666666667	0.6346777777777779	0.005695231005749854	0.6403823877050852	0.0	(0.6403823877050852+0j)
0.8	0.6400000000000001	0.005738162007194569	0.6457475549622246	0.0	(0.6457475549622246+0j)
0.8033333333333333	0.6453444444444445	0.005781197771394006	0.6511350499739066	0.0	(0.6511350499739066+0j)
0.8066666666666668	0.6507111111111112	0.005824337515130798	0.6565448719952712	0.0	(0.6565448719952712+0j)
0.81	0.6561000000000001	0.0058675804546890475	0.6619770202820199	0.0	(0.6619770202820199+0j)
0.8133333333333334	0.6615111111111112	0.005910925805880166	0.6674314940905516	0.0	(0.6674314940905516+0j)
0.8166666666666668	0.6669444444444446	0.005954372784068546	0.6729082926781401	0.0	(0.6729082926781401+0j)
0.8200000000000001	0.6724000000000001	0.005997920604197418	0.6784074153030759	0.0	(0.6784074153030759+0j)
0.8233333333333334	0.6778777777777778	0.006041568480814538	0.6839288612248777	0.0	(0.6839288612248777+0j)
0.8266666666666668	0.683377777777778	0.006085315628097845	0.6894726297044512	0.0	(0.6894726297044512+0j)
0.8300000000000001	0.6889000000000001	0.006129161259881083	0.695038720004292	0.0	(0.695038720004292+0j)
0.8333333333333334	0.6944444444444445	0.00617310458967929	0.7006271313887458	0.0	(0.7006271313887458+0j)
0.8366666666666667	0.7000111111111111	0.006217144830714394	0.7062378631242027	0.0	(0.7062378631242027+0j)
0.8400000000000001	0.7056000000000001	0.006261281195940646	0.7118709144793804	0.0	(0.7118709144793804+0j)
0.8433333333333334	0.7112111111111112	0.0063055128980700065	0.7175262847256054	0.0	(0.7175262847256054+0j)
0.8466666666666667	0.7168444444444445	0.006349839149597469	0.7232039731371176	0.0	(0.7232039731371176+0j)
0.8500000000000001	0.7225000000000001	0.006394259162826418	0.728903978991396	0.0	(0.728903978991396+0j)
0.8533333333333334	0.7281777777777779	0.006438772149893829	0.7346263015695587	0.0	(0.7346263015695587+0j)
0.8566666666666667	0.7338777777777779	0.006483377322795414	0.7403709401567463	0.0	(0.7403709401567463+0j)
0.8600000000000001	0.7396000000000001	0.006528073893410785	0.746137894042596	0.0	(0.746137894042596+0j)
0.8633333333333334	0.7453444444444446	0.0065728610735285575	0.7519271625217245	0.0	(0.7519271625217245+0j)
0.8666666666666667	0.7511111111111112	0.006617738074871191	0.7577387448943107	0.0	(0.7577387448943107+0j)
0.8700000000000001	0.7569000000000002	0.006662704109120135	0.7635726404666804	0.0	(0.7635726404666804+0j)
0.8733333333333334	0.7627111111111112	0.006707758387940424	0.7694288485520707	0.0	(0.7694288485520707+0j)
0.8766666666666667	0.7685444444444445	0.006752900123005834	0.7753073684713616	0.0	(0.7753073684713616+0j)
0.88	0.7744	0.006798128526023281	0.781208199554004	0.0	(0.781208199554004+0j)
0.8833333333333334	0.780277777777778	0.006843442808757726	0.787131341138994	0.0	(0.787131341138994+0j)
0.8866666666666667	0.7861777777777779	0.0068888421830566385	0.7930767925760817	0.0	(0.7930767925760817+0j)
0.89	0.7921	0.006934325860874661	0.7990445532270246	0.0	(0.7990445532270246+0j)
0.8933333333333334	0.7980444444444446	0.006979893054297935	0.8050346224671369	0.0	(0.8050346224671369+0j)
0.8966666666666667	0.8040111111111112	0.007025542975568587	0.8110469996870133	0.0	(0.8110469996870133+0j)
0.9	0.81	0.0070712748371090164	0.8170816842945643	0.0	(0.8170816842945643+0j)
0.9033333333333334	0.8160111111111112	0.007117087851546154	0.8231386757173265	0.0	(0.8231386757173265+0j)
0.9066666666666667	0.8220444444444446	0.0071629812317356364	0.8292179734052681	0.0	(0.8292179734052681+0j)
0.91	0.8281000000000001	0.00720895419078587	0.8353195768339501	0.0	(0.8353195768339501+0j)
0.9133333333333334	0.834177777777778	0.007255005942082095	0.8414434855084169	0.0	(0.8414434855084169+0j)
0.9166666666666667	0.8402777777777779	0.007301135699310297	0.8475896989677063	0.0	(0.8475896989677063+0j)
0.92	0.8464	0.007347342676481107	0.8537582167903255	0.0	(0.8537582167903255+0j)
0.9233333333333333	0.8525444444444444	0.007393626087953527	0.859949038600832	0.0	(0.859949038600832+0j)
0.9266666666666667	0.8587111111111113	0.0074399851484587	0.8661621640778474	0.0	(0.8661621640778474+0j)
0.93	0.8649000000000001	0.007486419073123467	0.8723975929638534	0.0	(0.8723975929638534+0j)
0.9333333333333333	0.8711111111111112	0.007532927077493992	0.8786553250773778	0.0	(0.8786553250773778+0j)
0.9366666666666668	0.8773444444444446	0.007579508377559115	0.8849353603281152	0.0	(0.8849353603281152+0j)
0.9400000000000001	0.8836000000000002	0.007626162189773807	0.8912376987360765	0.0	(0.8912376987360765+0j)
0.9433333333333334	0.8898777777777778	0.0076728877310823715	0.8975623404560029	0.0	(0.8975623404560029+0j)
0.9466666666666668	0.896177777777778	0.007719684218941786	0.9039092858089439	0.0	(0.9039092858089439+0j)
0.9500000000000001	0.9025000000000001	0.0077665508713446255	0.9102785353236023	0.0	(0.9102785353236023+0j)
0.9533333333333334	0.9088444444444445	0.007813486906842242	0.9166700897914173	0.0	(0.9166700897914173+0j)
0.9566666666666668	0.9152111111111113	0.007860491544567638	0.9230839503412254	0.0	(0.9230839503412254+0j)
0.9600000000000001	0.9216000000000002	0.007907564004258273	0.929520118542368	0.0	(0.929520118542368+0j)
0.9633333333333334	0.9280111111111112	0.00795470350627888	0.9359785965505393	0.0	(0.9359785965505393+0j)
0.9666666666666667	0.9344444444444444	0.008001909271644111	0.9424593873194071	0.0	(0.9424593873194071+0j)
0.9700000000000001	0.9409000000000002	0.008049180522041087	0.9489624949171407	0.0	(0.9489624949171407+0j)
0.9733333333333334	0.9473777777777779	0.008096516479851879	0.9554879250172552	0.0	(0.9554879250172552+0j)
0.9766666666666667	0.9538777777777778	0.008143916368175873	0.9620356856932589	0.0	(0.9620356856932589+0j)
0.9800000000000001	0.9604000000000001	0.008191379410852094	0.9686057887746858	0.0	(0.9686057887746858+0j)
0.9833333333333334	0.9669444444444446	0.008238904832481367	0.9751982523195571	0.0	(0.9751982523195571+0j)
0.9866666666666667	0.9735111111111112	0.008286491858448382	0.9818131055251951	0.0	(0.9818131055251951+0j)
0.9900000000000001	0.9801000000000002	0.008334139714943734	0.9884503996783855	0.0	(0.9884503996783855+0j)
0.9933333333333334	0.9867111111111112	0.008381847628985813	0.9951102369935523	0.0	(0.9951102369935523+0j)
0.9966666666666667	0.9933444444444445	0.008429614828442539	1.0017928696109903	0.0	(1.0017928696109903+0j)
1.0	1.0	0.00847744054205312	1.0084992705745441	0.0	(1.0084992705745441+0j)
