-1.0	-1.0	-0.0029284519018753117	-1.0029354453130717	0.0	(-1.0029354453130717+0j)
-0.995	-0.990025	-0.0029258863329191657	-0.9929562401416228	0.0	(-0.9929562401416228+0j)
-0.99	-0.9801	-0.0029232818105685535	-0.9830278181910322	0.0	(-0.9830278181910322+0j)
-0.985	-0.970225	-0.0029206375440396985	-0.9731496355849257	0.0	(-0.9731496355849257+0j)
-0.98	-0.9603999999999999	-0.0029179527225837065	-0.963321553220654	0.0	(-0.963321553220654+0j)
-0.975	-0.9506249999999999	-0.002915226514900057	-0.9535435146296559	0.0	(-0.9535435146296559+0j)
-0.97	-0.9409	-0.0029124580685319697	-0.9438154910979238	0.0	(-0.9438154910979238+0j)
-0.965	-0.931225	-0.0029096465092431907	-0.9341374658377819	0.0	(-0.9341374658377819+0j)
-0.96	-0.9216	-0.0029067909403757493	-0.9245094280211588	0.0	(-0.9245094280211588+0j)
-0.9550000000000001	-0.9120250000000001	-0.0029038904421882293	-0.9149313701193618	0.0	(-0.9149313701193618+0j)
-0.9500000000000001	-0.9025000000000001	-0.002900944071174127	-0.9054032865703378	0.0	(-0.9054032865703378+0j)
-0.9450000000000001	-0.8930250000000001	-0.00289795085935986	-0.8959251730508797	0.0	(-0.8959251730508797+0j)
-0.9400000000000001	-0.8836000000000002	-0.0028949098135820214	-0.8864970260517453	0.0	(-0.8864970260517453+0j)
-0.935	-0.8742250000000001	-0.0028918199147434627	-0.8771188426161081	0.0	(-0.8771188426161081+0j)
-0.93	-0.8649000000000001	-0.0028886801170478495	-0.8677906201713587	0.0	(-0.8677906201713587+0j)
-0.925	-0.8556250000000001	-0.002885489347212309	-0.8585123564169992	0.0	(-0.8585123564169992+0j)
-0.92	-0.8464	-0.0028822465036578556	-0.849284049247476	0.0	(-0.849284049247476+0j)
-0.915	-0.8372250000000001	-0.002878950455677279	-0.8401056966977323	0.0	(-0.8401056966977323+0j)
-0.91	-0.8281000000000001	-0.0028756000425802404	-0.8309772969038252	0.0	(-0.8309772969038252+0j)
-0.905	-0.819025	-0.0028721940728153417	-0.8218988480739189	0.0	(-0.8218988480739189+0j)
-0.9	-0.81	-0.0028687313230689807	-0.8128703484663589	0.0	(-0.8128703484663589+0j)
-0.895	-0.801025	-0.0028652105373408675	-0.8038917963730163	0.0	(-0.8038917963730163+0j)
-0.89	-0.7921	-0.002861630425996114	-0.7949631901062535	0.0	(-0.7949631901062535+0j)
-0.885	-0.7832250000000001	-0.002857989664793877	-0.7860845279887232	0.0	(-0.7860845279887232+0j)
-0.88	-0.7744	-0.002854286893892617	-0.7772558083450566	0.0	(-0.7772558083450566+0j)
-0.875	-0.765625	-0.002850520716832073	-0.7684770294952855	0.0	(-0.7684770294952855+0j)
-0.87	-0.7569	-0.0028466896994921768	-0.7597481897492295	0.0	(-0.7597481897492295+0j)
-0.865	-0.748225	-0.002842792369029196	-0.7510692874019256	0.0	(-0.7510692874019256+0j)
-0.86	-0.7395999999999999	-0.0028388272127894882	-0.7424403207296427	0.0	(-0.7424403207296427+0j)
-0.855	-0.7310249999999999	-0.0028347926772013744	-0.7338612879865082	0.0	(-0.7338612879865082+0j)
-0.85	-0.7224999999999999	-0.002830687166645733	-0.7253321874014836	0.0	(-0.7253321874014836+0j)
-0.845	-0.7140249999999999	-0.002826509042306056	-0.7168530171756796	0.0	(-0.7168530171756796+0j)
-0.84	-0.7055999999999999	-0.002822256620998835	-0.7084237754799593	0.0	(-0.7084237754799593+0j)
-0.835	-0.697225	-0.002817928173985283	-0.7000444604526775	0.0	(-0.7000444604526775+0j)
-0.8300000000000001	-0.6889000000000001	-0.002813521925765573	-0.691715070197588	0.0	(-0.691715070197588+0j)
-0.8250000000000001	-0.6806250000000001	-0.002809036052856905	-0.6834356027818923	0.0	(-0.6834356027818923+0j)
-0.8200000000000001	-0.6724000000000001	-0.002804468682556934	-0.675206056234366	0.0	(-0.675206056234366+0j)
-0.8150000000000001	-0.6642250000000001	-0.0027998178916942384	-0.6670264285435163	0.0	(-0.6670264285435163+0j)
-0.81	-0.6561000000000001	-0.00279508170536773	-0.658896717655883	0.0	(-0.658896717655883+0j)
-0.805	-0.6480250000000001	-0.002790258095677125	-0.6508169214742819	0.0	(-0.6508169214742819+0j)
-0.8	-0.6400000000000001	-0.002785344980446802	-0.6427870378561613	0.0	(-0.6427870378561613+0j)
-0.795	-0.6320250000000001	-0.0027803402219456186	-0.6348070646119398	0.0	(-0.6348070646119398+0j)
-0.79	-0.6241000000000001	-0.0027752416256055282	-0.6268769995034205	0.0	(-0.6268769995034205+0j)
-0.785	-0.616225	-0.002770046938742061	-0.6189968402421661	0.0	(-0.6189968402421661+0j)
-0.78	-0.6084	-0.0027647538492800534	-0.6111665844879558	0.0	(-0.6111665844879558+0j)
-0.775	-0.6006250000000001	-0.0027593599844882833	-0.6033862298472454	0.0	(-0.6033862298472454+0j)
-0.77	-0.5929	-0.002753862909726955	-0.5956557738716546	0.0	(-0.5956557738716546+0j)
-0.765	-0.585225	-0.0027482601272123303	-0.5879752140564959	0.0	(-0.5879752140564959+0j)
-0.76	-0.5776	-0.0027425490748031038	-0.5803445478393138	0.0	(-0.5803445478393138+0j)
-0.755	-0.570025	-0.002736727124813466	-0.5727637725985346	0.0	(-0.5727637725985346+0j)
-0.75	-0.5625	-0.002730791582858175	-0.5652328856520531	0.0	(-0.5652328856520531+0j)
-0.745	-0.555025	-0.002724739686735288	-0.5577518842559843	0.0	(-0.5577518842559843+0j)
-0.74	-0.5476	-0.0027185686053526116	-0.5503207656034	0.0	(-0.5503207656034+0j)
-0.735	-0.540225	-0.0027122754377043004	-0.5429395268231497	0.0	(-0.5429395268231497+0j)
-0.73	-0.5328999999999999	-0.0027058572119044396	-0.5356081649787812	0.0	(-0.5356081649787812+0j)
-0.725	-0.525625	-0.002699310884284841	-0.5283266770675086	0.0	(-0.5283266770675086+0j)
-0.72	-0.5184	-0.002692633338564716	-0.521095060019282	0.0	(-0.521095060019282+0j)
-0.715	-0.5112249999999999	-0.0026858213851002834	-0.5139133106959621	0.0	(-0.5139133106959621+0j)
-0.71	-0.5041	-0.002678871760222814	-0.5067814258905938	0.0	(-0.5067814258905938+0j)
-0.705	-0.49702499999999994	-0.00267178112567403	-0.49969940232678717	0.0	(-0.49969940232678717+0j)
-0.7000000000000001	-0.4900000000000001	-0.0026645460681482187	-0.49266723665825424	0.0	(-0.49266723665825424+0j)
-0.6950000000000001	-0.4830250000000001	-0.0026571630989508303	-0.48568492546845127	0.0	(-0.48568492546845127+0j)
-0.6900000000000001	-0.4761000000000001	-0.0026496286537837804	-0.4787524652703678	0.0	(-0.4787524652703678+0j)
-0.685	-0.46922500000000006	-0.0026419390926680757	-0.4718698525065025	0.0	(-0.4718698525065025+0j)
-0.68	-0.4624000000000001	-0.002634090700014826	-0.4650370835489717	0.0	(-0.4650370835489717+0j)
-0.675	-0.45562500000000006	-0.0026260796848560797	-0.4582541546998164	0.0	(-0.4582541546998164+0j)
-0.67	-0.4489000000000001	-0.002617902181247344	-0.45152106219150895	0.0	(-0.45152106219150895+0j)
-0.665	-0.44222500000000003	-0.0026095542488540177	-0.4448378021876249	0.0	(-0.4448378021876249+0j)
-0.66	-0.43560000000000004	-0.0026010318737343233	-0.4382043707837844	0.0	(-0.4382043707837844+0j)
-0.655	-0.42902500000000005	-0.0025923309693316773	-0.431620764008782	0.0	(-0.431620764008782+0j)
-0.65	-0.42250000000000004	-0.0025834473776897523	-0.4250869778259747	0.0	(-0.4250869778259747+0j)
-0.645	-0.41602500000000003	-0.0025743768709037642	-0.41860300813493007	0.0	(-0.41860300813493007+0j)
-0.64	-0.4096	-0.002565115152821794	-0.41216885077334453	0.0	(-0.41216885077334453+0j)
-0.635	-0.403225	-0.002555657861010162	-0.40578450151920953	0.0	(-0.40578450151920953+0j)
-0.63	-0.39690000000000003	-0.0025460005689970605	-0.39944995609334016	0.0	(-0.39944995609334016+0j)
-0.625	-0.390625	-0.0025361387888088007	-0.393165210162172	0.0	(-0.393165210162172+0j)
-0.62	-0.3844	-0.0025260679738131155	-0.38693025934089753	0.0	(-0.38693025934089753+0j)
-0.615	-0.378225	-0.002515783521884003	-0.3807450991969411	0.0	(-0.3807450991969411+0j)
-0.61	-0.3721	-0.0025052807789025934	-0.3746097252537951	0.0	(-0.3746097252537951+0j)
-0.605	-0.366025	-0.0024945550426084366	-0.368524132995235	0.0	(-0.368524132995235+0j)
-0.6	-0.36	-0.002483601566815492	-0.3624883178699045	0.0	(-0.3624883178699045+0j)
-0.595	-0.354025	-0.0024724155660068767	-0.35650227529631723	0.0	(-0.35650227529631723+0j)
-0.59	-0.34809999999999997	-0.0024609922203221745	-0.35056600066825727	0.0	(-0.35056600066825727+0j)
-0.585	-0.34222499999999995	-0.002449326680950744	-0.34467948936063436	0.0	(-0.34467948936063436+0j)
-0.58	-0.3364	-0.002437414075944035	-0.33884273673574045	0.0	(-0.33884273673574045+0j)
-0.5750000000000001	-0.33062500000000006	-0.0024252495164594143	-0.3330557381500202	0.0	(-0.3330557381500202+0j)
-0.5700000000000001	-0.3249000000000001	-0.0024128281034473875	-0.3273184889612562	0.0	(-0.3273184889612562+0j)
-0.5650000000000001	-0.3192250000000001	-0.0024001449347934222	-0.3216309845362369	0.0	(-0.3216309845362369+0j)
-0.56	-0.31360000000000005	-0.002387195112924773	-0.3159932202589741	0.0	(-0.3159932202589741+0j)
-0.555	-0.30802500000000005	-0.0023739737528918393	-0.31040519153932505	0.0	(-0.31040519153932505+0j)
-0.55	-0.30250000000000005	-0.0023604759909325837	-0.30486689382222676	0.0	(-0.30486689382222676+0j)
-0.545	-0.29702500000000004	-0.0023466969935274657	-0.29937832259735336	0.0	(-0.29937832259735336+0j)
-0.54	-0.2916	-0.002332631966951131	-0.29393947340935905	0.0	(-0.29393947340935905+0j)
-0.535	-0.286225	-0.0023182761673258136	-0.2885503418686256	0.0	(-0.2885503418686256+0j)
-0.53	-0.28090000000000004	-0.002303624911179993	-0.28321092366252726	0.0	(-0.28321092366252726+0j)
-0.525	-0.275625	-0.0022886735865143273	-0.27792121456725766	0.0	(-0.27792121456725766+0j)
-0.52	-0.27040000000000003	-0.0022734176643752664	-0.2726812104601658	0.0	(-0.2726812104601658+0j)
-0.515	-0.265225	-0.0022578527109350125	-0.26749090733261643	0.0	(-0.26749090733261643+0j)
-0.51	-0.2601	-0.0022419744000746686	-0.2623503013034049	0.0	(-0.2623503013034049+0j)
-0.505	-0.255025	-0.00222577852646544	-0.2572593886326542	0.0	(-0.2572593886326542+0j)
-0.5	-0.25	-0.0022092610191407577	-0.25221816573624645	0.0	(-0.25221816573624645+0j)
-0.495	-0.245025	-0.0021924179555500027	-0.24722662920072408	0.0	(-0.24722662920072408+0j)
-0.49	-0.24009999999999998	-0.0021752455760822974	-0.24228477579870913	0.0	(-0.24228477579870913+0j)
-0.485	-0.235225	-0.0021577402990464855	-0.2373926025047435	0.0	(-0.2373926025047435+0j)
-0.48	-0.2304	-0.0021398987360910196	-0.2325501065116099	0.0	(-0.2325501065116099+0j)
-0.47500000000000003	-0.22562500000000002	-0.002121717708044965	-0.22775728524704458	0.0	(-0.22775728524704458+0j)
-0.47000000000000003	-0.22090000000000004	-0.0021031942611587735	-0.22301413639085643	0.0	(-0.22301413639085643+0j)
-0.465	-0.21622500000000003	-0.0020843256837208457	-0.2183206578924015	0.0	(-0.2183206578924015+0j)
-0.46	-0.2116	-0.002065109523023211	-0.21367684798839384	0.0	(-0.21367684798839384+0j)
-0.455	-0.20702500000000001	-0.002045543602646928	-0.20908270522099445	0.0	(-0.20908270522099445+0j)
-0.45	-0.2025	-0.0020256260400350295	-0.20453822845616293	0.0	(-0.20453822845616293+0j)
-0.445	-0.198025	-0.002005355264318051	-0.20004341690220803	0.0	(-0.20004341690220803+0j)
-0.44	-0.1936	-0.001984730034354374	-0.19559827012850955	0.0	(-0.19559827012850955+0j)
-0.435	-0.189225	-0.0019637494569448035	-0.19120278808434013	0.0	(-0.19120278808434013+0j)
-0.43	-0.18489999999999998	-0.0019424130051779998	-0.18685697111775754	0.0	(-0.18685697111775754+0j)
-0.425	-0.18062499999999998	-0.0019207205368606372	-0.1825608199945001	0.0	(-0.1825608199945001+0j)
-0.42	-0.17639999999999997	-0.0018986723129834084	-0.17831433591684104	0.0	(-0.17831433591684104+0j)
-0.41500000000000004	-0.17222500000000002	-0.0018762690161713434	-0.17411752054234123	0.0	(-0.17411752054234123+0j)
-0.41000000000000003	-0.16810000000000003	-0.0018535117690642996	-0.16997037600244438	0.0	(-0.16997037600244438+0j)
-0.405	-0.16402500000000003	-0.0018304021525709833	-0.16587290492088122	0.0	(-0.16587290492088122+0j)
-0.4	-0.16000000000000003	-0.0018069422239374397	-0.16182511043181766	0.0	(-0.16182511043181766+0j)
-0.395	-0.15602500000000002	-0.0017831345345686795	-0.15782699619771778	0.0	(-0.15782699619771778+0j)
-0.39	-0.1521	-0.0017589821475399582	-0.1538785664268917	0.0	(-0.1538785664268917+0j)
-0.385	-0.148225	-0.0017344886547322259	-0.14997982589071251	0.0	(-0.14997982589071251+0j)
-0.38	-0.1444	-0.001709658193524468	-0.14613077994049167	0.0	(-0.14613077994049167+0j)
-0.375	-0.140625	-0.0016844954629740014	-0.14233143452403593	0.0	(-0.14233143452403593+0j)
-0.37	-0.1369	-0.0016590057394143937	-0.13858179620194322	0.0	(-0.13858179620194322+0j)
-0.365	-0.13322499999999998	-0.0016331948913994596	-0.13488187216368527	0.0	(-0.13488187216368527+0j)
-0.36	-0.1296	-0.0016070693939208383	-0.13123167024361018	0.0	(-0.13123167024361018+0j)
-0.355	-0.126025	-0.001580636341825941	-0.12763119893701336	0.0	(-0.12763119893701336+0j)
-0.35000000000000003	-0.12250000000000003	-0.0015539034623626368	-0.12408046741646546	0.0	(-0.12408046741646546+0j)
-0.34500000000000003	-0.11902500000000002	-0.0015268791267768855	-0.1205794855486907	0.0	(-0.1205794855486907+0j)
-0.34	-0.11560000000000002	-0.0014995723608896817	-0.11712826391229857	0.0	(-0.11712826391229857+0j)
-0.335	-0.11222500000000002	-0.0014719928545801218	-0.11372681381678555	0.0	(-0.11372681381678555+0j)
-0.33	-0.10890000000000001	-0.0014441509701022012	-0.11037514732328618	0.0	(-0.11037514732328618+0j)
-0.325	-0.10562500000000001	-0.0014160577491640442	-0.1070732772676563	0.0	(-0.1070732772676563+0j)
-0.32	-0.1024	-0.0013877249186997345	-0.10382121728654096	0.0	(-0.10382121728654096+0j)
-0.315	-0.09922500000000001	-0.0013591648952657014	-0.1006189818472001	0.0	(-0.1006189818472001+0j)
-0.31	-0.0961	-0.0013303907879957792	-0.09746658628195463	0.0	(-0.09746658628195463+0j)
-0.305	-0.093025	-0.0013014164000515595	-0.09436404682819652	0.0	(-0.09436404682819652+0j)
-0.3	-0.09	-0.0012722562285075283	-0.09131138067500871	0.0	(-0.09131138067500871+0j)
-0.295	-0.08702499999999999	-0.0012429254626137093	-0.08830860601751182	0.0	(-0.08830860601751182+0j)
-0.29	-0.0841	-0.0012134399803821188	-0.08535574212008343	0.0	(-0.08535574212008343+0j)
-0.28500000000000003	-0.08122500000000002	-0.0011838163434472857	-0.08245280938966709	0.0	(-0.08245280938966709+0j)
-0.28	-0.07840000000000001	-0.0011540717901553732	-0.07959982946032645	0.0	(-0.07959982946032645+0j)
-0.275	-0.07562500000000001	-0.001124224226841086	-0.07679682529019972	0.0	(-0.07679682529019972+0j)
-0.27	-0.0729	-0.001094292217256497	-0.0740438212718836	0.0	(-0.0740438212718836+0j)
-0.265	-0.07022500000000001	-0.0010642949701212317	-0.07134084335713586	0.0	(-0.07134084335713586+0j)
-0.26	-0.06760000000000001	-0.0010342523247690253	-0.06868791919657968	0.0	(-0.06868791919657968+0j)
-0.255	-0.065025	-0.0010041847348715672	-0.06608507829482227	0.0	(-0.06608507829482227+0j)
-0.25	-0.0625	-0.0009741132502266955	-0.06353235218108733	0.0	(-0.06353235218108733+0j)
-0.245	-0.060024999999999995	-0.0009440594966044122	-0.06102977459506348	0.0	(-0.06102977459506348+0j)
-0.24	-0.0576	-0.0009140456536508405	-0.05857738168728017	0.0	(-0.05857738168728017+0j)
-0.23500000000000001	-0.05522500000000001	-0.0008840944308570798	-0.05617521223285185	0.0	(-0.05617521223285185+0j)
-0.23	-0.0529	-0.0008542290416069381	-0.05382330785697312	0.0	(-0.05382330785697312+0j)
-0.225	-0.050625	-0.0008244731753247227	-0.051521713270082946	0.0	(-0.051521713270082946+0j)
-0.22	-0.0484	-0.0007948509677515258	-0.04927047651014408	0.0	(-0.04927047651014408+0j)
-0.215	-0.046224999999999995	-0.0007653869693858952	-0.04706964918904187	0.0	(-0.04706964918904187+0j)
-0.21	-0.04409999999999999	-0.0007361061121321667	-0.04491928673964213	0.0	(-0.04491928673964213+0j)
-0.20500000000000002	-0.04202500000000001	-0.00070703367420727	-0.042819448659536075	0.0	(-0.042819448659536075+0j)
-0.2	-0.04000000000000001	-0.0006781952433642493	-0.04077019874687064	0.0	(-0.04077019874687064+0j)
-0.195	-0.038025	-0.0006496166784981908	-0.038771605322778714	0.0	(-0.038771605322778714+0j)
-0.19	-0.0361	-0.0006213240697075704	-0.036823741433600815	0.0	(-0.036823741433600815+0j)
-0.185	-0.034225	-0.0005933436968912917	-0.034926685024070536	0.0	(-0.034926685024070536+0j)
-0.18	-0.0324	-0.0005657019869687212	-0.03308051906957581	0.0	(-0.03308051906957581+0j)
-0.17500000000000002	-0.030625000000000006	-0.0005384254698169513	-0.03128533165106148	0.0	(-0.03128533165106148+0j)
-0.17	-0.028900000000000006	-0.0005115407330261133	-0.02954121594956926	0.0	(-0.02954121594956926+0j)
-0.165	-0.027225000000000003	-0.0004850743755800439	-0.027848270128285193	0.0	(-0.027848270128285193+0j)
-0.16	-0.0256	-0.00045905296057556586	-0.0262065970576143	0.0	(-0.0262065970576143+0j)
-0.155	-0.024025	-0.0004335029670995364	-0.02461630382282738	0.0	(-0.02461630382282738+0j)
-0.15	-0.0225	-0.0004084507413880615	-0.023077500934017642	0.0	(-0.023077500934017642+0j)
-0.145	-0.021025	-0.0003839224473973484	-0.021590301134876783	0.0	(-0.021590301134876783+0j)
-0.14	-0.019600000000000003	-0.00035994401692014504	-0.0201548176815324	0.0	(-0.0201548176815324+0j)
-0.135	-0.018225	-0.0003365410993858061	-0.01877116193809783	0.0	(-0.01877116193809783+0j)
-0.13	-0.016900000000000002	-0.00031373901148563227	-0.017439440116037545	0.0	(-0.017439440116037545+0j)
-0.125	-0.015625	-0.0002915626867681202	-0.016159748975946252	0.0	(-0.016159748975946252+0j)
-0.12	-0.0144	-0.00027003662535135704	-0.014932170319702905	0.0	(-0.014932170319702905+0j)
-0.115	-0.013225	-0.00024918484390167375	-0.013756764134140691	0.0	(-0.013756764134140691+0j)
-0.11	-0.0121	-0.0002290308260291113	-0.012633560306577678	0.0	(-0.012633560306577678+0j)
-0.105	-0.011024999999999998	-0.00020959747325093037	-0.011562548912744174	0.0	(-0.011562548912744174+0j)
-0.1	-0.010000000000000002	-0.00019090705667467942	-0.010543669163521768	0.0	(-0.010543669163521768+0j)
-0.095	-0.009025	-0.000172981169551778	-0.009576797162204852	0.0	(-0.009576797162204852+0j)
-0.09	-0.0081	-0.00015584068085147673	-0.008661732634534085	0.0	(-0.008661732634534085+0j)
-0.085	-0.007225000000000001	-0.00013950569000347607	-0.0077981847148273775	0.0	(-0.0077981847148273775+0j)
-0.08	-0.0064	-0.00012399548295491392	-0.00698575667772624	0.0	(-0.00698575667772624+0j)
-0.075	-0.005625	-0.00010932848968475684	-0.006223929189068108	0.0	(-0.006223929189068108+0j)
-0.07	-0.004900000000000001	-9.552224331466769e-05	-0.005512041226386557	0.0	(-0.005512041226386557+0j)
-0.065	-0.0042250000000000005	-8.259334095156445e-05	-0.004849267326382082	0.0	(-0.004849267326382082+0j)
-0.06	-0.0036	-7.05574063920994e-05	-0.004234589309504807	0.0	(-0.004234589309504807+0j)
-0.055	-0.003025	-5.942905481394478e-05	-0.003666760189031251	0.0	(-0.003666760189031251+0j)
-0.05	-0.0025000000000000005	-4.9221859572859405e-05	-0.0031442577115381835	0.0	(-0.0031442577115381835+0j)
-0.045	-0.002025	-3.994832121788361e-05	-0.0026652250901601946	0.0	(-0.0026652250901601946+0j)
-0.04	-0.0016	-3.1619838830515556e-05	-0.002227397299288883	0.0	(-0.002227397299288883+0j)
-0.035	-0.0012250000000000002	-2.4246683785422718e-05	-0.0018280132855054726	0.0	(-0.0018280132855054726+0j)
-0.03	-0.0009	-1.783797602322723e-05	-0.0014637182478139752	0.0	(-0.0014637182478139752+0j)
-0.025	-0.0006250000000000001	-1.240166291682776e-05	-0.0011304663303391936	0.0	(-0.0011304663303391936+0j)
-0.02	-0.0004	-7.944500804768495e-06	-0.0008234426149707246	0.0	(-0.0008234426149707246+0j)
-0.015	-0.000225	-4.472039255354332e-06	-0.0005370324568316748	0.0	(-0.0005370324568316748+0j)
-0.01	-0.0001	-1.988608115510715e-06	-0.0002648711719257871	0.0	(-0.0002648711719257871+0j)
-0.005	-2.5e-05	-4.973073934877448e-07	-3.325790164099285e-17	-0.016211514921107218	(-3.325790164099285e-17-0.016211514921107218j)
0.005	2.5e-05	4.973073934877448e-07	-3.325790164099285e-17	0.016211514921107218	(-3.325790164099285e-17+0.016211514921107218j)
0.01	0.0001	1.988608115510715e-06	0.00026487117192576715	0.0	(0.00026487117192576715+0j)
0.015	0.000225	4.472039255354332e-06	0.0005370324568316947	0.0	(0.0005370324568316947+0j)
0.02	0.0004	7.944500804768495e-06	0.0008234426149707339	0.0	(0.0008234426149707339+0j)
0.025	0.0006250000000000001	1.240166291682776e-05	0.001130466330339222	0.0	(0.001130466330339222+0j)
0.03	0.0009	1.783797602322723e-05	0.0014637182478139821	0.0	(0.0014637182478139821+0j)
0.035	0.0012250000000000002	2.4246683785422718e-05	0.0018280132855054796	0.0	(0.0018280132855054796+0j)
0.04	0.0016	3.1619838830515556e-05	0.0022273972992889646	0.0	(0.0022273972992889646+0j)
0.045	0.002025	3.994832121788361e-05	0.0026652250901602176	0.0	(0.0026652250901602176+0j)
0.05	0.0025000000000000005	4.9221859572859405e-05	0.0031442577115381766	0.0	(0.0031442577115381766+0j)
0.055	0.003025	5.942905481394478e-05	0.003666760189031246	0.0	(0.003666760189031246+0j)
0.06	0.0036	7.05574063920994e-05	0.004234589309504855	0.0	(0.004234589309504855+0j)
0.065	0.0042250000000000005	8.259334095156445e-05	0.004849267326382037	0.0	(0.004849267326382037+0j)
0.07	0.004900000000000001	9.552224331466769e-05	0.005512041226386559	0.0	(0.005512041226386559+0j)
0.075	0.005625	0.00010932848968475684	0.006223929189068126	0.0	(0.006223929189068126+0j)
0.08	0.0064	0.00012399548295491392	0.006985756677726267	0.0	(0.006985756677726267+0j)
0.085	0.007225000000000001	0.00013950569000347607	0.007798184714827459	0.0	(0.007798184714827459+0j)
0.09	0.0081	0.00015584068085147673	0.008661732634534144	0.0	(0.008661732634534144+0j)
0.095	0.009025	0.000172981169551778	0.009576797162204878	0.0	(0.009576797162204878+0j)
0.1	0.010000000000000002	0.00019090705667467942	0.01054366916352182	0.0	(0.01054366916352182+0j)
0.105	0.011024999999999998	0.00020959747325093037	0.011562548912744277	0.0	(0.011562548912744277+0j)
0.11	0.0121	0.0002290308260291113	0.012633560306577706	0.0	(0.012633560306577706+0j)
0.115	0.013225	0.00024918484390167375	0.013756764134140741	0.0	(0.013756764134140741+0j)
0.12	0.0144	0.00027003662535135704	0.014932170319702901	0.0	(0.014932170319702901+0j)
0.125	0.015625	0.0002915626867681202	0.016159748975946266	0.0	(0.016159748975946266+0j)
0.13	0.016900000000000002	0.00031373901148563227	0.01743944011603762	0.0	(0.01743944011603762+0j)
0.135	0.018225	0.0003365410993858061	0.01877116193809789	0.0	(0.01877116193809789+0j)
0.14	0.019600000000000003	0.00035994401692014504	0.02015481768153229	0.0	(0.02015481768153229+0j)
0.145	0.021025	0.0003839224473973484	0.021590301134876824	0.0	(0.021590301134876824+0j)
0.15	0.0225	0.0004084507413880615	0.02307750093401779	0.0	(0.02307750093401779+0j)
0.155	0.024025	0.0004335029670995364	0.02461630382282742	0.0	(0.02461630382282742+0j)
0.16	0.0256	0.00045905296057556586	0.02620659705761419	0.0	(0.02620659705761419+0j)
0.165	0.027225000000000003	0.0004850743755800439	0.027848270128285346	0.0	(0.027848270128285346+0j)
0.17	0.028900000000000006	0.0005115407330261133	0.02954121594956926	0.0	(0.02954121594956926+0j)
0.17500000000000002	0.030625000000000006	0.0005384254698169513	0.03128533165106167	0.0	(0.03128533165106167+0j)
0.18	0.0324	0.0005657019869687212	0.033080519069576	0.0	(0.033080519069576+0j)
0.185	0.034225	0.0005933436968912917	0.034926685024070106	0.0	(0.034926685024070106+0j)
0.19	0.0361	0.0006213240697075704	0.03682374143360068	0.0	(0.03682374143360068+0j)
0.195	0.038025	0.0006496166784981908	0.03877160532277902	0.0	(0.03877160532277902+0j)
0.2	0.04000000000000001	0.0006781952433642493	0.04077019874687082	0.0	(0.04077019874687082+0j)
0.20500000000000002	0.04202500000000001	0.00070703367420727	0.04281944865953612	0.0	(0.04281944865953612+0j)
0.21	0.04409999999999999	0.0007361061121321667	0.04491928673964226	0.0	(0.04491928673964226+0j)
0.215	0.046224999999999995	0.0007653869693858952	0.04706964918904192	0.0	(0.04706964918904192+0j)
0.22	0.0484	0.0007948509677515258	0.04927047651014409	0.0	(0.04927047651014409+0j)
0.225	0.050625	0.0008244731753247227	0.05152171327008294	0.0	(0.05152171327008294+0j)
0.23	0.0529	0.0008542290416069381	0.053823307856972966	0.0	(0.053823307856972966+0j)
0.23500000000000001	0.05522500000000001	0.0008840944308570798	0.056175212232851775	0.0	(0.056175212232851775+0j)
0.24	0.0576	0.0009140456536508405	0.05857738168728007	0.0	(0.05857738168728007+0j)
0.245	0.060024999999999995	0.0009440594966044122	0.06102977459506342	0.0	(0.06102977459506342+0j)
0.25	0.0625	0.0009741132502266955	0.06353235218108719	0.0	(0.06353235218108719+0j)
0.255	0.065025	0.0010041847348715672	0.06608507829482255	0.0	(0.06608507829482255+0j)
0.26	0.06760000000000001	0.0010342523247690253	0.06868791919657917	0.0	(0.06868791919657917+0j)
0.265	0.07022500000000001	0.0010642949701212317	0.071340843357136	0.0	(0.071340843357136+0j)
0.27	0.0729	0.001094292217256497	0.07404382127188389	0.0	(0.07404382127188389+0j)
0.275	0.07562500000000001	0.001124224226841086	0.0767968252901995	0.0	(0.0767968252901995+0j)
0.28	0.07840000000000001	0.0011540717901553732	0.07959982946032584	0.0	(0.07959982946032584+0j)
0.28500000000000003	0.08122500000000002	0.0011838163434472857	0.08245280938966679	0.0	(0.08245280938966679+0j)
0.29	0.0841	0.0012134399803821188	0.08535574212008333	0.0	(0.08535574212008333+0j)
0.295	0.08702499999999999	0.0012429254626137093	0.08830860601751127	0.0	(0.08830860601751127+0j)
0.3	0.09	0.0012722562285075283	0.09131138067500852	0.0	(0.09131138067500852+0j)
0.305	0.093025	0.0013014164000515595	0.0943640468281958	0.0	(0.0943640468281958+0j)
0.31	0.0961	0.0013303907879957792	0.09746658628195483	0.0	(0.09746658628195483+0j)
0.315	0.09922500000000001	0.0013591648952657014	0.10061898184720053	0.0	(0.10061898184720053+0j)
0.32	0.1024	0.0013877249186997345	0.1038212172865411	0.0	(0.1038212172865411+0j)
0.325	0.10562500000000001	0.0014160577491640442	0.10707327726765688	0.0	(0.10707327726765688+0j)
0.33	0.10890000000000001	0.0014441509701022012	0.110375147323286	0.0	(0.110375147323286+0j)
0.335	0.11222500000000002	0.0014719928545801218	0.11372681381678482	0.0	(0.11372681381678482+0j)
0.34	0.11560000000000002	0.0014995723608896817	0.11712826391229879	0.0	(0.11712826391229879+0j)
0.34500000000000003	0.11902500000000002	0.0015268791267768855	0.12057948554869073	0.0	(0.12057948554869073+0j)
0.35000000000000003	0.12250000000000003	0.0015539034623626368	0.12408046741646547	0.0	(0.12408046741646547+0j)
0.355	0.126025	0.001580636341825941	0.12763119893701322	0.0	(0.12763119893701322+0j)
0.36	0.1296	0.0016070693939208383	0.1312316702436098	0.0	(0.1312316702436098+0j)
0.365	0.13322499999999998	0.0016331948913994596	0.13488187216368425	0.0	(0.13488187216368425+0j)
0.37	0.1369	0.0016590057394143937	0.13858179620194244	0.0	(0.13858179620194244+0j)
0.375	0.140625	0.0016844954629740014	0.1423314345240363	0.0	(0.1423314345240363+0j)
0.38	0.1444	0.001709658193524468	0.1461307799404918	0.0	(0.1461307799404918+0j)
0.385	0.148225	0.0017344886547322259	0.14997982589071318	0.0	(0.14997982589071318+0j)
0.39	0.1521	0.0017589821475399582	0.15387856642689232	0.0	(0.15387856642689232+0j)
0.395	0.15602500000000002	0.0017831345345686795	0.15782699619771612	0.0	(0.15782699619771612+0j)
0.4	0.16000000000000003	0.0018069422239374397	0.16182511043181708	0.0	(0.16182511043181708+0j)
0.405	0.16402500000000003	0.0018304021525709833	0.1658729049208804	0.0	(0.1658729049208804+0j)
0.41000000000000003	0.16810000000000003	0.0018535117690642996	0.16997037600244375	0.0	(0.16997037600244375+0j)
0.41500000000000004	0.17222500000000002	0.0018762690161713434	0.17411752054234098	0.0	(0.17411752054234098+0j)
0.42	0.17639999999999997	0.0018986723129834084	0.17831433591684132	0.0	(0.17831433591684132+0j)
0.425	0.18062499999999998	0.0019207205368606372	0.1825608199944978	0.0	(0.1825608199944978+0j)
0.43	0.18489999999999998	0.0019424130051779998	0.18685697111775657	0.0	(0.18685697111775657+0j)
0.435	0.189225	0.0019637494569448035	0.19120278808434096	0.0	(0.19120278808434096+0j)
0.44	0.1936	0.001984730034354374	0.19559827012851003	0.0	(0.19559827012851003+0j)
0.445	0.198025	0.002005355264318051	0.20004341690220953	0.0	(0.20004341690220953+0j)
0.45	0.2025	0.0020256260400350295	0.2045382284561635	0.0	(0.2045382284561635+0j)
0.455	0.20702500000000001	0.002045543602646928	0.20908270522099345	0.0	(0.20908270522099345+0j)
0.46	0.2116	0.002065109523023211	0.21367684798839384	0.0	(0.21367684798839384+0j)
0.465	0.21622500000000003	0.0020843256837208457	0.21832065789240154	0.0	(0.21832065789240154+0j)
0.47000000000000003	0.22090000000000004	0.0021031942611587735	0.22301413639085646	0.0	(0.22301413639085646+0j)
0.47500000000000003	0.22562500000000002	0.002121717708044965	0.2277572852470451	0.0	(0.2277572852470451+0j)
0.48	0.2304	0.0021398987360910196	0.23255010651161018	0.0	(0.23255010651161018+0j)
0.485	0.235225	0.0021577402990464855	0.23739260250474362	0.0	(0.23739260250474362+0j)
0.49	0.24009999999999998	0.0021752455760822974	0.2422847757987093	0.0	(0.2422847757987093+0j)
0.495	0.245025	0.0021924179555500027	0.24722662920072377	0.0	(0.24722662920072377+0j)
0.5	0.25	0.0022092610191407577	0.2522181657362452	0.0	(0.2522181657362452+0j)
0.505	0.255025	0.00222577852646544	0.2572593886326552	0.0	(0.2572593886326552+0j)
0.51	0.2601	0.0022419744000746686	0.2623503013034053	0.0	(0.2623503013034053+0j)
0.515	0.265225	0.0022578527109350125	0.2674909073326165	0.0	(0.2674909073326165+0j)
0.52	0.27040000000000003	0.0022734176643752664	0.27268121046016486	0.0	(0.27268121046016486+0j)
0.525	0.275625	0.0022886735865143273	0.2779212145672593	0.0	(0.2779212145672593+0j)
0.53	0.28090000000000004	0.002303624911179993	0.2832109236625278	0.0	(0.2832109236625278+0j)
0.535	0.286225	0.0023182761673258136	0.28855034186862544	0.0	(0.28855034186862544+0j)
0.54	0.2916	0.002332631966951131	0.2939394734093604	0.0	(0.2939394734093604+0j)
0.545	0.29702500000000004	0.0023466969935274657	0.2993783225973531	0.0	(0.2993783225973531+0j)
0.55	0.30250000000000005	0.0023604759909325837	0.30486689382222554	0.0	(0.30486689382222554+0j)
0.555	0.30802500000000005	0.0023739737528918393	0.3104051915393269	0.0	(0.3104051915393269+0j)
0.56	0.31360000000000005	0.002387195112924773	0.31599322025897103	0.0	(0.31599322025897103+0j)
0.5650000000000001	0.3192250000000001	0.0024001449347934222	0.3216309845362375	0.0	(0.3216309845362375+0j)
0.5700000000000001	0.3249000000000001	0.0024128281034473875	0.3273184889612566	0.0	(0.3273184889612566+0j)
0.5750000000000001	0.33062500000000006	0.0024252495164594143	0.333055738150023	0.0	(0.333055738150023+0j)
0.58	0.3364	0.002437414075944035	0.3388427367357406	0.0	(0.3388427367357406+0j)
0.585	0.34222499999999995	0.002449326680950744	0.34467948936063314	0.0	(0.34467948936063314+0j)
0.59	0.34809999999999997	0.0024609922203221745	0.3505660006682547	0.0	(0.3505660006682547+0j)
0.595	0.354025	0.0024724155660068767	0.35650227529631545	0.0	(0.35650227529631545+0j)
0.6	0.36	0.002483601566815492	0.36248831786990604	0.0	(0.36248831786990604+0j)
0.605	0.366025	0.0024945550426084366	0.36852413299523534	0.0	(0.36852413299523534+0j)
0.61	0.3721	0.0025052807789025934	0.3746097252537964	0.0	(0.3746097252537964+0j)
0.615	0.378225	0.002515783521884003	0.3807450991969403	0.0	(0.3807450991969403+0j)
0.62	0.3844	0.0025260679738131155	0.3869302593408972	0.0	(0.3869302593408972+0j)
0.625	0.390625	0.0025361387888088007	0.3931652101621712	0.0	(0.3931652101621712+0j)
0.63	0.39690000000000003	0.0025460005689970605	0.39944995609334066	0.0	(0.39944995609334066+0j)
0.635	0.403225	0.002555657861010162	0.40578450151920903	0.0	(0.40578450151920903+0j)
0.64	0.4096	0.002565115152821794	0.41216885077334336	0.0	(0.41216885077334336+0j)
0.645	0.41602500000000003	0.0025743768709037642	0.418603008134932	0.0	(0.418603008134932+0j)
0.65	0.42250000000000004	0.0025834473776897523	0.425086977825975	0.0	(0.425086977825975+0j)
0.655	0.42902500000000005	0.0025923309693316773	0.43162076400878036	0.0	(0.43162076400878036+0j)
0.66	0.43560000000000004	0.0026010318737343233	0.43820437078378416	0.0	(0.43820437078378416+0j)
0.665	0.44222500000000003	0.0026095542488540177	0.44483780218762387	0.0	(0.44483780218762387+0j)
0.67	0.4489000000000001	0.002617902181247344	0.45152106219150856	0.0	(0.45152106219150856+0j)
0.675	0.45562500000000006	0.0026260796848560797	0.45825415469982056	0.0	(0.45825415469982056+0j)
0.68	0.4624000000000001	0.002634090700014826	0.46503708354897344	0.0	(0.46503708354897344+0j)
0.685	0.46922500000000006	0.0026419390926680757	0.4718698525065044	0.0	(0.4718698525065044+0j)
0.6900000000000001	0.4761000000000001	0.0026496286537837804	0.4787524652703687	0.0	(0.4787524652703687+0j)
0.6950000000000001	0.4830250000000001	0.0026571630989508303	0.4856849254684521	0.0	(0.4856849254684521+0j)
0.7000000000000001	0.4900000000000001	0.0026645460681482187	0.4926672366582568	0.0	(0.4926672366582568+0j)
0.705	0.49702499999999994	0.00267178112567403	0.49969940232678844	0.0	(0.49969940232678844+0j)
0.71	0.5041	0.002678871760222814	0.506781425890592	0.0	(0.506781425890592+0j)
0.715	0.5112249999999999	0.0026858213851002834	0.5139133106959599	0.0	(0.5139133106959599+0j)
0.72	0.5184	0.002692633338564716	0.5210950600192841	0.0	(0.5210950600192841+0j)
0.725	0.525625	0.002699310884284841	0.5283266770675072	0.0	(0.5283266770675072+0j)
0.73	0.5328999999999999	0.0027058572119044396	0.535608164978781	0.0	(0.535608164978781+0j)
0.735	0.540225	0.0027122754377043004	0.5429395268231523	0.0	(0.5429395268231523+0j)
0.74	0.5476	0.0027185686053526116	0.5503207656033965	0.0	(0.5503207656033965+0j)
0.745	0.555025	0.002724739686735288	0.5577518842559834	0.0	(0.5577518842559834+0j)
0.75	0.5625	0.002730791582858175	0.5652328856520489	0.0	(0.5652328856520489+0j)
0.755	0.570025	0.002736727124813466	0.5727637725985358	0.0	(0.5727637725985358+0j)
0.76	0.5776	0.0027425490748031038	0.5803445478393174	0.0	(0.5803445478393174+0j)
0.765	0.585225	0.0027482601272123303	0.5879752140564931	0.0	(0.5879752140564931+0j)
0.77	0.5929	0.002753862909726955	0.5956557738716534	0.0	(0.5956557738716534+0j)
0.775	0.6006250000000001	0.0027593599844882833	0.6033862298472448	0.0	(0.6033862298472448+0j)
0.78	0.6084	0.0027647538492800534	0.6111665844879574	0.0	(0.6111665844879574+0j)
0.785	0.616225	0.002770046938742061	0.6189968402421657	0.0	(0.6189968402421657+0j)
0.79	0.6241000000000001	0.0027752416256055282	0.6268769995034214	0.0	(0.6268769995034214+0j)
0.795	0.6320250000000001	0.0027803402219456186	0.6348070646119413	0.0	(0.6348070646119413+0j)
0.8	0.6400000000000001	0.002785344980446802	0.6427870378561574	0.0	(0.6427870378561574+0j)
0.805	0.6480250000000001	0.002790258095677125	0.6508169214742802	0.0	(0.6508169214742802+0j)
0.81	0.6561000000000001	0.00279508170536773	0.6588967176558826	0.0	(0.6588967176558826+0j)
0.8150000000000001	0.6642250000000001	0.0027998178916942384	0.667026428543519	0.0	(0.667026428543519+0j)
0.8200000000000001	0.6724000000000001	0.002804468682556934	0.675206056234363	0.0	(0.675206056234363+0j)
0.8250000000000001	0.6806250000000001	0.002809036052856905	0.6834356027818924	0.0	(0.6834356027818924+0j)
0.8300000000000001	0.6889000000000001	0.002813521925765573	0.6917150701975869	0.0	(0.6917150701975869+0j)
0.835	0.697225	0.002817928173985283	0.700044460452677	0.0	(0.700044460452677+0j)
0.84	0.7055999999999999	0.002822256620998835	0.7084237754799624	0.0	(0.7084237754799624+0j)
0.845	0.7140249999999999	0.002826509042306056	0.7168530171756786	0.0	(0.7168530171756786+0j)
0.85	0.7224999999999999	0.002830687166645733	0.7253321874014794	0.0	(0.7253321874014794+0j)
0.855	0.7310249999999999	0.0028347926772013744	0.7338612879865092	0.0	(0.7338612879865092+0j)
0.86	0.7395999999999999	0.0028388272127894882	0.7424403207296448	0.0	(0.7424403207296448+0j)
0.865	0.748225	0.002842792369029196	0.7510692874019244	0.0	(0.7510692874019244+0j)
0.87	0.7569	0.0028466896994921768	0.7597481897492326	0.0	(0.7597481897492326+0j)
0.875	0.765625	0.002850520716832073	0.7684770294952878	0.0	(0.7684770294952878+0j)
0.88	0.7744	0.002854286893892617	0.7772558083450558	0.0	(0.7772558083450558+0j)
0.885	0.7832250000000001	0.002857989664793877	0.7860845279887189	0.0	(0.7860845279887189+0j)
0.89	0.7921	0.002861630425996114	0.7949631901062549	0.0	(0.7949631901062549+0j)
0.895	0.801025	0.0028652105373408675	0.8038917963730121	0.0	(0.8038917963730121+0j)
0.9	0.81	0.0028687313230689807	0.8128703484663586	0.0	(0.8128703484663586+0j)
0.905	0.819025	0.0028721940728153417	0.8218988480739184	0.0	(0.8218988480739184+0j)
0.91	0.8281000000000001	0.0028756000425802404	0.8309772969038236	0.0	(0.8309772969038236+0j)
0.915	0.8372250000000001	0.002878950455677279	0.8401056966977271	0.0	(0.8401056966977271+0j)
0.92	0.8464	0.0028822465036578556	0.8492840492474747	0.0	(0.8492840492474747+0j)
0.925	0.8556250000000001	0.002885489347212309	0.8585123564170037	0.0	(0.8585123564170037+0j)
0.93	0.8649000000000001	0.0028886801170478495	0.8677906201713628	0.0	(0.8677906201713628+0j)
0.935	0.8742250000000001	0.0028918199147434627	0.8771188426161028	0.0	(0.8771188426161028+0j)
0.9400000000000001	0.8836000000000002	0.0028949098135820214	0.8864970260517446	0.0	(0.8864970260517446+0j)
0.9450000000000001	0.8930250000000001	0.00289795085935986	0.8959251730508775	0.0	(0.8959251730508775+0j)
0.9500000000000001	0.9025000000000001	0.002900944071174127	0.9054032865703369	0.0	(0.9054032865703369+0j)
0.9550000000000001	0.9120250000000001	0.0029038904421882293	0.9149313701193615	0.0	(0.9149313701193615+0j)
0.96	0.9216	0.0029067909403757493	0.9245094280211595	0.0	(0.9245094280211595+0j)
0.965	0.931225	0.0029096465092431907	0.9341374658377845	0.0	(0.9341374658377845+0j)
0.97	0.9409	0.0029124580685319697	0.9438154910979255	0.0	(0.9438154910979255+0j)
0.975	0.9506249999999999	0.002915226514900057	0.9535435146296545	0.0	(0.9535435146296545+0j)
0.98	0.9603999999999999	0.0029179527225837065	0.963321553220652	0.0	(0.963321553220652+0j)
0.985	0.970225	0.0029206375440396985	0.9731496355849233	0.0	(0.9731496355849233+0j)
0.99	0.9801	0.0029232818105685535	0.9830278181910321	0.0	(0.9830278181910321+0j)
0.995	0.990025	0.0029258863329191657	0.9929562401416242	0.0	(0.9929562401416242+0j)
1.0	1.0	0.0029284519018753117	1.0029354453130714	0.0	(1.0029354453130714+0j)
