-1.0	-1.0	-0.0016954881084106242	-1.0016957867767042	0.0	(-1.0016957867767042+0j)
-0.9975	-0.9950062500000001	-0.0016883131602502379	-0.9966948154708964	0.0	(-0.9966948154708964+0j)
-0.995	-0.990025	-0.0016811447732523648	-0.9917063740538283	0.0	(-0.9917063740538283+0j)
-0.9925	-0.9850562500000001	-0.001673983012464199	-0.9867304470613248	0.0	(-0.9867304470613248+0j)
-0.99	-0.9801	-0.0016668279429887481	-0.9817670306591346	0.0	(-0.9817670306591346+0j)
-0.9875	-0.9751562500000001	-0.0016596796299838193	-0.9768161233505697	0.0	(-0.9768161233505697+0j)
-0.985	-0.970225	-0.001652538138660978	-0.9718777244196303	0.0	(-0.9718777244196303+0j)
-0.9825	-0.96530625	-0.001645403534284516	-0.9669518334852409	0.0	(-0.9669518334852409+0j)
-0.98	-0.9603999999999999	-0.001638275882170419	-0.9620384503338724	0.0	(-0.9620384503338724+0j)
-0.9775	-0.9555062500000001	-0.0016311552476853258	-0.9571375748451153	0.0	(-0.9571375748451153+0j)
-0.975	-0.9506249999999999	-0.0016240416962454763	-0.9522492069544385	0.0	(-0.9522492069544385+0j)
-0.9725	-0.9457562500000001	-0.0016169352933156718	-0.947373346632868	0.0	(-0.947373346632868+0j)
-0.97	-0.9409	-0.001609836104408219	-0.9425099938751663	0.0	(-0.9425099938751663+0j)
-0.9675	-0.93605625	-0.0016027441950818774	-0.9376591486925179	0.0	(-0.9376591486925179+0j)
-0.965	-0.931225	-0.0015956596309408004	-0.932820811107845	0.0	(-0.932820811107845+0j)
-0.9625	-0.9264062500000001	-0.0015885824776334769	-0.9279949811526829	0.0	(-0.9279949811526829+0j)
-0.96	-0.9216	-0.0015815128008516547	-0.9231816588650461	0.0	(-0.9231816588650461+0j)
-0.9575	-0.91680625	-0.0015744506663292884	-0.9183808442878861	0.0	(-0.9183808442878861+0j)
-0.9550000000000001	-0.9120250000000001	-0.0015673961398414635	-0.913592537468019	0.0	(-0.913592537468019+0j)
-0.9525	-0.90725625	-0.0015603492872033053	-0.9088167384553195	0.0	(-0.9088167384553195+0j)
-0.9500000000000001	-0.9025000000000001	-0.0015533101742689253	-0.9040534473020987	0.0	(-0.9040534473020987+0j)
-0.9475	-0.89775625	-0.0015462788669303217	-0.8993026640626516	0.0	(-0.8993026640626516+0j)
-0.9450000000000001	-0.8930250000000001	-0.001539255431116303	-0.8945643887929062	0.0	(-0.8945643887929062+0j)
-0.9425	-0.88830625	-0.0015322399327913961	-0.8898386215501359	0.0	(-0.8898386215501359+0j)
-0.9400000000000001	-0.8836000000000002	-0.0015252324379547615	-0.8851253623927465	0.0	(-0.8851253623927465+0j)
-0.9375	-0.87890625	-0.0015182330126390824	-0.8804246113800964	0.0	(-0.8804246113800964+0j)
-0.935	-0.8742250000000001	-0.0015112417229094983	-0.8757363685723478	0.0	(-0.8757363685723478+0j)
-0.9325	-0.86955625	-0.0015042586348624695	-0.8710606340303624	0.0	(-0.8710606340303624+0j)
-0.93	-0.8649000000000001	-0.0014972838146246935	-0.8663974078155863	0.0	(-0.8663974078155863+0j)
-0.9275	-0.86025625	-0.0014903173283520007	-0.8617466899899897	0.0	(-0.8617466899899897+0j)
-0.925	-0.8556250000000001	-0.0014833592422282271	-0.8571084806159961	0.0	(-0.8571084806159961+0j)
-0.9225	-0.85100625	-0.0014764096224641227	-0.8524827797564146	0.0	(-0.8524827797564146+0j)
-0.92	-0.8464	-0.0014694685352962214	-0.8478695874744026	0.0	(-0.8478695874744026+0j)
-0.9175	-0.84180625	-0.001462536046985724	-0.8432689038334307	0.0	(-0.8432689038334307+0j)
-0.915	-0.8372250000000001	-0.0014556122238173833	-0.8386807288972257	0.0	(-0.8386807288972257+0j)
-0.9125	-0.83265625	-0.0014486971320983796	-0.8341050627297837	0.0	(-0.8341050627297837+0j)
-0.91	-0.8281000000000001	-0.001441790838157174	-0.8295419053952922	0.0	(-0.8295419053952922+0j)
-0.9075	-0.82355625	-0.0014348934083424124	-0.8249912569581336	0.0	(-0.8249912569581336+0j)
-0.905	-0.819025	-0.001428004909021756	-0.8204531174828882	0.0	(-0.8204531174828882+0j)
-0.9025	-0.81450625	-0.0014211254065807798	-0.8159274870342597	0.0	(-0.8159274870342597+0j)
-0.9	-0.81	-0.0014142549674218035	-0.8114143656771159	0.0	(-0.8114143656771159+0j)
-0.8975	-0.80550625	-0.0014073936579627674	-0.8069137534764546	0.0	(-0.8069137534764546+0j)
-0.895	-0.801025	-0.00140054154463609	-0.8024256504973737	0.0	(-0.8024256504973737+0j)
-0.8925000000000001	-0.7965562500000001	-0.0013936986938875061	-0.7979500568050947	0.0	(-0.7979500568050947+0j)
-0.89	-0.7921	-0.0013868651721749324	-0.7934869724649208	0.0	(-0.7934869724649208+0j)
-0.8875000000000001	-0.7876562500000002	-0.0013800410459673133	-0.7890363975422436	0.0	(-0.7890363975422436+0j)
-0.885	-0.7832250000000001	-0.001373226381743452	-0.7845983321025438	0.0	(-0.7845983321025438+0j)
-0.8825000000000001	-0.7788062500000001	-0.0013664212459908746	-0.7801727762113603	0.0	(-0.7801727762113603+0j)
-0.88	-0.7744	-0.0013596257052046563	-0.7757597299343085	0.0	(-0.7757597299343085+0j)
-0.8775000000000001	-0.7700062500000001	-0.0013528398258862624	-0.7713591933370706	0.0	(-0.7713591933370706+0j)
-0.875	-0.765625	-0.0013460636745423777	-0.7669711664853508	0.0	(-0.7669711664853508+0j)
-0.8725	-0.7612562500000001	-0.0013392973176837549	-0.762595649444944	0.0	(-0.762595649444944+0j)
-0.87	-0.7569	-0.0013325408218240215	-0.7582326422816393	0.0	(-0.7582326422816393+0j)
-0.8675	-0.75255625	-0.0013257942534785406	-0.7538821450613239	0.0	(-0.7538821450613239+0j)
-0.865	-0.748225	-0.0013190576791631992	-0.7495441578498782	0.0	(-0.7495441578498782+0j)
-0.8625	-0.7439062500000001	-0.0013123311653932574	-0.745218680713223	0.0	(-0.745218680713223+0j)
-0.86	-0.7395999999999999	-0.001305614778682157	-0.7409057137173178	0.0	(-0.7409057137173178+0j)
-0.8575	-0.73530625	-0.0012989085855403455	-0.7366052569281366	0.0	(-0.7366052569281366+0j)
-0.855	-0.7310249999999999	-0.001292212652474087	-0.7323173104116831	0.0	(-0.7323173104116831+0j)
-0.8525	-0.7267562500000001	-0.001285527045984289	-0.7280418742339642	0.0	(-0.7280418742339642+0j)
-0.85	-0.7224999999999999	-0.001278851832565281	-0.7237789484610215	0.0	(-0.7237789484610215+0j)
-0.8475	-0.71825625	-0.0012721870787036904	-0.7195285331589043	0.0	(-0.7195285331589043+0j)
-0.845	-0.7140249999999999	-0.001265532850877163	-0.7152906283936573	0.0	(-0.7152906283936573+0j)
-0.8425	-0.7098062500000001	-0.0012588892155532439	-0.7110652342313529	0.0	(-0.7110652342313529+0j)
-0.84	-0.7055999999999999	-0.0012522562391881322	-0.7068523507380565	0.0	(-0.7068523507380565+0j)
-0.8375	-0.70140625	-0.001245633988225503	-0.7026519779798416	0.0	(-0.7026519779798416+0j)
-0.835	-0.697225	-0.0012390225290953183	-0.6984641160227882	0.0	(-0.6984641160227882+0j)
-0.8325	-0.69305625	-0.0012324219282125988	-0.6942887649329471	0.0	(-0.6942887649329471+0j)
-0.8300000000000001	-0.6889000000000001	-0.0012258322519762166	-0.6901259247764061	0.0	(-0.6901259247764061+0j)
-0.8275	-0.6847562500000001	-0.0012192535667677224	-0.6859755956192239	0.0	(-0.6859755956192239+0j)
-0.8250000000000001	-0.6806250000000001	-0.001212685938950106	-0.6818377775274388	0.0	(-0.6818377775274388+0j)
-0.8225	-0.67650625	-0.001206129434866607	-0.6777124705671154	0.0	(-0.6777124705671154+0j)
-0.8200000000000001	-0.6724000000000001	-0.0011995841208394837	-0.6735996748042857	0.0	(-0.6735996748042857+0j)
-0.8175	-0.66830625	-0.0011930500631687992	-0.6694993903049575	0.0	(-0.6694993903049575+0j)
-0.8150000000000001	-0.6642250000000001	-0.0011865273281312372	-0.6654116171351395	0.0	(-0.6654116171351395+0j)
-0.8125	-0.66015625	-0.0011800159819788355	-0.6613363553608289	0.0	(-0.6613363553608289+0j)
-0.81	-0.6561000000000001	-0.0011735160909378097	-0.6572736050479902	0.0	(-0.6572736050479902+0j)
-0.8075	-0.65205625	-0.0011670277212073143	-0.6532233662625713	0.0	(-0.6532233662625713+0j)
-0.805	-0.6480250000000001	-0.001160550938958213	-0.6491856390704953	0.0	(-0.6491856390704953+0j)
-0.8025	-0.64400625	-0.001154085810331873	-0.6451604235376711	0.0	(-0.6451604235376711+0j)
-0.8	-0.6400000000000001	-0.001147632401438914	-0.6411477197299866	0.0	(-0.6411477197299866+0j)
-0.7975	-0.63600625	-0.0011411907783580118	-0.6371475277132738	0.0	(-0.6371475277132738+0j)
-0.795	-0.6320250000000001	-0.001134761007134641	-0.6331598475533761	0.0	(-0.6331598475533761+0j)
-0.7925	-0.62805625	-0.0011283431537798677	-0.6291846793160693	0.0	(-0.6291846793160693+0j)
-0.79	-0.6241000000000001	-0.0011219372842691034	-0.6252220230671226	0.0	(-0.6252220230671226+0j)
-0.7875	-0.62015625	-0.0011155434645408774	-0.6212718788722603	0.0	(-0.6212718788722603+0j)
-0.785	-0.616225	-0.001109161760495603	-0.6173342467971835	0.0	(-0.6173342467971835+0j)
-0.7825	-0.6123062499999999	-0.0011027922379943324	-0.6134091269075399	0.0	(-0.6134091269075399+0j)
-0.78	-0.6084	-0.0010964349628575342	-0.609496519268959	0.0	(-0.609496519268959+0j)
-0.7775	-0.6045062499999999	-0.0010900900008638471	-0.6055964239470119	0.0	(-0.6055964239470119+0j)
-0.775	-0.6006250000000001	-0.0010837574177488402	-0.6017088410072469	0.0	(-0.6017088410072469+0j)
-0.7725	-0.59675625	-0.0010774372792037802	-0.5978337705151452	0.0	(-0.5978337705151452+0j)
-0.77	-0.5929	-0.0010711296508743612	-0.5939712125361778	0.0	(-0.5939712125361778+0j)
-0.7675000000000001	-0.5890562500000001	-0.0010648345983595153	-0.5901211671357465	0.0	(-0.5901211671357465+0j)
-0.765	-0.585225	-0.00105855218721011	-0.5862836343792063	0.0	(-0.5862836343792063+0j)
-0.7625000000000001	-0.5814062500000001	-0.0010522824829277356	-0.5824586143318796	0.0	(-0.5824586143318796+0j)
-0.76	-0.5776	-0.0010460255509634614	-0.5786461070590392	0.0	(-0.5786461070590392+0j)
-0.7575000000000001	-0.5738062500000001	-0.0010397814567165709	-0.574846112625872	0.0	(-0.574846112625872+0j)
-0.755	-0.570025	-0.0010335502655333202	-0.5710586310975644	0.0	(-0.5710586310975644+0j)
-0.7525000000000001	-0.5662562500000001	-0.0010273320427056948	-0.5672836625392084	0.0	(-0.5672836625392084+0j)
-0.75	-0.5625	-0.0010211268534701557	-0.5635212070158635	0.0	(-0.5635212070158635+0j)
-0.7475	-0.5587562500000001	-0.0010149347630063865	-0.5597712645925229	0.0	(-0.5597712645925229+0j)
-0.745	-0.555025	-0.0010087558364360427	-0.5560338353341245	0.0	(-0.5560338353341245+0j)
-0.7425	-0.5513062500000001	-0.0010025901388214993	-0.5523089193055443	0.0	(-0.5523089193055443+0j)
-0.74	-0.5476	-0.0009964377351645958	-0.5485965165716065	0.0	(-0.5485965165716065+0j)
-0.7375	-0.54390625	-0.000990298690405389	-0.5448966271970532	0.0	(-0.5448966271970532+0j)
-0.735	-0.540225	-0.0009841730694208877	-0.541209251246586	0.0	(-0.541209251246586+0j)
-0.7325	-0.5365562500000001	-0.0009780609370238114	-0.5375343887848218	0.0	(-0.5375343887848218+0j)
-0.73	-0.5328999999999999	-0.0009719623579613063	-0.533872039876329	0.0	(-0.533872039876329+0j)
-0.7275	-0.5292562500000001	-0.0009658773969137363	-0.5302222045856027	0.0	(-0.5302222045856027+0j)
-0.725	-0.525625	-0.0009598061184933754	-0.5265848829770462	0.0	(-0.5265848829770462+0j)
-0.7225	-0.52200625	-0.000953748587243175	-0.5229600751150296	0.0	(-0.5229600751150296+0j)
-0.72	-0.5184	-0.0009477048676355126	-0.5193477810638281	0.0	(-0.5193477810638281+0j)
-0.7175	-0.51480625	-0.0009416750240709149	-0.515748000887648	0.0	(-0.515748000887648+0j)
-0.715	-0.5112249999999999	-0.0009356591208768112	-0.5121607346506154	0.0	(-0.5121607346506154+0j)
-0.7125	-0.50765625	-0.0009296572223062683	-0.5085859824167892	0.0	(-0.5085859824167892+0j)
-0.71	-0.5041	-0.0009236693925367329	-0.5050237442501512	0.0	(-0.5050237442501512+0j)
-0.7075	-0.50055625	-0.0009176956956687744	-0.5014740202145993	0.0	(-0.5014740202145993+0j)
-0.705	-0.49702499999999994	-0.0009117361957248216	-0.49793681037394244	0.0	(-0.49793681037394244+0j)
-0.7025	-0.49350625000000004	-0.0009057909566478951	-0.4944121147919255	0.0	(-0.4944121147919255+0j)
-0.7000000000000001	-0.4900000000000001	-0.0008998600423003656	-0.49089993353220246	0.0	(-0.49089993353220246+0j)
-0.6975	-0.48650625000000003	-0.0008939435164626642	-0.48740026665834035	0.0	(-0.48740026665834035+0j)
-0.6950000000000001	-0.4830250000000001	-0.0008880414428320605	-0.4839131142338189	0.0	(-0.4839131142338189+0j)
-0.6925	-0.47955625	-0.0008821538850213696	-0.48043847632204006	0.0	(-0.48043847632204006+0j)
-0.6900000000000001	-0.4761000000000001	-0.0008762809065576916	-0.476976352986305	0.0	(-0.476976352986305+0j)
-0.6875	-0.47265625	-0.0008704225708811797	-0.4735267442898305	0.0	(-0.4735267442898305+0j)
-0.685	-0.46922500000000006	-0.0008645789413437411	-0.47008965029574884	0.0	(-0.47008965029574884+0j)
-0.6825	-0.46580625	-0.0008587500812078097	-0.46666507106708344	0.0	(-0.46666507106708344+0j)
-0.68	-0.4624000000000001	-0.0008529360536450592	-0.4632530066667808	0.0	(-0.4632530066667808+0j)
-0.6775	-0.45900625	-0.0008471369217351644	-0.4598534571576782	0.0	(-0.4598534571576782+0j)
-0.675	-0.45562500000000006	-0.000841352748464519	-0.4564664226025249	0.0	(-0.4564664226025249+0j)
-0.6725	-0.45225624999999997	-0.000835583596724987	-0.45309190306396263	0.0	(-0.45309190306396263+0j)
-0.67	-0.4489000000000001	-0.0008298295293126479	-0.44972989860454204	0.0	(-0.44972989860454204+0j)
-0.6675	-0.44555625	-0.0008240906089265421	-0.4463804092867061	0.0	(-0.4463804092867061+0j)
-0.665	-0.44222500000000003	-0.000818366898167372	-0.44304343517280664	0.0	(-0.44304343517280664+0j)
-0.6625	-0.43890625	-0.0008126584595362863	-0.4397189763250732	0.0	(-0.4397189763250732+0j)
-0.66	-0.43560000000000004	-0.0008069653554336198	-0.43640703280564275	0.0	(-0.43640703280564275+0j)
-0.6575	-0.43230624999999995	-0.0008012876481575948	-0.4331076046765442	0.0	(-0.4331076046765442+0j)
-0.655	-0.42902500000000005	-0.0007956253999031105	-0.4298206919996974	0.0	(-0.4298206919996974+0j)
-0.6525	-0.42575624999999995	-0.0007899786727604608	-0.4265462948369099	0.0	(-0.4265462948369099+0j)
-0.65	-0.42250000000000004	-0.00078434752871408	-0.4232844132498779	0.0	(-0.4232844132498779+0j)
-0.6475	-0.41925624999999994	-0.0007787320296412881	-0.42003504730019303	0.0	(-0.42003504730019303+0j)
-0.645	-0.41602500000000003	-0.0007731322373110361	-0.4167981970493247	0.0	(-0.4167981970493247+0j)
-0.6425	-0.41280624999999993	-0.0007675482133826573	-0.4135738625586237	0.0	(-0.4135738625586237+0j)
-0.64	-0.4096	-0.0007619800194046122	-0.410362043889341	0.0	(-0.410362043889341+0j)
-0.6375000000000001	-0.4064062500000001	-0.0007564277168132128	-0.4071627411025937	0.0	(-0.4071627411025937+0j)
-0.635	-0.403225	-0.0007508913669313944	-0.40397595425938415	0.0	(-0.40397595425938415+0j)
-0.6325000000000001	-0.40005625000000006	-0.0007453710309674733	-0.40080168342059636	0.0	(-0.40080168342059636+0j)
-0.63	-0.39690000000000003	-0.0007398667700138584	-0.39763992864698927	0.0	(-0.39763992864698927+0j)
-0.6275000000000001	-0.3937562500000001	-0.0007343786450458357	-0.39449068999919845	0.0	(-0.39449068999919845+0j)
-0.625	-0.390625	-0.0007289067169203023	-0.3913539675377341	0.0	(-0.3913539675377341+0j)
-0.6225	-0.38750625000000005	-0.0007234510463745181	-0.3882297613229821	0.0	(-0.3882297613229821+0j)
-0.62	-0.3844	-0.0007180116940248727	-0.3851180714152013	0.0	(-0.3851180714152013+0j)
-0.6175	-0.38130625000000007	-0.0007125887203656201	-0.3820188978745179	0.0	(-0.3820188978745179+0j)
-0.615	-0.378225	-0.0007071821857676464	-0.37893224076093146	0.0	(-0.37893224076093146+0j)
-0.6125	-0.3751562500000001	-0.0007017921504772263	-0.3758581001342974	0.0	(-0.3758581001342974+0j)
-0.61	-0.3721	-0.0006964186746147794	-0.37279647605435323	0.0	(-0.37279647605435323+0j)
-0.6075	-0.36905625000000003	-0.0006910618181735995	-0.3697473685806931	0.0	(-0.3697473685806931+0j)
-0.605	-0.366025	-0.0006857216410186828	-0.36671077777277766	0.0	(-0.36671077777277766+0j)
-0.6025	-0.36300625000000003	-0.0006803982028854239	-0.3636867036899286	0.0	(-0.3636867036899286+0j)
-0.6	-0.36	-0.0006750915633783939	-0.3606751463913268	0.0	(-0.3606751463913268+0j)
-0.5975	-0.35700625	-0.0006698017819701252	-0.3576761059360145	0.0	(-0.3576761059360145+0j)
-0.595	-0.354025	-0.0006645289179998571	-0.35468958238288967	0.0	(-0.35468958238288967+0j)
-0.5925	-0.35105625	-0.0006592730306723138	-0.3517155757907102	0.0	(-0.3517155757907102+0j)
-0.59	-0.34809999999999997	-0.0006540341790564564	-0.34875408621808507	0.0	(-0.34875408621808507+0j)
-0.5875	-0.34515625000000005	-0.0006488124220842662	-0.3458051137234779	0.0	(-0.3458051137234779+0j)
-0.585	-0.34222499999999995	-0.0006436078185495242	-0.3428686583652019	0.0	(-0.3428686583652019+0j)
-0.5825	-0.33930625000000003	-0.0006384204271065452	-0.3399447202014318	0.0	(-0.3399447202014318+0j)
-0.58	-0.3364	-0.000633250306269001	-0.3370332992901735	0.0	(-0.3370332992901735+0j)
-0.5775	-0.33350625	-0.0006280975144086654	-0.3341343956892994	0.0	(-0.3341343956892994+0j)
-0.5750000000000001	-0.33062500000000006	-0.0006229621097541883	-0.33124800945651267	0.0	(-0.33124800945651267+0j)
-0.5725	-0.32775625	-0.0006178441503899069	-0.32837414064936615	0.0	(-0.32837414064936615+0j)
-0.5700000000000001	-0.3249000000000001	-0.0006127436942545917	-0.3255127893252636	0.0	(-0.3255127893252636+0j)
-0.5675	-0.32205625	-0.0006076607991402472	-0.32266395554144356	0.0	(-0.32266395554144356+0j)
-0.5650000000000001	-0.3192250000000001	-0.0006025955226908853	-0.3198276393549793	0.0	(-0.3198276393549793+0j)
-0.5625	-0.31640625	-0.0005975479224013203	-0.3170038408227926	0.0	(-0.3170038408227926+0j)
-0.56	-0.31360000000000005	-0.000592518055615976	-0.3141925600016434	0.0	(-0.3141925600016434+0j)
-0.5575	-0.31080625	-0.000587505979527625	-0.31139379694811836	0.0	(-0.31139379694811836+0j)
-0.555	-0.30802500000000005	-0.0005825117511762346	-0.30860755171864285	0.0	(-0.30860755171864285+0j)
-0.5525	-0.30525625	-0.000577535427447723	-0.3058338243694777	0.0	(-0.3058338243694777+0j)
-0.55	-0.30250000000000005	-0.0005725770650727768	-0.3030726149567099	0.0	(-0.3030726149567099+0j)
-0.5475	-0.29975625	-0.0005676367206256583	-0.30032392353626547	0.0	(-0.30032392353626547+0j)
-0.545	-0.29702500000000004	-0.0005627144505229664	-0.2975877501638894	0.0	(-0.2975877501638894+0j)
-0.5425	-0.29430625	-0.0005578103110224719	-0.29486409489515564	0.0	(-0.29486409489515564+0j)
-0.54	-0.2916	-0.000552924358221929	-0.29215295778546563	0.0	(-0.29215295778546563+0j)
-0.5375	-0.28890625	-0.0005480566480578541	-0.28945433889004607	0.0	(-0.28945433889004607+0j)
-0.535	-0.286225	-0.0005432072363043605	-0.2867682382639381	0.0	(-0.2867682382639381+0j)
-0.5325	-0.28355624999999995	-0.0005383761785719476	-0.2840946559620146	0.0	(-0.2840946559620146+0j)
-0.53	-0.28090000000000004	-0.0005335635303063302	-0.28143359203895946	0.0	(-0.28143359203895946+0j)
-0.5275	-0.27825625	-0.0005287693467872556	-0.27878504654927744	0.0	(-0.27878504654927744+0j)
-0.525	-0.275625	-0.0005239936831273273	-0.27614901954728766	0.0	(-0.27614901954728766+0j)
-0.5225	-0.27300624999999995	-0.0005192365942708	-0.27352551108712475	0.0	(-0.27352551108712475+0j)
-0.52	-0.27040000000000003	-0.000514498134992436	-0.270914521222737	0.0	(-0.270914521222737+0j)
-0.5175	-0.26780624999999997	-0.000509778359896329	-0.2683160500078839	0.0	(-0.2683160500078839+0j)
-0.515	-0.265225	-0.0005050773234146933	-0.26573009749613524	0.0	(-0.26573009749613524+0j)
-0.5125	-0.26265625	-0.0005003950798067369	-0.2631566637408641	0.0	(-0.2631566637408641+0j)
-0.51	-0.2601	-0.0004957316831574965	-0.2605957487952588	0.0	(-0.2605957487952588+0j)
-0.5075000000000001	-0.25755625000000004	-0.0004910871873766487	-0.2580473527123068	0.0	(-0.2580473527123068+0j)
-0.505	-0.255025	-0.0004864616461973559	-0.2555114755447959	0.0	(-0.2555114755447959+0j)
-0.5025000000000001	-0.25250625000000004	-0.00048185511317514477	-0.2529881173453252	0.0	(-0.2529881173453252+0j)
-0.5	-0.25	-0.0004772676416867072	-0.2504772781662846	0.0	(-0.2504772781662846+0j)
-0.4975	-0.24750625	-0.00047269928492874594	-0.24797895805986903	0.0	(-0.24797895805986903+0j)
-0.495	-0.245025	-0.000468150095916875	-0.24549315707806635	0.0	(-0.24549315707806635+0j)
-0.4925	-0.24255625	-0.00046362012748443206	-0.24301987527266233	0.0	(-0.24301987527266233+0j)
-0.49	-0.24009999999999998	-0.00045910943228133494	-0.24055911269523073	0.0	(-0.24055911269523073+0j)
-0.4875	-0.23765624999999999	-0.00045461806277299346	-0.23811086939714476	0.0	(-0.23811086939714476+0j)
-0.485	-0.235225	-0.00045014607123907704	-0.23567514542956505	0.0	(-0.23567514542956505+0j)
-0.4825	-0.23280625	-0.00044569350977248235	-0.2332519408434355	0.0	(-0.2332519408434355+0j)
-0.48	-0.2304	-0.00044126043027813426	-0.23084125568949512	0.0	(-0.23084125568949512+0j)
-0.47750000000000004	-0.22800625000000002	-0.0004368468844719087	-0.22844309001826002	0.0	(-0.22844309001826002+0j)
-0.47500000000000003	-0.22562500000000002	-0.000432452923879445	-0.2260574438800341	0.0	(-0.2260574438800341+0j)
-0.47250000000000003	-0.22325625000000002	-0.00042807859983508	-0.22368431732490154	0.0	(-0.22368431732490154+0j)
-0.47000000000000003	-0.22090000000000004	-0.00042372396348071555	-0.2213237104027243	0.0	(-0.2213237104027243+0j)
-0.4675	-0.21855625000000004	-0.00041938906576468595	-0.21897562316314684	0.0	(-0.21897562316314684+0j)
-0.465	-0.21622500000000003	-0.00041507395744068144	-0.2166400556555836	0.0	(-0.2166400556555836+0j)
-0.4625	-0.21390625000000002	-0.0004107786890665932	-0.21431700792922814	0.0	(-0.21431700792922814+0j)
-0.46	-0.2116	-0.00040650331100345883	-0.21200648003304295	0.0	(-0.21200648003304295+0j)
-0.4575	-0.20930625000000003	-0.0004022478734143187	-0.20970847201576143	0.0	(-0.20970847201576143+0j)
-0.455	-0.20702500000000001	-0.00039801242626315015	-0.20742298392588726	0.0	(-0.20742298392588726+0j)
-0.4525	-0.20475625	-0.00039379701931376856	-0.20515001581169137	0.0	(-0.20515001581169137+0j)
-0.45	-0.2025	-0.00038960170212869465	-0.20288956772120356	0.0	(-0.20288956772120356+0j)
-0.4475	-0.20025625	-0.00038542652406814426	-0.20064163970222434	0.0	(-0.20064163970222434+0j)
-0.445	-0.198025	-0.00038127153428886286	-0.19840623180230746	0.0	(-0.19840623180230746+0j)
-0.4425	-0.19580625000000002	-0.00037713678174312594	-0.19618334406877114	0.0	(-0.19618334406877114+0j)
-0.44	-0.1936	-0.0003730223151775847	-0.19397297654868706	0.0	(-0.19397297654868706+0j)
-0.4375	-0.19140625	-0.00036892818313226665	-0.19177512928888132	0.0	(-0.19177512928888132+0j)
-0.435	-0.189225	-0.0003648544339394322	-0.18958980233593686	0.0	(-0.18958980233593686+0j)
-0.4325	-0.18705625	-0.00036080111572257546	-0.18741699573617826	0.0	(-0.18741699573617826+0j)
-0.43	-0.18489999999999998	-0.0003567682763953362	-0.18525670953568657	0.0	(-0.18525670953568657+0j)
-0.4275	-0.18275624999999998	-0.00035275596366045607	-0.18310894378028533	0.0	(-0.18310894378028533+0j)
-0.425	-0.18062499999999998	-0.00034876422500867976	-0.18097369851554268	0.0	(-0.18097369851554268+0j)
-0.4225	-0.17850624999999998	-0.00034479310771775575	-0.1788509737867675	0.0	(-0.1788509737867675+0j)
-0.42	-0.17639999999999997	-0.00034084265885139244	-0.17674076963900873	0.0	(-0.17674076963900873+0j)
-0.4175	-0.17430625	-0.00033691292525815934	-0.17464308611705043	0.0	(-0.17464308611705043+0j)
-0.41500000000000004	-0.17222500000000002	-0.0003330039535705432	-0.17255792326541433	0.0	(-0.17255792326541433+0j)
-0.41250000000000003	-0.17015625000000004	-0.00032911579020380446	-0.17048528112835076	0.0	(-0.17048528112835076+0j)
-0.41000000000000003	-0.16810000000000003	-0.00032524848135504495	-0.1684251597498387	0.0	(-0.1684251597498387+0j)
-0.40750000000000003	-0.16605625000000002	-0.00032140207300211947	-0.16637755917359112	0.0	(-0.16637755917359112+0j)
-0.405	-0.16402500000000003	-0.000317576610902659	-0.1643424794430385	0.0	(-0.1643424794430385+0j)
-0.4025	-0.16200625000000002	-0.0003137721405930161	-0.1623199206013364	0.0	(-0.1623199206013364+0j)
-0.4	-0.16000000000000003	-0.0003099887073872765	-0.16030988269135793	0.0	(-0.16030988269135793+0j)
-0.3975	-0.15800625000000001	-0.000306226356376238	-0.15831236575569302	0.0	(-0.15831236575569302+0j)
-0.395	-0.15602500000000002	-0.00030248513242642217	-0.15632736983664713	0.0	(-0.15632736983664713+0j)
-0.3925	-0.15405625	-0.00029876508017905317	-0.15435489497623273	0.0	(-0.15435489497623273+0j)
-0.39	-0.1521	-0.00029506624404909145	-0.15239494121617472	0.0	(-0.15239494121617472+0j)
-0.3875	-0.15015625000000002	-0.00029138866822420173	-0.15044750859789918	0.0	(-0.15044750859789918+0j)
-0.385	-0.148225	-0.00028773239666382013	-0.14851259716253526	0.0	(-0.14851259716253526+0j)
-0.3825	-0.14630625	-0.00028409747309812163	-0.14659020695091055	0.0	(-0.14659020695091055+0j)
-0.38	-0.1444	-0.0002804839410270876	-0.144680338003549	0.0	(-0.144680338003549+0j)
-0.3775	-0.14250625	-0.0002768918437194623	-0.14278299036066536	0.0	(-0.14278299036066536+0j)
-0.375	-0.140625	-0.00027332122421188656	-0.14089816406216316	0.0	(-0.14089816406216316+0j)
-0.3725	-0.13875625	-0.00026977212530785447	-0.1390258591476289	0.0	(-0.1390258591476289+0j)
-0.37	-0.1369	-0.0002662445895767807	-0.137166075656338	0.0	(-0.137166075656338+0j)
-0.3675	-0.13505625	-0.00026273865935306785	-0.13531881362723475	0.0	(-0.13531881362723475+0j)
-0.365	-0.13322499999999998	-0.000259254376735063	-0.13348407309894303	0.0	(-0.13348407309894303+0j)
-0.3625	-0.13140625	-0.0002557917835842805	-0.13166185410975378	0.0	(-0.13166185410975378+0j)
-0.36	-0.1296	-0.0002523509215243136	-0.1298521566976269	0.0	(-0.1298521566976269+0j)
-0.3575	-0.12780624999999998	-0.00024893183193992475	-0.12805498090018003	0.0	(-0.12805498090018003+0j)
-0.355	-0.126025	-0.00024553455597617905	-0.12627032675469335	0.0	(-0.12627032675469335+0j)
-0.3525	-0.12425624999999998	-0.0002421591345374896	-0.12449819429809647	0.0	(-0.12449819429809647+0j)
-0.35000000000000003	-0.12250000000000003	-0.00023880560828666298	-0.12273858356696758	0.0	(-0.12273858356696758+0j)
-0.34750000000000003	-0.12075625000000002	-0.00023547401764401066	-0.12099149459752931	0.0	(-0.12099149459752931+0j)
-0.34500000000000003	-0.11902500000000002	-0.00023216440278641672	-0.11925692742564388	0.0	(-0.11925692742564388+0j)
-0.3425	-0.11730625000000001	-0.0002288768036464939	-0.11753488208680606	0.0	(-0.11753488208680606+0j)
-0.34	-0.11560000000000002	-0.0002256112599116067	-0.1158253586161385	0.0	(-0.1158253586161385+0j)
-0.3375	-0.11390625000000001	-0.0002223678110230276	-0.1141283570483881	0.0	(-0.1141283570483881+0j)
-0.335	-0.11222500000000002	-0.0002191464961749823	-0.11244387741791695	0.0	(-0.11244387741791695+0j)
-0.3325	-0.11055625000000001	-0.00021594735431389457	-0.11077191975869959	0.0	(-0.11077191975869959+0j)
-0.33	-0.10890000000000001	-0.00021277042413727634	-0.10911248410431626	0.0	(-0.10911248410431626+0j)
-0.3275	-0.10725625000000001	-0.0002096157440931279	-0.10746557048794443	0.0	(-0.10746557048794443+0j)
-0.325	-0.10562500000000001	-0.0002064833523788945	-0.10583117894235443	0.0	(-0.10583117894235443+0j)
-0.3225	-0.10400625000000001	-0.0002033732869406002	-0.10420930949990015	0.0	(-0.10420930949990015+0j)
-0.32	-0.1024	-0.0002002855854720487	-0.10259996219251521	0.0	(-0.10259996219251521+0j)
-0.3175	-0.10080625	-0.0001972202854139571	-0.1010031370517037	0.0	(-0.1010031370517037+0j)
-0.315	-0.09922500000000001	-0.00019417742395313466	-0.0994188341085312	0.0	(-0.0994188341085312+0j)
-0.3125	-0.09765625	-0.00019115703802148333	-0.09784705339361706	0.0	(-0.09784705339361706+0j)
-0.31	-0.0961	-0.00018815916429542058	-0.09628779493712936	0.0	(-0.09628779493712936+0j)
-0.3075	-0.09455625	-0.00018518383919481353	-0.09474105876876973	0.0	(-0.09474105876876973+0j)
-0.305	-0.093025	-0.000182231098882224	-0.09320684491776957	0.0	(-0.09320684491776957+0j)
-0.3025	-0.09150625	-0.00017930097926219802	-0.0916851534128778	0.0	(-0.0916851534128778+0j)
-0.3	-0.09	-0.00017639351598024435	-0.0901759842823509	0.0	(-0.0901759842823509+0j)
-0.2975	-0.08850625	-0.00017350874442216836	-0.08867933755394271	0.0	(-0.08867933755394271+0j)
-0.295	-0.08702499999999999	-0.00017064669971327275	-0.0871952132548929	0.0	(-0.0871952132548929+0j)
-0.2925	-0.08555624999999999	-0.00016780741671746925	-0.08572361141191352	0.0	(-0.08572361141191352+0j)
-0.29	-0.0841	-0.000164990930036546	-0.08426453205118192	0.0	(-0.08426453205118192+0j)
-0.28750000000000003	-0.08265625000000001	-0.0001621972740093014	-0.0828179751983202	0.0	(-0.0828179751983202+0j)
-0.28500000000000003	-0.08122500000000002	-0.00015942648271090044	-0.08138394087839058	0.0	(-0.08138394087839058+0j)
-0.28250000000000003	-0.07980625000000002	-0.00015667858995198626	-0.07996242911587148	0.0	(-0.07996242911587148+0j)
-0.28	-0.07840000000000001	-0.00015395362927792534	-0.07855343993465029	0.0	(-0.07855343993465029+0j)
-0.2775	-0.07700625000000001	-0.00015125163396803034	-0.07715697335800534	0.0	(-0.07715697335800534+0j)
-0.275	-0.07562500000000001	-0.00014857263703489388	-0.07577302940858616	0.0	(-0.07577302940858616+0j)
-0.2725	-0.07425625000000001	-0.00014591667122343388	-0.07440160810839878	0.0	(-0.07440160810839878+0j)
-0.27	-0.0729	-0.00014328376901042716	-0.07304270947878877	0.0	(-0.07304270947878877+0j)
-0.2675	-0.07155625	-0.0001406739626034881	-0.07169633354041732	0.0	(-0.07169633354041732+0j)
-0.265	-0.07022500000000001	-0.00013808728394058	-0.07036248031324477	0.0	(-0.07036248031324477+0j)
-0.2625	-0.06890625	-0.00013552376468894956	-0.06904114981650514	0.0	(-0.06904114981650514+0j)
-0.26	-0.06760000000000001	-0.00013298343624481567	-0.06773234206868713	0.0	(-0.06773234206868713+0j)
-0.2575	-0.06630625	-0.0001304663297323039	-0.06643605708750724	0.0	(-0.06643605708750724+0j)
-0.255	-0.065025	-0.00012797247600295769	-0.06515229488988314	0.0	(-0.06515229488988314+0j)
-0.2525	-0.06375625	-0.00012550190563489493	-0.063881055491909	0.0	(-0.063881055491909+0j)
-0.25	-0.0625	-0.00012305464893214157	-0.06262233890882415	0.0	(-0.06262233890882415+0j)
-0.2475	-0.06125625	-0.00012063073592396557	-0.061376145154983484	0.0	(-0.061376145154983484+0j)
-0.245	-0.060024999999999995	-0.00011823019636421074	-0.060142474243825295	0.0	(-0.060142474243825295+0j)
-0.2425	-0.05880625	-0.00011585305973054183	-0.05892132618783467	0.0	(-0.05892132618783467+0j)
-0.24	-0.0576	-0.0001134993552236896	-0.057712700998509385	0.0	(-0.057712700998509385+0j)
-0.23750000000000002	-0.056406250000000005	-0.00011116911176705102	-0.056516598686317726	0.0	(-0.056516598686317726+0j)
-0.23500000000000001	-0.05522500000000001	-0.00010886235800575684	-0.05533301926065886	0.0	(-0.05533301926065886+0j)
-0.2325	-0.05405625000000001	-0.00010657912230618295	-0.054161962729818346	0.0	(-0.054161962729818346+0j)
-0.23	-0.0529	-0.0001043194327551067	-0.05300342910091762	0.0	(-0.05300342910091762+0j)
-0.2275	-0.051756250000000004	-0.00010208331715930719	-0.05185741837986939	0.0	(-0.05185741837986939+0j)
-0.225	-0.050625	-9.987080304472152e-05	-0.05072393057131694	0.0	(-0.05072393057131694+0j)
-0.2225	-0.04950625	-9.768191765591183e-05	-0.049602965678580524	0.0	(-0.049602965678580524+0j)
-0.22	-0.0484	-9.551668795539926e-05	-0.04849452370359439	0.0	(-0.04849452370359439+0j)
-0.2175	-0.04730625	-9.33751406230865e-05	-0.0473986046468407	0.0	(-0.0473986046468407+0j)
-0.215	-0.046224999999999995	-9.125730205550298e-05	-0.04631520850727867	0.0	(-0.04631520850727867+0j)
-0.2125	-0.045156249999999995	-8.916319836544951e-05	-0.045244335282268684	0.0	(-0.045244335282268684+0j)
-0.21	-0.04409999999999999	-8.709285538115452e-05	-0.04418598496749124	0.0	(-0.04418598496749124+0j)
-0.20750000000000002	-0.043056250000000004	-8.50462986457412e-05	-0.04314015755685804	0.0	(-0.04314015755685804+0j)
-0.20500000000000002	-0.04202500000000001	-8.302355341682777e-05	-0.042106853042419345	0.0	(-0.042106853042419345+0j)
-0.2025	-0.04100625000000001	-8.102464466550608e-05	-0.041086071414262106	0.0	(-0.041086071414262106+0j)
-0.2	-0.04000000000000001	-7.904959707625281e-05	-0.04007781266040154	0.0	(-0.04007781266040154+0j)
-0.1975	-0.039006250000000006	-7.709843504617454e-05	-0.03908207676666284	0.0	(-0.03908207676666284+0j)
-0.195	-0.038025	-7.517118268420831e-05	-0.03809886371655506	0.0	(-0.03809886371655506+0j)
-0.1925	-0.03705625	-7.326786381094408e-05	-0.037128173491133364	0.0	(-0.037128173491133364+0j)
-0.19	-0.0361	-7.138850195778091e-05	-0.036170006068852484	0.0	(-0.036170006068852484+0j)
-0.1875	-0.03515625	-6.953312036666049e-05	-0.03522436142540559	0.0	(-0.03522436142540559+0j)
-0.185	-0.034225	-6.770174198909019e-05	-0.034291239533551704	0.0	(-0.034291239533551704+0j)
-0.1825	-0.033306249999999996	-6.589438948614302e-05	-0.033370640362925946	0.0	(-0.033370640362925946+0j)
-0.18	-0.0324	-6.411108522756948e-05	-0.03246256387983826	0.0	(-0.03246256387983826+0j)
-0.1775	-0.03150625	-6.23518512915311e-05	-0.0315670100470489	0.0	(-0.0315670100470489+0j)
-0.17500000000000002	-0.030625000000000006	-6.0616709463534596e-05	-0.030683978823528666	0.0	(-0.030683978823528666+0j)
-0.17250000000000001	-0.029756250000000005	-5.890568123678719e-05	-0.029813470164196165	0.0	(-0.029813470164196165+0j)
-0.17	-0.028900000000000006	-5.721878781113077e-05	-0.028955484019631196	0.0	(-0.028955484019631196+0j)
-0.1675	-0.028056250000000005	-5.5556050092420156e-05	-0.028110020335761318	0.0	(-0.028110020335761318+0j)
-0.165	-0.027225000000000003	-5.391748869261193e-05	-0.027277079053520458	0.0	(-0.027277079053520458+0j)
-0.1625	-0.026406250000000003	-5.2303123928698626e-05	-0.02645666010847551	0.0	(-0.02645666010847551+0j)
-0.16	-0.0256	-5.071297582261991e-05	-0.0256487634304152	0.0	(-0.0256487634304152+0j)
-0.1575	-0.024806250000000002	-4.914706410072967e-05	-0.024853388942900363	0.0	(-0.024853388942900363+0j)
-0.155	-0.024025	-4.760540819299664e-05	-0.024070536562770105	0.0	(-0.024070536562770105+0j)
-0.1525	-0.02325625	-4.608802723327088e-05	-0.023300206199598113	0.0	(-0.023300206199598113+0j)
-0.15	-0.0225	-4.459494005804032e-05	-0.022542397755092036	0.0	(-0.022542397755092036+0j)
-0.1475	-0.021756249999999998	-4.312616520634194e-05	-0.021797111122433835	0.0	(-0.021797111122433835+0j)
-0.145	-0.021025	-4.1681720919672927e-05	-0.021064346185547655	0.0	(-0.021064346185547655+0j)
-0.14250000000000002	-0.020306250000000005	-4.0261625140924906e-05	-0.020344102818291965	0.0	(-0.020344102818291965+0j)
-0.14	-0.019600000000000003	-3.886589551438391e-05	-0.019636380883562152	0.0	(-0.019636380883562152+0j)
-0.1375	-0.018906250000000003	-3.749454938528629e-05	-0.018941180232295428	0.0	(-0.018941180232295428+0j)
-0.135	-0.018225	-3.61476037991082e-05	-0.01825850070236344	0.0	(-0.01825850070236344+0j)
-0.1325	-0.017556250000000002	-3.482507550174319e-05	-0.01758834211734005	0.0	(-0.01758834211734005+0j)
-0.13	-0.016900000000000002	-3.352698093852524e-05	-0.016930704285123936	0.0	(-0.016930704285123936+0j)
-0.1275	-0.01625625	-3.225333625405114e-05	-0.016285586996401168	0.0	(-0.016285586996401168+0j)
-0.125	-0.015625	-3.100415729200279e-05	-0.015652990022923367	0.0	(-0.015652990022923367+0j)
-0.1225	-0.015006249999999999	-2.977945959443673e-05	-0.01503291311557511	0.0	(-0.01503291311557511+0j)
-0.12	-0.0144	-2.8579258402139376e-05	-0.01442535600220428	0.0	(-0.01442535600220428+0j)
-0.11750000000000001	-0.013806250000000003	-2.7403568652673017e-05	-0.013830318385175948	0.0	(-0.013830318385175948+0j)
-0.115	-0.013225	-2.6252404982152203e-05	-0.013247799938618092	0.0	(-0.013247799938618092+0j)
-0.1125	-0.01265625	-2.512578172328972e-05	-0.012677800305305584	0.0	(-0.012677800305305584+0j)
-0.11	-0.0121	-2.402371290557426e-05	-0.012120319093133745	0.0	(-0.012120319093133745+0j)
-0.1075	-0.011556249999999999	-2.294621225544802e-05	-0.011575355871120683	0.0	(-0.011575355871120683+0j)
-0.105	-0.011024999999999998	-2.1893293195240915e-05	-0.011042910164862946	0.0	(-0.011042910164862946+0j)
-0.10250000000000001	-0.010506250000000002	-2.0864968842815303e-05	-0.010522981451364757	0.0	(-0.010522981451364757+0j)
-0.1	-0.010000000000000002	-1.9861252011921238e-05	-0.010015569153145108	0.0	(-0.010015569153145108+0j)
-0.0975	-0.00950625	-1.8882155211841223e-05	-0.009520672631509438	0.0	(-0.009520672631509438+0j)
-0.095	-0.009025	-1.7927690645436203e-05	-0.009038291178856968	0.0	(-0.009038291178856968+0j)
-0.0925	-0.00855625	-1.6997870212520638e-05	-0.00856842400988451	0.0	(-0.00856842400988451+0j)
-0.09	-0.0081	-1.609270550559927e-05	-0.008111070251506845	0.0	(-0.008111070251506845+0j)
-0.08750000000000001	-0.007656250000000002	-1.5212207811288181e-05	-0.007666228931319901	0.0	(-0.007666228931319901+0j)
-0.085	-0.007225000000000001	-1.4356388111025354e-05	-0.007233898964394437	0.0	(-0.007233898964394437+0j)
-0.0825	-0.006806250000000001	-1.3525257079294306e-05	-0.006814079138178939	0.0	(-0.006814079138178939+0j)
-0.08	-0.0064	-1.2718825083624098e-05	-0.006406768095291741	0.0	(-0.006406768095291741+0j)
-0.0775	-0.00600625	-1.1937102185299865e-05	-0.0060119643139953305	0.0	(-0.0060119643139953305+0j)
-0.075	-0.005625	-1.1180098138297014e-05	-0.005629666086194857	0.0	(-0.005629666086194857+0j)
-0.0725	-0.00525625	-1.0447822388570671e-05	-0.005259871492926749	0.0	(-0.005259871492926749+0j)
-0.07	-0.004900000000000001	-9.740284075121509e-06	-0.004902578377523586	0.0	(-0.004902578377523586+0j)
-0.0675	-0.00455625	-9.057492029285186e-06	-0.004557784317042955	0.0	(-0.004557784317042955+0j)
-0.065	-0.0042250000000000005	-8.399454775087635e-06	-0.0042254865932600544	0.0	(-0.0042254865932600544+0j)
-0.0625	-0.00390625	-7.766180525692334e-06	-0.0039056821657249448	0.0	(-0.0039056821657249448+0j)
-0.06	-0.0036	-7.157677188729394e-06	-0.0035983676514423097	0.0	(-0.0035983676514423097+0j)
-0.0575	-0.00330625	-6.573952361321745e-06	-0.0033035393191230577	0.0	(-0.0033035393191230577+0j)
-0.055	-0.003025	-6.015013334348396e-06	-0.0030211931117011042	0.0	(-0.0030211931117011042+0j)
-0.0525	-0.0027562499999999996	-5.480867086049557e-06	-0.002751324720262281	0.0	(-0.002751324720262281+0j)
-0.05	-0.0025000000000000005	-4.971520289132059e-06	-0.002493929748275971	0.0	(-0.002493929748275971+0j)
-0.0475	-0.00225625	-4.486979304374472e-06	-0.002249004030779353	0.0	(-0.002249004030779353+0j)
-0.045	-0.002025	-4.027250184890363e-06	-0.0020165442150478423	0.0	(-0.0020165442150478423+0j)
-0.0425	-0.0018062500000000003	-3.5923386747072075e-06	-0.0017965487754433257	0.0	(-0.0017965487754433257+0j)
-0.04	-0.0016	-3.1822502052136773e-06	-0.0015890197351506742	0.0	(-0.0015890197351506742+0j)
-0.0375	-0.00140625	-2.7969899008439826e-06	-0.0013939655053372899	0.0	(-0.0013939655053372899+0j)
-0.035	-0.0012250000000000002	-2.4365625762357016e-06	-0.0012114054053648615	0.0	(-0.0012114054053648615+0j)
-0.0325	-0.0010562500000000001	-2.1009727333876073e-06	-0.0010413764933276022	0.0	(-0.0010413764933276022+0j)
-0.03	-0.0009	-1.7902245673440122e-06	-0.0008839430236878394	0.0	(-0.0008839430236878394+0j)
-0.0275	-0.00075625	-1.5043219576682532e-06	-0.0007392075497674873	0.0	(-0.0007392075497674873+0j)
-0.025	-0.0006250000000000001	-1.243268482653548e-06	-0.0006073195920026696	0.0	(-0.0006073195920026696+0j)
-0.0225	-0.00050625	-1.0070674022699678e-06	-0.0004884729686932346	0.0	(-0.0004884729686932346+0j)
-0.02	-0.0004	-7.957216723752936e-07	-0.00038287975033620574	0.0	(-0.00038287975033620574+0j)
-0.0175	-0.00030625000000000004	-6.092339162933058e-07	-0.0002907145451412421	0.0	(-0.0002907145451412421+0j)
-0.015	-0.000225	-4.476064873415453e-07	-0.00021203883393230923	0.0	(-0.00021203883393230923+0j)
-0.0125	-0.00015625000000000003	-3.108413920926978e-07	-0.00014672260596076926	0.0	(-0.00014672260596076926+0j)
-0.01	-0.0001	-1.989403472180129e-07	-9.435112891905572e-05	0.0	(-9.435112891905572e-05+0j)
-0.0075	-5.625e-05	-1.1190481927769725e-07	-5.402814853583947e-05	0.0	(-5.402814853583947e-05+0j)
-0.005	-2.5e-05	-4.973571776645258e-08	-2.3869123378616105e-05	0.0	(-2.3869123378616105e-05+0j)
-0.0025	-6.25e-06	-1.2433883966878057e-08	4.665457473476686e-18	-0.0006519997561011616	(4.665457473476686e-18-0.0006519997561011616j)
0.0025	6.25e-06	1.2433883966878057e-08	4.665457473476686e-18	0.0006519997561011616	(4.665457473476686e-18+0.0006519997561011616j)
0.005	2.5e-05	4.973571776645258e-08	2.3869123378614994e-05	0.0	(2.3869123378614994e-05+0j)
0.0075	5.625e-05	1.1190481927769725e-07	5.4028148535844227e-05	0.0	(5.4028148535844227e-05+0j)
0.01	0.0001	1.989403472180129e-07	9.435112891903931e-05	0.0	(9.435112891903931e-05+0j)
0.0125	0.00015625000000000003	3.108413920926978e-07	0.00014672260596077752	0.0	(0.00014672260596077752+0j)
0.015	0.000225	4.476064873415453e-07	0.00021203883393232584	0.0	(0.00021203883393232584+0j)
0.0175	0.00030625000000000004	6.092339162933058e-07	0.00029071454514122597	0.0	(0.00029071454514122597+0j)
0.02	0.0004	7.957216723752936e-07	0.00038287975033616346	0.0	(0.00038287975033616346+0j)
0.0225	0.00050625	1.0070674022699678e-06	0.0004884729686932109	0.0	(0.0004884729686932109+0j)
0.025	0.0006250000000000001	1.243268482653548e-06	0.0006073195920026285	0.0	(0.0006073195920026285+0j)
0.0275	0.00075625	1.5043219576682532e-06	0.0007392075497674733	0.0	(0.0007392075497674733+0j)
0.03	0.0009	1.7902245673440122e-06	0.0008839430236878332	0.0	(0.0008839430236878332+0j)
0.0325	0.0010562500000000001	2.1009727333876073e-06	0.0010413764933276052	0.0	(0.0010413764933276052+0j)
0.035	0.0012250000000000002	2.4365625762357016e-06	0.001211405405364844	0.0	(0.001211405405364844+0j)
0.0375	0.00140625	2.7969899008439826e-06	0.0013939655053373007	0.0	(0.0013939655053373007+0j)
0.04	0.0016	3.1822502052136773e-06	0.0015890197351506685	0.0	(0.0015890197351506685+0j)
0.0425	0.0018062500000000003	3.5923386747072075e-06	0.0017965487754433278	0.0	(0.0017965487754433278+0j)
0.045	0.002025	4.027250184890363e-06	0.002016544215047909	0.0	(0.002016544215047909+0j)
0.0475	0.00225625	4.486979304374472e-06	0.0022490040307793497	0.0	(0.0022490040307793497+0j)
0.05	0.0025000000000000005	4.971520289132059e-06	0.0024939297482759522	0.0	(0.0024939297482759522+0j)
0.0525	0.0027562499999999996	5.480867086049557e-06	0.0027513247202622768	0.0	(0.0027513247202622768+0j)
0.055	0.003025	6.015013334348396e-06	0.0030211931117010873	0.0	(0.0030211931117010873+0j)
0.0575	0.00330625	6.573952361321745e-06	0.003303539319123052	0.0	(0.003303539319123052+0j)
0.06	0.0036	7.157677188729394e-06	0.003598367651442286	0.0	(0.003598367651442286+0j)
0.0625	0.00390625	7.766180525692334e-06	0.003905682165724922	0.0	(0.003905682165724922+0j)
0.065	0.0042250000000000005	8.399454775087635e-06	0.00422548659326005	0.0	(0.00422548659326005+0j)
0.0675	0.00455625	9.057492029285186e-06	0.004557784317042962	0.0	(0.004557784317042962+0j)
0.07	0.004900000000000001	9.740284075121509e-06	0.004902578377523603	0.0	(0.004902578377523603+0j)
0.0725	0.00525625	1.0447822388570671e-05	0.0052598714929267525	0.0	(0.0052598714929267525+0j)
0.075	0.005625	1.1180098138297014e-05	0.0056296660861948275	0.0	(0.0056296660861948275+0j)
0.0775	0.00600625	1.1937102185299865e-05	0.0060119643139953495	0.0	(0.0060119643139953495+0j)
0.08	0.0064	1.2718825083624098e-05	0.00640676809529177	0.0	(0.00640676809529177+0j)
0.0825	0.006806250000000001	1.3525257079294306e-05	0.006814079138178927	0.0	(0.006814079138178927+0j)
0.085	0.007225000000000001	1.4356388111025354e-05	0.007233898964394474	0.0	(0.007233898964394474+0j)
0.08750000000000001	0.007656250000000002	1.5212207811288181e-05	0.007666228931319943	0.0	(0.007666228931319943+0j)
0.09	0.0081	1.609270550559927e-05	0.008111070251506864	0.0	(0.008111070251506864+0j)
0.0925	0.00855625	1.6997870212520638e-05	0.008568424009884503	0.0	(0.008568424009884503+0j)
0.095	0.009025	1.7927690645436203e-05	0.009038291178856956	0.0	(0.009038291178856956+0j)
0.0975	0.00950625	1.8882155211841223e-05	0.009520672631509462	0.0	(0.009520672631509462+0j)
0.1	0.010000000000000002	1.9861252011921238e-05	0.010015569153145085	0.0	(0.010015569153145085+0j)
0.10250000000000001	0.010506250000000002	2.0864968842815303e-05	0.010522981451364708	0.0	(0.010522981451364708+0j)
0.105	0.011024999999999998	2.1893293195240915e-05	0.011042910164862956	0.0	(0.011042910164862956+0j)
0.1075	0.011556249999999999	2.294621225544802e-05	0.011575355871120742	0.0	(0.011575355871120742+0j)
0.11	0.0121	2.402371290557426e-05	0.012120319093133727	0.0	(0.012120319093133727+0j)
0.1125	0.01265625	2.512578172328972e-05	0.01267780030530549	0.0	(0.01267780030530549+0j)
0.115	0.013225	2.6252404982152203e-05	0.01324779993861817	0.0	(0.01324779993861817+0j)
0.11750000000000001	0.013806250000000003	2.7403568652673017e-05	0.013830318385175913	0.0	(0.013830318385175913+0j)
0.12	0.0144	2.8579258402139376e-05	0.014425356002204225	0.0	(0.014425356002204225+0j)
0.1225	0.015006249999999999	2.977945959443673e-05	0.015032913115575098	0.0	(0.015032913115575098+0j)
0.125	0.015625	3.100415729200279e-05	0.015652990022923315	0.0	(0.015652990022923315+0j)
0.1275	0.01625625	3.225333625405114e-05	0.016285586996401223	0.0	(0.016285586996401223+0j)
0.13	0.016900000000000002	3.352698093852524e-05	0.01693070428512386	0.0	(0.01693070428512386+0j)
0.1325	0.017556250000000002	3.482507550174319e-05	0.01758834211734005	0.0	(0.01758834211734005+0j)
0.135	0.018225	3.61476037991082e-05	0.018258500702363498	0.0	(0.018258500702363498+0j)
0.1375	0.018906250000000003	3.749454938528629e-05	0.018941180232295306	0.0	(0.018941180232295306+0j)
0.14	0.019600000000000003	3.886589551438391e-05	0.019636380883562243	0.0	(0.019636380883562243+0j)
0.14250000000000002	0.020306250000000005	4.0261625140924906e-05	0.020344102818292072	0.0	(0.020344102818292072+0j)
0.145	0.021025	4.1681720919672927e-05	0.021064346185547686	0.0	(0.021064346185547686+0j)
0.1475	0.021756249999999998	4.312616520634194e-05	0.02179711112243371	0.0	(0.02179711112243371+0j)
0.15	0.0225	4.459494005804032e-05	0.022542397755092217	0.0	(0.022542397755092217+0j)
0.1525	0.02325625	4.608802723327088e-05	0.023300206199597925	0.0	(0.023300206199597925+0j)
0.155	0.024025	4.760540819299664e-05	0.024070536562770056	0.0	(0.024070536562770056+0j)
0.1575	0.024806250000000002	4.914706410072967e-05	0.024853388942900505	0.0	(0.024853388942900505+0j)
0.16	0.0256	5.071297582261991e-05	0.02564876343041521	0.0	(0.02564876343041521+0j)
0.1625	0.026406250000000003	5.2303123928698626e-05	0.026456660108475583	0.0	(0.026456660108475583+0j)
0.165	0.027225000000000003	5.391748869261193e-05	0.027277079053520552	0.0	(0.027277079053520552+0j)
0.1675	0.028056250000000005	5.5556050092420156e-05	0.028110020335761297	0.0	(0.028110020335761297+0j)
0.17	0.028900000000000006	5.721878781113077e-05	0.02895548401963121	0.0	(0.02895548401963121+0j)
0.17250000000000001	0.029756250000000005	5.890568123678719e-05	0.02981347016419613	0.0	(0.02981347016419613+0j)
0.17500000000000002	0.030625000000000006	6.0616709463534596e-05	0.030683978823528708	0.0	(0.030683978823528708+0j)
0.1775	0.03150625	6.23518512915311e-05	0.031567010047048684	0.0	(0.031567010047048684+0j)
0.18	0.0324	6.411108522756948e-05	0.03246256387983837	0.0	(0.03246256387983837+0j)
0.1825	0.033306249999999996	6.589438948614302e-05	0.03337064036292609	0.0	(0.03337064036292609+0j)
0.185	0.034225	6.770174198909019e-05	0.034291239533551635	0.0	(0.034291239533551635+0j)
0.1875	0.03515625	6.953312036666049e-05	0.03522436142540572	0.0	(0.03522436142540572+0j)
0.19	0.0361	7.138850195778091e-05	0.03617000606885253	0.0	(0.03617000606885253+0j)
0.1925	0.03705625	7.326786381094408e-05	0.03712817349113345	0.0	(0.03712817349113345+0j)
0.195	0.038025	7.517118268420831e-05	0.03809886371655507	0.0	(0.03809886371655507+0j)
0.1975	0.039006250000000006	7.709843504617454e-05	0.03908207676666299	0.0	(0.03908207676666299+0j)
0.2	0.04000000000000001	7.904959707625281e-05	0.040077812660401675	0.0	(0.040077812660401675+0j)
0.2025	0.04100625000000001	8.102464466550608e-05	0.04108607141426216	0.0	(0.04108607141426216+0j)
0.20500000000000002	0.04202500000000001	8.302355341682777e-05	0.04210685304241943	0.0	(0.04210685304241943+0j)
0.20750000000000002	0.043056250000000004	8.50462986457412e-05	0.043140157556857996	0.0	(0.043140157556857996+0j)
0.21	0.04409999999999999	8.709285538115452e-05	0.04418598496749118	0.0	(0.04418598496749118+0j)
0.2125	0.045156249999999995	8.916319836544951e-05	0.0452443352822688	0.0	(0.0452443352822688+0j)
0.215	0.046224999999999995	9.125730205550298e-05	0.04631520850727873	0.0	(0.04631520850727873+0j)
0.2175	0.04730625	9.33751406230865e-05	0.047398604646841015	0.0	(0.047398604646841015+0j)
0.22	0.0484	9.551668795539926e-05	0.048494523703594195	0.0	(0.048494523703594195+0j)
0.2225	0.04950625	9.768191765591183e-05	0.04960296567858063	0.0	(0.04960296567858063+0j)
0.225	0.050625	9.987080304472152e-05	0.05072393057131692	0.0	(0.05072393057131692+0j)
0.2275	0.051756250000000004	0.00010208331715930719	0.05185741837986941	0.0	(0.05185741837986941+0j)
0.23	0.0529	0.0001043194327551067	0.05300342910091787	0.0	(0.05300342910091787+0j)
0.2325	0.05405625000000001	0.00010657912230618295	0.05416196272981808	0.0	(0.05416196272981808+0j)
0.23500000000000001	0.05522500000000001	0.00010886235800575684	0.05533301926065887	0.0	(0.05533301926065887+0j)
0.23750000000000002	0.056406250000000005	0.00011116911176705102	0.05651659868631764	0.0	(0.05651659868631764+0j)
0.24	0.0576	0.0001134993552236896	0.05771270099850892	0.0	(0.05771270099850892+0j)
0.2425	0.05880625	0.00011585305973054183	0.058921326187834536	0.0	(0.058921326187834536+0j)
0.245	0.060024999999999995	0.00011823019636421074	0.06014247424382503	0.0	(0.06014247424382503+0j)
0.2475	0.06125625	0.00012063073592396557	0.06137614515498356	0.0	(0.06137614515498356+0j)
0.25	0.0625	0.00012305464893214157	0.06262233890882422	0.0	(0.06262233890882422+0j)
0.2525	0.06375625	0.00012550190563489493	0.06388105549190884	0.0	(0.06388105549190884+0j)
0.255	0.065025	0.00012797247600295769	0.06515229488988315	0.0	(0.06515229488988315+0j)
0.2575	0.06630625	0.0001304663297323039	0.06643605708750737	0.0	(0.06643605708750737+0j)
0.26	0.06760000000000001	0.00013298343624481567	0.0677323420686875	0.0	(0.0677323420686875+0j)
0.2625	0.06890625	0.00013552376468894956	0.06904114981650497	0.0	(0.06904114981650497+0j)
0.265	0.07022500000000001	0.00013808728394058	0.07036248031324455	0.0	(0.07036248031324455+0j)
0.2675	0.07155625	0.0001406739626034881	0.0716963335404174	0.0	(0.0716963335404174+0j)
0.27	0.0729	0.00014328376901042716	0.07304270947878913	0.0	(0.07304270947878913+0j)
0.2725	0.07425625000000001	0.00014591667122343388	0.07440160810839908	0.0	(0.07440160810839908+0j)
0.275	0.07562500000000001	0.00014857263703489388	0.07577302940858652	0.0	(0.07577302940858652+0j)
0.2775	0.07700625000000001	0.00015125163396803034	0.07715697335800634	0.0	(0.07715697335800634+0j)
0.28	0.07840000000000001	0.00015395362927792534	0.07855343993465091	0.0	(0.07855343993465091+0j)
0.28250000000000003	0.07980625000000002	0.00015667858995198626	0.07996242911587144	0.0	(0.07996242911587144+0j)
0.28500000000000003	0.08122500000000002	0.00015942648271090044	0.08138394087839067	0.0	(0.08138394087839067+0j)
0.28750000000000003	0.08265625000000001	0.0001621972740093014	0.08281797519832043	0.0	(0.08281797519832043+0j)
0.29	0.0841	0.000164990930036546	0.08426453205118148	0.0	(0.08426453205118148+0j)
0.2925	0.08555624999999999	0.00016780741671746925	0.08572361141191394	0.0	(0.08572361141191394+0j)
0.295	0.08702499999999999	0.00017064669971327275	0.08719521325489299	0.0	(0.08719521325489299+0j)
0.2975	0.08850625	0.00017350874442216836	0.0886793375539432	0.0	(0.0886793375539432+0j)
0.3	0.09	0.00017639351598024435	0.09017598428235163	0.0	(0.09017598428235163+0j)
0.3025	0.09150625	0.00017930097926219802	0.09168515341287774	0.0	(0.09168515341287774+0j)
0.305	0.093025	0.000182231098882224	0.09320684491776948	0.0	(0.09320684491776948+0j)
0.3075	0.09455625	0.00018518383919481353	0.09474105876876955	0.0	(0.09474105876876955+0j)
0.31	0.0961	0.00018815916429542058	0.09628779493712884	0.0	(0.09628779493712884+0j)
0.3125	0.09765625	0.00019115703802148333	0.09784705339361746	0.0	(0.09784705339361746+0j)
0.315	0.09922500000000001	0.00019417742395313466	0.09941883410853045	0.0	(0.09941883410853045+0j)
0.3175	0.10080625	0.0001972202854139571	0.10100313705170368	0.0	(0.10100313705170368+0j)
0.32	0.1024	0.0002002855854720487	0.10259996219251534	0.0	(0.10259996219251534+0j)
0.3225	0.10400625000000001	0.0002033732869406002	0.10420930949990041	0.0	(0.10420930949990041+0j)
0.325	0.10562500000000001	0.0002064833523788945	0.10583117894235426	0.0	(0.10583117894235426+0j)
0.3275	0.10725625000000001	0.0002096157440931279	0.10746557048794468	0.0	(0.10746557048794468+0j)
0.33	0.10890000000000001	0.00021277042413727634	0.10911248410431681	0.0	(0.10911248410431681+0j)
0.3325	0.11055625000000001	0.00021594735431389457	0.11077191975870035	0.0	(0.11077191975870035+0j)
0.335	0.11222500000000002	0.0002191464961749823	0.11244387741791688	0.0	(0.11244387741791688+0j)
0.3375	0.11390625000000001	0.0002223678110230276	0.11412835704838789	0.0	(0.11412835704838789+0j)
0.34	0.11560000000000002	0.0002256112599116067	0.11582535861613842	0.0	(0.11582535861613842+0j)
0.3425	0.11730625000000001	0.0002288768036464939	0.1175348820868062	0.0	(0.1175348820868062+0j)
0.34500000000000003	0.11902500000000002	0.00023216440278641672	0.11925692742564363	0.0	(0.11925692742564363+0j)
0.34750000000000003	0.12075625000000002	0.00023547401764401066	0.12099149459752884	0.0	(0.12099149459752884+0j)
0.35000000000000003	0.12250000000000003	0.00023880560828666298	0.1227385835669666	0.0	(0.1227385835669666+0j)
0.3525	0.12425624999999998	0.0002421591345374896	0.12449819429809553	0.0	(0.12449819429809553+0j)
0.355	0.126025	0.00024553455597617905	0.1262703267546928	0.0	(0.1262703267546928+0j)
0.3575	0.12780624999999998	0.00024893183193992475	0.12805498090018003	0.0	(0.12805498090018003+0j)
0.36	0.1296	0.0002523509215243136	0.1298521566976256	0.0	(0.1298521566976256+0j)
0.3625	0.13140625	0.0002557917835842805	0.13166185410975306	0.0	(0.13166185410975306+0j)
0.365	0.13322499999999998	0.000259254376735063	0.13348407309894192	0.0	(0.13348407309894192+0j)
0.3675	0.13505625	0.00026273865935306785	0.13531881362723477	0.0	(0.13531881362723477+0j)
0.37	0.1369	0.0002662445895767807	0.1371660756563388	0.0	(0.1371660756563388+0j)
0.3725	0.13875625	0.00026977212530785447	0.13902585914763	0.0	(0.13902585914763+0j)
0.375	0.140625	0.00027332122421188656	0.140898164062163	0.0	(0.140898164062163+0j)
0.3775	0.14250625	0.0002768918437194623	0.1427829903606645	0.0	(0.1427829903606645+0j)
0.38	0.1444	0.0002804839410270876	0.144680338003549	0.0	(0.144680338003549+0j)
0.3825	0.14630625	0.00028409747309812163	0.1465902069509105	0.0	(0.1465902069509105+0j)
0.385	0.148225	0.00028773239666382013	0.1485125971625352	0.0	(0.1485125971625352+0j)
0.3875	0.15015625000000002	0.00029138866822420173	0.15044750859789918	0.0	(0.15044750859789918+0j)
0.39	0.1521	0.00029506624404909145	0.1523949412161745	0.0	(0.1523949412161745+0j)
0.3925	0.15405625	0.00029876508017905317	0.15435489497623317	0.0	(0.15435489497623317+0j)
0.395	0.15602500000000002	0.00030248513242642217	0.15632736983664666	0.0	(0.15632736983664666+0j)
0.3975	0.15800625000000001	0.000306226356376238	0.15831236575569327	0.0	(0.15831236575569327+0j)
0.4	0.16000000000000003	0.0003099887073872765	0.16030988269135743	0.0	(0.16030988269135743+0j)
0.4025	0.16200625000000002	0.0003137721405930161	0.16231992060133665	0.0	(0.16231992060133665+0j)
0.405	0.16402500000000003	0.000317576610902659	0.16434247944303762	0.0	(0.16434247944303762+0j)
0.40750000000000003	0.16605625000000002	0.00032140207300211947	0.16637755917359048	0.0	(0.16637755917359048+0j)
0.41000000000000003	0.16810000000000003	0.00032524848135504495	0.1684251597498395	0.0	(0.1684251597498395+0j)
0.41250000000000003	0.17015625000000004	0.00032911579020380446	0.17048528112835037	0.0	(0.17048528112835037+0j)
0.41500000000000004	0.17222500000000002	0.0003330039535705432	0.17255792326541455	0.0	(0.17255792326541455+0j)
0.4175	0.17430625	0.00033691292525815934	0.17464308611704862	0.0	(0.17464308611704862+0j)
0.42	0.17639999999999997	0.00034084265885139244	0.17674076963900798	0.0	(0.17674076963900798+0j)
0.4225	0.17850624999999998	0.00034479310771775575	0.17885097378676734	0.0	(0.17885097378676734+0j)
0.425	0.18062499999999998	0.00034876422500867976	0.18097369851554335	0.0	(0.18097369851554335+0j)
0.4275	0.18275624999999998	0.00035275596366045607	0.1831089437802854	0.0	(0.1831089437802854+0j)
0.43	0.18489999999999998	0.0003567682763953362	0.18525670953568615	0.0	(0.18525670953568615+0j)
0.4325	0.18705625	0.00036080111572257546	0.1874169957361778	0.0	(0.1874169957361778+0j)
0.435	0.189225	0.0003648544339394322	0.18958980233593492	0.0	(0.18958980233593492+0j)
0.4375	0.19140625	0.00036892818313226665	0.1917751292888823	0.0	(0.1917751292888823+0j)
0.44	0.1936	0.0003730223151775847	0.1939729765486884	0.0	(0.1939729765486884+0j)
0.4425	0.19580625000000002	0.00037713678174312594	0.19618334406877153	0.0	(0.19618334406877153+0j)
0.445	0.198025	0.00038127153428886286	0.19840623180230774	0.0	(0.19840623180230774+0j)
0.4475	0.20025625	0.00038542652406814426	0.20064163970222543	0.0	(0.20064163970222543+0j)
0.45	0.2025	0.00038960170212869465	0.20288956772120453	0.0	(0.20288956772120453+0j)
0.4525	0.20475625	0.00039379701931376856	0.20515001581168923	0.0	(0.20515001581168923+0j)
0.455	0.20702500000000001	0.00039801242626315015	0.2074229839258873	0.0	(0.2074229839258873+0j)
0.4575	0.20930625000000003	0.0004022478734143187	0.20970847201576087	0.0	(0.20970847201576087+0j)
0.46	0.2116	0.00040650331100345883	0.2120064800330424	0.0	(0.2120064800330424+0j)
0.4625	0.21390625000000002	0.0004107786890665932	0.21431700792922775	0.0	(0.21431700792922775+0j)
0.465	0.21622500000000003	0.00041507395744068144	0.21664005565558309	0.0	(0.21664005565558309+0j)
0.4675	0.21855625000000004	0.00041938906576468595	0.21897562316314656	0.0	(0.21897562316314656+0j)
0.47000000000000003	0.22090000000000004	0.00042372396348071555	0.22132371040272686	0.0	(0.22132371040272686+0j)
0.47250000000000003	0.22325625000000002	0.00042807859983508	0.22368431732490202	0.0	(0.22368431732490202+0j)
0.47500000000000003	0.22562500000000002	0.000432452923879445	0.2260574438800335	0.0	(0.2260574438800335+0j)
0.47750000000000004	0.22800625000000002	0.0004368468844719087	0.2284430900182608	0.0	(0.2284430900182608+0j)
0.48	0.2304	0.00044126043027813426	0.2308412556894957	0.0	(0.2308412556894957+0j)
0.4825	0.23280625	0.00044569350977248235	0.2332519408434368	0.0	(0.2332519408434368+0j)
0.485	0.235225	0.00045014607123907704	0.23567514542956583	0.0	(0.23567514542956583+0j)
0.4875	0.23765624999999999	0.00045461806277299346	0.23811086939714604	0.0	(0.23811086939714604+0j)
0.49	0.24009999999999998	0.00045910943228133494	0.24055911269523061	0.0	(0.24055911269523061+0j)
0.4925	0.24255625	0.00046362012748443206	0.24301987527266009	0.0	(0.24301987527266009+0j)
0.495	0.245025	0.000468150095916875	0.2454931570780653	0.0	(0.2454931570780653+0j)
0.4975	0.24750625	0.00047269928492874594	0.24797895805986883	0.0	(0.24797895805986883+0j)
0.5	0.25	0.0004772676416867072	0.2504772781662844	0.0	(0.2504772781662844+0j)
0.5025000000000001	0.25250625000000004	0.00048185511317514477	0.2529881173453233	0.0	(0.2529881173453233+0j)
0.505	0.255025	0.0004864616461973559	0.2555114755447956	0.0	(0.2555114755447956+0j)
0.5075000000000001	0.25755625000000004	0.0004910871873766487	0.2580473527123046	0.0	(0.2580473527123046+0j)
0.51	0.2601	0.0004957316831574965	0.26059574879525776	0.0	(0.26059574879525776+0j)
0.5125	0.26265625	0.0005003950798067369	0.2631566637408641	0.0	(0.2631566637408641+0j)
0.515	0.265225	0.0005050773234146933	0.2657300974961349	0.0	(0.2657300974961349+0j)
0.5175	0.26780624999999997	0.000509778359896329	0.26831605000788555	0.0	(0.26831605000788555+0j)
0.52	0.27040000000000003	0.000514498134992436	0.2709145212227379	0.0	(0.2709145212227379+0j)
0.5225	0.27300624999999995	0.0005192365942708	0.27352551108712536	0.0	(0.27352551108712536+0j)
0.525	0.275625	0.0005239936831273273	0.27614901954728616	0.0	(0.27614901954728616+0j)
0.5275	0.27825625	0.0005287693467872556	0.2787850465492759	0.0	(0.2787850465492759+0j)
0.53	0.28090000000000004	0.0005335635303063302	0.28143359203895835	0.0	(0.28143359203895835+0j)
0.5325	0.28355624999999995	0.0005383761785719476	0.2840946559620146	0.0	(0.2840946559620146+0j)
0.535	0.286225	0.0005432072363043605	0.2867682382639389	0.0	(0.2867682382639389+0j)
0.5375	0.28890625	0.0005480566480578541	0.2894543388900451	0.0	(0.2894543388900451+0j)
0.54	0.2916	0.000552924358221929	0.2921529577854657	0.0	(0.2921529577854657+0j)
0.5425	0.29430625	0.0005578103110224719	0.294864094895156	0.0	(0.294864094895156+0j)
0.545	0.29702500000000004	0.0005627144505229664	0.2975877501638877	0.0	(0.2975877501638877+0j)
0.5475	0.29975625	0.0005676367206256583	0.30032392353626464	0.0	(0.30032392353626464+0j)
0.55	0.30250000000000005	0.0005725770650727768	0.3030726149567103	0.0	(0.3030726149567103+0j)
0.5525	0.30525625	0.000577535427447723	0.30583382436947765	0.0	(0.30583382436947765+0j)
0.555	0.30802500000000005	0.0005825117511762346	0.30860755171864074	0.0	(0.30860755171864074+0j)
0.5575	0.31080625	0.000587505979527625	0.3113937969481202	0.0	(0.3113937969481202+0j)
0.56	0.31360000000000005	0.000592518055615976	0.31419256000164286	0.0	(0.31419256000164286+0j)
0.5625	0.31640625	0.0005975479224013203	0.31700384082279615	0.0	(0.31700384082279615+0j)
0.5650000000000001	0.3192250000000001	0.0006025955226908853	0.31982763935498126	0.0	(0.31982763935498126+0j)
0.5675	0.32205625	0.0006076607991402472	0.3226639555414433	0.0	(0.3226639555414433+0j)
0.5700000000000001	0.3249000000000001	0.0006127436942545917	0.32551278932526584	0.0	(0.32551278932526584+0j)
0.5725	0.32775625	0.0006178441503899069	0.32837414064936743	0.0	(0.32837414064936743+0j)
0.5750000000000001	0.33062500000000006	0.0006229621097541883	0.33124800945651073	0.0	(0.33124800945651073+0j)
0.5775	0.33350625	0.0006280975144086654	0.33413439568929953	0.0	(0.33413439568929953+0j)
0.58	0.3364	0.000633250306269001	0.3370332992901745	0.0	(0.3370332992901745+0j)
0.5825	0.33930625000000003	0.0006384204271065452	0.3399447202014338	0.0	(0.3399447202014338+0j)
0.585	0.34222499999999995	0.0006436078185495242	0.3428686583652011	0.0	(0.3428686583652011+0j)
0.5875	0.34515625000000005	0.0006488124220842662	0.34580511372347844	0.0	(0.34580511372347844+0j)
0.59	0.34809999999999997	0.0006540341790564564	0.3487540862180862	0.0	(0.3487540862180862+0j)
0.5925	0.35105625	0.0006592730306723138	0.3517155757907097	0.0	(0.3517155757907097+0j)
0.595	0.354025	0.0006645289179998571	0.35468958238289094	0.0	(0.35468958238289094+0j)
0.5975	0.35700625	0.0006698017819701252	0.35767610593601373	0.0	(0.35767610593601373+0j)
0.6	0.36	0.0006750915633783939	0.3606751463913273	0.0	(0.3606751463913273+0j)
0.6025	0.36300625000000003	0.0006803982028854239	0.3636867036899292	0.0	(0.3636867036899292+0j)
0.605	0.366025	0.0006857216410186828	0.3667107777727791	0.0	(0.3667107777727791+0j)
0.6075	0.36905625000000003	0.0006910618181735995	0.36974736858069346	0.0	(0.36974736858069346+0j)
0.61	0.3721	0.0006964186746147794	0.37279647605435445	0.0	(0.37279647605435445+0j)
0.6125	0.3751562500000001	0.0007017921504772263	0.37585810013429727	0.0	(0.37585810013429727+0j)
0.615	0.378225	0.0007071821857676464	0.37893224076093185	0.0	(0.37893224076093185+0j)
0.6175	0.38130625000000007	0.0007125887203656201	0.38201889787452087	0.0	(0.38201889787452087+0j)
0.62	0.3844	0.0007180116940248727	0.38511807141520304	0.0	(0.38511807141520304+0j)
0.6225	0.38750625000000005	0.0007234510463745181	0.38822976132298376	0.0	(0.38822976132298376+0j)
0.625	0.390625	0.0007289067169203023	0.3913539675377331	0.0	(0.3913539675377331+0j)
0.6275000000000001	0.3937562500000001	0.0007343786450458357	0.3944906899991942	0.0	(0.3944906899991942+0j)
0.63	0.39690000000000003	0.0007398667700138584	0.3976399286469891	0.0	(0.3976399286469891+0j)
0.6325000000000001	0.40005625000000006	0.0007453710309674733	0.40080168342059563	0.0	(0.40080168342059563+0j)
0.635	0.403225	0.0007508913669313944	0.40397595425938204	0.0	(0.40397595425938204+0j)
0.6375000000000001	0.4064062500000001	0.0007564277168132128	0.4071627411025928	0.0	(0.4071627411025928+0j)
0.64	0.4096	0.0007619800194046122	0.4103620438893416	0.0	(0.4103620438893416+0j)
0.6425	0.41280624999999993	0.0007675482133826573	0.41357386255862333	0.0	(0.41357386255862333+0j)
0.645	0.41602500000000003	0.0007731322373110361	0.41679819704932075	0.0	(0.41679819704932075+0j)
0.6475	0.41925624999999994	0.0007787320296412881	0.4200350473001912	0.0	(0.4200350473001912+0j)
0.65	0.42250000000000004	0.00078434752871408	0.4232844132498807	0.0	(0.4232844132498807+0j)
0.6525	0.42575624999999995	0.0007899786727604608	0.4265462948369106	0.0	(0.4265462948369106+0j)
0.655	0.42902500000000005	0.0007956253999031105	0.4298206919996998	0.0	(0.4298206919996998+0j)
0.6575	0.43230624999999995	0.0008012876481575948	0.43310760467654513	0.0	(0.43310760467654513+0j)
0.66	0.43560000000000004	0.0008069653554336198	0.4364070328056429	0.0	(0.4364070328056429+0j)
0.6625	0.43890625	0.0008126584595362863	0.4397189763250719	0.0	(0.4397189763250719+0j)
0.665	0.44222500000000003	0.000818366898167372	0.44304343517280387	0.0	(0.44304343517280387+0j)
0.6675	0.44555625	0.0008240906089265421	0.4463804092867067	0.0	(0.4463804092867067+0j)
0.67	0.4489000000000001	0.0008298295293126479	0.4497298986045404	0.0	(0.4497298986045404+0j)
0.6725	0.45225624999999997	0.000835583596724987	0.4530919030639578	0.0	(0.4530919030639578+0j)
0.675	0.45562500000000006	0.000841352748464519	0.4564664226025238	0.0	(0.4564664226025238+0j)
0.6775	0.45900625	0.0008471369217351644	0.4598534571576795	0.0	(0.4598534571576795+0j)
0.68	0.4624000000000001	0.0008529360536450592	0.46325300666678076	0.0	(0.46325300666678076+0j)
0.6825	0.46580625	0.0008587500812078097	0.46666507106708427	0.0	(0.46666507106708427+0j)
0.685	0.46922500000000006	0.0008645789413437411	0.47008965029574773	0.0	(0.47008965029574773+0j)
0.6875	0.47265625	0.0008704225708811797	0.4735267442898341	0.0	(0.4735267442898341+0j)
0.6900000000000001	0.4761000000000001	0.0008762809065576916	0.4769763529863071	0.0	(0.4769763529863071+0j)
0.6925	0.47955625	0.0008821538850213696	0.48043847632203895	0.0	(0.48043847632203895+0j)
0.6950000000000001	0.4830250000000001	0.0008880414428320605	0.4839131142338191	0.0	(0.4839131142338191+0j)
0.6975	0.48650625000000003	0.0008939435164626642	0.48740026665833963	0.0	(0.48740026665833963+0j)
0.7000000000000001	0.4900000000000001	0.0008998600423003656	0.4908999335322014	0.0	(0.4908999335322014+0j)
0.7025	0.49350625000000004	0.0009057909566478951	0.49441211479192726	0.0	(0.49441211479192726+0j)
0.705	0.49702499999999994	0.0009117361957248216	0.4979368103739411	0.0	(0.4979368103739411+0j)
0.7075	0.50055625	0.0009176956956687744	0.5014740202146002	0.0	(0.5014740202146002+0j)
0.71	0.5041	0.0009236693925367329	0.5050237442501515	0.0	(0.5050237442501515+0j)
0.7125	0.50765625	0.0009296572223062683	0.5085859824167923	0.0	(0.5085859824167923+0j)
0.715	0.5112249999999999	0.0009356591208768112	0.5121607346506157	0.0	(0.5121607346506157+0j)
0.7175	0.51480625	0.0009416750240709149	0.5157480008876492	0.0	(0.5157480008876492+0j)
0.72	0.5184	0.0009477048676355126	0.5193477810638268	0.0	(0.5193477810638268+0j)
0.7225	0.52200625	0.000953748587243175	0.5229600751150318	0.0	(0.5229600751150318+0j)
0.725	0.525625	0.0009598061184933754	0.5265848829770436	0.0	(0.5265848829770436+0j)
0.7275	0.5292562500000001	0.0009658773969137363	0.5302222045856001	0.0	(0.5302222045856001+0j)
0.73	0.5328999999999999	0.0009719623579613063	0.533872039876329	0.0	(0.533872039876329+0j)
0.7325	0.5365562500000001	0.0009780609370238114	0.5375343887848228	0.0	(0.5375343887848228+0j)
0.735	0.540225	0.0009841730694208877	0.5412092512465846	0.0	(0.5412092512465846+0j)
0.7375	0.54390625	0.000990298690405389	0.544896627197051	0.0	(0.544896627197051+0j)
0.74	0.5476	0.0009964377351645958	0.5485965165716018	0.0	(0.5485965165716018+0j)
0.7425	0.5513062500000001	0.0010025901388214993	0.5523089193055472	0.0	(0.5523089193055472+0j)
0.745	0.555025	0.0010087558364360427	0.5560338353341255	0.0	(0.5560338353341255+0j)
0.7475	0.5587562500000001	0.0010149347630063865	0.559771264592525	0.0	(0.559771264592525+0j)
0.75	0.5625	0.0010211268534701557	0.5635212070158628	0.0	(0.5635212070158628+0j)
0.7525000000000001	0.5662562500000001	0.0010273320427056948	0.5672836625392128	0.0	(0.5672836625392128+0j)
0.755	0.570025	0.0010335502655333202	0.5710586310975655	0.0	(0.5710586310975655+0j)
0.7575000000000001	0.5738062500000001	0.0010397814567165709	0.5748461126258788	0.0	(0.5748461126258788+0j)
0.76	0.5776	0.0010460255509634614	0.5786461070590293	0.0	(0.5786461070590293+0j)
0.7625000000000001	0.5814062500000001	0.0010522824829277356	0.5824586143318853	0.0	(0.5824586143318853+0j)
0.765	0.585225	0.00105855218721011	0.5862836343792086	0.0	(0.5862836343792086+0j)
0.7675000000000001	0.5890562500000001	0.0010648345983595153	0.5901211671357467	0.0	(0.5901211671357467+0j)
0.77	0.5929	0.0010711296508743612	0.5939712125361769	0.0	(0.5939712125361769+0j)
0.7725	0.59675625	0.0010774372792037802	0.5978337705151481	0.0	(0.5978337705151481+0j)
0.775	0.6006250000000001	0.0010837574177488402	0.6017088410072424	0.0	(0.6017088410072424+0j)
0.7775	0.6045062499999999	0.0010900900008638471	0.6055964239470064	0.0	(0.6055964239470064+0j)
0.78	0.6084	0.0010964349628575342	0.6094965192689648	0.0	(0.6094965192689648+0j)
0.7825	0.6123062499999999	0.0011027922379943324	0.6134091269075439	0.0	(0.6134091269075439+0j)
0.785	0.616225	0.001109161760495603	0.6173342467971857	0.0	(0.6173342467971857+0j)
0.7875	0.62015625	0.0011155434645408774	0.6212718788722607	0.0	(0.6212718788722607+0j)
0.79	0.6241000000000001	0.0011219372842691034	0.625222023067125	0.0	(0.625222023067125+0j)
0.7925	0.62805625	0.0011283431537798677	0.6291846793160715	0.0	(0.6291846793160715+0j)
0.795	0.6320250000000001	0.001134761007134641	0.6331598475533794	0.0	(0.6331598475533794+0j)
0.7975	0.63600625	0.0011411907783580118	0.6371475277132782	0.0	(0.6371475277132782+0j)
0.8	0.6400000000000001	0.001147632401438914	0.6411477197299855	0.0	(0.6411477197299855+0j)
0.8025	0.64400625	0.001154085810331873	0.6451604235376718	0.0	(0.6451604235376718+0j)
0.805	0.6480250000000001	0.001160550938958213	0.6491856390704958	0.0	(0.6491856390704958+0j)
0.8075	0.65205625	0.0011670277212073143	0.6532233662625683	0.0	(0.6532233662625683+0j)
0.81	0.6561000000000001	0.0011735160909378097	0.6572736050479933	0.0	(0.6572736050479933+0j)
0.8125	0.66015625	0.0011800159819788355	0.6613363553608282	0.0	(0.6613363553608282+0j)
0.8150000000000001	0.6642250000000001	0.0011865273281312372	0.6654116171351374	0.0	(0.6654116171351374+0j)
0.8175	0.66830625	0.0011930500631687992	0.6694993903049543	0.0	(0.6694993903049543+0j)
0.8200000000000001	0.6724000000000001	0.0011995841208394837	0.6735996748042881	0.0	(0.6735996748042881+0j)
0.8225	0.67650625	0.001206129434866607	0.677712470567123	0.0	(0.677712470567123+0j)
0.8250000000000001	0.6806250000000001	0.001212685938950106	0.6818377775274391	0.0	(0.6818377775274391+0j)
0.8275	0.6847562500000001	0.0012192535667677224	0.685975595619217	0.0	(0.685975595619217+0j)
0.8300000000000001	0.6889000000000001	0.0012258322519762166	0.690125924776405	0.0	(0.690125924776405+0j)
0.8325	0.69305625	0.0012324219282125988	0.6942887649329482	0.0	(0.6942887649329482+0j)
0.835	0.697225	0.0012390225290953183	0.6984641160227824	0.0	(0.6984641160227824+0j)
0.8375	0.70140625	0.001245633988225503	0.7026519779798397	0.0	(0.7026519779798397+0j)
0.84	0.7055999999999999	0.0012522562391881322	0.7068523507380615	0.0	(0.7068523507380615+0j)
0.8425	0.7098062500000001	0.0012588892155532439	0.7110652342313571	0.0	(0.7110652342313571+0j)
0.845	0.7140249999999999	0.001265532850877163	0.715290628393658	0.0	(0.715290628393658+0j)
0.8475	0.71825625	0.0012721870787036904	0.7195285331589069	0.0	(0.7195285331589069+0j)
0.85	0.7224999999999999	0.001278851832565281	0.7237789484610279	0.0	(0.7237789484610279+0j)
0.8525	0.7267562500000001	0.001285527045984289	0.7280418742339654	0.0	(0.7280418742339654+0j)
0.855	0.7310249999999999	0.001292212652474087	0.7323173104116856	0.0	(0.7323173104116856+0j)
0.8575	0.73530625	0.0012989085855403455	0.7366052569281408	0.0	(0.7366052569281408+0j)
0.86	0.7395999999999999	0.001305614778682157	0.7409057137173156	0.0	(0.7409057137173156+0j)
0.8625	0.7439062500000001	0.0013123311653932574	0.7452186807132268	0.0	(0.7452186807132268+0j)
0.865	0.748225	0.0013190576791631992	0.7495441578498739	0.0	(0.7495441578498739+0j)
0.8675	0.75255625	0.0013257942534785406	0.7538821450613256	0.0	(0.7538821450613256+0j)
0.87	0.7569	0.0013325408218240215	0.7582326422816424	0.0	(0.7582326422816424+0j)
0.8725	0.7612562500000001	0.0013392973176837549	0.7625956494449383	0.0	(0.7625956494449383+0j)
0.875	0.765625	0.0013460636745423777	0.7669711664853486	0.0	(0.7669711664853486+0j)
0.8775000000000001	0.7700062500000001	0.0013528398258862624	0.7713591933370705	0.0	(0.7713591933370705+0j)
0.88	0.7744	0.0013596257052046563	0.7757597299343147	0.0	(0.7757597299343147+0j)
0.8825000000000001	0.7788062500000001	0.0013664212459908746	0.7801727762113679	0.0	(0.7801727762113679+0j)
0.885	0.7832250000000001	0.001373226381743452	0.7845983321025406	0.0	(0.7845983321025406+0j)
0.8875000000000001	0.7876562500000002	0.0013800410459673133	0.7890363975422455	0.0	(0.7890363975422455+0j)
0.89	0.7921	0.0013868651721749324	0.79348697246492	0.0	(0.79348697246492+0j)
0.8925000000000001	0.7965562500000001	0.0013936986938875061	0.7979500568051008	0.0	(0.7979500568051008+0j)
0.895	0.801025	0.00140054154463609	0.802425650497374	0.0	(0.802425650497374+0j)
0.8975	0.80550625	0.0014073936579627674	0.8069137534764576	0.0	(0.8069137534764576+0j)
0.9	0.81	0.0014142549674218035	0.8114143656771182	0.0	(0.8114143656771182+0j)
0.9025	0.81450625	0.0014211254065807798	0.8159274870342593	0.0	(0.8159274870342593+0j)
0.905	0.819025	0.001428004909021756	0.8204531174828891	0.0	(0.8204531174828891+0j)
0.9075	0.82355625	0.0014348934083424124	0.8249912569581397	0.0	(0.8249912569581397+0j)
0.91	0.8281000000000001	0.001441790838157174	0.829541905395294	0.0	(0.829541905395294+0j)
0.9125	0.83265625	0.0014486971320983796	0.8341050627297852	0.0	(0.8341050627297852+0j)
0.915	0.8372250000000001	0.0014556122238173833	0.8386807288972339	0.0	(0.8386807288972339+0j)
0.9175	0.84180625	0.001462536046985724	0.8432689038334269	0.0	(0.8432689038334269+0j)
0.92	0.8464	0.0014694685352962214	0.847869587474401	0.0	(0.847869587474401+0j)
0.9225	0.85100625	0.0014764096224641227	0.8524827797564154	0.0	(0.8524827797564154+0j)
0.925	0.8556250000000001	0.0014833592422282271	0.8571084806159972	0.0	(0.8571084806159972+0j)
0.9275	0.86025625	0.0014903173283520007	0.8617466899899953	0.0	(0.8617466899899953+0j)
0.93	0.8649000000000001	0.0014972838146246935	0.8663974078155856	0.0	(0.8663974078155856+0j)
0.9325	0.86955625	0.0015042586348624695	0.8710606340303689	0.0	(0.8710606340303689+0j)
0.935	0.8742250000000001	0.0015112417229094983	0.8757363685723498	0.0	(0.8757363685723498+0j)
0.9375	0.87890625	0.0015182330126390824	0.8804246113800931	0.0	(0.8804246113800931+0j)
0.9400000000000001	0.8836000000000002	0.0015252324379547615	0.8851253623927468	0.0	(0.8851253623927468+0j)
0.9425	0.88830625	0.0015322399327913961	0.8898386215501325	0.0	(0.8898386215501325+0j)
0.9450000000000001	0.8930250000000001	0.001539255431116303	0.8945643887929036	0.0	(0.8945643887929036+0j)
0.9475	0.89775625	0.0015462788669303217	0.8993026640626514	0.0	(0.8993026640626514+0j)
0.9500000000000001	0.9025000000000001	0.0015533101742689253	0.9040534473021007	0.0	(0.9040534473021007+0j)
0.9525	0.90725625	0.0015603492872033053	0.9088167384553236	0.0	(0.9088167384553236+0j)
0.9550000000000001	0.9120250000000001	0.0015673961398414635	0.9135925374680192	0.0	(0.9135925374680192+0j)
0.9575	0.91680625	0.0015744506663292884	0.9183808442878845	0.0	(0.9183808442878845+0j)
0.96	0.9216	0.0015815128008516547	0.9231816588650438	0.0	(0.9231816588650438+0j)
0.9625	0.9264062500000001	0.0015885824776334769	0.9279949811526814	0.0	(0.9279949811526814+0j)
0.965	0.931225	0.0015956596309408004	0.9328208111078442	0.0	(0.9328208111078442+0j)
0.9675	0.93605625	0.0016027441950818774	0.9376591486925204	0.0	(0.9376591486925204+0j)
0.97	0.9409	0.001609836104408219	0.9425099938751679	0.0	(0.9425099938751679+0j)
0.9725	0.9457562500000001	0.0016169352933156718	0.9473733466328675	0.0	(0.9473733466328675+0j)
0.975	0.9506249999999999	0.0016240416962454763	0.9522492069544347	0.0	(0.9522492069544347+0j)
0.9775	0.9555062500000001	0.0016311552476853258	0.957137574845114	0.0	(0.957137574845114+0j)
0.98	0.9603999999999999	0.001638275882170419	0.9620384503338719	0.0	(0.9620384503338719+0j)
0.9825	0.96530625	0.001645403534284516	0.9669518334852408	0.0	(0.9669518334852408+0j)
0.985	0.970225	0.001652538138660978	0.9718777244196279	0.0	(0.9718777244196279+0j)
0.9875	0.9751562500000001	0.0016596796299838193	0.9768161233505701	0.0	(0.9768161233505701+0j)
0.99	0.9801	0.0016668279429887481	0.9817670306591354	0.0	(0.9817670306591354+0j)
0.9925	0.9850562500000001	0.001673983012464199	0.9867304470613225	0.0	(0.9867304470613225+0j)
0.995	0.990025	0.0016811447732523648	0.9917063740538291	0.0	(0.9917063740538291+0j)
0.9975	0.9950062500000001	0.0016883131602502379	0.9966948154708978	0.0	(0.9966948154708978+0j)
1.0	1.0	0.0016954881084106242	1.001695786776706	0.0	(1.001695786776706+0j)
