-1.0	-1.0	-0.00015597184423005745	-1.0001560022250664	0.0	(-1.0001560022250664+0j)
-0.998	-0.996004	-0.00015595907353530933	-0.9961599819690031	0.0	(-0.9961599819690031+0j)
-0.996	-0.992016	-0.00015594622583145004	-0.9921719654123206	0.0	(-0.9921719654123206+0j)
-0.994	-0.988036	-0.00015593330049806485	-0.9881919500373765	0.0	(-0.9881919500373765+0j)
-0.992	-0.9840639999999999	-0.00015592029690847853	-0.9842199352143681	0.0	(-0.9842199352143681+0j)
-0.99	-0.9801	-0.00015590721442967936	-0.9802559206913602	0.0	(-0.9802559206913602+0j)
-0.988	-0.976144	-0.00015589405242224217	-0.9762999063422919	0.0	(-0.9762999063422919+0j)
-0.986	-0.972196	-0.00015588081024025028	-0.9723518920949847	0.0	(-0.9723518920949847+0j)
-0.984	-0.968256	-0.00015586748723121603	-0.9684118779041591	0.0	(-0.9684118779041591+0j)
-0.982	-0.964324	-0.00015585408273600053	-0.9644798637394401	0.0	(-0.9644798637394401+0j)
-0.98	-0.9603999999999999	-0.00015584059608873217	-0.9605558495793927	0.0	(-0.9605558495793927+0j)
-0.978	-0.956484	-0.0001558270266167239	-0.9566398354082408	0.0	(-0.9566398354082408+0j)
-0.976	-0.952576	-0.00015581337364038922	-0.9527318212139709	0.0	(-0.9527318212139709+0j)
-0.974	-0.948676	-0.00015579963647315733	-0.94883180698717	0.0	(-0.94883180698717+0j)
-0.972	-0.944784	-0.00015578581442138664	-0.9449397927202792	0.0	(-0.9449397927202792+0j)
-0.97	-0.9409	-0.0001557719067842772	-0.9410557784070739	0.0	(-0.9410557784070739+0j)
-0.968	-0.937024	-0.000155757912853782	-0.9371797640423536	0.0	(-0.9371797640423536+0j)
-0.966	-0.933156	-0.00015574383191451673	-0.9333117496216592	0.0	(-0.9333117496216592+0j)
-0.964	-0.9292959999999999	-0.0001557296632436684	-0.9294517351411447	0.0	(-0.9294517351411447+0j)
-0.962	-0.9254439999999999	-0.00015571540611090254	-0.9255997205974035	0.0	(-0.9255997205974035+0j)
-0.96	-0.9216	-0.00015570105977826915	-0.9217557059874164	0.0	(-0.9217557059874164+0j)
-0.9580000000000001	-0.9177640000000001	-0.00015568662350010716	-0.9179196913084451	0.0	(-0.9179196913084451+0j)
-0.9560000000000001	-0.9139360000000002	-0.00015567209652294752	-0.9140916765579976	0.0	(-0.9140916765579976+0j)
-0.9540000000000001	-0.9101160000000001	-0.00015565747808541494	-0.9102716617337794	0.0	(-0.9102716617337794+0j)
-0.9520000000000001	-0.9063040000000001	-0.00015564276741812815	-0.9064596468336505	0.0	(-0.9064596468336505+0j)
-0.9500000000000001	-0.9025000000000001	-0.0001556279637435985	-0.9026556318556048	0.0	(-0.9026556318556048+0j)
-0.9480000000000001	-0.8987040000000002	-0.0001556130662761274	-0.8988596167977616	0.0	(-0.8988596167977616+0j)
-0.9460000000000001	-0.8949160000000002	-0.00015559807422170204	-0.8950716016583133	0.0	(-0.8950716016583133+0j)
-0.9440000000000001	-0.8911360000000002	-0.00015558298677788952	-0.891291586435544	0.0	(-0.891291586435544+0j)
-0.9420000000000001	-0.8873640000000002	-0.00015556780313372945	-0.8875195711278202	0.0	(-0.8875195711278202+0j)
-0.9400000000000001	-0.8836000000000002	-0.0001555525224696252	-0.8837555557335357	0.0	(-0.8837555557335357+0j)
-0.9380000000000001	-0.8798440000000001	-0.00015553714395723293	-0.8799995402511613	0.0	(-0.8799995402511613+0j)
-0.936	-0.8760960000000001	-0.0001555216667593497	-0.8762515246791989	0.0	(-0.8762515246791989+0j)
-0.934	-0.8723560000000001	-0.00015550609002979923	-0.8725115090161928	0.0	(-0.8725115090161928+0j)
-0.932	-0.8686240000000001	-0.00015549041291331646	-0.8687794932607225	0.0	(-0.8687794932607225+0j)
-0.93	-0.8649000000000001	-0.00015547463454542996	-0.8650554774113924	0.0	(-0.8650554774113924+0j)
-0.928	-0.8611840000000001	-0.00015545875405234295	-0.8613394614668384	0.0	(-0.8613394614668384+0j)
-0.926	-0.8574760000000001	-0.0001554427705508121	-0.8576314454257117	0.0	(-0.8576314454257117+0j)
-0.924	-0.8537760000000001	-0.00015542668314802492	-0.853931429286683	0.0	(-0.853931429286683+0j)
-0.922	-0.8500840000000001	-0.000155410490941475	-0.8502394130484459	0.0	(-0.8502394130484459+0j)
-0.92	-0.8464	-0.00015539419301883542	-0.8465553967097154	0.0	(-0.8465553967097154+0j)
-0.918	-0.842724	-0.00015537778845783022	-0.8428793802692056	0.0	(-0.8428793802692056+0j)
-0.916	-0.839056	-0.0001553612763261039	-0.8392113637256607	0.0	(-0.8392113637256607+0j)
-0.914	-0.835396	-0.0001553446556810891	-0.835551347077819	0.0	(-0.835551347077819+0j)
-0.912	-0.831744	-0.00015532792556987186	-0.8318993303244236	0.0	(-0.8318993303244236+0j)
-0.91	-0.8281000000000001	-0.0001553110850290552	-0.8282553134642414	0.0	(-0.8282553134642414+0j)
-0.908	-0.8244640000000001	-0.0001552941330846204	-0.8246192964960464	0.0	(-0.8246192964960464+0j)
-0.906	-0.820836	-0.0001552770687517861	-0.8209912794186116	0.0	(-0.8209912794186116+0j)
-0.904	-0.817216	-0.00015525989103486526	-0.8173712622307187	0.0	(-0.8173712622307187+0j)
-0.902	-0.813604	-0.00015524259892711996	-0.8137592449311412	0.0	(-0.8137592449311412+0j)
-0.9	-0.81	-0.00015522519141061397	-0.8101552275186696	0.0	(-0.8101552275186696+0j)
-0.898	-0.806404	-0.0001552076674560628	-0.8065592099920932	0.0	(-0.8065592099920932+0j)
-0.896	-0.8028160000000001	-0.0001551900260226816	-0.8029711923501929	0.0	(-0.8029711923501929+0j)
-0.894	-0.7992360000000001	-0.0001551722660580306	-0.7993911745917736	0.0	(-0.7993911745917736+0j)
-0.892	-0.795664	-0.00015515438649785828	-0.7958191567156022	0.0	(-0.7958191567156022+0j)
-0.89	-0.7921	-0.00015513638626594168	-0.7922551387204849	0.0	(-0.7922551387204849+0j)
-0.888	-0.788544	-0.00015511826427392462	-0.7886991206051904	0.0	(-0.7886991206051904+0j)
-0.886	-0.784996	-0.0001551000194211532	-0.7851511023685103	0.0	(-0.7851511023685103+0j)
-0.884	-0.781456	-0.00015508165059450855	-0.7816110840092164	0.0	(-0.7816110840092164+0j)
-0.882	-0.7779240000000001	-0.0001550631566682371	-0.7780790655260899	0.0	(-0.7780790655260899+0j)
-0.88	-0.7744	-0.0001550445365037782	-0.7745550469178895	0.0	(-0.7745550469178895+0j)
-0.878	-0.770884	-0.00015502578894958872	-0.7710390281833992	0.0	(-0.7710390281833992+0j)
-0.876	-0.767376	-0.00015500691284096502	-0.7675310093213611	0.0	(-0.7675310093213611+0j)
-0.874	-0.763876	-0.00015498790699986222	-0.7640309903305307	0.0	(-0.7640309903305307+0j)
-0.872	-0.760384	-0.00015496877023471014	-0.7605389712096421	0.0	(-0.7605389712096421+0j)
-0.87	-0.7569	-0.00015494950134022683	-0.7570549519574463	0.0	(-0.7570549519574463+0j)
-0.868	-0.753424	-0.00015493009909722845	-0.7535789325726634	0.0	(-0.7535789325726634+0j)
-0.866	-0.749956	-0.00015491056227243672	-0.7501109130540127	0.0	(-0.7501109130540127+0j)
-0.864	-0.7464959999999999	-0.00015489088961828277	-0.7466508934001919	0.0	(-0.7466508934001919+0j)
-0.862	-0.7430439999999999	-0.00015487107987270792	-0.7431988736099157	0.0	(-0.7431988736099157+0j)
-0.86	-0.7395999999999999	-0.00015485113175896145	-0.7397548536818653	0.0	(-0.7397548536818653+0j)
-0.858	-0.7361639999999999	-0.00015483104398539475	-0.73631883361471	0.0	(-0.73631883361471+0j)
-0.856	-0.7327359999999999	-0.0001548108152452522	-0.7328908134071135	0.0	(-0.7328908134071135+0j)
-0.854	-0.729316	-0.00015479044421645878	-0.7294707930577461	0.0	(-0.7294707930577461+0j)
-0.852	-0.725904	-0.00015476992956140384	-0.726058772565238	0.0	(-0.726058772565238+0j)
-0.85	-0.7224999999999999	-0.00015474926992672177	-0.7226547519282004	0.0	(-0.7226547519282004+0j)
-0.848	-0.719104	-0.0001547284639430686	-0.7192587311452561	0.0	(-0.7192587311452561+0j)
-0.846	-0.7157159999999999	-0.00015470751022489515	-0.7158707102150119	0.0	(-0.7158707102150119+0j)
-0.844	-0.712336	-0.00015468640737021638	-0.7124906891360501	0.0	(-0.7124906891360501+0j)
-0.842	-0.7089639999999999	-0.0001546651539603768	-0.7091186679069325	0.0	(-0.7091186679069325+0j)
-0.84	-0.7055999999999999	-0.00015464374855981213	-0.7057546465262243	0.0	(-0.7057546465262243+0j)
-0.838	-0.702244	-0.00015462218971580682	-0.7023986249924485	0.0	(-0.7023986249924485+0j)
-0.836	-0.698896	-0.00015460047595824755	-0.6990506033041411	0.0	(-0.6990506033041411+0j)
-0.834	-0.695556	-0.00015457860579937266	-0.695710581459803	0.0	(-0.695710581459803+0j)
-0.8320000000000001	-0.6922240000000002	-0.00015455657773351728	-0.6923785594579276	0.0	(-0.6923785594579276+0j)
-0.8300000000000001	-0.6889000000000001	-0.00015453439023685412	-0.6890545372969896	0.0	(-0.6890545372969896+0j)
-0.8280000000000001	-0.6855840000000001	-0.00015451204176713002	-0.6857385149754232	0.0	(-0.6857385149754232+0j)
-0.8260000000000001	-0.6822760000000001	-0.00015448953076339792	-0.6824304924916988	0.0	(-0.6824304924916988+0j)
-0.8240000000000001	-0.6789760000000001	-0.00015446685564574422	-0.6791304698442105	0.0	(-0.6791304698442105+0j)
-0.8220000000000001	-0.6756840000000001	-0.00015444401481501163	-0.6758384470313731	0.0	(-0.6758384470313731+0j)
-0.8200000000000001	-0.6724000000000001	-0.00015442100665251715	-0.6725544240515618	0.0	(-0.6725544240515618+0j)
-0.8180000000000001	-0.669124	-0.0001543978295197654	-0.6692784009031422	0.0	(-0.6692784009031422+0j)
-0.8160000000000001	-0.6658560000000001	-0.00015437448175815668	-0.666010377584448	0.0	(-0.666010377584448+0j)
-0.8140000000000001	-0.6625960000000001	-0.00015435096168869053	-0.6627503540938178	0.0	(-0.6627503540938178+0j)
-0.812	-0.659344	-0.00015432726761166362	-0.6594983304295391	0.0	(-0.6594983304295391+0j)
-0.81	-0.6561000000000001	-0.0001543033978063628	-0.6562543065899025	0.0	(-0.6562543065899025+0j)
-0.808	-0.6528640000000001	-0.00015427935053075262	-0.6530182825731665	0.0	(-0.6530182825731665+0j)
-0.806	-0.6496360000000001	-0.00015425512402115745	-0.649790258377575	0.0	(-0.649790258377575+0j)
-0.804	-0.6464160000000001	-0.00015423071649193823	-0.6465702340013346	0.0	(-0.6465702340013346+0j)
-0.802	-0.6432040000000001	-0.00015420612613516332	-0.6433582094426585	0.0	(-0.6433582094426585+0j)
-0.8	-0.6400000000000001	-0.00015418135112027368	-0.6401541846997142	0.0	(-0.6401541846997142+0j)
-0.798	-0.636804	-0.00015415638959374227	-0.6369581597706391	0.0	(-0.6369581597706391+0j)
-0.796	-0.6336160000000001	-0.00015413123967872734	-0.6337701346535793	0.0	(-0.6337701346535793+0j)
-0.794	-0.6304360000000001	-0.00015410589947471956	-0.630590109346624	0.0	(-0.630590109346624+0j)
-0.792	-0.627264	-0.00015408036705718295	-0.6274180838478683	0.0	(-0.6274180838478683+0j)
-0.79	-0.6241000000000001	-0.00015405464047718966	-0.6242540581553588	0.0	(-0.6242540581553588+0j)
-0.788	-0.620944	-0.00015402871776104782	-0.6210980322671339	0.0	(-0.6210980322671339+0j)
-0.786	-0.617796	-0.000154002596909923	-0.6179500061811922	0.0	(-0.6179500061811922+0j)
-0.784	-0.6146560000000001	-0.00015397627589945314	-0.6148099798955232	0.0	(-0.6148099798955232+0j)
-0.782	-0.6115240000000001	-0.00015394975267935595	-0.6116779534080813	0.0	(-0.6116779534080813+0j)
-0.78	-0.6084	-0.00015392302517302993	-0.6085539267167894	0.0	(-0.6085539267167894+0j)
-0.778	-0.605284	-0.00015389609127714775	-0.6054378998195555	0.0	(-0.6054378998195555+0j)
-0.776	-0.602176	-0.00015386894886124244	-0.6023298727142569	0.0	(-0.6023298727142569+0j)
-0.774	-0.599076	-0.00015384159576728614	-0.5992298453987422	0.0	(-0.5992298453987422+0j)
-0.772	-0.5959840000000001	-0.00015381402980926102	-0.5961378178708224	0.0	(-0.5961378178708224+0j)
-0.77	-0.5929	-0.00015378624877272266	-0.593053790128305	0.0	(-0.593053790128305+0j)
-0.768	-0.589824	-0.00015375825041435525	-0.5899777621689399	0.0	(-0.5899777621689399+0j)
-0.766	-0.586756	-0.00015373003246151861	-0.5869097339904752	0.0	(-0.5869097339904752+0j)
-0.764	-0.583696	-0.00015370159261178713	-0.5838497055906006	0.0	(-0.5838497055906006+0j)
-0.762	-0.580644	-0.00015367292853248006	-0.5807976769670012	0.0	(-0.5807976769670012+0j)
-0.76	-0.5776	-0.0001536440378601831	-0.5777536481173157	0.0	(-0.5777536481173157+0j)
-0.758	-0.574564	-0.00015361491820026126	-0.5747176190391631	0.0	(-0.5747176190391631+0j)
-0.756	-0.571536	-0.00015358556712636272	-0.5716895897301194	0.0	(-0.5716895897301194+0j)
-0.754	-0.568516	-0.00015355598217991315	-0.5686695601877382	0.0	(-0.5686695601877382+0j)
-0.752	-0.565504	-0.0001535261608696012	-0.5656575304095304	0.0	(-0.5656575304095304+0j)
-0.75	-0.5625	-0.00015349610067085363	-0.5626535003929823	0.0	(-0.5626535003929823+0j)
-0.748	-0.559504	-0.00015346579902530128	-0.5596574701355445	0.0	(-0.5596574701355445+0j)
-0.746	-0.556516	-0.00015343525334023448	-0.5566694396346361	0.0	(-0.5566694396346361+0j)
-0.744	-0.553536	-0.00015340446098804867	-0.55368940888763	0.0	(-0.55368940888763+0j)
-0.742	-0.5505639999999999	-0.00015337341930567907	-0.5507173778918802	0.0	(-0.5507173778918802+0j)
-0.74	-0.5476	-0.00015334212559402498	-0.5477533466446922	0.0	(-0.5477533466446922+0j)
-0.738	-0.544644	-0.00015331057711736305	-0.5447973151433374	0.0	(-0.5447973151433374+0j)
-0.736	-0.541696	-0.00015327877110274938	-0.541849283385055	0.0	(-0.541849283385055+0j)
-0.734	-0.538756	-0.0001532467047394101	-0.5389092513670426	0.0	(-0.5389092513670426+0j)
-0.732	-0.535824	-0.0001532143751781204	-0.5359772190864631	0.0	(-0.5359772190864631+0j)
-0.73	-0.5328999999999999	-0.00015318177953057167	-0.5330531865404351	0.0	(-0.5330531865404351+0j)
-0.728	-0.529984	-0.00015314891486872627	-0.5301371537260428	0.0	(-0.5301371537260428+0j)
-0.726	-0.527076	-0.00015311577822415997	-0.5272291206403225	0.0	(-0.5272291206403225+0j)
-0.724	-0.524176	-0.00015308236658739168	-0.5243290872802817	0.0	(-0.5243290872802817+0j)
-0.722	-0.521284	-0.00015304867690720014	-0.5214370536428777	0.0	(-0.5214370536428777+0j)
-0.72	-0.5184	-0.0001530147060899272	-0.5185530197250228	0.0	(-0.5185530197250228+0j)
-0.718	-0.515524	-0.00015298045099876764	-0.5156769855235978	0.0	(-0.5156769855235978+0j)
-0.716	-0.512656	-0.00015294590845304506	-0.5128089510354324	0.0	(-0.5128089510354324+0j)
-0.714	-0.5097959999999999	-0.00015291107522747346	-0.509948916257303	0.0	(-0.509948916257303+0j)
-0.712	-0.506944	-0.00015287594805140435	-0.5070968811859579	0.0	(-0.5070968811859579+0j)
-0.71	-0.5041	-0.00015284052360805904	-0.5042528458180991	0.0	(-0.5042528458180991+0j)
-0.708	-0.5012639999999999	-0.0001528047985337455	-0.5014168101503624	0.0	(-0.5014168101503624+0j)
-0.706	-0.49843599999999993	-0.00015276876941706027	-0.4985887741793565	0.0	(-0.4985887741793565+0j)
-0.704	-0.49561599999999995	-0.00015273243279807338	-0.4957687379016291	0.0	(-0.4957687379016291+0j)
-0.7020000000000001	-0.4928040000000001	-0.0001526957851674983	-0.4929567013136813	0.0	(-0.4929567013136813+0j)
-0.7000000000000001	-0.4900000000000001	-0.0001526588229658443	-0.49015266441197386	0.0	(-0.49015266441197386+0j)
-0.6980000000000001	-0.4872040000000001	-0.00015262154258255205	-0.4873566271929019	0.0	(-0.4873566271929019+0j)
-0.6960000000000001	-0.48441600000000007	-0.0001525839403551122	-0.4845685896528221	0.0	(-0.4845685896528221+0j)
-0.6940000000000001	-0.48163600000000006	-0.00015254601256816543	-0.4817885517880308	0.0	(-0.4817885517880308+0j)
-0.6920000000000001	-0.47886400000000007	-0.000152507755452585	-0.4790165135947694	0.0	(-0.4790165135947694+0j)
-0.6900000000000001	-0.4761000000000001	-0.00015246916518454003	-0.4762524750692298	0.0	(-0.4762524750692298+0j)
-0.6880000000000001	-0.4733440000000001	-0.00015243023788454025	-0.47349643620755133	0.0	(-0.47349643620755133+0j)
-0.686	-0.47059600000000007	-0.00015239096961646077	-0.4707483970058068	0.0	(-0.4707483970058068+0j)
-0.684	-0.46785600000000005	-0.0001523513563865472	-0.4680083574600201	0.0	(-0.4680083574600201+0j)
-0.682	-0.4651240000000001	-0.00015231139414239995	-0.46527631756615473	0.0	(-0.46527631756615473+0j)
-0.68	-0.4624000000000001	-0.00015227107877193818	-0.4625522773201085	0.0	(-0.4625522773201085+0j)
-0.678	-0.45968400000000004	-0.00015223040610234153	-0.4598362367177273	0.0	(-0.4598362367177273+0j)
-0.676	-0.45697600000000005	-0.00015218937189897066	-0.45712819575479235	0.0	(-0.45712819575479235+0j)
-0.674	-0.45427600000000007	-0.00015214797186426495	-0.4544281544270252	0.0	(-0.4544281544270252+0j)
-0.672	-0.45158400000000004	-0.0001521062016366171	-0.4517361127300752	0.0	(-0.4517361127300752+0j)
-0.67	-0.4489000000000001	-0.0001520640567892246	-0.4490520706595438	0.0	(-0.4490520706595438+0j)
-0.668	-0.44622400000000007	-0.00015202153282891653	-0.44637602821094197	0.0	(-0.44637602821094197+0j)
-0.666	-0.44355600000000006	-0.00015197862519495645	-0.4437079853797272	0.0	(-0.4437079853797272+0j)
-0.664	-0.44089600000000007	-0.00015193532925781908	-0.44104794216129617	0.0	(-0.44104794216129617+0j)
-0.662	-0.438244	-0.0001518916403179418	-0.43839589855096284	0.0	(-0.43839589855096284+0j)
-0.66	-0.43560000000000004	-0.0001518475536044493	-0.4357518545439802	0.0	(-0.4357518545439802+0j)
-0.658	-0.432964	-0.0001518030642738513	-0.43311581013551115	0.0	(-0.43311581013551115+0j)
-0.656	-0.43033600000000005	-0.00015175816740871205	-0.4304877653206693	0.0	(-0.4304877653206693+0j)
-0.654	-0.42771600000000004	-0.00015171285801629172	-0.4278677200944771	0.0	(-0.4278677200944771+0j)
-0.652	-0.42510400000000004	-0.00015166713102715839	-0.42525567445189	0.0	(-0.42525567445189+0j)
-0.65	-0.42250000000000004	-0.0001516209812937701	-0.42265162838777043	0.0	(-0.42265162838777043+0j)
-0.648	-0.419904	-0.00015157440358902637	-0.42005558189692355	0.0	(-0.42005558189692355+0j)
-0.646	-0.417316	-0.00015152739260478808	-0.41746753497405215	0.0	(-0.41746753497405215+0j)
-0.644	-0.41473600000000005	-0.00015147994295036532	-0.414887487613798	0.0	(-0.414887487613798+0j)
-0.642	-0.41216400000000003	-0.00015143204915097223	-0.412315439810699	0.0	(-0.412315439810699+0j)
-0.64	-0.4096	-0.0001513837056461479	-0.4097513915592239	0.0	(-0.4097513915592239+0j)
-0.638	-0.407044	-0.00015133490678814266	-0.40719534285374076	0.0	(-0.40719534285374076+0j)
-0.636	-0.404496	-0.00015128564684026887	-0.4046472936885443	0.0	(-0.4046472936885443+0j)
-0.634	-0.40195600000000004	-0.0001512359199752151	-0.402107244057828	0.0	(-0.402107244057828+0j)
-0.632	-0.399424	-0.0001511857202733232	-0.3995751939556983	0.0	(-0.3995751939556983+0j)
-0.63	-0.39690000000000003	-0.0001511350417208269	-0.3970511433761581	0.0	(-0.3970511433761581+0j)
-0.628	-0.394384	-0.00015108387820805095	-0.3945350923131363	0.0	(-0.3945350923131363+0j)
-0.626	-0.391876	-0.00015103222352757042	-0.39202704076044037	0.0	(-0.39202704076044037+0j)
-0.624	-0.389376	-0.00015098007137232848	-0.3895269887117917	0.0	(-0.3895269887117917+0j)
-0.622	-0.386884	-0.00015092741533371146	-0.38703493616081436	0.0	(-0.38703493616081436+0j)
-0.62	-0.3844	-0.00015087424889958113	-0.3845508831010199	0.0	(-0.3845508831010199+0j)
-0.618	-0.381924	-0.0001508205654522619	-0.38207482952581906	0.0	(-0.38207482952581906+0j)
-0.616	-0.379456	-0.00015076635826648236	-0.37960677542851473	0.0	(-0.37960677542851473+0j)
-0.614	-0.376996	-0.00015071162050727025	-0.37714672080229933	0.0	(-0.37714672080229933+0j)
-0.612	-0.374544	-0.00015065634522779884	-0.37469466564026055	0.0	(-0.37469466564026055+0j)
-0.61	-0.3721	-0.0001506005253671842	-0.3722506099353652	0.0	(-0.3722506099353652+0j)
-0.608	-0.369664	-0.00015054415374823183	-0.36981455368046656	0.0	(-0.36981455368046656+0j)
-0.606	-0.367236	-0.00015048722307513116	-0.36738649686830244	0.0	(-0.36738649686830244+0j)
-0.604	-0.364816	-0.0001504297259310969	-0.3649664394914871	0.0	(-0.3649664394914871+0j)
-0.602	-0.36240399999999995	-0.00015037165477595538	-0.3625543815425149	0.0	(-0.3625543815425149+0j)
-0.6	-0.36	-0.00015031300194367486	-0.36015032301375205	0.0	(-0.36015032301375205+0j)
-0.598	-0.357604	-0.0001502537596398382	-0.3577542638974406	0.0	(-0.3577542638974406+0j)
-0.596	-0.355216	-0.0001501939199390562	-0.355366204185688	0.0	(-0.355366204185688+0j)
-0.594	-0.352836	-0.00015013347478232044	-0.3529861438704708	0.0	(-0.3529861438704708+0j)
-0.592	-0.35046399999999994	-0.00015007241597429324	-0.3506140829436314	0.0	(-0.3506140829436314+0j)
-0.59	-0.34809999999999997	-0.00015001073518053416	-0.34825002139687444	0.0	(-0.34825002139687444+0j)
-0.588	-0.34574399999999994	-0.00014994842392466028	-0.3458939592217606	0.0	(-0.3458939592217606+0j)
-0.586	-0.343396	-0.0001498854735854394	-0.3435458964097053	0.0	(-0.3435458964097053+0j)
-0.584	-0.34105599999999997	-0.00014982187539381352	-0.34120583295198376	0.0	(-0.34120583295198376+0j)
-0.582	-0.33872399999999997	-0.00014975762042985147	-0.33887376883971637	0.0	(-0.33887376883971637+0j)
-0.58	-0.3364	-0.0001496926996196283	-0.3365497040638666	0.0	(-0.3365497040638666+0j)
-0.578	-0.33408399999999994	-0.00014962710373202974	-0.33423363861524963	0.0	(-0.33423363861524963+0j)
-0.5760000000000001	-0.33177600000000007	-0.00014956082337547953	-0.33192557248451643	0.0	(-0.33192557248451643+0j)
-0.5740000000000001	-0.3294760000000001	-0.00014949384899458744	-0.3296255056621538	0.0	(-0.3296255056621538+0j)
-0.5720000000000001	-0.3271840000000001	-0.00014942617086671672	-0.32733343813848814	0.0	(-0.32733343813848814+0j)
-0.5700000000000001	-0.3249000000000001	-0.00014935777909846706	-0.325049369903671	0.0	(-0.325049369903671+0j)
-0.5680000000000001	-0.3226240000000001	-0.00014928866362207274	-0.3227733009476777	0.0	(-0.3227733009476777+0j)
-0.5660000000000001	-0.3203560000000001	-0.00014921881419171224	-0.3205052312603174	0.0	(-0.3205052312603174+0j)
-0.5640000000000001	-0.31809600000000005	-0.00014914822037972772	-0.31824516083120585	0.0	(-0.31824516083120585+0j)
-0.562	-0.31584400000000007	-0.00014907687157275136	-0.31599308964978823	0.0	(-0.31599308964978823+0j)
-0.56	-0.31360000000000005	-0.00014900475696773665	-0.31374901770530567	0.0	(-0.31374901770530567+0j)
-0.558	-0.3113640000000001	-0.0001489318655678916	-0.31151294498681475	0.0	(-0.31151294498681475+0j)
-0.556	-0.3091360000000001	-0.0001488581861785112	-0.30928487148318123	0.0	(-0.30928487148318123+0j)
-0.554	-0.3069160000000001	-0.00014878370740270696	-0.30706479718305163	0.0	(-0.30706479718305163+0j)
-0.552	-0.30470400000000003	-0.0001487084176370299	-0.3048527220748893	0.0	(-0.3048527220748893+0j)
-0.55	-0.30250000000000005	-0.00014863230506698502	-0.3026486461469317	0.0	(-0.3026486461469317+0j)
-0.548	-0.30030400000000007	-0.0001485553576624333	-0.30045256938721077	0.0	(-0.30045256938721077+0j)
-0.546	-0.29811600000000005	-0.00014847756317287966	-0.2982644917835301	0.0	(-0.2982644917835301+0j)
-0.544	-0.29593600000000003	-0.0001483989091226418	-0.29608441332348695	0.0	(-0.29608441332348695+0j)
-0.542	-0.293764	-0.000148319382805899	-0.29391233399442646	0.0	(-0.29391233399442646+0j)
-0.54	-0.2916	-0.00014823897128161563	-0.2917482537834812	0.0	(-0.2917482537834812+0j)
-0.538	-0.28944400000000003	-0.00014815766136833745	-0.28959217267752463	0.0	(-0.28959217267752463+0j)
-0.536	-0.28729600000000005	-0.00014807543963885658	-0.2874440906632071	0.0	(-0.2874440906632071+0j)
-0.534	-0.285156	-0.0001479922924147419	-0.2853040077269154	0.0	(-0.2853040077269154+0j)
-0.532	-0.28302400000000005	-0.00014790820576073132	-0.28317192385478207	0.0	(-0.28317192385478207+0j)
-0.53	-0.28090000000000004	-0.0001478231654789821	-0.28104783903268116	0.0	(-0.28104783903268116+0j)
-0.528	-0.27878400000000003	-0.00014773715710317595	-0.27893175324622616	0.0	(-0.27893175324622616+0j)
-0.526	-0.27667600000000003	-0.00014765016589247438	-0.2768236664807439	0.0	(-0.2768236664807439+0j)
-0.524	-0.27457600000000004	-0.00014756217682532127	-0.27472357872129133	0.0	(-0.27472357872129133+0j)
-0.522	-0.272484	-0.00014747317459308797	-0.27263148995263753	0.0	(-0.27263148995263753+0j)
-0.52	-0.27040000000000003	-0.00014738314359355744	-0.27054740015926676	0.0	(-0.27054740015926676+0j)
-0.518	-0.268324	-0.00014729206792424288	-0.2684713093253567	0.0	(-0.2684713093253567+0j)
-0.516	-0.266256	-0.0001471999313755371	-0.2664032174347746	0.0	(-0.2664032174347746+0j)
-0.514	-0.264196	-0.0001471067174236879	-0.2643431244710922	0.0	(-0.2643431244710922+0j)
-0.512	-0.262144	-0.00014701240922359573	-0.2622910304175491	0.0	(-0.2622910304175491+0j)
-0.51	-0.2601	-0.00014691698960142855	-0.2602469352570584	0.0	(-0.2602469352570584+0j)
-0.508	-0.258064	-0.0001468204410470498	-0.25821083897220465	0.0	(-0.25821083897220465+0j)
-0.506	-0.256036	-0.00014672274570625538	-0.2561827415452289	0.0	(-0.2561827415452289+0j)
-0.504	-0.254016	-0.00014662388537281412	-0.25416264295802155	0.0	(-0.25416264295802155+0j)
-0.502	-0.252004	-0.0001465238414803077	-0.25215054319211433	0.0	(-0.25215054319211433+0j)
-0.5	-0.25	-0.00014642259509376558	-0.2501464422286737	0.0	(-0.2501464422286737+0j)
-0.498	-0.248004	-0.00014632012690108957	-0.24815034004849323	0.0	(-0.24815034004849323+0j)
-0.496	-0.24601599999999998	-0.00014621641720426374	-0.24616223663197676	0.0	(-0.24616223663197676+0j)
-0.494	-0.244036	-0.00014611144591034485	-0.2441821319591431	0.0	(-0.2441821319591431+0j)
-0.492	-0.242064	-0.00014600519252222838	-0.24221002600960534	0.0	(-0.24221002600960534+0j)
-0.49	-0.24009999999999998	-0.00014589763612918533	-0.24024591876256512	0.0	(-0.24024591876256512+0j)
-0.488	-0.238144	-0.00014578875539716525	-0.23828981019680703	0.0	(-0.23828981019680703+0j)
-0.486	-0.236196	-0.00014567852855886028	-0.2363417002906822	0.0	(-0.2363417002906822+0j)
-0.484	-0.234256	-0.00014556693340352585	-0.2344015890221021	0.0	(-0.2344015890221021+0j)
-0.482	-0.23232399999999997	-0.000145453947266553	-0.23246947636852805	0.0	(-0.23246947636852805+0j)
-0.48	-0.2304	-0.00014533954701878747	-0.23054536230695655	0.0	(-0.23054536230695655+0j)
-0.47800000000000004	-0.22848400000000005	-0.00014522370905559174	-0.2286292468139185	0.0	(-0.2286292468139185+0j)
-0.47600000000000003	-0.22657600000000003	-0.00014510640928564418	-0.22672112986545154	0.0	(-0.22672112986545154+0j)
-0.47400000000000003	-0.22467600000000004	-0.000144987623119472	-0.22482101143710848	0.0	(-0.22482101143710848+0j)
-0.47200000000000003	-0.22278400000000004	-0.00014486732545771278	-0.2229288915039275	0.0	(-0.2229288915039275+0j)
-0.47000000000000003	-0.22090000000000004	-0.00014474549067910108	-0.2210447700404335	0.0	(-0.2210447700404335+0j)
-0.468	-0.21902400000000002	-0.0001446220926281752	-0.2191686470206182	0.0	(-0.2191686470206182+0j)
-0.466	-0.21715600000000002	-0.00014449710460270106	-0.21730052241793082	0.0	(-0.21730052241793082+0j)
-0.464	-0.21529600000000002	-0.0001443704993408087	-0.21544039620526637	0.0	(-0.21544039620526637+0j)
-0.462	-0.21344400000000002	-0.00014424224900783835	-0.2135882683549483	0.0	(-0.2135882683549483+0j)
-0.46	-0.2116	-0.0001441123251828928	-0.211744138838715	0.0	(-0.211744138838715+0j)
-0.458	-0.209764	-0.0001439806988450926	-0.2099080076277172	0.0	(-0.2099080076277172+0j)
-0.456	-0.207936	-0.00014384734035953223	-0.20807987469249092	0.0	(-0.20807987469249092+0j)
-0.454	-0.20611600000000002	-0.00014371221946293407	-0.20625974000294475	0.0	(-0.20625974000294475+0j)
-0.452	-0.204304	-0.00014357530524899853	-0.2044476035283526	0.0	(-0.2044476035283526+0j)
-0.45	-0.2025	-0.00014343656615344903	-0.20264346523733792	0.0	(-0.20264346523733792+0j)
-0.448	-0.20070400000000002	-0.00014329596993877016	-0.20084732509784778	0.0	(-0.20084732509784778+0j)
-0.446	-0.198916	-0.00014315348367863873	-0.19905918307715165	0.0	(-0.19905918307715165+0j)
-0.444	-0.197136	-0.0001430090737420475	-0.1972790391418149	0.0	(-0.1972790391418149+0j)
-0.442	-0.195364	-0.0001428627057771219	-0.1955068932576904	0.0	(-0.1955068932576904+0j)
-0.44	-0.1936	-0.00014271434469463086	-0.19374274538989386	0.0	(-0.19374274538989386+0j)
-0.438	-0.191844	-0.00014256395465119372	-0.1919865955027981	0.0	(-0.1919865955027981+0j)
-0.436	-0.190096	-0.00014241149903218485	-0.19023844356000832	0.0	(-0.19023844356000832+0j)
-0.434	-0.188356	-0.00014225694043434016	-0.1884982895243405	0.0	(-0.1884982895243405+0j)
-0.432	-0.18662399999999998	-0.00014210024064806865	-0.18676613335782022	0.0	(-0.18676613335782022+0j)
-0.43	-0.18489999999999998	-0.00014194136063947442	-0.18504197502164663	0.0	(-0.18504197502164663+0j)
-0.428	-0.18318399999999999	-0.00014178026053209453	-0.18332581447618454	0.0	(-0.18332581447618454+0j)
-0.426	-0.181476	-0.0001416168995883597	-0.18161765168094587	0.0	(-0.18161765168094587+0j)
-0.424	-0.179776	-0.00014145123619078553	-0.17991748659456447	0.0	(-0.17991748659456447+0j)
-0.422	-0.178084	-0.00014128322782290355	-0.178225319174785	0.0	(-0.178225319174785+0j)
-0.42	-0.17639999999999997	-0.00014111283104994174	-0.17654114937844212	0.0	(-0.17654114937844212+0j)
-0.418	-0.174724	-0.00014094000149926625	-0.17486497716143454	0.0	(-0.17486497716143454+0j)
-0.41600000000000004	-0.17305600000000004	-0.00014076469384059686	-0.1731968024787127	0.0	(-0.1731968024787127+0j)
-0.41400000000000003	-0.17139600000000002	-0.00014058686176601076	-0.17153662528425745	0.0	(-0.17153662528425745+0j)
-0.41200000000000003	-0.16974400000000003	-0.00014040645796974945	-0.1698844455310606	0.0	(-0.1698844455310606+0j)
-0.41000000000000003	-0.16810000000000003	-0.0001402234341278467	-0.16824026317109583	0.0	(-0.16824026317109583+0j)
-0.40800000000000003	-0.16646400000000003	-0.0001400377408775963	-0.16660407815531586	0.0	(-0.16660407815531586+0j)
-0.406	-0.164836	-0.00013984932779687937	-0.16497589043361402	0.0	(-0.16497589043361402+0j)
-0.404	-0.16321600000000003	-0.00013965814338337475	-0.1633556999548163	0.0	(-0.1633556999548163+0j)
-0.402	-0.16160400000000003	-0.0001394641350336758	-0.16174350666665216	0.0	(-0.16174350666665216+0j)
-0.4	-0.16000000000000003	-0.0001392672490223401	-0.16013931051574246	0.0	(-0.16013931051574246+0j)
-0.398	-0.15840400000000002	-0.00013906743048090053	-0.15854311144757005	0.0	(-0.15854311144757005+0j)
-0.396	-0.156816	-0.00013886462337686783	-0.1569549094064643	0.0	(-0.1569549094064643+0j)
-0.394	-0.155236	-0.00013865877049275743	-0.15537470433557818	0.0	(-0.15537470433557818+0j)
-0.392	-0.15366400000000002	-0.00013844981340517578	-0.15380249617687006	0.0	(-0.15380249617687006+0j)
-0.39	-0.1521	-0.00013823769246400268	-0.15223828487107716	0.0	(-0.15223828487107716+0j)
-0.388	-0.150544	-0.00013802234677171127	-0.15068207035770517	0.0	(-0.15068207035770517+0j)
-0.386	-0.14899600000000002	-0.00013780371416286598	-0.14913385257499834	0.0	(-0.14913385257499834+0j)
-0.384	-0.147456	-0.00013758173118384533	-0.14759363145992427	0.0	(-0.14759363145992427+0j)
-0.382	-0.145924	-0.00013735633307283693	-0.14606140694815337	0.0	(-0.14606140694815337+0j)
-0.38	-0.1444	-0.0001371274537401552	-0.14453717897403773	0.0	(-0.14453717897403773+0j)
-0.378	-0.142884	-0.00013689502574893578	-0.14302094747059638	0.0	(-0.14302094747059638+0j)
-0.376	-0.141376	-0.00013665898029626382	-0.14151271236949403	0.0	(-0.14151271236949403+0j)
-0.374	-0.139876	-0.00013641924719479502	-0.1400124736010209	0.0	(-0.1400124736010209+0j)
-0.372	-0.138384	-0.00013617575485493324	-0.13852023109407657	0.0	(-0.13852023109407657+0j)
-0.37	-0.1369	-0.00013592843026763058	-0.13703598477615792	0.0	(-0.13703598477615792+0j)
-0.368	-0.135424	-0.00013567719898787938	-0.13555973457333564	0.0	(-0.13555973457333564+0j)
-0.366	-0.133956	-0.00013542198511896927	-0.13409148041024252	0.0	(-0.13409148041024252+0j)
-0.364	-0.132496	-0.00013516271129758556	-0.13263122221005805	0.0	(-0.13263122221005805+0j)
-0.362	-0.131044	-0.00013489929867982822	-0.13117895989449574	0.0	(-0.13117895989449574+0j)
-0.36	-0.1296	-0.0001346316669282358	-0.12973469338379176	0.0	(-0.12973469338379176+0j)
-0.358	-0.128164	-0.00013435973419989998	-0.128298422596688	0.0	(-0.128298422596688+0j)
-0.356	-0.126736	-0.00013408341713576184	-0.12687014745042724	0.0	(-0.12687014745042724+0j)
-0.354	-0.12531599999999998	-0.00013380263085118399	-0.125449867860742	0.0	(-0.125449867860742+0j)
-0.352	-0.12390399999999999	-0.00013351728892789538	-0.12403758374184658	0.0	(-0.12403758374184658+0j)
-0.35000000000000003	-0.12250000000000003	-0.00013322730340741093	-0.12263329500643225	0.0	(-0.12263329500643225+0j)
-0.34800000000000003	-0.12110400000000002	-0.00013293258478603022	-0.12123700156565931	0.0	(-0.12123700156565931+0j)
-0.34600000000000003	-0.11971600000000002	-0.0001326330420115236	-0.11984870332915931	0.0	(-0.11984870332915931+0j)
-0.34400000000000003	-0.11833600000000002	-0.00013232858248161822	-0.11846840020502895	0.0	(-0.11846840020502895+0j)
-0.342	-0.11696400000000001	-0.0001320191120443986	-0.1170960920998344	0.0	(-0.1170960920998344+0j)
-0.34	-0.11560000000000002	-0.0001317045350007413	-0.11573177891861136	0.0	(-0.11573177891861136+0j)
-0.338	-0.11424400000000001	-0.00013138475410890535	-0.11437546056487308	0.0	(-0.11437546056487308+0j)
-0.336	-0.11289600000000001	-0.0001310596705914043	-0.11302713694061546	0.0	(-0.11302713694061546+0j)
-0.334	-0.11155600000000002	-0.0001307291841442884	-0.11168680794632768	0.0	(-0.11168680794632768+0j)
-0.332	-0.11022400000000002	-0.0001303931929489684	-0.1103544734810032	0.0	(-0.1103544734810032+0j)
-0.33	-0.10890000000000001	-0.00013005159368671617	-0.10903013344215663	0.0	(-0.10903013344215663+0j)
-0.328	-0.10758400000000001	-0.00012970428155597866	-0.10771378772583996	0.0	(-0.10771378772583996+0j)
-0.326	-0.10627600000000001	-0.00012935115029264578	-0.10640543622666504	0.0	(-0.10640543622666504+0j)
-0.324	-0.104976	-0.00012899209219341428	-0.10510507883782325	0.0	(-0.10510507883782325+0j)
-0.322	-0.10368400000000001	-0.00012862699814239213	-0.10381271545111793	0.0	(-0.10381271545111793+0j)
-0.32	-0.1024	-0.0001282557576410897	-0.1025283459569926	0.0	(-0.1025283459569926+0j)
-0.318	-0.101124	-0.00012787825884194617	-0.10125197024456357	0.0	(-0.10125197024456357+0j)
-0.316	-0.099856	-0.00012749438858554026	-0.09998358820165723	0.0	(-0.09998358820165723+0j)
-0.314	-0.098596	-0.00012710403244163638	-0.09872319971485735	0.0	(-0.09872319971485735+0j)
-0.312	-0.097344	-0.00012670707475421743	-0.09747080466954268	0.0	(-0.09747080466954268+0j)
-0.31	-0.0961	-0.0001263033986906558	-0.09622640294994111	0.0	(-0.09622640294994111+0j)
-0.308	-0.094864	-0.0001258928862951753	-0.09498999443918311	0.0	(-0.09498999443918311+0j)
-0.306	-0.093636	-0.00012547541854675528	-0.09376157901935832	0.0	(-0.09376157901935832+0j)
-0.304	-0.092416	-0.00012505087542162758	-0.09254115657158221	0.0	(-0.09254115657158221+0j)
-0.302	-0.091204	-0.00012461913596051736	-0.09132872697605858	0.0	(-0.09132872697605858+0j)
-0.3	-0.09	-0.0001241800783407746	-0.09012429011215674	0.0	(-0.09012429011215674+0j)
-0.298	-0.088804	-0.00012373357995354382	-0.08892784585848743	0.0	(-0.08892784585848743+0j)
-0.296	-0.08761599999999999	-0.00012327951748611503	-0.08773939409298381	0.0	(-0.08773939409298381+0j)
-0.294	-0.08643599999999999	-0.00012281776700959676	-0.08655893469299239	0.0	(-0.08655893469299239+0j)
-0.292	-0.08526399999999999	-0.00012234820407204788	-0.08538646753536518	0.0	(-0.08538646753536518+0j)
-0.29	-0.0841	-0.00012187070379720176	-0.08422199249655969	0.0	(-0.08422199249655969+0j)
-0.28800000000000003	-0.08294400000000002	-0.00012138514098890992	-0.0830655094527422	0.0	(-0.0830655094527422+0j)
-0.28600000000000003	-0.08179600000000002	-0.00012089139024142872	-0.08191701827989915	0.0	(-0.08191701827989915+0j)
-0.28400000000000003	-0.08065600000000002	-0.00012038932605566518	-0.08077651885395526	0.0	(-0.08077651885395526+0j)
-0.28200000000000003	-0.07952400000000001	-0.00011987882296149265	-0.07964401105089454	0.0	(-0.07964401105089454+0j)
-0.28	-0.07840000000000001	-0.00011935975564623866	-0.07851949474688841	0.0	(-0.07851949474688841+0j)
-0.278	-0.07728400000000002	-0.00011883199908944026	-0.0774029698184352	0.0	(-0.0774029698184352+0j)
-0.276	-0.07617600000000001	-0.00011829542870395286	-0.0762944361424937	0.0	(-0.0762944361424937+0j)
-0.274	-0.07507600000000002	-0.00011774992048348985	-0.07519389359663904	0.0	(-0.07519389359663904+0j)
-0.272	-0.07398400000000001	-0.00011719535115665958	-0.074101342059215	0.0	(-0.074101342059215+0j)
-0.27	-0.0729	-0.00011663159834755656	-0.07301678140948946	0.0	(-0.07301678140948946+0j)
-0.268	-0.07182400000000001	-0.00011605854074295064	-0.07194021152782962	0.0	(-0.07194021152782962+0j)
-0.266	-0.07075600000000001	-0.0001154760582661081	-0.07087163229587153	0.0	(-0.07087163229587153+0j)
-0.264	-0.06969600000000001	-0.00011488403225726314	-0.06981104359670136	0.0	(-0.06981104359670136+0j)
-0.262	-0.06864400000000001	-0.0001142823456607466	-0.06875844531504471	0.0	(-0.06875844531504471+0j)
-0.26	-0.06760000000000001	-0.00011367088321876333	-0.06771383733745771	0.0	(-0.06771383733745771+0j)
-0.258	-0.066564	-0.00011304953167179492	-0.0666772195525308	0.0	(-0.0666772195525308+0j)
-0.256	-0.065536	-0.00011241817996558896	-0.06564859185109406	0.0	(-0.06564859185109406+0j)
-0.254	-0.064516	-0.00011177671946467854	-0.06462795412643023	0.0	(-0.06462795412643023+0j)
-0.252	-0.063504	-0.00011112504417235996	-0.0636153062744978	0.0	(-0.0636153062744978+0j)
-0.25	-0.0625	-0.0001104630509570379	-0.06261064819415449	0.0	(-0.06261064819415449+0j)
-0.248	-0.061503999999999996	-0.00010979063978482842	-0.061613979787391526	0.0	(-0.061613979787391526+0j)
-0.246	-0.060516	-0.00010910771395829264	-0.06062530095957283	0.0	(-0.06062530095957283+0j)
-0.244	-0.059536	-0.00010841418036115226	-0.05964461161967797	0.0	(-0.05964461161967797+0j)
-0.242	-0.058564	-0.00010770994970881927	-0.05867191168055575	0.0	(-0.05867191168055575+0j)
-0.24	-0.0576	-0.00010699493680455099	-0.057707201059177475	0.0	(-0.057707201059177475+0j)
-0.23800000000000002	-0.05664400000000001	-0.00010626906080101975	-0.0567504796769008	0.0	(-0.0567504796769008+0j)
-0.23600000000000002	-0.05569600000000001	-0.00010553224546706581	-0.05580174745973546	0.0	(-0.05580174745973546+0j)
-0.234	-0.054756000000000006	-0.00010478441945937856	-0.054861004338615196	0.0	(-0.054861004338615196+0j)
-0.232	-0.053824000000000004	-0.00010402551659883003	-0.053928250249671975	0.0	(-0.053928250249671975+0j)
-0.23	-0.0529	-0.00010325547615116056	-0.05300348513452174	0.0	(-0.05300348513452174+0j)
-0.228	-0.051984	-0.00010247424311169403	-0.05208670894054216	0.0	(-0.05208670894054216+0j)
-0.226	-0.051076	-0.0001016817684937368	-0.051177921621166224	0.0	(-0.051177921621166224+0j)
-0.224	-0.050176000000000005	-0.00010087800962029044	-0.05027712313616988	0.0	(-0.05027712313616988+0j)
-0.222	-0.049284	-0.00010006293041868534	-0.049384313451967636	0.0	(-0.049384313451967636+0j)
-0.22	-0.0484	-9.92365017177187e-05	-0.048499492541909266	0.0	(-0.048499492541909266+0j)
-0.218	-0.047524	-9.839870154685628e-05	-0.047622660386576525	0.0	(-0.047622660386576525+0j)
-0.216	-0.046655999999999996	-9.754951543703458e-05	-0.046753816974084525	0.0	(-0.046753816974084525+0j)
-0.214	-0.045795999999999996	-9.668893672257679e-05	-0.045892962300381264	0.0	(-0.045892962300381264+0j)
-0.212	-0.044944	-9.581696684371274e-05	-0.04504009636954842	0.0	(-0.04504009636954842+0j)
-0.21	-0.04409999999999999	-9.493361564917043e-05	-0.044195219194101985	0.0	(-0.044195219194101985+0j)
-0.20800000000000002	-0.04326400000000001	-9.403890169828556e-05	-0.04335833079529294	0.0	(-0.04335833079529294+0j)
-0.20600000000000002	-0.04243600000000001	-9.313285256205253e-05	-0.0425294312034044	0.0	(-0.0425294312034044+0j)
-0.20400000000000001	-0.04161600000000001	-9.22155051225207e-05	-0.041708520458048653	0.0	(-0.041708520458048653+0j)
-0.202	-0.04080400000000001	-9.128690586991889e-05	-0.0408955986084611	0.0	(-0.0408955986084611+0j)
-0.2	-0.04000000000000001	-9.034711119687199e-05	-0.04009066571378954	0.0	(-0.04009066571378954+0j)
-0.198	-0.039204	-8.939618768905434e-05	-0.03929372184338191	0.0	(-0.03929372184338191+0j)
-0.196	-0.038416000000000006	-8.843421241160847e-05	-0.03850476707706674	0.0	(-0.03850476707706674+0j)
-0.194	-0.037636	-8.746127319063966e-05	-0.037723801505430886	0.0	(-0.037723801505430886+0j)
-0.192	-0.036864	-8.647746888908284e-05	-0.036950825230088434	0.0	(-0.036950825230088434+0j)
-0.19	-0.0361	-8.54829096762234e-05	-0.036185838363945254	0.0	(-0.036185838363945254+0j)
-0.188	-0.035344	-8.447771729014179e-05	-0.03542884103145737	0.0	(-0.03542884103145737+0j)
-0.186	-0.034596	-8.346202529233944e-05	-0.03467983336887681	0.0	(-0.03467983336887681+0j)
-0.184	-0.033856	-8.24359793137948e-05	-0.03393881552449508	0.0	(-0.03393881552449508+0j)
-0.182	-0.033124	-8.139973729169006e-05	-0.033205787658873734	0.0	(-0.033205787658873734+0j)
-0.18	-0.0324	-8.035346969604192e-05	-0.032480749945068436	0.0	(-0.032480749945068436+0j)
-0.178	-0.031684	-7.929735974546668e-05	-0.03176370256884186	0.0	(-0.03176370256884186+0j)
-0.176	-0.030975999999999997	-7.823160361130574e-05	-0.031054645728867063	0.0	(-0.031054645728867063+0j)
-0.17400000000000002	-0.030276000000000004	-7.715641060933792e-05	-0.03035357963692347	0.0	(-0.03035357963692347+0j)
-0.17200000000000001	-0.029584000000000006	-7.607200337830537e-05	-0.029660504518081658	0.0	(-0.029660504518081658+0j)
-0.17	-0.028900000000000006	-7.49786180444841e-05	-0.028975420610876625	0.0	(-0.028975420610876625+0j)
-0.168	-0.028224000000000003	-7.38765043715344e-05	-0.028298328167476794	0.0	(-0.028298328167476794+0j)
-0.166	-0.027556000000000004	-7.27659258948756e-05	-0.027629227453840555	0.0	(-0.027629227453840555+0j)
-0.164	-0.026896000000000003	-7.164716003983748e-05	-0.02696811874986712	0.0	(-0.02696811874986712+0j)
-0.162	-0.026244	-7.052049822285514e-05	-0.026315002349539523	0.0	(-0.026315002349539523+0j)
-0.16	-0.0256	-6.938624593498672e-05	-0.0256698785610615	0.0	(-0.0256698785610615+0j)
-0.158	-0.024964	-6.824472280705103e-05	-0.025032747706990818	0.0	(-0.025032747706990818+0j)
-0.156	-0.024336	-6.70962626557015e-05	-0.024403610124368577	0.0	(-0.024403610124368577+0j)
-0.154	-0.023716	-6.594121350977449e-05	-0.023782466164845802	0.0	(-0.023782466164845802+0j)
-0.152	-0.023104	-6.477993761627315e-05	-0.023169316194811156	0.0	(-0.023169316194811156+0j)
-0.15	-0.0225	-6.361281142537642e-05	-0.022564160595518235	0.0	(-0.022564160595518235+0j)
-0.148	-0.021903999999999996	-6.244022555388933e-05	-0.02196699976321449	0.0	(-0.02196699976321449+0j)
-0.146	-0.021315999999999998	-6.1262584726584e-05	-0.021377834109276656	0.0	(-0.021377834109276656+0j)
-0.14400000000000002	-0.020736000000000004	-6.0080307694913494e-05	-0.020796664060346366	0.0	(-0.020796664060346366+0j)
-0.14200000000000002	-0.020164000000000005	-5.889382713261622e-05	-0.020223490058472175	0.0	(-0.020223490058472175+0j)
-0.14	-0.019600000000000003	-5.770358950776866e-05	-0.019658312561256077	0.0	(-0.019658312561256077+0j)
-0.138	-0.019044000000000002	-5.651005493088235e-05	-0.01910113204200208	0.0	(-0.01910113204200208+0j)
-0.136	-0.018496000000000002	-5.531369697868589e-05	-0.018551948989865032	0.0	(-0.018551948989865032+0j)
-0.134	-0.017956000000000003	-5.4115002493276594e-05	-0.018010763909997802	0.0	(-0.018010763909997802+0j)
-0.132	-0.017424000000000002	-5.2914471356373206e-05	-0.017477577323690614	0.0	(-0.017477577323690614+0j)
-0.13	-0.016900000000000002	-5.171261623845127e-05	-0.016952389768495113	0.0	(-0.016952389768495113+0j)
-0.128	-0.016384	-5.0509962322591236e-05	-0.0164352017983266	0.0	(-0.0164352017983266+0j)
-0.126	-0.015876	-4.930704700292472e-05	-0.015926013983532137	0.0	(-0.015926013983532137+0j)
-0.124	-0.015375999999999999	-4.810441955761611e-05	-0.015424826910913339	0.0	(-0.015424826910913339+0j)
-0.122	-0.014884	-4.6902640796373814e-05	-0.014931641183685698	0.0	(-0.014931641183685698+0j)
-0.12	-0.0144	-4.570228268254203e-05	-0.014446457421359334	0.0	(-0.014446457421359334+0j)
-0.11800000000000001	-0.013924000000000002	-4.45039279298828e-05	-0.013969276259518345	0.0	(-0.013969276259518345+0j)
-0.116	-0.013456000000000001	-4.3308169574216606e-05	-0.013500098349478216	0.0	(-0.013500098349478216+0j)
-0.114	-0.012996	-4.211561052015162e-05	-0.013038924357791642	0.0	(-0.013038924357791642+0j)
-0.112	-0.012544000000000001	-4.0926863063191756e-05	-0.012585754965579218	0.0	(-0.012585754965579218+0j)
-0.11	-0.0121	-3.974254838757629e-05	-0.012140590867650344	0.0	(-0.012140590867650344+0j)
-0.108	-0.011663999999999999	-3.856329604026601e-05	-0.011703432771384808	0.0	(-0.011703432771384808+0j)
-0.106	-0.011236	-3.738974338155345e-05	-0.011274281395339017	0.0	(-0.011274281395339017+0j)
-0.10400000000000001	-0.010816000000000003	-3.622253501283761e-05	-0.010853137467540548	0.0	(-0.010853137467540548+0j)
-0.10200000000000001	-0.010404000000000002	-3.506232218216652e-05	-0.010440001723433996	0.0	(-0.010440001723433996+0j)
-0.1	-0.010000000000000002	-3.3909762168212464e-05	-0.01003487490343561	0.0	(-0.01003487490343561+0j)
-0.098	-0.009604000000000001	-3.276551764340838e-05	-0.009637757750056571	0.0	(-0.009637757750056571+0j)
-0.096	-0.009216	-3.1630256017033054e-05	-0.009248651004548285	0.0	(-0.009248651004548285+0j)
-0.094	-0.008836	-3.0504648759095136e-05	-0.00886755540302162	0.0	(-0.00886755540302162+0j)
-0.092	-0.008464	-2.9389370705924358e-05	-0.008494471671986806	0.0	(-0.008494471671986806+0j)
-0.09	-0.0081	-2.828509934843606e-05	-0.008129400523256235	0.0	(-0.008129400523256235+0j)
-0.088	-0.007743999999999999	-2.7192514104093166e-05	-0.007772342648146888	0.0	(-0.007772342648146888+0j)
-0.08600000000000001	-0.0073960000000000015	-2.6112295573643177e-05	-0.007423298710911462	0.0	(-0.007423298710911462+0j)
-0.084	-0.007056000000000001	-2.5045124783762592e-05	-0.007082269341325305	0.0	(-0.007082269341325305+0j)
-0.082	-0.006724000000000001	-2.3991682416789643e-05	-0.00674925512634978	0.0	(-0.00674925512634978+0j)
-0.08	-0.0064	-2.2952648028778296e-05	-0.006424256600797589	0.0	(-0.006424256600797589+0j)
-0.078	-0.006084	-2.192869925715063e-05	-0.006107274236932748	0.0	(-0.006107274236932748+0j)
-0.076	-0.005776	-2.0920511019269228e-05	-0.00579830843296492	0.0	(-0.00579830843296492+0j)
-0.074	-0.005475999999999999	-1.9928754703291922e-05	-0.005497359500436548	0.0	(-0.005497359500436548+0j)
-0.07200000000000001	-0.005184000000000001	-1.89540973527102e-05	-0.00520442765057791	0.0	(-0.00520442765057791+0j)
-0.07	-0.004900000000000001	-1.7997200846007252e-05	-0.004919512979817321	0.0	(-0.004919512979817321+0j)
-0.068	-0.0046240000000000005	-1.705872107290122e-05	-0.004642615454808847	0.0	(-0.004642615454808847+0j)
-0.066	-0.0043560000000000005	-1.6139307108672344e-05	-0.004373734897594599	0.0	(-0.004373734897594599+0j)
-0.064	-0.004096	-1.5239600388092245e-05	-0.004112870971890612	0.0	(-0.004112870971890612+0j)
-0.062	-0.0038439999999999998	-1.4360233880497502e-05	-0.0038600231720117444	0.0	(-0.0038600231720117444+0j)
-0.06	-0.0036	-1.3501831267567854e-05	-0.003615190816697789	0.0	(-0.003615190816697789+0j)
-0.058	-0.0033640000000000002	-1.2665006125379963e-05	-0.003378373051151572	0.0	(-0.003378373051151572+0j)
-0.056	-0.0031360000000000003	-1.1850361112319443e-05	-0.003149568862060897	0.0	(-0.003149568862060897+0j)
-0.054	-0.0029159999999999998	-1.1058487164438552e-05	-0.002928777112408002	0.0	(-0.002928777112408002+0j)
-0.052000000000000005	-0.0027040000000000007	-1.028996269984879e-05	-0.0027159966056613917	0.0	(-0.0027159966056613917+0j)
-0.05	-0.0025000000000000005	-9.545352833733971e-06	-0.0025112261927364536	0.0	(-0.0025112261927364536+0j)
-0.048	-0.002304	-8.825208605562838e-06	-0.0023144649401407105	0.0	(-0.0023144649401407105+0j)
-0.046	-0.002116	-8.130066220069128e-06	-0.0021257123841487116	0.0	(-0.0021257123841487116+0j)
-0.044	-0.0019359999999999998	-7.460446303551687e-06	-0.0019449689035397825	0.0	(-0.0019449689035397825+0j)
-0.042	-0.0017640000000000002	-6.816853177027752e-06	-0.001772236251497349	0.0	(-0.001772236251497349+0j)
-0.04	-0.0016	-6.199774147745696e-06	-0.0016075182932289258	0.0	(-0.0016075182932289258+0j)
-0.038	-0.001444	-5.609678820541614e-06	-0.0014508219941958644	0.0	(-0.0014508219941958644+0j)
-0.036000000000000004	-0.0012960000000000003	-5.047018430485995e-06	-0.0013021586838484489	0.0	(-0.0013021586838484489+0j)
-0.034	-0.0011560000000000001	-4.51222519823255e-06	-0.0011615455633982026	0.0	(-0.0011615455633982026+0j)
-0.032	-0.001024	-4.005711709441015e-06	-0.0010290073080634421	0.0	(-0.0010290073080634421+0j)
-0.03	-0.0009	-3.52787031960497e-06	-0.0009045774095645424	0.0	(-0.0009045774095645424+0j)
-0.028	-0.0007840000000000001	-3.079072585558673e-06	-0.0007882986134268024	0.0	(-0.0007882986134268024+0j)
-0.026000000000000002	-0.0006760000000000002	-2.659668724896286e-06	-0.0006802214973915784	0.0	(-0.0006802214973915784+0j)
-0.024	-0.000576	-2.2699871044737363e-06	-0.0005804000920097413	0.0	(-0.0005804000920097413+0j)
-0.022	-0.00048399999999999995	-1.9103337591072635e-06	-0.0004888837121479094	0.0	(-0.0004888837121479094+0j)
-0.02	-0.0004	-1.580991941525778e-06	-0.00040570495034469547	0.0	(-0.00040570495034469547+0j)
-0.018000000000000002	-0.00032400000000000007	-1.2822217045516117e-06	-0.00033086469859742545	0.0	(-0.00033086469859742545+0j)
-0.016	-0.000256	-1.0142595164533418e-06	-0.00026431516454964105	0.0	(-0.00026431516454964105+0j)
-0.014	-0.00019600000000000002	-7.773179102887884e-07	-0.00020594012136409287	0.0	(-0.00020594012136409287+0j)
-0.012	-0.000144	-5.715851680410112e-07	-0.00015552774968915104	0.0	(-0.00015552774968915104+0j)
-0.01	-0.0001	-3.9722504023842476e-07	-0.00011272590698064329	0.0	(-0.00011272590698064329+0j)
-0.008	-6.4e-05	-2.543765016682631e-07	-7.696384562994105e-05	0.0	(-7.696384562994105e-05+0j)
-0.006	-3.6e-05	-1.4315354378569013e-07	-4.732332848373741e-05	0.0	(-4.732332848373741e-05+0j)
-0.004	-1.6e-05	-6.36450040891745e-08	-2.236464477605009e-05	0.0	(-2.236464477605009e-05+0j)
-0.002	-4e-06	-1.5914433326713606e-08	2.6867885086906407e-17	-0.0007971008178339283	(2.6867885086906407e-17-0.0007971008178339283j)
0.002	4e-06	1.5914433326713606e-08	2.6867885086906407e-17	0.0007971008178339283	(2.6867885086906407e-17+0.0007971008178339283j)
0.004	1.6e-05	6.36450040891745e-08	2.2364644776046087e-05	0.0	(2.2364644776046087e-05+0j)
0.006	3.6e-05	1.4315354378569013e-07	4.732332848373611e-05	0.0	(4.732332848373611e-05+0j)
0.008	6.4e-05	2.543765016682631e-07	7.696384562993283e-05	0.0	(7.696384562993283e-05+0j)
0.01	0.0001	3.9722504023842476e-07	0.00011272590698062171	0.0	(0.00011272590698062171+0j)
0.012	0.000144	5.715851680410112e-07	0.00015552774968911857	0.0	(0.00015552774968911857+0j)
0.014	0.00019600000000000002	7.773179102887884e-07	0.00020594012136407734	0.0	(0.00020594012136407734+0j)
0.016	0.000256	1.0142595164533418e-06	0.0002643151645495871	0.0	(0.0002643151645495871+0j)
0.018000000000000002	0.00032400000000000007	1.2822217045516117e-06	0.00033086469859742356	0.0	(0.00033086469859742356+0j)
0.02	0.0004	1.580991941525778e-06	0.00040570495034464597	0.0	(0.00040570495034464597+0j)
0.022	0.00048399999999999995	1.9103337591072635e-06	0.0004888837121479026	0.0	(0.0004888837121479026+0j)
0.024	0.000576	2.2699871044737363e-06	0.0005804000920097465	0.0	(0.0005804000920097465+0j)
0.026000000000000002	0.0006760000000000002	2.659668724896286e-06	0.000680221497391577	0.0	(0.000680221497391577+0j)
0.028	0.0007840000000000001	3.079072585558673e-06	0.0007882986134267742	0.0	(0.0007882986134267742+0j)
0.03	0.0009	3.52787031960497e-06	0.0009045774095645331	0.0	(0.0009045774095645331+0j)
0.032	0.001024	4.005711709441015e-06	0.0010290073080633623	0.0	(0.0010290073080633623+0j)
0.034	0.0011560000000000001	4.51222519823255e-06	0.0011615455633981787	0.0	(0.0011615455633981787+0j)
0.036000000000000004	0.0012960000000000003	5.047018430485995e-06	0.0013021586838483977	0.0	(0.0013021586838483977+0j)
0.038	0.001444	5.609678820541614e-06	0.0014508219941958627	0.0	(0.0014508219941958627+0j)
0.04	0.0016	6.199774147745696e-06	0.0016075182932289692	0.0	(0.0016075182932289692+0j)
0.042	0.0017640000000000002	6.816853177027752e-06	0.0017722362514973418	0.0	(0.0017722362514973418+0j)
0.044	0.0019359999999999998	7.460446303551687e-06	0.0019449689035397552	0.0	(0.0019449689035397552+0j)
0.046	0.002116	8.130066220069128e-06	0.002125712384148687	0.0	(0.002125712384148687+0j)
0.048	0.002304	8.825208605562838e-06	0.002314464940140699	0.0	(0.002314464940140699+0j)
0.05	0.0025000000000000005	9.545352833733971e-06	0.0025112261927364168	0.0	(0.0025112261927364168+0j)
0.052000000000000005	0.0027040000000000007	1.028996269984879e-05	0.002715996605661412	0.0	(0.002715996605661412+0j)
0.054	0.0029159999999999998	1.1058487164438552e-05	0.0029287771124080005	0.0	(0.0029287771124080005+0j)
0.056	0.0031360000000000003	1.1850361112319443e-05	0.0031495688620609046	0.0	(0.0031495688620609046+0j)
0.058	0.0033640000000000002	1.2665006125379963e-05	0.003378373051151574	0.0	(0.003378373051151574+0j)
0.06	0.0036	1.3501831267567854e-05	0.0036151908166977926	0.0	(0.0036151908166977926+0j)
0.062	0.0038439999999999998	1.4360233880497502e-05	0.0038600231720117306	0.0	(0.0038600231720117306+0j)
0.064	0.004096	1.5239600388092245e-05	0.0041128709718906056	0.0	(0.0041128709718906056+0j)
0.066	0.0043560000000000005	1.6139307108672344e-05	0.004373734897594565	0.0	(0.004373734897594565+0j)
0.068	0.0046240000000000005	1.705872107290122e-05	0.004642615454808818	0.0	(0.004642615454808818+0j)
0.07	0.004900000000000001	1.7997200846007252e-05	0.004919512979817308	0.0	(0.004919512979817308+0j)
0.07200000000000001	0.005184000000000001	1.89540973527102e-05	0.00520442765057789	0.0	(0.00520442765057789+0j)
0.074	0.005475999999999999	1.9928754703291922e-05	0.005497359500436563	0.0	(0.005497359500436563+0j)
0.076	0.005776	2.0920511019269228e-05	0.005798308432964917	0.0	(0.005798308432964917+0j)
0.078	0.006084	2.192869925715063e-05	0.006107274236932713	0.0	(0.006107274236932713+0j)
0.08	0.0064	2.2952648028778296e-05	0.00642425660079755	0.0	(0.00642425660079755+0j)
0.082	0.006724000000000001	2.3991682416789643e-05	0.006749255126349792	0.0	(0.006749255126349792+0j)
0.084	0.007056000000000001	2.5045124783762592e-05	0.007082269341325286	0.0	(0.007082269341325286+0j)
0.08600000000000001	0.0073960000000000015	2.6112295573643177e-05	0.0074232987109114955	0.0	(0.0074232987109114955+0j)
0.088	0.007743999999999999	2.7192514104093166e-05	0.007772342648146889	0.0	(0.007772342648146889+0j)
0.09	0.0081	2.828509934843606e-05	0.008129400523256253	0.0	(0.008129400523256253+0j)
0.092	0.008464	2.9389370705924358e-05	0.008494471671986798	0.0	(0.008494471671986798+0j)
0.094	0.008836	3.0504648759095136e-05	0.008867555403021553	0.0	(0.008867555403021553+0j)
0.096	0.009216	3.1630256017033054e-05	0.00924865100454832	0.0	(0.00924865100454832+0j)
0.098	0.009604000000000001	3.276551764340838e-05	0.009637757750056642	0.0	(0.009637757750056642+0j)
0.1	0.010000000000000002	3.3909762168212464e-05	0.010034874903435706	0.0	(0.010034874903435706+0j)
0.10200000000000001	0.010404000000000002	3.506232218216652e-05	0.010440001723434036	0.0	(0.010440001723434036+0j)
0.10400000000000001	0.010816000000000003	3.622253501283761e-05	0.010853137467540637	0.0	(0.010853137467540637+0j)
0.106	0.011236	3.738974338155345e-05	0.011274281395339055	0.0	(0.011274281395339055+0j)
0.108	0.011663999999999999	3.856329604026601e-05	0.011703432771384805	0.0	(0.011703432771384805+0j)
0.11	0.0121	3.974254838757629e-05	0.012140590867650404	0.0	(0.012140590867650404+0j)
0.112	0.012544000000000001	4.0926863063191756e-05	0.012585754965579161	0.0	(0.012585754965579161+0j)
0.114	0.012996	4.211561052015162e-05	0.013038924357791703	0.0	(0.013038924357791703+0j)
0.116	0.013456000000000001	4.3308169574216606e-05	0.01350009834947815	0.0	(0.01350009834947815+0j)
0.11800000000000001	0.013924000000000002	4.45039279298828e-05	0.013969276259518364	0.0	(0.013969276259518364+0j)
0.12	0.0144	4.570228268254203e-05	0.01444645742135936	0.0	(0.01444645742135936+0j)
0.122	0.014884	4.6902640796373814e-05	0.014931641183685578	0.0	(0.014931641183685578+0j)
0.124	0.015375999999999999	4.810441955761611e-05	0.015424826910913389	0.0	(0.015424826910913389+0j)
0.126	0.015876	4.930704700292472e-05	0.01592601398353206	0.0	(0.01592601398353206+0j)
0.128	0.016384	5.0509962322591236e-05	0.016435201798326454	0.0	(0.016435201798326454+0j)
0.13	0.016900000000000002	5.171261623845127e-05	0.016952389768495172	0.0	(0.016952389768495172+0j)
0.132	0.017424000000000002	5.2914471356373206e-05	0.01747757732369066	0.0	(0.01747757732369066+0j)
0.134	0.017956000000000003	5.4115002493276594e-05	0.018010763909997868	0.0	(0.018010763909997868+0j)
0.136	0.018496000000000002	5.531369697868589e-05	0.018551948989864918	0.0	(0.018551948989864918+0j)
0.138	0.019044000000000002	5.651005493088235e-05	0.01910113204200199	0.0	(0.01910113204200199+0j)
0.14	0.019600000000000003	5.770358950776866e-05	0.019658312561256122	0.0	(0.019658312561256122+0j)
0.14200000000000002	0.020164000000000005	5.889382713261622e-05	0.020223490058472165	0.0	(0.020223490058472165+0j)
0.14400000000000002	0.020736000000000004	6.0080307694913494e-05	0.020796664060346345	0.0	(0.020796664060346345+0j)
0.146	0.021315999999999998	6.1262584726584e-05	0.021377834109276742	0.0	(0.021377834109276742+0j)
0.148	0.021903999999999996	6.244022555388933e-05	0.021966999763214583	0.0	(0.021966999763214583+0j)
0.15	0.0225	6.361281142537642e-05	0.02256416059551811	0.0	(0.02256416059551811+0j)
0.152	0.023104	6.477993761627315e-05	0.023169316194811388	0.0	(0.023169316194811388+0j)
0.154	0.023716	6.594121350977449e-05	0.023782466164845886	0.0	(0.023782466164845886+0j)
0.156	0.024336	6.70962626557015e-05	0.02440361012436856	0.0	(0.02440361012436856+0j)
0.158	0.024964	6.824472280705103e-05	0.025032747706990696	0.0	(0.025032747706990696+0j)
0.16	0.0256	6.938624593498672e-05	0.025669878561061364	0.0	(0.025669878561061364+0j)
0.162	0.026244	7.052049822285514e-05	0.026315002349539398	0.0	(0.026315002349539398+0j)
0.164	0.026896000000000003	7.164716003983748e-05	0.026968118749867022	0.0	(0.026968118749867022+0j)
0.166	0.027556000000000004	7.27659258948756e-05	0.02762922745384051	0.0	(0.02762922745384051+0j)
0.168	0.028224000000000003	7.38765043715344e-05	0.028298328167476704	0.0	(0.028298328167476704+0j)
0.17	0.028900000000000006	7.49786180444841e-05	0.028975420610876497	0.0	(0.028975420610876497+0j)
0.17200000000000001	0.029584000000000006	7.607200337830537e-05	0.029660504518081568	0.0	(0.029660504518081568+0j)
0.17400000000000002	0.030276000000000004	7.715641060933792e-05	0.030353579636923454	0.0	(0.030353579636923454+0j)
0.176	0.030975999999999997	7.823160361130574e-05	0.031054645728866605	0.0	(0.031054645728866605+0j)
0.178	0.031684	7.929735974546668e-05	0.03176370256884182	0.0	(0.03176370256884182+0j)
0.18	0.0324	8.035346969604192e-05	0.032480749945068436	0.0	(0.032480749945068436+0j)
0.182	0.033124	8.139973729169006e-05	0.03320578765887396	0.0	(0.03320578765887396+0j)
0.184	0.033856	8.24359793137948e-05	0.03393881552449491	0.0	(0.03393881552449491+0j)
0.186	0.034596	8.346202529233944e-05	0.034679833368876714	0.0	(0.034679833368876714+0j)
0.188	0.035344	8.447771729014179e-05	0.03542884103145753	0.0	(0.03542884103145753+0j)
0.19	0.0361	8.54829096762234e-05	0.03618583836394549	0.0	(0.03618583836394549+0j)
0.192	0.036864	8.647746888908284e-05	0.036950825230088226	0.0	(0.036950825230088226+0j)
0.194	0.037636	8.746127319063966e-05	0.037723801505430914	0.0	(0.037723801505430914+0j)
0.196	0.038416000000000006	8.843421241160847e-05	0.03850476707706688	0.0	(0.03850476707706688+0j)
0.198	0.039204	8.939618768905434e-05	0.0392937218433818	0.0	(0.0392937218433818+0j)
0.2	0.04000000000000001	9.034711119687199e-05	0.040090665713789435	0.0	(0.040090665713789435+0j)
0.202	0.04080400000000001	9.128690586991889e-05	0.040895598608461016	0.0	(0.040895598608461016+0j)
0.20400000000000001	0.04161600000000001	9.22155051225207e-05	0.04170852045804856	0.0	(0.04170852045804856+0j)
0.20600000000000002	0.04243600000000001	9.313285256205253e-05	0.04252943120340459	0.0	(0.04252943120340459+0j)
0.20800000000000002	0.04326400000000001	9.403890169828556e-05	0.043358330795292936	0.0	(0.043358330795292936+0j)
0.21	0.04409999999999999	9.493361564917043e-05	0.04419521919410198	0.0	(0.04419521919410198+0j)
0.212	0.044944	9.581696684371274e-05	0.045040096369548366	0.0	(0.045040096369548366+0j)
0.214	0.045795999999999996	9.668893672257679e-05	0.04589296230038148	0.0	(0.04589296230038148+0j)
0.216	0.046655999999999996	9.754951543703458e-05	0.04675381697408493	0.0	(0.04675381697408493+0j)
0.218	0.047524	9.839870154685628e-05	0.0476226603865768	0.0	(0.0476226603865768+0j)
0.22	0.0484	9.92365017177187e-05	0.04849949254190911	0.0	(0.04849949254190911+0j)
0.222	0.049284	0.00010006293041868534	0.049384313451967594	0.0	(0.049384313451967594+0j)
0.224	0.050176000000000005	0.00010087800962029044	0.05027712313616955	0.0	(0.05027712313616955+0j)
0.226	0.051076	0.0001016817684937368	0.051177921621166335	0.0	(0.051177921621166335+0j)
0.228	0.051984	0.00010247424311169403	0.05208670894054212	0.0	(0.05208670894054212+0j)
0.23	0.0529	0.00010325547615116056	0.05300348513452149	0.0	(0.05300348513452149+0j)
0.232	0.053824000000000004	0.00010402551659883003	0.05392825024967206	0.0	(0.05392825024967206+0j)
0.234	0.054756000000000006	0.00010478441945937856	0.05486100433861455	0.0	(0.05486100433861455+0j)
0.23600000000000002	0.05569600000000001	0.00010553224546706581	0.05580174745973532	0.0	(0.05580174745973532+0j)
0.23800000000000002	0.05664400000000001	0.00010626906080101975	0.05675047967690075	0.0	(0.05675047967690075+0j)
0.24	0.0576	0.00010699493680455099	0.05770720105917745	0.0	(0.05770720105917745+0j)
0.242	0.058564	0.00010770994970881927	0.058671911680555605	0.0	(0.058671911680555605+0j)
0.244	0.059536	0.00010841418036115226	0.05964461161967802	0.0	(0.05964461161967802+0j)
0.246	0.060516	0.00010910771395829264	0.06062530095957247	0.0	(0.06062530095957247+0j)
0.248	0.061503999999999996	0.00010979063978482842	0.06161397978739134	0.0	(0.06161397978739134+0j)
0.25	0.0625	0.0001104630509570379	0.0626106481941543	0.0	(0.0626106481941543+0j)
0.252	0.063504	0.00011112504417235996	0.06361530627449803	0.0	(0.06361530627449803+0j)
0.254	0.064516	0.00011177671946467854	0.06462795412643063	0.0	(0.06462795412643063+0j)
0.256	0.065536	0.00011241817996558896	0.06564859185109394	0.0	(0.06564859185109394+0j)
0.258	0.066564	0.00011304953167179492	0.06667721955253085	0.0	(0.06667721955253085+0j)
0.26	0.06760000000000001	0.00011367088321876333	0.06771383733745756	0.0	(0.06771383733745756+0j)
0.262	0.06864400000000001	0.0001142823456607466	0.06875844531504452	0.0	(0.06875844531504452+0j)
0.264	0.06969600000000001	0.00011488403225726314	0.06981104359670133	0.0	(0.06981104359670133+0j)
0.266	0.07075600000000001	0.0001154760582661081	0.0708716322958715	0.0	(0.0708716322958715+0j)
0.268	0.07182400000000001	0.00011605854074295064	0.07194021152782966	0.0	(0.07194021152782966+0j)
0.27	0.0729	0.00011663159834755656	0.07301678140948982	0.0	(0.07301678140948982+0j)
0.272	0.07398400000000001	0.00011719535115665958	0.07410134205921516	0.0	(0.07410134205921516+0j)
0.274	0.07507600000000002	0.00011774992048348985	0.07519389359663955	0.0	(0.07519389359663955+0j)
0.276	0.07617600000000001	0.00011829542870395286	0.07629443614249316	0.0	(0.07629443614249316+0j)
0.278	0.07728400000000002	0.00011883199908944026	0.07740296981843464	0.0	(0.07740296981843464+0j)
0.28	0.07840000000000001	0.00011935975564623866	0.07851949474688873	0.0	(0.07851949474688873+0j)
0.28200000000000003	0.07952400000000001	0.00011987882296149265	0.07964401105089422	0.0	(0.07964401105089422+0j)
0.28400000000000003	0.08065600000000002	0.00012038932605566518	0.08077651885395502	0.0	(0.08077651885395502+0j)
0.28600000000000003	0.08179600000000002	0.00012089139024142872	0.08191701827989918	0.0	(0.08191701827989918+0j)
0.28800000000000003	0.08294400000000002	0.00012138514098890992	0.08306550945274221	0.0	(0.08306550945274221+0j)
0.29	0.0841	0.00012187070379720176	0.08422199249656015	0.0	(0.08422199249656015+0j)
0.292	0.08526399999999999	0.00012234820407204788	0.08538646753536545	0.0	(0.08538646753536545+0j)
0.294	0.08643599999999999	0.00012281776700959676	0.08655893469299256	0.0	(0.08655893469299256+0j)
0.296	0.08761599999999999	0.00012327951748611503	0.08773939409298355	0.0	(0.08773939409298355+0j)
0.298	0.088804	0.00012373357995354382	0.0889278458584877	0.0	(0.0889278458584877+0j)
0.3	0.09	0.0001241800783407746	0.09012429011215738	0.0	(0.09012429011215738+0j)
0.302	0.091204	0.00012461913596051736	0.09132872697605912	0.0	(0.09132872697605912+0j)
0.304	0.092416	0.00012505087542162758	0.09254115657158235	0.0	(0.09254115657158235+0j)
0.306	0.093636	0.00012547541854675528	0.09376157901935894	0.0	(0.09376157901935894+0j)
0.308	0.094864	0.0001258928862951753	0.09498999443918302	0.0	(0.09498999443918302+0j)
0.31	0.0961	0.0001263033986906558	0.09622640294994075	0.0	(0.09622640294994075+0j)
0.312	0.097344	0.00012670707475421743	0.0974708046695433	0.0	(0.0974708046695433+0j)
0.314	0.098596	0.00012710403244163638	0.09872319971485795	0.0	(0.09872319971485795+0j)
0.316	0.099856	0.00012749438858554026	0.0999835882016577	0.0	(0.0999835882016577+0j)
0.318	0.101124	0.00012787825884194617	0.10125197024456319	0.0	(0.10125197024456319+0j)
0.32	0.1024	0.0001282557576410897	0.1025283459569934	0.0	(0.1025283459569934+0j)
0.322	0.10368400000000001	0.00012862699814239213	0.10381271545111832	0.0	(0.10381271545111832+0j)
0.324	0.104976	0.00012899209219341428	0.10510507883782315	0.0	(0.10510507883782315+0j)
0.326	0.10627600000000001	0.00012935115029264578	0.1064054362266648	0.0	(0.1064054362266648+0j)
0.328	0.10758400000000001	0.00012970428155597866	0.10771378772584062	0.0	(0.10771378772584062+0j)
0.33	0.10890000000000001	0.00013005159368671617	0.10903013344215773	0.0	(0.10903013344215773+0j)
0.332	0.11022400000000002	0.0001303931929489684	0.11035447348100363	0.0	(0.11035447348100363+0j)
0.334	0.11155600000000002	0.0001307291841442884	0.11168680794632818	0.0	(0.11168680794632818+0j)
0.336	0.11289600000000001	0.0001310596705914043	0.11302713694061517	0.0	(0.11302713694061517+0j)
0.338	0.11424400000000001	0.00013138475410890535	0.11437546056487344	0.0	(0.11437546056487344+0j)
0.34	0.11560000000000002	0.0001317045350007413	0.11573177891861125	0.0	(0.11573177891861125+0j)
0.342	0.11696400000000001	0.0001320191120443986	0.1170960920998338	0.0	(0.1170960920998338+0j)
0.34400000000000003	0.11833600000000002	0.00013232858248161822	0.1184684002050286	0.0	(0.1184684002050286+0j)
0.34600000000000003	0.11971600000000002	0.0001326330420115236	0.1198487033291593	0.0	(0.1198487033291593+0j)
0.34800000000000003	0.12110400000000002	0.00013293258478603022	0.12123700156565932	0.0	(0.12123700156565932+0j)
0.35000000000000003	0.12250000000000003	0.00013322730340741093	0.12263329500643225	0.0	(0.12263329500643225+0j)
0.352	0.12390399999999999	0.00013351728892789538	0.12403758374184629	0.0	(0.12403758374184629+0j)
0.354	0.12531599999999998	0.00013380263085118399	0.1254498678607427	0.0	(0.1254498678607427+0j)
0.356	0.126736	0.00013408341713576184	0.1268701474504275	0.0	(0.1268701474504275+0j)
0.358	0.128164	0.00013435973419989998	0.12829842259668744	0.0	(0.12829842259668744+0j)
0.36	0.1296	0.0001346316669282358	0.12973469338379173	0.0	(0.12973469338379173+0j)
0.362	0.131044	0.00013489929867982822	0.13117895989449585	0.0	(0.13117895989449585+0j)
0.364	0.132496	0.00013516271129758556	0.13263122221005763	0.0	(0.13263122221005763+0j)
0.366	0.133956	0.00013542198511896927	0.13409148041024227	0.0	(0.13409148041024227+0j)
0.368	0.135424	0.00013567719898787938	0.13555973457333553	0.0	(0.13555973457333553+0j)
0.37	0.1369	0.00013592843026763058	0.1370359847761581	0.0	(0.1370359847761581+0j)
0.372	0.138384	0.00013617575485493324	0.138520231094077	0.0	(0.138520231094077+0j)
0.374	0.139876	0.00013641924719479502	0.14001247360101987	0.0	(0.14001247360101987+0j)
0.376	0.141376	0.00013665898029626382	0.1415127123694935	0.0	(0.1415127123694935+0j)
0.378	0.142884	0.00013689502574893578	0.14302094747059596	0.0	(0.14302094747059596+0j)
0.38	0.1444	0.0001371274537401552	0.14453717897403706	0.0	(0.14453717897403706+0j)
0.382	0.145924	0.00013735633307283693	0.14606140694815217	0.0	(0.14606140694815217+0j)
0.384	0.147456	0.00013758173118384533	0.14759363145992369	0.0	(0.14759363145992369+0j)
0.386	0.14899600000000002	0.00013780371416286598	0.1491338525749979	0.0	(0.1491338525749979+0j)
0.388	0.150544	0.00013802234677171127	0.15068207035770553	0.0	(0.15068207035770553+0j)
0.39	0.1521	0.00013823769246400268	0.15223828487107713	0.0	(0.15223828487107713+0j)
0.392	0.15366400000000002	0.00013844981340517578	0.15380249617687006	0.0	(0.15380249617687006+0j)
0.394	0.155236	0.00013865877049275743	0.1553747043355789	0.0	(0.1553747043355789+0j)
0.396	0.156816	0.00013886462337686783	0.1569549094064652	0.0	(0.1569549094064652+0j)
0.398	0.15840400000000002	0.00013906743048090053	0.15854311144757033	0.0	(0.15854311144757033+0j)
0.4	0.16000000000000003	0.0001392672490223401	0.1601393105157438	0.0	(0.1601393105157438+0j)
0.402	0.16160400000000003	0.0001394641350336758	0.16174350666665246	0.0	(0.16174350666665246+0j)
0.404	0.16321600000000003	0.00013965814338337475	0.1633556999548159	0.0	(0.1633556999548159+0j)
0.406	0.164836	0.00013984932779687937	0.16497589043361446	0.0	(0.16497589043361446+0j)
0.40800000000000003	0.16646400000000003	0.0001400377408775963	0.16660407815531633	0.0	(0.16660407815531633+0j)
0.41000000000000003	0.16810000000000003	0.0001402234341278467	0.16824026317109653	0.0	(0.16824026317109653+0j)
0.41200000000000003	0.16974400000000003	0.00014040645796974945	0.16988444553106072	0.0	(0.16988444553106072+0j)
0.41400000000000003	0.17139600000000002	0.00014058686176601076	0.17153662528425845	0.0	(0.17153662528425845+0j)
0.41600000000000004	0.17305600000000004	0.00014076469384059686	0.17319680247871477	0.0	(0.17319680247871477+0j)
0.418	0.174724	0.00014094000149926625	0.17486497716143434	0.0	(0.17486497716143434+0j)
0.42	0.17639999999999997	0.00014111283104994174	0.176541149378441	0.0	(0.176541149378441+0j)
0.422	0.178084	0.00014128322782290355	0.178225319174785	0.0	(0.178225319174785+0j)
0.424	0.179776	0.00014145123619078553	0.1799174865945654	0.0	(0.1799174865945654+0j)
0.426	0.181476	0.0001416168995883597	0.18161765168094438	0.0	(0.18161765168094438+0j)
0.428	0.18318399999999999	0.00014178026053209453	0.18332581447618432	0.0	(0.18332581447618432+0j)
0.43	0.18489999999999998	0.00014194136063947442	0.18504197502164554	0.0	(0.18504197502164554+0j)
0.432	0.18662399999999998	0.00014210024064806865	0.18676613335782097	0.0	(0.18676613335782097+0j)
0.434	0.188356	0.00014225694043434016	0.1884982895243404	0.0	(0.1884982895243404+0j)
0.436	0.190096	0.00014241149903218485	0.1902384435600075	0.0	(0.1902384435600075+0j)
0.438	0.191844	0.00014256395465119372	0.191986595502798	0.0	(0.191986595502798+0j)
0.44	0.1936	0.00014271434469463086	0.1937427453898932	0.0	(0.1937427453898932+0j)
0.442	0.195364	0.0001428627057771219	0.19550689325768847	0.0	(0.19550689325768847+0j)
0.444	0.197136	0.0001430090737420475	0.19727903914181574	0.0	(0.19727903914181574+0j)
0.446	0.198916	0.00014315348367863873	0.19905918307715226	0.0	(0.19905918307715226+0j)
0.448	0.20070400000000002	0.00014329596993877016	0.2008473250978483	0.0	(0.2008473250978483+0j)
0.45	0.2025	0.00014343656615344903	0.20264346523733875	0.0	(0.20264346523733875+0j)
0.452	0.204304	0.00014357530524899853	0.2044476035283534	0.0	(0.2044476035283534+0j)
0.454	0.20611600000000002	0.00014371221946293407	0.20625974000294486	0.0	(0.20625974000294486+0j)
0.456	0.207936	0.00014384734035953223	0.20807987469248992	0.0	(0.20807987469248992+0j)
0.458	0.209764	0.0001439806988450926	0.2099080076277167	0.0	(0.2099080076277167+0j)
0.46	0.2116	0.0001441123251828928	0.2117441388387149	0.0	(0.2117441388387149+0j)
0.462	0.21344400000000002	0.00014424224900783835	0.21358826835494665	0.0	(0.21358826835494665+0j)
0.464	0.21529600000000002	0.0001443704993408087	0.21544039620526603	0.0	(0.21544039620526603+0j)
0.466	0.21715600000000002	0.00014449710460270106	0.2173005224179317	0.0	(0.2173005224179317+0j)
0.468	0.21902400000000002	0.0001446220926281752	0.21916864702061892	0.0	(0.21916864702061892+0j)
0.47000000000000003	0.22090000000000004	0.00014474549067910108	0.22104477004043502	0.0	(0.22104477004043502+0j)
0.47200000000000003	0.22278400000000004	0.00014486732545771278	0.22292889150392792	0.0	(0.22292889150392792+0j)
0.47400000000000003	0.22467600000000004	0.000144987623119472	0.22482101143710873	0.0	(0.22482101143710873+0j)
0.47600000000000003	0.22657600000000003	0.00014510640928564418	0.2267211298654512	0.0	(0.2267211298654512+0j)
0.47800000000000004	0.22848400000000005	0.00014522370905559174	0.2286292468139167	0.0	(0.2286292468139167+0j)
0.48	0.2304	0.00014533954701878747	0.23054536230695674	0.0	(0.23054536230695674+0j)
0.482	0.23232399999999997	0.000145453947266553	0.2324694763685279	0.0	(0.2324694763685279+0j)
0.484	0.234256	0.00014556693340352585	0.23440158902210217	0.0	(0.23440158902210217+0j)
0.486	0.236196	0.00014567852855886028	0.23634170029068166	0.0	(0.23634170029068166+0j)
0.488	0.238144	0.00014578875539716525	0.23828981019680587	0.0	(0.23828981019680587+0j)
0.49	0.24009999999999998	0.00014589763612918533	0.24024591876256332	0.0	(0.24024591876256332+0j)
0.492	0.242064	0.00014600519252222838	0.2422100260096039	0.0	(0.2422100260096039+0j)
0.494	0.244036	0.00014611144591034485	0.24418213195914273	0.0	(0.24418213195914273+0j)
0.496	0.24601599999999998	0.00014621641720426374	0.24616223663197756	0.0	(0.24616223663197756+0j)
0.498	0.248004	0.00014632012690108957	0.24815034004849318	0.0	(0.24815034004849318+0j)
0.5	0.25	0.00014642259509376558	0.25014644222867616	0.0	(0.25014644222867616+0j)
0.502	0.252004	0.0001465238414803077	0.2521505431921164	0.0	(0.2521505431921164+0j)
0.504	0.254016	0.00014662388537281412	0.25416264295802177	0.0	(0.25416264295802177+0j)
0.506	0.256036	0.00014672274570625538	0.2561827415452314	0.0	(0.2561827415452314+0j)
0.508	0.258064	0.0001468204410470498	0.25821083897220554	0.0	(0.25821083897220554+0j)
0.51	0.2601	0.00014691698960142855	0.26024693525705983	0.0	(0.26024693525705983+0j)
0.512	0.262144	0.00014701240922359573	0.2622910304175487	0.0	(0.2622910304175487+0j)
0.514	0.264196	0.0001471067174236879	0.26434312447109204	0.0	(0.26434312447109204+0j)
0.516	0.266256	0.0001471999313755371	0.2664032174347758	0.0	(0.2664032174347758+0j)
0.518	0.268324	0.00014729206792424288	0.2684713093253543	0.0	(0.2684713093253543+0j)
0.52	0.27040000000000003	0.00014738314359355744	0.2705474001592674	0.0	(0.2705474001592674+0j)
0.522	0.272484	0.00014747317459308797	0.27263148995263864	0.0	(0.27263148995263864+0j)
0.524	0.27457600000000004	0.00014756217682532127	0.27472357872129444	0.0	(0.27472357872129444+0j)
0.526	0.27667600000000003	0.00014765016589247438	0.2768236664807443	0.0	(0.2768236664807443+0j)
0.528	0.27878400000000003	0.00014773715710317595	0.2789317532462243	0.0	(0.2789317532462243+0j)
0.53	0.28090000000000004	0.0001478231654789821	0.28104783903268393	0.0	(0.28104783903268393+0j)
0.532	0.28302400000000005	0.00014790820576073132	0.2831719238547828	0.0	(0.2831719238547828+0j)
0.534	0.285156	0.0001479922924147419	0.2853040077269137	0.0	(0.2853040077269137+0j)
0.536	0.28729600000000005	0.00014807543963885658	0.28744409066320853	0.0	(0.28744409066320853+0j)
0.538	0.28944400000000003	0.00014815766136833745	0.2895921726775273	0.0	(0.2895921726775273+0j)
0.54	0.2916	0.00014823897128161563	0.29174825378347874	0.0	(0.29174825378347874+0j)
0.542	0.293764	0.000148319382805899	0.293912333994428	0.0	(0.293912333994428+0j)
0.544	0.29593600000000003	0.0001483989091226418	0.2960844133234851	0.0	(0.2960844133234851+0j)
0.546	0.29811600000000005	0.00014847756317287966	0.2982644917835317	0.0	(0.2982644917835317+0j)
0.548	0.30030400000000007	0.0001485553576624333	0.3004525693872105	0.0	(0.3004525693872105+0j)
0.55	0.30250000000000005	0.00014863230506698502	0.30264864614693143	0.0	(0.30264864614693143+0j)
0.552	0.30470400000000003	0.0001487084176370299	0.30485272207488934	0.0	(0.30485272207488934+0j)
0.554	0.3069160000000001	0.00014878370740270696	0.3070647971830512	0.0	(0.3070647971830512+0j)
0.556	0.3091360000000001	0.0001488581861785112	0.3092848714831768	0.0	(0.3092848714831768+0j)
0.558	0.3113640000000001	0.0001489318655678916	0.311512944986812	0.0	(0.311512944986812+0j)
0.56	0.31360000000000005	0.00014900475696773665	0.3137490177053066	0.0	(0.3137490177053066+0j)
0.562	0.31584400000000007	0.00014907687157275136	0.3159930896497875	0.0	(0.3159930896497875+0j)
0.5640000000000001	0.31809600000000005	0.00014914822037972772	0.31824516083120724	0.0	(0.31824516083120724+0j)
0.5660000000000001	0.3203560000000001	0.00014921881419171224	0.3205052312603158	0.0	(0.3205052312603158+0j)
0.5680000000000001	0.3226240000000001	0.00014928866362207274	0.32277330094767775	0.0	(0.32277330094767775+0j)
0.5700000000000001	0.3249000000000001	0.00014935777909846706	0.32504936990366895	0.0	(0.32504936990366895+0j)
0.5720000000000001	0.3271840000000001	0.00014942617086671672	0.32733343813848714	0.0	(0.32733343813848714+0j)
0.5740000000000001	0.3294760000000001	0.00014949384899458744	0.3296255056621521	0.0	(0.3296255056621521+0j)
0.5760000000000001	0.33177600000000007	0.00014956082337547953	0.33192557248451643	0.0	(0.33192557248451643+0j)
0.578	0.33408399999999994	0.00014962710373202974	0.33423363861525013	0.0	(0.33423363861525013+0j)
0.58	0.3364	0.0001496926996196283	0.3365497040638676	0.0	(0.3365497040638676+0j)
0.582	0.33872399999999997	0.00014975762042985147	0.33887376883971576	0.0	(0.33887376883971576+0j)
0.584	0.34105599999999997	0.00014982187539381352	0.34120583295198503	0.0	(0.34120583295198503+0j)
0.586	0.343396	0.0001498854735854394	0.34354589640970745	0.0	(0.34354589640970745+0j)
0.588	0.34574399999999994	0.00014994842392466028	0.34589395922175986	0.0	(0.34589395922175986+0j)
0.59	0.34809999999999997	0.00015001073518053416	0.3482500213968736	0.0	(0.3482500213968736+0j)
0.592	0.35046399999999994	0.00015007241597429324	0.3506140829436298	0.0	(0.3506140829436298+0j)
0.594	0.352836	0.00015013347478232044	0.35298614387046867	0.0	(0.35298614387046867+0j)
0.596	0.355216	0.0001501939199390562	0.3553662041856861	0.0	(0.3553662041856861+0j)
0.598	0.357604	0.0001502537596398382	0.35775426389744	0.0	(0.35775426389744+0j)
0.6	0.36	0.00015031300194367486	0.3601503230137531	0.0	(0.3601503230137531+0j)
0.602	0.36240399999999995	0.00015037165477595538	0.3625543815425135	0.0	(0.3625543815425135+0j)
0.604	0.364816	0.0001504297259310969	0.3649664394914873	0.0	(0.3649664394914873+0j)
0.606	0.367236	0.00015048722307513116	0.36738649686830305	0.0	(0.36738649686830305+0j)
0.608	0.369664	0.00015054415374823183	0.3698145536804663	0.0	(0.3698145536804663+0j)
0.61	0.3721	0.0001506005253671842	0.3722506099353636	0.0	(0.3722506099353636+0j)
0.612	0.374544	0.00015065634522779884	0.3746946656402604	0.0	(0.3746946656402604+0j)
0.614	0.376996	0.00015071162050727025	0.37714672080229816	0.0	(0.37714672080229816+0j)
0.616	0.379456	0.00015076635826648236	0.37960677542851445	0.0	(0.37960677542851445+0j)
0.618	0.381924	0.0001508205654522619	0.3820748295258198	0.0	(0.3820748295258198+0j)
0.62	0.3844	0.00015087424889958113	0.3845508831010201	0.0	(0.3845508831010201+0j)
0.622	0.386884	0.00015092741533371146	0.38703493616081686	0.0	(0.38703493616081686+0j)
0.624	0.389376	0.00015098007137232848	0.38952698871179386	0.0	(0.38952698871179386+0j)
0.626	0.391876	0.00015103222352757042	0.3920270407604394	0.0	(0.3920270407604394+0j)
0.628	0.394384	0.00015108387820805095	0.3945350923131362	0.0	(0.3945350923131362+0j)
0.63	0.39690000000000003	0.0001511350417208269	0.39705114337616076	0.0	(0.39705114337616076+0j)
0.632	0.399424	0.0001511857202733232	0.3995751939556965	0.0	(0.3995751939556965+0j)
0.634	0.40195600000000004	0.0001512359199752151	0.4021072440578281	0.0	(0.4021072440578281+0j)
0.636	0.404496	0.00015128564684026887	0.4046472936885467	0.0	(0.4046472936885467+0j)
0.638	0.407044	0.00015133490678814266	0.4071953428537448	0.0	(0.4071953428537448+0j)
0.64	0.4096	0.0001513837056461479	0.4097513915592241	0.0	(0.4097513915592241+0j)
0.642	0.41216400000000003	0.00015143204915097223	0.4123154398106999	0.0	(0.4123154398106999+0j)
0.644	0.41473600000000005	0.00015147994295036532	0.41488748761379646	0.0	(0.41488748761379646+0j)
0.646	0.417316	0.00015152739260478808	0.41746753497405303	0.0	(0.41746753497405303+0j)
0.648	0.419904	0.00015157440358902637	0.42005558189692477	0.0	(0.42005558189692477+0j)
0.65	0.42250000000000004	0.0001516209812937701	0.4226516283877699	0.0	(0.4226516283877699+0j)
0.652	0.42510400000000004	0.00015166713102715839	0.42525567445189083	0.0	(0.42525567445189083+0j)
0.654	0.42771600000000004	0.00015171285801629172	0.42786772009448054	0.0	(0.42786772009448054+0j)
0.656	0.43033600000000005	0.00015175816740871205	0.4304877653206681	0.0	(0.4304877653206681+0j)
0.658	0.432964	0.0001518030642738513	0.4331158101355138	0.0	(0.4331158101355138+0j)
0.66	0.43560000000000004	0.0001518475536044493	0.43575185454397986	0.0	(0.43575185454397986+0j)
0.662	0.438244	0.0001518916403179418	0.4383958985509655	0.0	(0.4383958985509655+0j)
0.664	0.44089600000000007	0.00015193532925781908	0.4410479421612967	0.0	(0.4410479421612967+0j)
0.666	0.44355600000000006	0.00015197862519495645	0.44370798537972783	0.0	(0.44370798537972783+0j)
0.668	0.44622400000000007	0.00015202153282891653	0.4463760282109413	0.0	(0.4463760282109413+0j)
0.67	0.4489000000000001	0.0001520640567892246	0.44905207065954483	0.0	(0.44905207065954483+0j)
0.672	0.45158400000000004	0.0001521062016366171	0.4517361127300786	0.0	(0.4517361127300786+0j)
0.674	0.45427600000000007	0.00015214797186426495	0.4544281544270258	0.0	(0.4544281544270258+0j)
0.676	0.45697600000000005	0.00015218937189897066	0.45712819575479147	0.0	(0.45712819575479147+0j)
0.678	0.45968400000000004	0.00015223040610234153	0.45983623671772655	0.0	(0.45983623671772655+0j)
0.68	0.4624000000000001	0.00015227107877193818	0.462552277320107	0.0	(0.462552277320107+0j)
0.682	0.4651240000000001	0.00015231139414239995	0.46527631756615245	0.0	(0.46527631756615245+0j)
0.684	0.46785600000000005	0.0001523513563865472	0.4680083574600203	0.0	(0.4680083574600203+0j)
0.686	0.47059600000000007	0.00015239096961646077	0.4707483970058112	0.0	(0.4707483970058112+0j)
0.6880000000000001	0.4733440000000001	0.00015243023788454025	0.47349643620755244	0.0	(0.47349643620755244+0j)
0.6900000000000001	0.4761000000000001	0.00015246916518454003	0.47625247506923474	0.0	(0.47625247506923474+0j)
0.6920000000000001	0.47886400000000007	0.000152507755452585	0.47901651359476943	0.0	(0.47901651359476943+0j)
0.6940000000000001	0.48163600000000006	0.00015254601256816543	0.4817885517880325	0.0	(0.4817885517880325+0j)
0.6960000000000001	0.48441600000000007	0.0001525839403551122	0.4845685896528241	0.0	(0.4845685896528241+0j)
0.6980000000000001	0.4872040000000001	0.00015262154258255205	0.4873566271929028	0.0	(0.4873566271929028+0j)
0.7000000000000001	0.4900000000000001	0.0001526588229658443	0.4901526644119734	0.0	(0.4901526644119734+0j)
0.7020000000000001	0.4928040000000001	0.0001526957851674983	0.49295670131367963	0.0	(0.49295670131367963+0j)
0.704	0.49561599999999995	0.00015273243279807338	0.4957687379016244	0.0	(0.4957687379016244+0j)
0.706	0.49843599999999993	0.00015276876941706027	0.49858877417935415	0.0	(0.49858877417935415+0j)
0.708	0.5012639999999999	0.0001528047985337455	0.5014168101503632	0.0	(0.5014168101503632+0j)
0.71	0.5041	0.00015284052360805904	0.5042528458181001	0.0	(0.5042528458181001+0j)
0.712	0.506944	0.00015287594805140435	0.5070968811859645	0.0	(0.5070968811859645+0j)
0.714	0.5097959999999999	0.00015291107522747346	0.5099489162573055	0.0	(0.5099489162573055+0j)
0.716	0.512656	0.00015294590845304506	0.5128089510354298	0.0	(0.5128089510354298+0j)
0.718	0.515524	0.00015298045099876764	0.5156769855235985	0.0	(0.5156769855235985+0j)
0.72	0.5184	0.0001530147060899272	0.5185530197250249	0.0	(0.5185530197250249+0j)
0.722	0.521284	0.00015304867690720014	0.521437053642878	0.0	(0.521437053642878+0j)
0.724	0.524176	0.00015308236658739168	0.5243290872802836	0.0	(0.5243290872802836+0j)
0.726	0.527076	0.00015311577822415997	0.5272291206403239	0.0	(0.5272291206403239+0j)
0.728	0.529984	0.00015314891486872627	0.5301371537260425	0.0	(0.5301371537260425+0j)
0.73	0.5328999999999999	0.00015318177953057167	0.5330531865404378	0.0	(0.5330531865404378+0j)
0.732	0.535824	0.0001532143751781204	0.5359772190864672	0.0	(0.5359772190864672+0j)
0.734	0.538756	0.0001532467047394101	0.5389092513670446	0.0	(0.5389092513670446+0j)
0.736	0.541696	0.00015327877110274938	0.5418492833850569	0.0	(0.5418492833850569+0j)
0.738	0.544644	0.00015331057711736305	0.5447973151433368	0.0	(0.5447973151433368+0j)
0.74	0.5476	0.00015334212559402498	0.547753346644692	0.0	(0.547753346644692+0j)
0.742	0.5505639999999999	0.00015337341930567907	0.5507173778918825	0.0	(0.5507173778918825+0j)
0.744	0.553536	0.00015340446098804867	0.553689408887633	0.0	(0.553689408887633+0j)
0.746	0.556516	0.00015343525334023448	0.5566694396346404	0.0	(0.5566694396346404+0j)
0.748	0.559504	0.00015346579902530128	0.5596574701355467	0.0	(0.5596574701355467+0j)
0.75	0.5625	0.00015349610067085363	0.5626535003929859	0.0	(0.5626535003929859+0j)
0.752	0.565504	0.0001535261608696012	0.5656575304095276	0.0	(0.5656575304095276+0j)
0.754	0.568516	0.00015355598217991315	0.5686695601877377	0.0	(0.5686695601877377+0j)
0.756	0.571536	0.00015358556712636272	0.5716895897301216	0.0	(0.5716895897301216+0j)
0.758	0.574564	0.00015361491820026126	0.5747176190391666	0.0	(0.5747176190391666+0j)
0.76	0.5776	0.0001536440378601831	0.5777536481173163	0.0	(0.5777536481173163+0j)
0.762	0.580644	0.00015367292853248006	0.580797676967	0.0	(0.580797676967+0j)
0.764	0.583696	0.00015370159261178713	0.5838497055906011	0.0	(0.5838497055906011+0j)
0.766	0.586756	0.00015373003246151861	0.5869097339904737	0.0	(0.5869097339904737+0j)
0.768	0.589824	0.00015375825041435525	0.5899777621689435	0.0	(0.5899777621689435+0j)
0.77	0.5929	0.00015378624877272266	0.5930537901283071	0.0	(0.5930537901283071+0j)
0.772	0.5959840000000001	0.00015381402980926102	0.5961378178708231	0.0	(0.5961378178708231+0j)
0.774	0.599076	0.00015384159576728614	0.5992298453987419	0.0	(0.5992298453987419+0j)
0.776	0.602176	0.00015386894886124244	0.6023298727142545	0.0	(0.6023298727142545+0j)
0.778	0.605284	0.00015389609127714775	0.6054378998195568	0.0	(0.6054378998195568+0j)
0.78	0.6084	0.00015392302517302993	0.6085539267167906	0.0	(0.6085539267167906+0j)
0.782	0.6115240000000001	0.00015394975267935595	0.6116779534080808	0.0	(0.6116779534080808+0j)
0.784	0.6146560000000001	0.00015397627589945314	0.6148099798955226	0.0	(0.6148099798955226+0j)
0.786	0.617796	0.000154002596909923	0.6179500061811936	0.0	(0.6179500061811936+0j)
0.788	0.620944	0.00015402871776104782	0.6210980322671363	0.0	(0.6210980322671363+0j)
0.79	0.6241000000000001	0.00015405464047718966	0.6242540581553626	0.0	(0.6242540581553626+0j)
0.792	0.627264	0.00015408036705718295	0.6274180838478666	0.0	(0.6274180838478666+0j)
0.794	0.6304360000000001	0.00015410589947471956	0.6305901093466268	0.0	(0.6305901093466268+0j)
0.796	0.6336160000000001	0.00015413123967872734	0.6337701346535743	0.0	(0.6337701346535743+0j)
0.798	0.636804	0.00015415638959374227	0.636958159770639	0.0	(0.636958159770639+0j)
0.8	0.6400000000000001	0.00015418135112027368	0.6401541846997061	0.0	(0.6401541846997061+0j)
0.802	0.6432040000000001	0.00015420612613516332	0.6433582094426581	0.0	(0.6433582094426581+0j)
0.804	0.6464160000000001	0.00015423071649193823	0.6465702340013373	0.0	(0.6465702340013373+0j)
0.806	0.6496360000000001	0.00015425512402115745	0.6497902583775759	0.0	(0.6497902583775759+0j)
0.808	0.6528640000000001	0.00015427935053075262	0.6530182825731756	0.0	(0.6530182825731756+0j)
0.81	0.6561000000000001	0.0001543033978063628	0.6562543065899114	0.0	(0.6562543065899114+0j)
0.812	0.659344	0.00015432726761166362	0.6594983304295388	0.0	(0.6594983304295388+0j)
0.8140000000000001	0.6625960000000001	0.00015435096168869053	0.6627503540938162	0.0	(0.6627503540938162+0j)
0.8160000000000001	0.6658560000000001	0.00015437448175815668	0.6660103775844508	0.0	(0.6660103775844508+0j)
0.8180000000000001	0.669124	0.0001543978295197654	0.6692784009031377	0.0	(0.6692784009031377+0j)
0.8200000000000001	0.6724000000000001	0.00015442100665251715	0.6725544240515623	0.0	(0.6725544240515623+0j)
0.8220000000000001	0.6756840000000001	0.00015444401481501163	0.6758384470313786	0.0	(0.6758384470313786+0j)
0.8240000000000001	0.6789760000000001	0.00015446685564574422	0.679130469844215	0.0	(0.679130469844215+0j)
0.8260000000000001	0.6822760000000001	0.00015448953076339792	0.6824304924917017	0.0	(0.6824304924917017+0j)
0.8280000000000001	0.6855840000000001	0.00015451204176713002	0.6857385149754256	0.0	(0.6857385149754256+0j)
0.8300000000000001	0.6889000000000001	0.00015453439023685412	0.6890545372969792	0.0	(0.6890545372969792+0j)
0.8320000000000001	0.6922240000000002	0.00015455657773351728	0.6923785594579226	0.0	(0.6923785594579226+0j)
0.834	0.695556	0.00015457860579937266	0.6957105814598011	0.0	(0.6957105814598011+0j)
0.836	0.698896	0.00015460047595824755	0.6990506033041324	0.0	(0.6990506033041324+0j)
0.838	0.702244	0.00015462218971580682	0.7023986249924464	0.0	(0.7023986249924464+0j)
0.84	0.7055999999999999	0.00015464374855981213	0.7057546465262203	0.0	(0.7057546465262203+0j)
0.842	0.7089639999999999	0.0001546651539603768	0.7091186679069345	0.0	(0.7091186679069345+0j)
0.844	0.712336	0.00015468640737021638	0.7124906891360503	0.0	(0.7124906891360503+0j)
0.846	0.7157159999999999	0.00015470751022489515	0.7158707102150156	0.0	(0.7158707102150156+0j)
0.848	0.719104	0.0001547284639430686	0.7192587311452571	0.0	(0.7192587311452571+0j)
0.85	0.7224999999999999	0.00015474926992672177	0.7226547519282006	0.0	(0.7226547519282006+0j)
0.852	0.725904	0.00015476992956140384	0.7260587725652323	0.0	(0.7260587725652323+0j)
0.854	0.729316	0.00015479044421645878	0.729470793057743	0.0	(0.729470793057743+0j)
0.856	0.7327359999999999	0.0001548108152452522	0.7328908134071219	0.0	(0.7328908134071219+0j)
0.858	0.7361639999999999	0.00015483104398539475	0.7363188336147133	0.0	(0.7363188336147133+0j)
0.86	0.7395999999999999	0.00015485113175896145	0.7397548536818606	0.0	(0.7397548536818606+0j)
0.862	0.7430439999999999	0.00015487107987270792	0.7431988736099207	0.0	(0.7431988736099207+0j)
0.864	0.7464959999999999	0.00015489088961828277	0.746650893400192	0.0	(0.746650893400192+0j)
0.866	0.749956	0.00015491056227243672	0.7501109130540081	0.0	(0.7501109130540081+0j)
0.868	0.753424	0.00015493009909722845	0.7535789325726653	0.0	(0.7535789325726653+0j)
0.87	0.7569	0.00015494950134022683	0.7570549519574562	0.0	(0.7570549519574562+0j)
0.872	0.760384	0.00015496877023471014	0.7605389712096468	0.0	(0.7605389712096468+0j)
0.874	0.763876	0.00015498790699986222	0.7640309903305296	0.0	(0.7640309903305296+0j)
0.876	0.767376	0.00015500691284096502	0.7675310093213621	0.0	(0.7675310093213621+0j)
0.878	0.770884	0.00015502578894958872	0.7710390281834032	0.0	(0.7710390281834032+0j)
0.88	0.7744	0.0001550445365037782	0.7745550469178957	0.0	(0.7745550469178957+0j)
0.882	0.7779240000000001	0.0001550631566682371	0.7780790655260879	0.0	(0.7780790655260879+0j)
0.884	0.781456	0.00015508165059450855	0.78161108400922	0.0	(0.78161108400922+0j)
0.886	0.784996	0.0001551000194211532	0.7851511023685094	0.0	(0.7851511023685094+0j)
0.888	0.788544	0.00015511826427392462	0.7886991206051911	0.0	(0.7886991206051911+0j)
0.89	0.7921	0.00015513638626594168	0.7922551387204798	0.0	(0.7922551387204798+0j)
0.892	0.795664	0.00015515438649785828	0.7958191567156042	0.0	(0.7958191567156042+0j)
0.894	0.7992360000000001	0.0001551722660580306	0.7993911745917754	0.0	(0.7993911745917754+0j)
0.896	0.8028160000000001	0.0001551900260226816	0.8029711923502	0.0	(0.8029711923502+0j)
0.898	0.806404	0.0001552076674560628	0.8065592099920945	0.0	(0.8065592099920945+0j)
0.9	0.81	0.00015522519141061397	0.8101552275186789	0.0	(0.8101552275186789+0j)
0.902	0.813604	0.00015524259892711996	0.8137592449311404	0.0	(0.8137592449311404+0j)
0.904	0.817216	0.00015525989103486526	0.8173712622307209	0.0	(0.8173712622307209+0j)
0.906	0.820836	0.0001552770687517861	0.8209912794186128	0.0	(0.8209912794186128+0j)
0.908	0.8244640000000001	0.0001552941330846204	0.8246192964960505	0.0	(0.8246192964960505+0j)
0.91	0.8281000000000001	0.0001553110850290552	0.8282553134642446	0.0	(0.8282553134642446+0j)
0.912	0.831744	0.00015532792556987186	0.8318993303244187	0.0	(0.8318993303244187+0j)
0.914	0.835396	0.0001553446556810891	0.8355513470778186	0.0	(0.8355513470778186+0j)
0.916	0.839056	0.0001553612763261039	0.839211363725663	0.0	(0.839211363725663+0j)
0.918	0.842724	0.00015537778845783022	0.8428793802692118	0.0	(0.8428793802692118+0j)
0.92	0.8464	0.00015539419301883542	0.8465553967097236	0.0	(0.8465553967097236+0j)
0.922	0.8500840000000001	0.000155410490941475	0.8502394130484497	0.0	(0.8502394130484497+0j)
0.924	0.8537760000000001	0.00015542668314802492	0.8539314292866869	0.0	(0.8539314292866869+0j)
0.926	0.8574760000000001	0.0001554427705508121	0.8576314454257113	0.0	(0.8576314454257113+0j)
0.928	0.8611840000000001	0.00015545875405234295	0.8613394614668365	0.0	(0.8613394614668365+0j)
0.93	0.8649000000000001	0.00015547463454542996	0.8650554774113937	0.0	(0.8650554774113937+0j)
0.932	0.8686240000000001	0.00015549041291331646	0.8687794932607245	0.0	(0.8687794932607245+0j)
0.934	0.8723560000000001	0.00015550609002979923	0.8725115090161939	0.0	(0.8725115090161939+0j)
0.936	0.8760960000000001	0.0001555216667593497	0.8762515246791976	0.0	(0.8762515246791976+0j)
0.9380000000000001	0.8798440000000001	0.00015553714395723293	0.8799995402511582	0.0	(0.8799995402511582+0j)
0.9400000000000001	0.8836000000000002	0.0001555525224696252	0.8837555557335361	0.0	(0.8837555557335361+0j)
0.9420000000000001	0.8873640000000002	0.00015556780313372945	0.8875195711278198	0.0	(0.8875195711278198+0j)
0.9440000000000001	0.8911360000000002	0.00015558298677788952	0.8912915864355482	0.0	(0.8912915864355482+0j)
0.9460000000000001	0.8949160000000002	0.00015559807422170204	0.8950716016583122	0.0	(0.8950716016583122+0j)
0.9480000000000001	0.8987040000000002	0.0001556130662761274	0.8988596167977563	0.0	(0.8988596167977563+0j)
0.9500000000000001	0.9025000000000001	0.0001556279637435985	0.9026556318556085	0.0	(0.9026556318556085+0j)
0.9520000000000001	0.9063040000000001	0.00015564276741812815	0.9064596468336525	0.0	(0.9064596468336525+0j)
0.9540000000000001	0.9101160000000001	0.00015565747808541494	0.9102716617337817	0.0	(0.9102716617337817+0j)
0.9560000000000001	0.9139360000000002	0.00015567209652294752	0.9140916765579973	0.0	(0.9140916765579973+0j)
0.9580000000000001	0.9177640000000001	0.00015568662350010716	0.9179196913084418	0.0	(0.9179196913084418+0j)
0.96	0.9216	0.00015570105977826915	0.9217557059874161	0.0	(0.9217557059874161+0j)
0.962	0.9254439999999999	0.00015571540611090254	0.9255997205974078	0.0	(0.9255997205974078+0j)
0.964	0.9292959999999999	0.0001557296632436684	0.9294517351411419	0.0	(0.9294517351411419+0j)
0.966	0.933156	0.00015574383191451673	0.9333117496216601	0.0	(0.9333117496216601+0j)
0.968	0.937024	0.000155757912853782	0.9371797640423555	0.0	(0.9371797640423555+0j)
0.97	0.9409	0.0001557719067842772	0.941055778407076	0.0	(0.941055778407076+0j)
0.972	0.944784	0.00015578581442138664	0.9449397927202806	0.0	(0.9449397927202806+0j)
0.974	0.948676	0.00015579963647315733	0.9488318069871734	0.0	(0.9488318069871734+0j)
0.976	0.952576	0.00015581337364038922	0.9527318212139704	0.0	(0.9527318212139704+0j)
0.978	0.956484	0.0001558270266167239	0.9566398354082434	0.0	(0.9566398354082434+0j)
0.98	0.9603999999999999	0.00015584059608873217	0.960555849579397	0.0	(0.960555849579397+0j)
0.982	0.964324	0.00015585408273600053	0.9644798637394394	0.0	(0.9644798637394394+0j)
0.984	0.968256	0.00015586748723121603	0.9684118779041581	0.0	(0.9684118779041581+0j)
0.986	0.972196	0.00015588081024025028	0.9723518920949868	0.0	(0.9723518920949868+0j)
0.988	0.976144	0.00015589405242224217	0.9762999063422936	0.0	(0.9762999063422936+0j)
0.99	0.9801	0.00015590721442967936	0.9802559206913612	0.0	(0.9802559206913612+0j)
0.992	0.9840639999999999	0.00015592029690847853	0.9842199352143683	0.0	(0.9842199352143683+0j)
0.994	0.988036	0.00015593330049806485	0.9881919500373766	0.0	(0.9881919500373766+0j)
0.996	0.992016	0.00015594622583145004	0.9921719654123191	0.0	(0.9921719654123191+0j)
0.998	0.996004	0.00015595907353530933	0.9961599819690025	0.0	(0.9961599819690025+0j)
1.0	1.0	0.00015597184423005745	1.0001560022250668	0.0	(1.0001560022250668+0j)
