-1.0	-1.0	-0.005646694449804499	-1.005652210924944	0.0	(-1.005652210924944+0j)
-0.9966666666666667	-0.9933444444444445	-0.0056269606027580694	-0.9989759802386099	0.0	(-0.9989759802386099+0j)
-0.9933333333333334	-0.9867111111111112	-0.0056071496369055	-0.9923223638480636	0.0	(-0.9923223638480636+0j)
-0.9900000000000001	-0.9801000000000002	-0.0055872617305658965	-0.9856910519948673	0.0	(-0.9856910519948673+0j)
-0.9866666666666667	-0.9735111111111112	-0.005567297070290246	-0.9790819657790439	0.0	(-0.9790819657790439+0j)
-0.9833333333333334	-0.9669444444444446	-0.005547255850933396	-0.9724950734794178	0.0	(-0.9724950734794178+0j)
-0.9800000000000001	-0.9604000000000001	-0.00552713827572553	-0.9659303592622828	0.0	(-0.9659303592622828+0j)
-0.9766666666666667	-0.9538777777777778	-0.005506944556343173	-0.959387814148222	0.0	(-0.959387814148222+0j)
-0.9733333333333334	-0.9473777777777779	-0.005486674912979644	-0.9528674326028267	0.0	(-0.9528674326028267+0j)
-0.9700000000000001	-0.9409000000000002	-0.00546632957441498	-0.9463692110147548	0.0	(-0.9463692110147548+0j)
-0.9666666666666667	-0.9344444444444444	-0.005445908778085292	-0.9398931469323019	0.0	(-0.9398931469323019+0j)
-0.9633333333333334	-0.9280111111111112	-0.005425412770151536	-0.9334392386459476	0.0	(-0.9334392386459476+0j)
-0.9600000000000001	-0.9216000000000002	-0.005404841805567678	-0.9270074849444507	0.0	(-0.9270074849444507+0j)
-0.9566666666666668	-0.9152111111111113	-0.005384196148148226	-0.9205978849644922	0.0	(-0.9205978849644922+0j)
-0.9533333333333334	-0.9088444444444445	-0.005363476070635123	-0.9142104380940052	0.0	(-0.9142104380940052+0j)
-0.9500000000000001	-0.9025000000000001	-0.005342681854763964	-0.9078451439076323	0.0	(-0.9078451439076323+0j)
-0.9466666666666668	-0.896177777777778	-0.0053218137913295166	-0.9015020021223559	0.0	(-0.9015020021223559+0j)
-0.9433333333333334	-0.8898777777777778	-0.00530087218025054	-0.8951810125661758	0.0	(-0.8951810125661758+0j)
-0.9400000000000001	-0.8836000000000002	-0.005279857330633864	-0.8888821751555461	0.0	(-0.8888821751555461+0j)
-0.9366666666666668	-0.8773444444444446	-0.005258769560837703	-0.8826054898786746	0.0	(-0.8826054898786746+0j)
-0.9333333333333333	-0.8711111111111112	-0.00523760919853421	-0.8763509567830904	0.0	(-0.8763509567830904+0j)
-0.93	-0.8649000000000001	-0.005216376580771216	-0.8701185759661451	0.0	(-0.8701185759661451+0j)
-0.9266666666666667	-0.8587111111111113	-0.005195072054033153	-0.8639083475676896	0.0	(-0.8639083475676896+0j)
-0.9233333333333333	-0.8525444444444444	-0.005173695974301137	-0.8577202717643719	0.0	(-0.8577202717643719+0j)
-0.92	-0.8464	-0.005152248707112177	-0.8515543487651234	0.0	(-0.8515543487651234+0j)
-0.9166666666666667	-0.8402777777777779	-0.005130730627617505	-0.8454105788075462	0.0	(-0.8454105788075462+0j)
-0.9133333333333334	-0.834177777777778	-0.005109142120639991	-0.8392889621550453	0.0	(-0.8392889621550453+0j)
-0.91	-0.8281000000000001	-0.0050874835807306305	-0.8331894990944657	0.0	(-0.8331894990944657+0j)
-0.9066666666666667	-0.8220444444444446	-0.005065755412224076	-0.8271121899341842	0.0	(-0.8271121899341842+0j)
-0.9033333333333334	-0.8160111111111112	-0.005043958029293195	-0.8210570350025208	0.0	(-0.8210570350025208+0j)
-0.9	-0.81	-0.0050220918560026214	-0.8150240346464255	0.0	(-0.8150240346464255+0j)
-0.8966666666666667	-0.8040111111111112	-0.0050001573263613016	-0.8090131892304173	0.0	(-0.8090131892304173+0j)
-0.8933333333333334	-0.7980444444444446	-0.0049781548843739875	-0.8030244991356594	0.0	(-0.8030244991356594+0j)
-0.89	-0.7921	-0.004956084984091668	-0.7970579647591889	0.0	(-0.7970579647591889+0j)
-0.8866666666666667	-0.7861777777777779	-0.004933948089660916	-0.7911135865132788	0.0	(-0.7911135865132788+0j)
-0.8833333333333334	-0.780277777777778	-0.004911744675372124	-0.7851913648248938	0.0	(-0.7851913648248938+0j)
-0.88	-0.7744	-0.0048894752257066095	-0.7792913001352073	0.0	(-0.7792913001352073+0j)
-0.8766666666666667	-0.7685444444444445	-0.004867140235382574	-0.7734133928992427	0.0	(-0.7734133928992427+0j)
-0.8733333333333334	-0.7627111111111112	-0.004844740209399877	-0.7675576435854858	0.0	(-0.7675576435854858+0j)
-0.8700000000000001	-0.7569000000000002	-0.00482227566308362	-0.7617240526756273	0.0	(-0.7617240526756273+0j)
-0.8666666666666667	-0.7511111111111112	-0.004799747122126511	-0.7559126206643159	0.0	(-0.7559126206643159+0j)
-0.8633333333333334	-0.7453444444444446	-0.0047771551226299894	-0.750123348058909	0.0	(-0.750123348058909+0j)
-0.8600000000000001	-0.7396000000000001	-0.004754500211144086	-0.744356235379322	0.0	(-0.744356235379322+0j)
-0.8566666666666667	-0.7338777777777779	-0.004731782944706001	-0.7386112831578506	0.0	(-0.7386112831578506+0j)
-0.8533333333333334	-0.7281777777777779	-0.004709003890877382	-0.7328884919390343	0.0	(-0.7328884919390343+0j)
-0.8500000000000001	-0.7225000000000001	-0.004686163627780256	-0.7271878622795389	0.0	(-0.7271878622795389+0j)
-0.8466666666666667	-0.7168444444444445	-0.00466326274413164	-0.7215093947480394	0.0	(-0.7215093947480394+0j)
-0.8433333333333334	-0.7112111111111112	-0.004640301839276764	-0.7158530899251505	0.0	(-0.7158530899251505+0j)
-0.8400000000000001	-0.7056000000000001	-0.0046172815232209015	-0.7102189484033226	0.0	(-0.7102189484033226+0j)
-0.8366666666666667	-0.7000111111111111	-0.004594202416659801	-0.7046069707868003	0.0	(-0.7046069707868003+0j)
-0.8333333333333334	-0.6944444444444445	-0.0045710651510086735	-0.6990171576915307	0.0	(-0.6990171576915307+0j)
-0.8300000000000001	-0.6889000000000001	-0.004547870368429726	-0.693449509745131	0.0	(-0.693449509745131+0j)
-0.8266666666666668	-0.683377777777778	-0.004524618721858229	-0.6879040275868366	0.0	(-0.6879040275868366+0j)
-0.8233333333333334	-0.6778777777777778	-0.004501310875027075	-0.6823807118674575	0.0	(-0.6823807118674575+0j)
-0.8200000000000001	-0.6724000000000001	-0.004477947502489843	-0.676879563249346	0.0	(-0.676879563249346+0j)
-0.8166666666666668	-0.6669444444444446	-0.004454529289642295	-0.671400582406354	0.0	(-0.671400582406354+0j)
-0.8133333333333334	-0.6615111111111112	-0.004431056932742348	-0.6659437700238232	0.0	(-0.6659437700238232+0j)
-0.81	-0.6561000000000001	-0.004407531138928447	-0.6605091267985386	0.0	(-0.6605091267985386+0j)
-0.8066666666666668	-0.6507111111111112	-0.004383952626236361	-0.655096653438715	0.0	(-0.655096653438715+0j)
-0.8033333333333333	-0.6453444444444445	-0.004360322123614343	-0.6497063506639809	0.0	(-0.6497063506639809+0j)
-0.8	-0.6400000000000001	-0.004336640370936671	-0.6443382192053309	0.0	(-0.6443382192053309+0j)
-0.7966666666666667	-0.6346777777777779	-0.0043129081190155325	-0.6389922598051476	0.0	(-0.6389922598051476+0j)
-0.7933333333333333	-0.6293777777777778	-0.004289126129611227	-0.6336684732171499	0.0	(-0.6336684732171499+0j)
-0.79	-0.6241000000000001	-0.00426529517544069	-0.6283668602064028	0.0	(-0.6283668602064028+0j)
-0.7866666666666667	-0.6188444444444445	-0.004241416040184293	-0.6230874215492617	0.0	(-0.6230874215492617+0j)
-0.7833333333333334	-0.6136111111111112	-0.0042174895184909295	-0.6178301580333999	0.0	(-0.6178301580333999+0j)
-0.78	-0.6084	-0.004193516415981345	-0.6125950704577625	0.0	(-0.6125950704577625+0j)
-0.7766666666666667	-0.6032111111111113	-0.004169497549249701	-0.6073821596325644	0.0	(-0.6073821596325644+0j)
-0.7733333333333334	-0.5980444444444446	-0.004145433745863366	-0.6021914263792637	0.0	(-0.6021914263792637+0j)
-0.77	-0.5929	-0.0041213258443609044	-0.5970228715305612	0.0	(-0.5970228715305612+0j)
-0.7666666666666667	-0.5877777777777778	-0.004097174694248247	-0.5918764959303497	0.0	(-0.5918764959303497+0j)
-0.7633333333333334	-0.582677777777778	-0.004072981155993027	-0.5867523004337314	0.0	(-0.5867523004337314+0j)
-0.76	-0.5776	-0.004048746101017072	-0.5816502859069808	0.0	(-0.5816502859069808+0j)
-0.7566666666666667	-0.5725444444444445	-0.00402447041168704	-0.5765704532275261	0.0	(-0.5765704532275261+0j)
-0.7533333333333334	-0.5675111111111112	-0.004000154981303147	-0.5715128032839232	0.0	(-0.5715128032839232+0j)
-0.75	-0.5625	-0.003975800714086026	-0.5664773369758501	0.0	(-0.5664773369758501+0j)
-0.7466666666666667	-0.5575111111111112	-0.00395140852516167	-0.5614640552140623	0.0	(-0.5614640552140623+0j)
-0.7433333333333334	-0.5525444444444445	-0.003926979340544426	-0.5564729589203915	0.0	(-0.5564729589203915+0j)
-0.7400000000000001	-0.5476000000000002	-0.003902514097118084	-0.55150404902769	0.0	(-0.55150404902769+0j)
-0.7366666666666667	-0.5426777777777778	-0.0038780137426149795	-0.5465573264798389	0.0	(-0.5465573264798389+0j)
-0.7333333333333334	-0.5377777777777779	-0.0038534792355931534	-0.5416327922316853	0.0	(-0.5416327922316853+0j)
-0.7300000000000001	-0.5329000000000002	-0.003828911545411502	-0.5367304472490421	0.0	(-0.5367304472490421+0j)
-0.7266666666666667	-0.5280444444444444	-0.0038043116522029634	-0.5318502925086331	0.0	(-0.5318502925086331+0j)
-0.7233333333333334	-0.5232111111111112	-0.003779680546845669	-0.5269923289980796	0.0	(-0.5269923289980796+0j)
-0.7200000000000001	-0.5184000000000001	-0.003755019230932094	-0.5221565577158523	0.0	(-0.5221565577158523+0j)
-0.7166666666666667	-0.5136111111111111	-0.003730328716736158	-0.5173429796712373	0.0	(-0.5173429796712373+0j)
-0.7133333333333334	-0.5088444444444445	-0.003705610027178308	-0.5125515958843057	0.0	(-0.5125515958843057+0j)
-0.7100000000000001	-0.5041000000000001	-0.003680864195788515	-0.507782407385867	0.0	(-0.507782407385867+0j)
-0.7066666666666667	-0.49937777777777775	-0.00365609226666723	-0.5030354152174307	0.0	(-0.5030354152174307+0j)
-0.7033333333333334	-0.4946777777777778	-0.003631295294444259	-0.4983106204311699	0.0	(-0.4983106204311699+0j)
-0.7000000000000001	-0.4900000000000001	-0.003606474344235543	-0.493608024089851	0.0	(-0.493608024089851+0j)
-0.6966666666666667	-0.4853444444444444	-0.003581630491597846	-0.48892762726683486	0.0	(-0.48892762726683486+0j)
-0.6933333333333334	-0.48071111111111114	-0.003556764822481355	-0.48426943104597814	0.0	(-0.48426943104597814+0j)
-0.6900000000000001	-0.4761000000000001	-0.0035318784331801493	-0.47963343652161533	0.0	(-0.47963343652161533+0j)
-0.6866666666666668	-0.4715111111111112	-0.0035069724302805427	-0.4750196447984944	0.0	(-0.4750196447984944+0j)
-0.6833333333333333	-0.46694444444444444	-0.003482047930607332	-0.47042805699172074	0.0	(-0.47042805699172074+0j)
-0.68	-0.4624000000000001	-0.003457106061167871	-0.4658586742267172	0.0	(-0.4658586742267172+0j)
-0.6766666666666667	-0.4578777777777779	-0.0034321479590940186	-0.4613114976391455	0.0	(-0.4613114976391455+0j)
-0.6733333333333333	-0.45337777777777777	-0.0034071747715819474	-0.4567865283748535	0.0	(-0.4567865283748535+0j)
-0.67	-0.4489000000000001	-0.0033821876558297872	-0.45228376758983174	0.0	(-0.45228376758983174+0j)
-0.6666666666666667	-0.44444444444444453	-0.0033571877789730954	-0.4478032164501092	0.0	(-0.4478032164501092+0j)
-0.6633333333333333	-0.44001111111111113	-0.003332176318018197	-0.4433448761317418	0.0	(-0.4433448761317418+0j)
-0.66	-0.43560000000000004	-0.0033071544597733276	-0.4389087478206871	0.0	(-0.4389087478206871+0j)
-0.6566666666666667	-0.4312111111111112	-0.003282123400777607	-0.43449483271277484	0.0	(-0.43449483271277484+0j)
-0.6533333333333333	-0.4268444444444444	-0.0032570843472278553	-0.43010313201362116	0.0	(-0.43010313201362116+0j)
-0.65	-0.42250000000000004	-0.003232038514903203	-0.42573364693854904	0.0	(-0.42573364693854904+0j)
-0.6466666666666667	-0.41817777777777787	-0.0032069871290875468	-0.42138637871252577	0.0	(-0.42138637871252577+0j)
-0.6433333333333334	-0.4138777777777779	-0.0031819314244897947	-0.4170613285700609	0.0	(-0.4170613285700609+0j)
-0.64	-0.4096	-0.0031568726451619514	-0.4127584977551565	0.0	(-0.4127584977551565+0j)
-0.6366666666666667	-0.4053444444444445	-0.0031318120444150154	-0.4084778875211959	0.0	(-0.4084778875211959+0j)
-0.6333333333333334	-0.4011111111111112	-0.003106750884732664	-0.4042194991308717	0.0	(-0.4042194991308717+0j)
-0.63	-0.39690000000000003	-0.003081690437682795	-0.3999833338560983	0.0	(-0.3999833338560983+0j)
-0.6266666666666667	-0.3927111111111112	-0.003056631983826853	-0.3957693929779137	0.0	(-0.3957693929779137+0j)
-0.6233333333333334	-0.3885444444444445	-0.0030315768126269833	-0.3915776777863978	0.0	(-0.3915776777863978+0j)
-0.62	-0.3844	-0.003006526222351008	-0.3874081895805789	0.0	(-0.3874081895805789+0j)
-0.6166666666666667	-0.3802777777777778	-0.002981481519975228	-0.3832609296683042	0.0	(-0.3832609296683042+0j)
-0.6133333333333334	-0.37617777777777783	-0.002956444021085034	-0.3791358993661894	0.0	(-0.3791358993661894+0j)
-0.61	-0.3721	-0.002931415049773364	-0.3750330999994863	0.0	(-0.3750330999994863+0j)
-0.6066666666666667	-0.36804444444444445	-0.0029063959385369842	-0.37095253290197505	0.0	(-0.37095253290197505+0j)
-0.6033333333333334	-0.3640111111111112	-0.002881388028170611	-0.36689419941588575	0.0	(-0.36689419941588575+0j)
-0.6000000000000001	-0.3600000000000001	-0.002856392667658878	-0.3628581008917506	0.0	(-0.3628581008917506+0j)
-0.5966666666666667	-0.3560111111111111	-0.0028314112140661474	-0.3588442386883238	0.0	(-0.3588442386883238+0j)
-0.5933333333333334	-0.3520444444444445	-0.002806445032424181	-0.3548526141724413	0.0	(-0.3548526141724413+0j)
-0.5900000000000001	-0.3481000000000001	-0.0027814954956176747	-0.350883228718924	0.0	(-0.350883228718924+0j)
-0.5866666666666667	-0.3441777777777778	-0.002756563984267664	-0.346936083710447	0.0	(-0.346936083710447+0j)
-0.5833333333333334	-0.34027777777777785	-0.002731651886612802	-0.3430111805374258	0.0	(-0.3430111805374258+0j)
-0.5800000000000001	-0.3364000000000001	-0.0027067605983885374	-0.3391085205978721	0.0	(-0.3391085205978721+0j)
-0.5766666666666667	-0.3325444444444444	-0.0026818915227041756	-0.3352281052972866	0.0	(-0.3352281052972866+0j)
-0.5733333333333334	-0.3287111111111111	-0.0026570460699178646	-0.3313699360485219	0.0	(-0.3313699360485219+0j)
-0.5700000000000001	-0.3249000000000001	-0.002632225657509476	-0.3275340142716312	0.0	(-0.3275340142716312+0j)
-0.5666666666666667	-0.32111111111111107	-0.0026074317099514435	-0.3237203413937652	0.0	(-0.3237203413937652+0j)
-0.5633333333333334	-0.3173444444444445	-0.002582665658577517	-0.3199289188490049	0.0	(-0.3199289188490049+0j)
-0.56	-0.31360000000000005	-0.0025579289414494836	-0.31615974807822844	0.0	(-0.31615974807822844+0j)
-0.5566666666666668	-0.30987777777777786	-0.002533223003221865	-0.31241283052897134	0.0	(-0.31241283052897134+0j)
-0.5533333333333333	-0.30617777777777777	-0.002508549295004556	-0.30868816765526436	0.0	(-0.30868816765526436+0j)
-0.55	-0.30250000000000005	-0.002483909274223522	-0.3049857609174992	0.0	(-0.3049857609174992+0j)
-0.5466666666666667	-0.2988444444444445	-0.0024593044044794315	-0.30130561178225684	0.0	(-0.30130561178225684+0j)
-0.5433333333333333	-0.2952111111111111	-0.0024347361554043854	-0.29764772172216675	0.0	(-0.29764772172216675+0j)
-0.54	-0.2916	-0.0024102060025166273	-0.2940120922157373	0.0	(-0.2940120922157373+0j)
-0.5366666666666667	-0.28801111111111116	-0.002385715427073356	-0.29039872474718575	0.0	(-0.29039872474718575+0j)
-0.5333333333333333	-0.28444444444444444	-0.002361265915921581	-0.2868076208062888	0.0	(-0.2868076208062888+0j)
-0.53	-0.28090000000000004	-0.002336858961347093	-0.2832387818881895	0.0	(-0.2832387818881895+0j)
-0.5266666666666667	-0.27737777777777783	-0.002312496060921527	-0.27969220949324725	0.0	(-0.27969220949324725+0j)
-0.5233333333333333	-0.2738777777777778	-0.0022881787173475807	-0.2761679051268424	0.0	(-0.2761679051268424+0j)
-0.52	-0.27040000000000003	-0.002263908438302353	-0.272665870299206	0.0	(-0.272665870299206+0j)
-0.5166666666666667	-0.2669444444444445	-0.0022396867362788706	-0.2691861065252246	0.0	(-0.2691861065252246+0j)
-0.5133333333333334	-0.2635111111111112	-0.002215515128425811	-0.2657286153242731	0.0	(-0.2657286153242731+0j)
-0.51	-0.2601	-0.0021913951363854087	-0.26229339821999953	0.0	(-0.26229339821999953+0j)
-0.5066666666666667	-0.25671111111111117	-0.002167328286129637	-0.2588804567401436	0.0	(-0.2588804567401436+0j)
-0.5033333333333334	-0.25334444444444454	-0.0021433161077946076	-0.25548979241633735	0.0	(-0.25548979241633735+0j)
-0.5	-0.25	-0.00211936013551328	-0.25212140678390377	0.0	(-0.25212140678390377+0j)
-0.4966666666666667	-0.2466777777777778	-0.002095461907246453	-0.24877530138163664	0.0	(-0.24877530138163664+0j)
-0.49333333333333335	-0.2433777777777778	-0.0020716229646120955	-0.24545147775161008	0.0	(-0.24545147775161008+0j)
-0.49000000000000005	-0.24010000000000004	-0.0020478448527130235	-0.24214993743894883	0.0	(-0.24214993743894883+0j)
-0.4866666666666667	-0.23684444444444447	-0.0020241291199629696	-0.2388706819916196	0.0	(-0.2388706819916196+0j)
-0.48333333333333334	-0.2336111111111111	-0.002000477317911028	-0.2356137129601991	0.0	(-0.2356137129601991+0j)
-0.48000000000000004	-0.23040000000000005	-0.0019768910010645683	-0.23237903189765752	0.0	(-0.23237903189765752+0j)
-0.4766666666666667	-0.2272111111111111	-0.0019533717267105604	-0.22916664035911205	0.0	(-0.22916664035911205+0j)
-0.4733333333333334	-0.2240444444444445	-0.0019299210547354465	-0.22597653990160196	0.0	(-0.22597653990160196+0j)
-0.47000000000000003	-0.22090000000000004	-0.0019065405474434517	-0.2228087320838472	0.0	(-0.2228087320838472+0j)
-0.4666666666666667	-0.2177777777777778	-0.001883231769373498	-0.21966321846599235	0.0	(-0.21966321846599235+0j)
-0.4633333333333334	-0.21467777777777783	-0.001859996287114675	-0.21654000060936707	0.0	(-0.21654000060936707+0j)
-0.46	-0.2116	-0.0018368356691202768	-0.21343908007622187	0.0	(-0.21343908007622187+0j)
-0.4566666666666667	-0.2085444444444445	-0.0018137514855205237	-0.21036045842947393	0.0	(-0.21036045842947393+0j)
-0.45333333333333337	-0.20551111111111114	-0.0017907453079339091	-0.20730413723243082	0.0	(-0.20730413723243082+0j)
-0.45	-0.2025	-0.0017678187092772541	-0.20427011804852332	0.0	(-0.20427011804852332+0j)
-0.4466666666666667	-0.19951111111111114	-0.0017449732635744838	-0.20125840244102716	0.0	(-0.20125840244102716+0j)
-0.44333333333333336	-0.19654444444444447	-0.0017222105457641596	-0.19826899197277603	0.0	(-0.19826899197277603+0j)
-0.44	-0.1936	-0.0016995321315058202	-0.19530188820587147	0.0	(-0.19530188820587147+0j)
-0.4366666666666667	-0.1906777777777778	-0.001676939596985106	-0.19235709270138887	0.0	(-0.19235709270138887+0j)
-0.43333333333333335	-0.1877777777777778	-0.0016544345187177976	-0.1894346070190617	0.0	(-0.1894346070190617+0j)
-0.43000000000000005	-0.18490000000000004	-0.0016320184733526963	-0.1865344327169866	0.0	(-0.1865344327169866+0j)
-0.4266666666666667	-0.18204444444444448	-0.0016096930374734572	-0.1836565713512893	0.0	(-0.1836565713512893+0j)
-0.42333333333333334	-0.17921111111111113	-0.0015874597873993673	-0.18080102447580645	0.0	(-0.18080102447580645+0j)
-0.42000000000000004	-0.17640000000000003	-0.0015653202989851615	-0.17796779364175244	0.0	(-0.17796779364175244+0j)
-0.4166666666666667	-0.17361111111111113	-0.0015432761474198226	-0.17515688039737068	0.0	(-0.17515688039737068+0j)
-0.4133333333333334	-0.1708444444444445	-0.0015213289070244614	-0.1723682862875862	0.0	(-0.1723682862875862+0j)
-0.41000000000000003	-0.16810000000000003	-0.0014994801510493545	-0.1696020128536438	0.0	(-0.1696020128536438+0j)
-0.4066666666666667	-0.1653777777777778	-0.0014777314514700414	-0.16685806163274056	0.0	(-0.16685806163274056+0j)
-0.4033333333333334	-0.1626777777777778	-0.0014560843787826995	-0.16413643415764415	0.0	(-0.16413643415764415+0j)
-0.4	-0.16000000000000003	-0.0014345405017986423	-0.16143713195630324	0.0	(-0.16143713195630324+0j)
-0.39666666666666667	-0.15734444444444445	-0.0014131013874381683	-0.1587601565514486	0.0	(-0.1587601565514486+0j)
-0.39333333333333337	-0.15471111111111113	-0.0013917686005236359	-0.1561055094601773	0.0	(-0.1561055094601773+0j)
-0.39	-0.1521	-0.0013705437035719178	-0.15347319219353642	0.0	(-0.15347319219353642+0j)
-0.3866666666666667	-0.14951111111111115	-0.0013494282565862312	-0.15086320625608154	0.0	(-0.15086320625608154+0j)
-0.38333333333333336	-0.14694444444444446	-0.001328423816847349	-0.1482755531454293	0.0	(-0.1482755531454293+0j)
-0.38	-0.1444	-0.0013075319387043267	-0.1457102343518006	0.0	(-0.1457102343518006+0j)
-0.3766666666666667	-0.1418777777777778	-0.0012867541733646674	-0.1431672513575404	0.0	(-0.1431672513575404+0j)
-0.37333333333333335	-0.1393777777777778	-0.0012660920686840722	-0.14064660563662712	0.0	(-0.14064660563662712+0j)
-0.37000000000000005	-0.13690000000000005	-0.0012455471689557414	-0.13814829865417277	0.0	(-0.13814829865417277+0j)
-0.3666666666666667	-0.13444444444444448	-0.0012251210146993312	-0.13567233186589867	0.0	(-0.13567233186589867+0j)
-0.36333333333333334	-0.1320111111111111	-0.0012048151424495328	-0.13321870671760266	0.0	(-0.13321870671760266+0j)
-0.36000000000000004	-0.12960000000000002	-0.0011846310845443908	-0.13078742464459775	0.0	(-0.13078742464459775+0j)
-0.3566666666666667	-0.12721111111111114	-0.0011645703689133653	-0.12837848707114793	0.0	(-0.12837848707114793+0j)
-0.35333333333333333	-0.12484444444444444	-0.0011446345188651612	-0.12599189540987235	0.0	(-0.12599189540987235+0j)
-0.35000000000000003	-0.12250000000000003	-0.001124825052875457	-0.12362765106114082	0.0	(-0.12362765106114082+0j)
-0.3466666666666667	-0.12017777777777779	-0.0011051434843743976	-0.12128575541244097	0.0	(-0.12128575541244097+0j)
-0.3433333333333334	-0.1178777777777778	-0.0010855913215341573	-0.11896620983772827	0.0	(-0.11896620983772827+0j)
-0.34	-0.11560000000000002	-0.001066170067056324	-0.11666901569675533	0.0	(-0.11666901569675533+0j)
-0.33666666666666667	-0.11334444444444444	-0.001046881217959414	-0.11439417433437897	0.0	(-0.11439417433437897+0j)
-0.33333333333333337	-0.11111111111111113	-0.0010277262653663327	-0.11214168707983871	0.0	(-0.11214168707983871+0j)
-0.33	-0.10890000000000001	-0.0010087066942920248	-0.10991155524602077	0.0	(-0.10991155524602077+0j)
-0.32666666666666666	-0.1067111111111111	-0.0009898239834312123	-0.1077037801286912	0.0	(-0.1077037801286912+0j)
-0.32333333333333336	-0.10454444444444447	-0.0009710796049463497	-0.10551836300570053	0.0	(-0.10551836300570053+0j)
-0.32	-0.1024	-0.0009524750242557653	-0.10335530513617136	0.0	(-0.10335530513617136+0j)
-0.3166666666666667	-0.1002777777777778	-0.0009340116998221293	-0.10121460775964868	0.0	(-0.10121460775964868+0j)
-0.31333333333333335	-0.0981777777777778	-0.0009156910829412265	-0.09909627209523302	0.0	(-0.09909627209523302+0j)
-0.31	-0.0961	-0.0008975146175310908	-0.09700029934067358	0.0	(-0.09700029934067358+0j)
-0.3066666666666667	-0.09404444444444446	-0.000879483739921541	-0.09492669067143886	0.0	(-0.09492669067143886+0j)
-0.30333333333333334	-0.09201111111111111	-0.0008615998786442036	-0.0928754472397597	0.0	(-0.0928754472397597+0j)
-0.30000000000000004	-0.09000000000000002	-0.0008438644542229923	-0.09084657017363519	0.0	(-0.09084657017363519+0j)
-0.2966666666666667	-0.08801111111111112	-0.000826278878965192	-0.08884006057580877	0.0	(-0.08884006057580877+0j)
-0.29333333333333333	-0.08604444444444445	-0.0008088445567530841	-0.08685591952272015	0.0	(-0.08685591952272015+0j)
-0.29000000000000004	-0.08410000000000002	-0.0007915628828362511	-0.08489414806341479	0.0	(-0.08489414806341479+0j)
-0.2866666666666667	-0.08217777777777778	-0.0007744352436245203	-0.08295474721843243	0.0	(-0.08295474721843243+0j)
-0.2833333333333333	-0.08027777777777777	-0.0007574630164816909	-0.08103771797865537	0.0	(-0.08103771797865537+0j)
-0.28	-0.07840000000000001	-0.0007406475695199699	-0.07914306130413	0.0	(-0.07914306130413+0j)
-0.27666666666666667	-0.07654444444444444	-0.0007239902613953089	-0.0772707781228601	0.0	(-0.0772707781228601+0j)
-0.2733333333333334	-0.07471111111111113	-0.0007074924411035327	-0.07542086932956484	0.0	(-0.07542086932956484+0j)
-0.27	-0.0729	-0.0006911554477774112	-0.07359333578441343	0.0	(-0.07359333578441343+0j)
-0.26666666666666666	-0.07111111111111111	-0.0006749806104846962	-0.07178817831173495	0.0	(-0.07178817831173495+0j)
-0.26333333333333336	-0.06934444444444446	-0.0006589692480271428	-0.07000539769870229	0.0	(-0.07000539769870229+0j)
-0.26	-0.06760000000000001	-0.000643122668740545	-0.06824499469400272	0.0	(-0.06824499469400272+0j)
-0.2566666666666667	-0.0658777777777778	-0.0006274421702960054	-0.06650697000648496	0.0	(-0.06650697000648496+0j)
-0.25333333333333335	-0.06417777777777779	-0.0006119290395020793	-0.06479132430381031	0.0	(-0.06479132430381031+0j)
-0.25	-0.0625	-0.000596584552108384	-0.06309805821109309	0.0	(-0.06309805821109309+0j)
-0.24666666666666667	-0.06084444444444445	-0.0005814099726102334	-0.061427172309556834	0.0	(-0.061427172309556834+0j)
-0.24333333333333335	-0.05921111111111112	-0.0005664065540546687	-0.059778667135207395	0.0	(-0.059778667135207395+0j)
-0.24000000000000002	-0.05760000000000001	-0.0005515755378476817	-0.0581525431775423	0.0	(-0.0581525431775423+0j)
-0.2366666666666667	-0.05601111111111112	-0.0005369181535628959	-0.056548800878309845	0.0	(-0.056548800878309845+0j)
-0.23333333333333334	-0.05444444444444445	-0.000522435618751621	-0.05496744063035033	0.0	(-0.05496744063035033+0j)
-0.23	-0.0529	-0.0005081291387543235	-0.053408462776524335	0.0	(-0.053408462776524335+0j)
-0.22666666666666668	-0.051377777777777786	-0.000493999906513623	-0.05187186760878413	0.0	(-0.05187186760878413+0j)
-0.22333333333333336	-0.049877777777777785	-0.0004800491023888437	-0.05035765536741064	0.0	(-0.05035765536741064+0j)
-0.22	-0.0484	-0.00046627789397198083	-0.04886582624046944	0.0	(-0.04886582624046944+0j)
-0.21666666666666667	-0.04694444444444445	-0.0004526874359055688	-0.04739638036354077	0.0	(-0.04739638036354077+0j)
-0.21333333333333335	-0.04551111111111112	-0.00043927886970192287	-0.04594931781979427	0.0	(-0.04594931781979427+0j)
-0.21000000000000002	-0.04410000000000001	-0.0004260533235642405	-0.04452463864049177	0.0	(-0.04452463864049177+0j)
-0.2066666666666667	-0.04271111111111112	-0.0004130119122094378	-0.043122342806018246	0.0	(-0.043122342806018246+0j)
-0.20333333333333334	-0.04134444444444445	-0.00040015573669274773	-0.04174243024756294	0.0	(-0.04174243024756294+0j)
-0.2	-0.04000000000000001	-0.0003874858842340956	-0.04038490084960195	0.0	(-0.04038490084960195+0j)
-0.19666666666666668	-0.03867777777777778	-0.0003750034280464165	-0.039049754453355574	0.0	(-0.039049754453355574+0j)
-0.19333333333333336	-0.03737777777777779	-0.0003627094271658332	-0.037736990861437024	0.0	(-0.037736990861437024+0j)
-0.19	-0.0361	-0.00035060492628385953	-0.03644660984395332	0.0	(-0.03644660984395332+0j)
-0.18666666666666668	-0.03484444444444445	-0.00033869095558142215	-0.03517861114636532	0.0	(-0.03517861114636532+0j)
-0.18333333333333335	-0.03361111111111112	-0.00032696853056510267	-0.033932994499484406	0.0	(-0.033932994499484406+0j)
-0.18000000000000002	-0.032400000000000005	-0.00031543865190536424	-0.03270975963205389	0.0	(-0.03270975963205389+0j)
-0.17666666666666667	-0.03121111111111111	-0.00030410230527683213	-0.031508906286450734	0.0	(-0.031508906286450734+0j)
-0.17333333333333334	-0.030044444444444447	-0.0002929604612006975	-0.030330434238154323	0.0	(-0.030330434238154323+0j)
-0.17	-0.028900000000000006	-0.00028201407488950836	-0.029174343319747553	0.0	(-0.029174343319747553+0j)
-0.16666666666666669	-0.027777777777777783	-0.0002712640860939586	-0.028040633450362132	0.0	(-0.028040633450362132+0j)
-0.16333333333333333	-0.026677777777777776	-0.00026071141895195327	-0.026929304671648037	0.0	(-0.026929304671648037+0j)
-0.16	-0.0256	-0.00025035698184006083	-0.025840357191544	0.0	(-0.025840357191544+0j)
-0.15666666666666668	-0.02454444444444445	-0.00024020166722721337	-0.024773791437339095	0.0	(-0.024773791437339095+0j)
-0.15333333333333335	-0.023511111111111115	-0.0002302463515308495	-0.02372960811976405	0.0	(-0.02372960811976405+0j)
-0.15000000000000002	-0.022500000000000006	-0.00022049189497527766	-0.022707808310113292	0.0	(-0.022707808310113292+0j)
-0.14666666666666667	-0.021511111111111113	-0.0002109391414527595	-0.02170839353268058	0.0	(-0.02170839353268058+0j)
-0.14333333333333334	-0.020544444444444445	-0.00020158891838664705	-0.020731365875060154	0.0	(-0.020731365875060154+0j)
-0.14	-0.019600000000000003	-0.00019244203659740666	-0.019776728119129196	0.0	(-0.019776728119129196+0j)
-0.1366666666666667	-0.018677777777777783	-0.00018349929017097422	-0.01884448389569759	0.0	(-0.01884448389569759+0j)
-0.13333333333333333	-0.017777777777777778	-0.00017476145632977502	-0.017934637865905236	0.0	(-0.017934637865905236+0j)
-0.13	-0.016900000000000002	-0.0001662292953060196	-0.017047195932305113	0.0	(-0.017047195932305113+0j)
-0.12666666666666668	-0.016044444444444448	-0.0001579035502181081	-0.016182165482159623	0.0	(-0.016182165482159623+0j)
-0.12333333333333334	-0.015211111111111113	-0.00014978494694939393	-0.01533955566460719	0.0	(-0.01533955566460719+0j)
-0.12000000000000001	-0.014400000000000003	-0.000141874194029612	-0.014519377701870277	0.0	(-0.014519377701870277+0j)
-0.11666666666666667	-0.013611111111111112	-0.00013417198251902684	-0.013721645232356408	0.0	(-0.013721645232356408+0j)
-0.11333333333333334	-0.012844444444444447	-0.00012667898589552307	-0.0129463746801142	0.0	(-0.0129463746801142+0j)
-0.11	-0.0121	-0.00011939585994424906	-0.01219358564041037	0.0	(-0.01219358564041037+0j)
-0.10666666666666667	-0.01137777777777778	-0.00011232324264998095	-0.011463301265032796	0.0	(-0.011463301265032796+0j)
-0.10333333333333335	-0.01067777777777778	-0.00010546175409265057	-0.010755548623246233	0.0	(-0.010755548623246233+0j)
-0.1	-0.010000000000000002	-9.881199634531601e-05	-0.010070359005376658	0.0	(-0.010070359005376658+0j)
-0.09666666666666668	-0.009344444444444447	-9.237455337540723e-05	-0.009407768126381544	0.0	(-0.009407768126381544+0j)
-0.09333333333333334	-0.008711111111111112	-8.614999094824771e-05	-0.008767816177643393	0.0	(-0.008767816177643393+0j)
-0.09000000000000001	-0.008100000000000001	-8.013885653446184e-05	-0.008150547668370247	0.0	(-0.008150547668370247+0j)
-0.08666666666666667	-0.007511111111111112	-7.434167921915869e-05	-0.007556010995722262	0.0	(-0.007556010995722262+0j)
-0.08333333333333334	-0.006944444444444446	-6.875896961522354e-05	-0.006984257687677565	0.0	(-0.006984257687677565+0j)
-0.08	-0.0064	-6.339121977827489e-05	-0.00643534127688942	0.0	(-0.00643534127688942+0j)
-0.07666666666666667	-0.005877777777777779	-5.823890312661728e-05	-0.005909315788255663	0.0	(-0.005909315788255663+0j)
-0.07333333333333333	-0.005377777777777778	-5.330247436141633e-05	-0.005406233856121873	0.0	(-0.005406233856121873+0j)
-0.07	-0.004900000000000001	-4.8582369392979885e-05	-0.004926144524321398	0.0	(-0.004926144524321398+0j)
-0.06666666666666667	-0.0044444444444444444	-4.4079005267816385e-05	-0.0044690908156359505	0.0	(-0.0044690908156359505+0j)
-0.06333333333333334	-0.004011111111111112	-3.979278009924592e-05	-0.004035107176457809	0.0	(-0.004035107176457809+0j)
-0.060000000000000005	-0.0036000000000000008	-3.572407300267422e-05	-0.003624216896731088	0.0	(-0.003624216896731088+0j)
-0.05666666666666667	-0.0032111111111111116	-3.187324403119973e-05	-0.0032364295658213107	0.0	(-0.0032364295658213107+0j)
-0.05333333333333334	-0.002844444444444445	-2.824063411721589e-05	-0.0028717385461971925	0.0	(-0.0028717385461971925+0j)
-0.05	-0.0025000000000000005	-2.4826565014901547e-05	-0.0025301183255789276	0.0	(-0.0025301183255789276+0j)
-0.04666666666666667	-0.002177777777777778	-2.163133924781846e-05	-0.0022115214400830214	0.0	(-0.0022115214400830214+0j)
-0.043333333333333335	-0.001877777777777778	-1.8655240056286715e-05	-0.0019158744332637512	0.0	(-0.0019158744332637512+0j)
-0.04	-0.0016	-1.589853135453012e-05	-0.0016430719981292516	0.0	(-0.0016430719981292516+0j)
-0.03666666666666667	-0.0013444444444444445	-1.3361457682492528e-05	-0.0013929679795109398	0.0	(-0.0013929679795109398+0j)
-0.03333333333333333	-0.0011111111111111111	-1.1044244167202066e-05	-0.0011653611829669293	0.0	(-0.0011653611829669293+0j)
-0.030000000000000002	-0.0009000000000000002	-8.947096485911743e-06	-0.0009599727664786004	0.0	(-0.0009599727664786004+0j)
-0.02666666666666667	-0.0007111111111111113	-7.070200830128215e-06	-0.0007764101262591204	0.0	(-0.0007764101262591204+0j)
-0.023333333333333334	-0.0005444444444444445	-5.413723876301901e-06	-0.0006141093388596085	0.0	(-0.0006141093388596085+0j)
-0.02	-0.0004	-3.977812756517096e-06	-0.0004722443310259128	0.0	(-0.0004722443310259128+0j)
-0.016666666666666666	-0.0002777777777777778	-2.7625950345111505e-06	-0.00034958710787058285	0.0	(-0.00034958710787058285+0j)
-0.013333333333333334	-0.0001777777777777778	-1.768178687910904e-06	-0.00024430429991529034	0.0	(-0.00024430429991529034+0j)
-0.01	-0.0001	-9.94652090469117e-07	-0.00015369427399508233	0.0	(-0.00015369427399508233+0j)
-0.006666666666666667	-4.444444444444445e-05	-4.420839587737646e-07	-7.393126823843807e-05	0.0	(-7.393126823843807e-05+0j)
-0.0033333333333333335	-1.1111111111111113e-05	-1.1052350146201206e-07	4.9981720151581754e-17	-0.008182252761244633	(4.9981720151581754e-17-0.008182252761244633j)
0.0033333333333333335	1.1111111111111113e-05	1.1052350146201206e-07	4.9981720151581754e-17	0.008182252761244633	(4.9981720151581754e-17+0.008182252761244633j)
0.006666666666666667	4.444444444444445e-05	4.420839587737646e-07	7.393126823842341e-05	0.0	(7.393126823842341e-05+0j)
0.01	0.0001	9.94652090469117e-07	0.00015369427399509336	0.0	(0.00015369427399509336+0j)
0.013333333333333334	0.0001777777777777778	1.768178687910904e-06	0.00024430429991532276	0.0	(0.00024430429991532276+0j)
0.016666666666666666	0.0002777777777777778	2.7625950345111505e-06	0.00034958710787057055	0.0	(0.00034958710787057055+0j)
0.02	0.0004	3.977812756517096e-06	0.00047224433102587807	0.0	(0.00047224433102587807+0j)
0.023333333333333334	0.0005444444444444445	5.413723876301901e-06	0.0006141093388595845	0.0	(0.0006141093388595845+0j)
0.02666666666666667	0.0007111111111111113	7.070200830128215e-06	0.0007764101262591471	0.0	(0.0007764101262591471+0j)
0.030000000000000002	0.0009000000000000002	8.947096485911743e-06	0.0009599727664785908	0.0	(0.0009599727664785908+0j)
0.03333333333333333	0.0011111111111111111	1.1044244167202066e-05	0.0011653611829668751	0.0	(0.0011653611829668751+0j)
0.03666666666666667	0.0013444444444444445	1.3361457682492528e-05	0.0013929679795109074	0.0	(0.0013929679795109074+0j)
0.04	0.0016	1.589853135453012e-05	0.0016430719981291684	0.0	(0.0016430719981291684+0j)
0.043333333333333335	0.001877777777777778	1.8655240056286715e-05	0.001915874433263739	0.0	(0.001915874433263739+0j)
0.04666666666666667	0.002177777777777778	2.163133924781846e-05	0.002211521440082969	0.0	(0.002211521440082969+0j)
0.05	0.0025000000000000005	2.4826565014901547e-05	0.0025301183255789245	0.0	(0.0025301183255789245+0j)
0.05333333333333334	0.002844444444444445	2.824063411721589e-05	0.0028717385461972	0.0	(0.0028717385461972+0j)
0.05666666666666667	0.0032111111111111116	3.187324403119973e-05	0.003236429565821295	0.0	(0.003236429565821295+0j)
0.060000000000000005	0.0036000000000000008	3.572407300267422e-05	0.003624216896731035	0.0	(0.003624216896731035+0j)
0.06333333333333334	0.004011111111111112	3.979278009924592e-05	0.004035107176457813	0.0	(0.004035107176457813+0j)
0.06666666666666667	0.0044444444444444444	4.4079005267816385e-05	0.0044690908156359704	0.0	(0.0044690908156359704+0j)
0.07	0.004900000000000001	4.8582369392979885e-05	0.004926144524321337	0.0	(0.004926144524321337+0j)
0.07333333333333333	0.005377777777777778	5.330247436141633e-05	0.005406233856121854	0.0	(0.005406233856121854+0j)
0.07666666666666667	0.005877777777777779	5.823890312661728e-05	0.005909315788255642	0.0	(0.005909315788255642+0j)
0.08	0.0064	6.339121977827489e-05	0.006435341276889417	0.0	(0.006435341276889417+0j)
0.08333333333333334	0.006944444444444446	6.875896961522354e-05	0.006984257687677531	0.0	(0.006984257687677531+0j)
0.08666666666666667	0.007511111111111112	7.434167921915869e-05	0.007556010995722294	0.0	(0.007556010995722294+0j)
0.09000000000000001	0.008100000000000001	8.013885653446184e-05	0.008150547668370232	0.0	(0.008150547668370232+0j)
0.09333333333333334	0.008711111111111112	8.614999094824771e-05	0.008767816177643353	0.0	(0.008767816177643353+0j)
0.09666666666666668	0.009344444444444447	9.237455337540723e-05	0.009407768126381558	0.0	(0.009407768126381558+0j)
0.1	0.010000000000000002	9.881199634531601e-05	0.010070359005376667	0.0	(0.010070359005376667+0j)
0.10333333333333335	0.01067777777777778	0.00010546175409265057	0.010755548623246229	0.0	(0.010755548623246229+0j)
0.10666666666666667	0.01137777777777778	0.00011232324264998095	0.011463301265032796	0.0	(0.011463301265032796+0j)
0.11	0.0121	0.00011939585994424906	0.012193585640410426	0.0	(0.012193585640410426+0j)
0.11333333333333334	0.012844444444444447	0.00012667898589552307	0.012946374680114201	0.0	(0.012946374680114201+0j)
0.11666666666666667	0.013611111111111112	0.00013417198251902684	0.0137216452323565	0.0	(0.0137216452323565+0j)
0.12000000000000001	0.014400000000000003	0.000141874194029612	0.01451937770187031	0.0	(0.01451937770187031+0j)
0.12333333333333334	0.015211111111111113	0.00014978494694939393	0.015339555664607252	0.0	(0.015339555664607252+0j)
0.12666666666666668	0.016044444444444448	0.0001579035502181081	0.016182165482159547	0.0	(0.016182165482159547+0j)
0.13	0.016900000000000002	0.0001662292953060196	0.017047195932305012	0.0	(0.017047195932305012+0j)
0.13333333333333333	0.017777777777777778	0.00017476145632977502	0.017934637865905156	0.0	(0.017934637865905156+0j)
0.1366666666666667	0.018677777777777783	0.00018349929017097422	0.018844483895697508	0.0	(0.018844483895697508+0j)
0.14	0.019600000000000003	0.00019244203659740666	0.01977672811912917	0.0	(0.01977672811912917+0j)
0.14333333333333334	0.020544444444444445	0.00020158891838664705	0.02073136587506026	0.0	(0.02073136587506026+0j)
0.14666666666666667	0.021511111111111113	0.0002109391414527595	0.021708393532680316	0.0	(0.021708393532680316+0j)
0.15000000000000002	0.022500000000000006	0.00022049189497527766	0.022707808310113226	0.0	(0.022707808310113226+0j)
0.15333333333333335	0.023511111111111115	0.0002302463515308495	0.023729608119763924	0.0	(0.023729608119763924+0j)
0.15666666666666668	0.02454444444444445	0.00024020166722721337	0.024773791437339137	0.0	(0.024773791437339137+0j)
0.16	0.0256	0.00025035698184006083	0.02584035719154389	0.0	(0.02584035719154389+0j)
0.16333333333333333	0.026677777777777776	0.00026071141895195327	0.026929304671647995	0.0	(0.026929304671647995+0j)
0.16666666666666669	0.027777777777777783	0.0002712640860939586	0.028040633450361993	0.0	(0.028040633450361993+0j)
0.17	0.028900000000000006	0.00028201407488950836	0.029174343319747578	0.0	(0.029174343319747578+0j)
0.17333333333333334	0.030044444444444447	0.0002929604612006975	0.030330434238154225	0.0	(0.030330434238154225+0j)
0.17666666666666667	0.03121111111111111	0.00030410230527683213	0.03150890628645083	0.0	(0.03150890628645083+0j)
0.18000000000000002	0.032400000000000005	0.00031543865190536424	0.03270975963205382	0.0	(0.03270975963205382+0j)
0.18333333333333335	0.03361111111111112	0.00032696853056510267	0.033932994499484725	0.0	(0.033932994499484725+0j)
0.18666666666666668	0.03484444444444445	0.00033869095558142215	0.035178611146365786	0.0	(0.035178611146365786+0j)
0.19	0.0361	0.00035060492628385953	0.03644660984395344	0.0	(0.03644660984395344+0j)
0.19333333333333336	0.03737777777777779	0.0003627094271658332	0.037736990861437086	0.0	(0.037736990861437086+0j)
0.19666666666666668	0.03867777777777778	0.0003750034280464165	0.03904975445335516	0.0	(0.03904975445335516+0j)
0.2	0.04000000000000001	0.0003874858842340956	0.04038490084960201	0.0	(0.04038490084960201+0j)
0.20333333333333334	0.04134444444444445	0.00040015573669274773	0.04174243024756279	0.0	(0.04174243024756279+0j)
0.2066666666666667	0.04271111111111112	0.0004130119122094378	0.04312234280601828	0.0	(0.04312234280601828+0j)
0.21000000000000002	0.04410000000000001	0.0004260533235642405	0.044524638640491984	0.0	(0.044524638640491984+0j)
0.21333333333333335	0.04551111111111112	0.00043927886970192287	0.0459493178197943	0.0	(0.0459493178197943+0j)
0.21666666666666667	0.04694444444444445	0.0004526874359055688	0.047396380363540734	0.0	(0.047396380363540734+0j)
0.22	0.0484	0.00046627789397198083	0.04886582624046914	0.0	(0.04886582624046914+0j)
0.22333333333333336	0.049877777777777785	0.0004800491023888437	0.05035765536741042	0.0	(0.05035765536741042+0j)
0.22666666666666668	0.051377777777777786	0.000493999906513623	0.051871867608784095	0.0	(0.051871867608784095+0j)
0.23	0.0529	0.0005081291387543235	0.053408462776524626	0.0	(0.053408462776524626+0j)
0.23333333333333334	0.05444444444444445	0.000522435618751621	0.05496744063035075	0.0	(0.05496744063035075+0j)
0.2366666666666667	0.05601111111111112	0.0005369181535628959	0.05654880087831038	0.0	(0.05654880087831038+0j)
0.24000000000000002	0.05760000000000001	0.0005515755378476817	0.05815254317754178	0.0	(0.05815254317754178+0j)
0.24333333333333335	0.05921111111111112	0.0005664065540546687	0.0597786671352075	0.0	(0.0597786671352075+0j)
0.24666666666666667	0.06084444444444445	0.0005814099726102334	0.06142717230955679	0.0	(0.06142717230955679+0j)
0.25	0.0625	0.000596584552108384	0.06309805821109245	0.0	(0.06309805821109245+0j)
0.25333333333333335	0.06417777777777779	0.0006119290395020793	0.0647913243038103	0.0	(0.0647913243038103+0j)
0.2566666666666667	0.0658777777777778	0.0006274421702960054	0.06650697000648526	0.0	(0.06650697000648526+0j)
0.26	0.06760000000000001	0.000643122668740545	0.06824499469400293	0.0	(0.06824499469400293+0j)
0.26333333333333336	0.06934444444444446	0.0006589692480271428	0.07000539769870244	0.0	(0.07000539769870244+0j)
0.26666666666666666	0.07111111111111111	0.0006749806104846962	0.07178817831173447	0.0	(0.07178817831173447+0j)
0.27	0.0729	0.0006911554477774112	0.07359333578441349	0.0	(0.07359333578441349+0j)
0.2733333333333334	0.07471111111111113	0.0007074924411035327	0.07542086932956471	0.0	(0.07542086932956471+0j)
0.27666666666666667	0.07654444444444444	0.0007239902613953089	0.0772707781228602	0.0	(0.0772707781228602+0j)
0.28	0.07840000000000001	0.0007406475695199699	0.07914306130413	0.0	(0.07914306130413+0j)
0.2833333333333333	0.08027777777777777	0.0007574630164816909	0.0810377179786545	0.0	(0.0810377179786545+0j)
0.2866666666666667	0.08217777777777778	0.0007744352436245203	0.08295474721843286	0.0	(0.08295474721843286+0j)
0.29000000000000004	0.08410000000000002	0.0007915628828362511	0.08489414806341464	0.0	(0.08489414806341464+0j)
0.29333333333333333	0.08604444444444445	0.0008088445567530841	0.08685591952271944	0.0	(0.08685591952271944+0j)
0.2966666666666667	0.08801111111111112	0.000826278878965192	0.08884006057580893	0.0	(0.08884006057580893+0j)
0.30000000000000004	0.09000000000000002	0.0008438644542229923	0.09084657017363525	0.0	(0.09084657017363525+0j)
0.30333333333333334	0.09201111111111111	0.0008615998786442036	0.09287544723975959	0.0	(0.09287544723975959+0j)
0.3066666666666667	0.09404444444444446	0.000879483739921541	0.09492669067143919	0.0	(0.09492669067143919+0j)
0.31	0.0961	0.0008975146175310908	0.09700029934067339	0.0	(0.09700029934067339+0j)
0.31333333333333335	0.0981777777777778	0.0009156910829412265	0.0990962720952327	0.0	(0.0990962720952327+0j)
0.3166666666666667	0.1002777777777778	0.0009340116998221293	0.10121460775964862	0.0	(0.10121460775964862+0j)
0.32	0.1024	0.0009524750242557653	0.10335530513617104	0.0	(0.10335530513617104+0j)
0.32333333333333336	0.10454444444444447	0.0009710796049463497	0.10551836300570117	0.0	(0.10551836300570117+0j)
0.32666666666666666	0.1067111111111111	0.0009898239834312123	0.10770378012869128	0.0	(0.10770378012869128+0j)
0.33	0.10890000000000001	0.0010087066942920248	0.10991155524602071	0.0	(0.10991155524602071+0j)
0.33333333333333337	0.11111111111111113	0.0010277262653663327	0.11214168707983836	0.0	(0.11214168707983836+0j)
0.33666666666666667	0.11334444444444444	0.001046881217959414	0.11439417433437862	0.0	(0.11439417433437862+0j)
0.34	0.11560000000000002	0.001066170067056324	0.1166690156967557	0.0	(0.1166690156967557+0j)
0.3433333333333334	0.1178777777777778	0.0010855913215341573	0.11896620983772804	0.0	(0.11896620983772804+0j)
0.3466666666666667	0.12017777777777779	0.0011051434843743976	0.12128575541244155	0.0	(0.12128575541244155+0j)
0.35000000000000003	0.12250000000000003	0.001124825052875457	0.12362765106114114	0.0	(0.12362765106114114+0j)
0.35333333333333333	0.12484444444444444	0.0011446345188651612	0.12599189540987277	0.0	(0.12599189540987277+0j)
0.3566666666666667	0.12721111111111114	0.0011645703689133653	0.12837848707114718	0.0	(0.12837848707114718+0j)
0.36000000000000004	0.12960000000000002	0.0011846310845443908	0.13078742464459778	0.0	(0.13078742464459778+0j)
0.36333333333333334	0.1320111111111111	0.0012048151424495328	0.13321870671760233	0.0	(0.13321870671760233+0j)
0.3666666666666667	0.13444444444444448	0.0012251210146993312	0.1356723318659	0.0	(0.1356723318659+0j)
0.37000000000000005	0.13690000000000005	0.0012455471689557414	0.13814829865417272	0.0	(0.13814829865417272+0j)
0.37333333333333335	0.1393777777777778	0.0012660920686840722	0.14064660563662723	0.0	(0.14064660563662723+0j)
0.3766666666666667	0.1418777777777778	0.0012867541733646674	0.1431672513575396	0.0	(0.1431672513575396+0j)
0.38	0.1444	0.0013075319387043267	0.14571023435179942	0.0	(0.14571023435179942+0j)
0.38333333333333336	0.14694444444444446	0.001328423816847349	0.14827555314542992	0.0	(0.14827555314542992+0j)
0.3866666666666667	0.14951111111111115	0.0013494282565862312	0.15086320625608085	0.0	(0.15086320625608085+0j)
0.39	0.1521	0.0013705437035719178	0.15347319219353722	0.0	(0.15347319219353722+0j)
0.39333333333333337	0.15471111111111113	0.0013917686005236359	0.1561055094601771	0.0	(0.1561055094601771+0j)
0.39666666666666667	0.15734444444444445	0.0014131013874381683	0.1587601565514478	0.0	(0.1587601565514478+0j)
0.4	0.16000000000000003	0.0014345405017986423	0.16143713195630457	0.0	(0.16143713195630457+0j)
0.4033333333333334	0.1626777777777778	0.0014560843787826995	0.16413643415764478	0.0	(0.16413643415764478+0j)
0.4066666666666667	0.1653777777777778	0.0014777314514700414	0.16685806163274108	0.0	(0.16685806163274108+0j)
0.41000000000000003	0.16810000000000003	0.0014994801510493545	0.16960201285364424	0.0	(0.16960201285364424+0j)
0.4133333333333334	0.1708444444444445	0.0015213289070244614	0.17236828628758546	0.0	(0.17236828628758546+0j)
0.4166666666666667	0.17361111111111113	0.0015432761474198226	0.17515688039736926	0.0	(0.17515688039736926+0j)
0.42000000000000004	0.17640000000000003	0.0015653202989851615	0.17796779364175216	0.0	(0.17796779364175216+0j)
0.42333333333333334	0.17921111111111113	0.0015874597873993673	0.18080102447580662	0.0	(0.18080102447580662+0j)
0.4266666666666667	0.18204444444444448	0.0016096930374734572	0.1836565713512889	0.0	(0.1836565713512889+0j)
0.43000000000000005	0.18490000000000004	0.0016320184733526963	0.18653443271698575	0.0	(0.18653443271698575+0j)
0.43333333333333335	0.1877777777777778	0.0016544345187177976	0.18943460701906195	0.0	(0.18943460701906195+0j)
0.4366666666666667	0.1906777777777778	0.001676939596985106	0.19235709270138782	0.0	(0.19235709270138782+0j)
0.44	0.1936	0.0016995321315058202	0.19530188820587266	0.0	(0.19530188820587266+0j)
0.44333333333333336	0.19654444444444447	0.0017222105457641596	0.19826899197277556	0.0	(0.19826899197277556+0j)
0.4466666666666667	0.19951111111111114	0.0017449732635744838	0.20125840244102577	0.0	(0.20125840244102577+0j)
0.45	0.2025	0.0017678187092772541	0.20427011804852285	0.0	(0.20427011804852285+0j)
0.45333333333333337	0.20551111111111114	0.0017907453079339091	0.2073041372324291	0.0	(0.2073041372324291+0j)
0.4566666666666667	0.2085444444444445	0.0018137514855205237	0.2103604584294742	0.0	(0.2103604584294742+0j)
0.46	0.2116	0.0018368356691202768	0.21343908007622323	0.0	(0.21343908007622323+0j)
0.4633333333333334	0.21467777777777783	0.001859996287114675	0.21654000060936793	0.0	(0.21654000060936793+0j)
0.4666666666666667	0.2177777777777778	0.001883231769373498	0.21966321846599146	0.0	(0.21966321846599146+0j)
0.47000000000000003	0.22090000000000004	0.0019065405474434517	0.22280873208384755	0.0	(0.22280873208384755+0j)
0.4733333333333334	0.2240444444444445	0.0019299210547354465	0.2259765399016029	0.0	(0.2259765399016029+0j)
0.4766666666666667	0.2272111111111111	0.0019533717267105604	0.22916664035911125	0.0	(0.22916664035911125+0j)
0.48000000000000004	0.23040000000000005	0.0019768910010645683	0.23237903189765596	0.0	(0.23237903189765596+0j)
0.48333333333333334	0.2336111111111111	0.002000477317911028	0.2356137129601987	0.0	(0.2356137129601987+0j)
0.4866666666666667	0.23684444444444447	0.0020241291199629696	0.23887068199161943	0.0	(0.23887068199161943+0j)
0.49000000000000005	0.24010000000000004	0.0020478448527130235	0.2421499374389489	0.0	(0.2421499374389489+0j)
0.49333333333333335	0.2433777777777778	0.0020716229646120955	0.2454514777516098	0.0	(0.2454514777516098+0j)
0.4966666666666667	0.2466777777777778	0.002095461907246453	0.24877530138163634	0.0	(0.24877530138163634+0j)
0.5	0.25	0.00211936013551328	0.25212140678390443	0.0	(0.25212140678390443+0j)
0.5033333333333334	0.25334444444444454	0.0021433161077946076	0.25548979241634023	0.0	(0.25548979241634023+0j)
0.5066666666666667	0.25671111111111117	0.002167328286129637	0.258880456740145	0.0	(0.258880456740145+0j)
0.51	0.2601	0.0021913951363854087	0.26229339822000014	0.0	(0.26229339822000014+0j)
0.5133333333333334	0.2635111111111112	0.002215515128425811	0.2657286153242743	0.0	(0.2657286153242743+0j)
0.5166666666666667	0.2669444444444445	0.0022396867362788706	0.2691861065252247	0.0	(0.2691861065252247+0j)
0.52	0.27040000000000003	0.002263908438302353	0.2726658702992048	0.0	(0.2726658702992048+0j)
0.5233333333333333	0.2738777777777778	0.0022881787173475807	0.2761679051268422	0.0	(0.2761679051268422+0j)
0.5266666666666667	0.27737777777777783	0.002312496060921527	0.27969220949324686	0.0	(0.27969220949324686+0j)
0.53	0.28090000000000004	0.002336858961347093	0.2832387818881892	0.0	(0.2832387818881892+0j)
0.5333333333333333	0.28444444444444444	0.002361265915921581	0.2868076208062873	0.0	(0.2868076208062873+0j)
0.5366666666666667	0.28801111111111116	0.002385715427073356	0.2903987247471862	0.0	(0.2903987247471862+0j)
0.54	0.2916	0.0024102060025166273	0.2940120922157355	0.0	(0.2940120922157355+0j)
0.5433333333333333	0.2952111111111111	0.0024347361554043854	0.29764772172216936	0.0	(0.29764772172216936+0j)
0.5466666666666667	0.2988444444444445	0.0024593044044794315	0.3013056117822568	0.0	(0.3013056117822568+0j)
0.55	0.30250000000000005	0.002483909274223522	0.30498576091749596	0.0	(0.30498576091749596+0j)
0.5533333333333333	0.30617777777777777	0.002508549295004556	0.30868816765526386	0.0	(0.30868816765526386+0j)
0.5566666666666668	0.30987777777777786	0.002533223003221865	0.31241283052897284	0.0	(0.31241283052897284+0j)
0.56	0.31360000000000005	0.0025579289414494836	0.3161597480782304	0.0	(0.3161597480782304+0j)
0.5633333333333334	0.3173444444444445	0.002582665658577517	0.3199289188490061	0.0	(0.3199289188490061+0j)
0.5666666666666667	0.32111111111111107	0.0026074317099514435	0.323720341393765	0.0	(0.323720341393765+0j)
0.5700000000000001	0.3249000000000001	0.002632225657509476	0.32753401427162965	0.0	(0.32753401427162965+0j)
0.5733333333333334	0.3287111111111111	0.0026570460699178646	0.3313699360485222	0.0	(0.3313699360485222+0j)
0.5766666666666667	0.3325444444444444	0.0026818915227041756	0.3352281052972891	0.0	(0.3352281052972891+0j)
0.5800000000000001	0.3364000000000001	0.0027067605983885374	0.3391085205978734	0.0	(0.3391085205978734+0j)
0.5833333333333334	0.34027777777777785	0.002731651886612802	0.34301118053742646	0.0	(0.34301118053742646+0j)
0.5866666666666667	0.3441777777777778	0.002756563984267664	0.3469360837104477	0.0	(0.3469360837104477+0j)
0.5900000000000001	0.3481000000000001	0.0027814954956176747	0.35088322871892597	0.0	(0.35088322871892597+0j)
0.5933333333333334	0.3520444444444445	0.002806445032424181	0.35485261417243946	0.0	(0.35485261417243946+0j)
0.5966666666666667	0.3560111111111111	0.0028314112140661474	0.35884423868832166	0.0	(0.35884423868832166+0j)
0.6000000000000001	0.3600000000000001	0.002856392667658878	0.362858100891752	0.0	(0.362858100891752+0j)
0.6033333333333334	0.3640111111111112	0.002881388028170611	0.36689419941588763	0.0	(0.36689419941588763+0j)
0.6066666666666667	0.36804444444444445	0.0029063959385369842	0.3709525329019783	0.0	(0.3709525329019783+0j)
0.61	0.3721	0.002931415049773364	0.3750330999994842	0.0	(0.3750330999994842+0j)
0.6133333333333334	0.37617777777777783	0.002956444021085034	0.3791358993661886	0.0	(0.3791358993661886+0j)
0.6166666666666667	0.3802777777777778	0.002981481519975228	0.3832609296683032	0.0	(0.3832609296683032+0j)
0.62	0.3844	0.003006526222351008	0.38740818958058	0.0	(0.38740818958058+0j)
0.6233333333333334	0.3885444444444445	0.0030315768126269833	0.39157767778640057	0.0	(0.39157767778640057+0j)
0.6266666666666667	0.3927111111111112	0.003056631983826853	0.3957693929779141	0.0	(0.3957693929779141+0j)
0.63	0.39690000000000003	0.003081690437682795	0.3999833338561015	0.0	(0.3999833338561015+0j)
0.6333333333333334	0.4011111111111112	0.003106750884732664	0.4042194991308738	0.0	(0.4042194991308738+0j)
0.6366666666666667	0.4053444444444445	0.0031318120444150154	0.4084778875211942	0.0	(0.4084778875211942+0j)
0.64	0.4096	0.0031568726451619514	0.4127584977551557	0.0	(0.4127584977551557+0j)
0.6433333333333334	0.4138777777777779	0.0031819314244897947	0.41706132857005956	0.0	(0.41706132857005956+0j)
0.6466666666666667	0.41817777777777787	0.0032069871290875468	0.4213863787125244	0.0	(0.4213863787125244+0j)
0.65	0.42250000000000004	0.003232038514903203	0.4257336469385481	0.0	(0.4257336469385481+0j)
0.6533333333333333	0.4268444444444444	0.0032570843472278553	0.430103132013621	0.0	(0.430103132013621+0j)
0.6566666666666667	0.4312111111111112	0.003282123400777607	0.4344948327127771	0.0	(0.4344948327127771+0j)
0.66	0.43560000000000004	0.0033071544597733276	0.43890874782068845	0.0	(0.43890874782068845+0j)
0.6633333333333333	0.44001111111111113	0.003332176318018197	0.44334487613174345	0.0	(0.44334487613174345+0j)
0.6666666666666667	0.44444444444444453	0.0033571877789730954	0.4478032164501134	0.0	(0.4478032164501134+0j)
0.67	0.4489000000000001	0.0033821876558297872	0.4522837675898308	0.0	(0.4522837675898308+0j)
0.6733333333333333	0.45337777777777777	0.0034071747715819474	0.4567865283748549	0.0	(0.4567865283748549+0j)
0.6766666666666667	0.4578777777777779	0.0034321479590940186	0.46131149763914353	0.0	(0.46131149763914353+0j)
0.68	0.4624000000000001	0.003457106061167871	0.4658586742267182	0.0	(0.4658586742267182+0j)
0.6833333333333333	0.46694444444444444	0.003482047930607332	0.4704280569917234	0.0	(0.4704280569917234+0j)
0.6866666666666668	0.4715111111111112	0.0035069724302805427	0.47501964479849224	0.0	(0.47501964479849224+0j)
0.6900000000000001	0.4761000000000001	0.0035318784331801493	0.4796334365216174	0.0	(0.4796334365216174+0j)
0.6933333333333334	0.48071111111111114	0.003556764822481355	0.48426943104597847	0.0	(0.48426943104597847+0j)
0.6966666666666667	0.4853444444444444	0.003581630491597846	0.4889276272668353	0.0	(0.4889276272668353+0j)
0.7000000000000001	0.4900000000000001	0.003606474344235543	0.49360802408985166	0.0	(0.49360802408985166+0j)
0.7033333333333334	0.4946777777777778	0.003631295294444259	0.4983106204311661	0.0	(0.4983106204311661+0j)
0.7066666666666667	0.49937777777777775	0.00365609226666723	0.5030354152174269	0.0	(0.5030354152174269+0j)
0.7100000000000001	0.5041000000000001	0.003680864195788515	0.5077824073858644	0.0	(0.5077824073858644+0j)
0.7133333333333334	0.5088444444444445	0.003705610027178308	0.5125515958843093	0.0	(0.5125515958843093+0j)
0.7166666666666667	0.5136111111111111	0.003730328716736158	0.5173429796712385	0.0	(0.5173429796712385+0j)
0.7200000000000001	0.5184000000000001	0.003755019230932094	0.5221565577158515	0.0	(0.5221565577158515+0j)
0.7233333333333334	0.5232111111111112	0.003779680546845669	0.5269923289980798	0.0	(0.5269923289980798+0j)
0.7266666666666667	0.5280444444444444	0.0038043116522029634	0.5318502925086327	0.0	(0.5318502925086327+0j)
0.7300000000000001	0.5329000000000002	0.003828911545411502	0.5367304472490396	0.0	(0.5367304472490396+0j)
0.7333333333333334	0.5377777777777779	0.0038534792355931534	0.5416327922316845	0.0	(0.5416327922316845+0j)
0.7366666666666667	0.5426777777777778	0.0038780137426149795	0.5465573264798381	0.0	(0.5465573264798381+0j)
0.7400000000000001	0.5476000000000002	0.003902514097118084	0.551504049027692	0.0	(0.551504049027692+0j)
0.7433333333333334	0.5525444444444445	0.003926979340544426	0.5564729589203914	0.0	(0.5564729589203914+0j)
0.7466666666666667	0.5575111111111112	0.00395140852516167	0.5614640552140637	0.0	(0.5614640552140637+0j)
0.75	0.5625	0.003975800714086026	0.5664773369758512	0.0	(0.5664773369758512+0j)
0.7533333333333334	0.5675111111111112	0.004000154981303147	0.5715128032839215	0.0	(0.5715128032839215+0j)
0.7566666666666667	0.5725444444444445	0.00402447041168704	0.576570453227523	0.0	(0.576570453227523+0j)
0.76	0.5776	0.004048746101017072	0.5816502859069783	0.0	(0.5816502859069783+0j)
0.7633333333333334	0.582677777777778	0.004072981155993027	0.5867523004337314	0.0	(0.5867523004337314+0j)
0.7666666666666667	0.5877777777777778	0.004097174694248247	0.5918764959303466	0.0	(0.5918764959303466+0j)
0.77	0.5929	0.0041213258443609044	0.5970228715305579	0.0	(0.5970228715305579+0j)
0.7733333333333334	0.5980444444444446	0.004145433745863366	0.6021914263792663	0.0	(0.6021914263792663+0j)
0.7766666666666667	0.6032111111111113	0.004169497549249701	0.6073821596325616	0.0	(0.6073821596325616+0j)
0.78	0.6084	0.004193516415981345	0.6125950704577584	0.0	(0.6125950704577584+0j)
0.7833333333333334	0.6136111111111112	0.0042174895184909295	0.6178301580333994	0.0	(0.6178301580333994+0j)
0.7866666666666667	0.6188444444444445	0.004241416040184293	0.6230874215492614	0.0	(0.6230874215492614+0j)
0.79	0.6241000000000001	0.00426529517544069	0.6283668602064024	0.0	(0.6283668602064024+0j)
0.7933333333333333	0.6293777777777778	0.004289126129611227	0.6336684732171528	0.0	(0.6336684732171528+0j)
0.7966666666666667	0.6346777777777779	0.0043129081190155325	0.6389922598051454	0.0	(0.6389922598051454+0j)
0.8	0.6400000000000001	0.004336640370936671	0.6443382192053293	0.0	(0.6443382192053293+0j)
0.8033333333333333	0.6453444444444445	0.004360322123614343	0.6497063506639802	0.0	(0.6497063506639802+0j)
0.8066666666666668	0.6507111111111112	0.004383952626236361	0.6550966534387181	0.0	(0.6550966534387181+0j)
0.81	0.6561000000000001	0.004407531138928447	0.6605091267985392	0.0	(0.6605091267985392+0j)
0.8133333333333334	0.6615111111111112	0.004431056932742348	0.6659437700238247	0.0	(0.6659437700238247+0j)
0.8166666666666668	0.6669444444444446	0.004454529289642295	0.6714005824063534	0.0	(0.6714005824063534+0j)
0.8200000000000001	0.6724000000000001	0.004477947502489843	0.676879563249344	0.0	(0.676879563249344+0j)
0.8233333333333334	0.6778777777777778	0.004501310875027075	0.6823807118674547	0.0	(0.6823807118674547+0j)
0.8266666666666668	0.683377777777778	0.004524618721858229	0.6879040275868389	0.0	(0.6879040275868389+0j)
0.8300000000000001	0.6889000000000001	0.004547870368429726	0.6934495097451303	0.0	(0.6934495097451303+0j)
0.8333333333333334	0.6944444444444445	0.0045710651510086735	0.69901715769153	0.0	(0.69901715769153+0j)
0.8366666666666667	0.7000111111111111	0.004594202416659801	0.7046069707868007	0.0	(0.7046069707868007+0j)
0.8400000000000001	0.7056000000000001	0.0046172815232209015	0.7102189484033278	0.0	(0.7102189484033278+0j)
0.8433333333333334	0.7112111111111112	0.004640301839276764	0.7158530899251468	0.0	(0.7158530899251468+0j)
0.8466666666666667	0.7168444444444445	0.00466326274413164	0.7215093947480408	0.0	(0.7215093947480408+0j)
0.8500000000000001	0.7225000000000001	0.004686163627780256	0.7271878622795384	0.0	(0.7271878622795384+0j)
0.8533333333333334	0.7281777777777779	0.004709003890877382	0.7328884919390327	0.0	(0.7328884919390327+0j)
0.8566666666666667	0.7338777777777779	0.004731782944706001	0.7386112831578534	0.0	(0.7386112831578534+0j)
0.8600000000000001	0.7396000000000001	0.004754500211144086	0.7443562353793185	0.0	(0.7443562353793185+0j)
0.8633333333333334	0.7453444444444446	0.0047771551226299894	0.7501233480589036	0.0	(0.7501233480589036+0j)
0.8666666666666667	0.7511111111111112	0.004799747122126511	0.7559126206643125	0.0	(0.7559126206643125+0j)
0.8700000000000001	0.7569000000000002	0.00482227566308362	0.7617240526756235	0.0	(0.7617240526756235+0j)
0.8733333333333334	0.7627111111111112	0.004844740209399877	0.7675576435854822	0.0	(0.7675576435854822+0j)
0.8766666666666667	0.7685444444444445	0.004867140235382574	0.7734133928992402	0.0	(0.7734133928992402+0j)
0.88	0.7744	0.0048894752257066095	0.7792913001352102	0.0	(0.7792913001352102+0j)
0.8833333333333334	0.780277777777778	0.004911744675372124	0.7851913648248908	0.0	(0.7851913648248908+0j)
0.8866666666666667	0.7861777777777779	0.004933948089660916	0.7911135865132773	0.0	(0.7911135865132773+0j)
0.89	0.7921	0.004956084984091668	0.7970579647591917	0.0	(0.7970579647591917+0j)
0.8933333333333334	0.7980444444444446	0.0049781548843739875	0.8030244991356642	0.0	(0.8030244991356642+0j)
0.8966666666666667	0.8040111111111112	0.0050001573263613016	0.8090131892304124	0.0	(0.8090131892304124+0j)
0.9	0.81	0.0050220918560026214	0.8150240346464239	0.0	(0.8150240346464239+0j)
0.9033333333333334	0.8160111111111112	0.005043958029293195	0.8210570350025191	0.0	(0.8210570350025191+0j)
0.9066666666666667	0.8220444444444446	0.005065755412224076	0.8271121899341881	0.0	(0.8271121899341881+0j)
0.91	0.8281000000000001	0.0050874835807306305	0.8331894990944715	0.0	(0.8331894990944715+0j)
0.9133333333333334	0.834177777777778	0.005109142120639991	0.8392889621550489	0.0	(0.8392889621550489+0j)
0.9166666666666667	0.8402777777777779	0.005130730627617505	0.8454105788075479	0.0	(0.8454105788075479+0j)
0.92	0.8464	0.005152248707112177	0.8515543487651263	0.0	(0.8515543487651263+0j)
0.9233333333333333	0.8525444444444444	0.005173695974301137	0.8577202717643749	0.0	(0.8577202717643749+0j)
0.9266666666666667	0.8587111111111113	0.005195072054033153	0.8639083475676914	0.0	(0.8639083475676914+0j)
0.93	0.8649000000000001	0.005216376580771216	0.8701185759661456	0.0	(0.8701185759661456+0j)
0.9333333333333333	0.8711111111111112	0.00523760919853421	0.8763509567830872	0.0	(0.8763509567830872+0j)
0.9366666666666668	0.8773444444444446	0.005258769560837703	0.8826054898786735	0.0	(0.8826054898786735+0j)
0.9400000000000001	0.8836000000000002	0.005279857330633864	0.8888821751555431	0.0	(0.8888821751555431+0j)
0.9433333333333334	0.8898777777777778	0.00530087218025054	0.8951810125661752	0.0	(0.8951810125661752+0j)
0.9466666666666668	0.896177777777778	0.0053218137913295166	0.9015020021223531	0.0	(0.9015020021223531+0j)
0.9500000000000001	0.9025000000000001	0.005342681854763964	0.907845143907633	0.0	(0.907845143907633+0j)
0.9533333333333334	0.9088444444444445	0.005363476070635123	0.9142104380940087	0.0	(0.9142104380940087+0j)
0.9566666666666668	0.9152111111111113	0.005384196148148226	0.9205978849644884	0.0	(0.9205978849644884+0j)
0.9600000000000001	0.9216000000000002	0.005404841805567678	0.9270074849444424	0.0	(0.9270074849444424+0j)
0.9633333333333334	0.9280111111111112	0.005425412770151536	0.9334392386459499	0.0	(0.9334392386459499+0j)
0.9666666666666667	0.9344444444444444	0.005445908778085292	0.9398931469323026	0.0	(0.9398931469323026+0j)
0.9700000000000001	0.9409000000000002	0.00546632957441498	0.9463692110147538	0.0	(0.9463692110147538+0j)
0.9733333333333334	0.9473777777777779	0.005486674912979644	0.9528674326028257	0.0	(0.9528674326028257+0j)
0.9766666666666667	0.9538777777777778	0.005506944556343173	0.9593878141482219	0.0	(0.9593878141482219+0j)
0.9800000000000001	0.9604000000000001	0.00552713827572553	0.9659303592622845	0.0	(0.9659303592622845+0j)
0.9833333333333334	0.9669444444444446	0.005547255850933396	0.9724950734794127	0.0	(0.9724950734794127+0j)
0.9866666666666667	0.9735111111111112	0.005567297070290246	0.9790819657790439	0.0	(0.9790819657790439+0j)
0.9900000000000001	0.9801000000000002	0.0055872617305658965	0.9856910519948694	0.0	(0.9856910519948694+0j)
0.9933333333333334	0.9867111111111112	0.0056071496369055	0.9923223638480637	0.0	(0.9923223638480637+0j)
0.9966666666666667	0.9933444444444445	0.0056269606027580694	0.9989759802386134	0.0	(0.9989759802386134+0j)
1.0	1.0	0.005646694449804499	1.0056522109249422	0.0	(1.0056522109249422+0j)
