-1.0	-1.0	-0.007798592211502872	-1.007859555417816	0.0	(-1.007859555417816+0j)
-0.998	-0.996004	-0.0077979536767654655	-1.0038512754362794	0.0	(-1.0038512754362794+0j)
-0.996	-0.992016	-0.007797311291572502	-0.9998562429927189	0.0	(-0.9998562429927189+0j)
-0.994	-0.988036	-0.007796665024903242	-0.9958711354080607	0.0	(-0.9958711354080607+0j)
-0.992	-0.9840639999999999	-0.007796014845423926	-0.9918950396437398	0.0	(-0.9918950396437398+0j)
-0.99	-0.9801	-0.007795360721483967	-0.9879275724972744	0.0	(-0.9879275724972744+0j)
-0.988	-0.976144	-0.0077947026211121085	-0.9839685362033247	0.0	(-0.9839685362033247+0j)
-0.986	-0.972196	-0.007794040512012514	-0.9800178150928317	0.0	(-0.9800178150928317+0j)
-0.984	-0.968256	-0.007793374361560801	-0.9760753355424344	0.0	(-0.9760753355424344+0j)
-0.982	-0.964324	-0.007792704136800027	-0.9721410477290243	0.0	(-0.9721410477290243+0j)
-0.98	-0.9603999999999999	-0.007792029804436608	-0.968214916325814	0.0	(-0.968214916325814+0j)
-0.978	-0.956484	-0.007791351330836194	-0.9642969153441416	0.0	(-0.9642969153441416+0j)
-0.976	-0.952576	-0.007790668682019461	-0.9603870250828541	0.0	(-0.9603870250828541+0j)
-0.974	-0.948676	-0.0077899818236578655	-0.956485230228549	0.0	(-0.956485230228549+0j)
-0.972	-0.944784	-0.007789290721069331	-0.952591518621677	0.0	(-0.952591518621677+0j)
-0.97	-0.9409	-0.00778859533921386	-0.9487058804265139	0.0	(-0.9487058804265139+0j)
-0.968	-0.937024	-0.0077878956426891	-0.9448283075560548	0.0	(-0.9448283075560548+0j)
-0.966	-0.933156	-0.0077871915957258364	-0.9409587932633632	0.0	(-0.9409587932633632+0j)
-0.964	-0.9292959999999999	-0.00778648316218342	-0.9370973318447227	0.0	(-0.9370973318447227+0j)
-0.962	-0.9254439999999999	-0.0077857703055451265	-0.9332439184200019	0.0	(-0.9332439184200019+0j)
-0.96	-0.9216	-0.007785052988913457	-0.9293985487673095	0.0	(-0.9293985487673095+0j)
-0.9580000000000001	-0.9177640000000001	-0.007784331175005357	-0.9255612191967895	0.0	(-0.9255612191967895+0j)
-0.9560000000000001	-0.9139360000000002	-0.007783604826147376	-0.9217319264530052	0.0	(-0.9217319264530052+0j)
-0.9540000000000001	-0.9101160000000001	-0.007782873904270747	-0.9179106676385844	0.0	(-0.9179106676385844+0j)
-0.9520000000000001	-0.9063040000000001	-0.007782138370906406	-0.9140974401539249	0.0	(-0.9140974401539249+0j)
-0.9500000000000001	-0.9025000000000001	-0.0077813981871799245	-0.9102922416490916	0.0	(-0.9102922416490916+0j)
-0.9480000000000001	-0.8987040000000002	-0.00778065331380637	-0.9064950699852351	0.0	(-0.9064950699852351+0j)
-0.9460000000000001	-0.8949160000000002	-0.007779903711085102	-0.902705923203317	0.0	(-0.902705923203317+0j)
-0.9440000000000001	-0.8911360000000002	-0.007779149338894476	-0.8989247994987161	0.0	(-0.8989247994987161+0j)
-0.9420000000000001	-0.8873640000000002	-0.0077783901566864724	-0.8951516972003957	0.0	(-0.8951516972003957+0j)
-0.9400000000000001	-0.8836000000000002	-0.007777626123481259	-0.8913866147538035	0.0	(-0.8913866147538035+0j)
-0.9380000000000001	-0.8798440000000001	-0.007776857197861647	-0.887629550706747	0.0	(-0.887629550706747+0j)
-0.936	-0.8760960000000001	-0.007776083337967484	-0.8838805036976068	0.0	(-0.8838805036976068+0j)
-0.934	-0.8723560000000001	-0.007775304501489961	-0.8801394724456223	0.0	(-0.8801394724456223+0j)
-0.932	-0.8686240000000001	-0.007774520645665822	-0.8764064557426979	0.0	(-0.8764064557426979+0j)
-0.93	-0.8649000000000001	-0.007773731727271498	-0.8726814524465447	0.0	(-0.8726814524465447+0j)
-0.928	-0.8611840000000001	-0.0077729377026171465	-0.8689644614749107	0.0	(-0.8689644614749107+0j)
-0.926	-0.8574760000000001	-0.0077721385275406046	-0.8652554818006782	0.0	(-0.8652554818006782+0j)
-0.924	-0.8537760000000001	-0.007771334157401246	-0.8615545124477187	0.0	(-0.8615545124477187+0j)
-0.922	-0.8500840000000001	-0.00777052454707375	-0.8578615524873398	0.0	(-0.8578615524873398+0j)
-0.92	-0.8464	-0.007769709650941771	-0.8541766010352474	0.0	(-0.8541766010352474+0j)
-0.918	-0.842724	-0.00776888942289151	-0.8504996572488704	0.0	(-0.8504996572488704+0j)
-0.916	-0.839056	-0.007768063816305194	-0.8468307203250457	0.0	(-0.8468307203250457+0j)
-0.914	-0.835396	-0.007767232784054454	-0.843169789498053	0.0	(-0.843169789498053+0j)
-0.912	-0.831744	-0.007766396278493592	-0.8395168640377273	0.0	(-0.8395168640377273+0j)
-0.91	-0.8281000000000001	-0.0077655542514527606	-0.8358719432479083	0.0	(-0.8358719432479083+0j)
-0.908	-0.8244640000000001	-0.007764706654231021	-0.8322350264649203	0.0	(-0.8322350264649203+0j)
-0.906	-0.820836	-0.0077638534375893044	-0.8286061130562596	0.0	(-0.8286061130562596+0j)
-0.904	-0.817216	-0.007762994551743263	-0.8249852024192915	0.0	(-0.8249852024192915+0j)
-0.902	-0.813604	-0.0077621299463559975	-0.8213722939801557	0.0	(-0.8213722939801557+0j)
-0.9	-0.81	-0.007761259570530699	-0.8177673871925527	0.0	(-0.8177673871925527+0j)
-0.898	-0.806404	-0.00776038337280314	-0.8141704815367746	0.0	(-0.8141704815367746+0j)
-0.896	-0.8028160000000001	-0.00775950130113408	-0.8105815765186128	0.0	(-0.8105815765186128+0j)
-0.894	-0.7992360000000001	-0.00775861330290153	-0.8070006716683928	0.0	(-0.8070006716683928+0j)
-0.892	-0.795664	-0.0077577193248929135	-0.8034277665400228	0.0	(-0.8034277665400228+0j)
-0.89	-0.7921	-0.007756819313297083	-0.7998628607099875	0.0	(-0.7998628607099875+0j)
-0.888	-0.788544	-0.0077559132136962305	-0.7963059537764692	0.0	(-0.7963059537764692+0j)
-0.886	-0.784996	-0.007755000971057659	-0.792757045358419	0.0	(-0.792757045358419+0j)
-0.884	-0.781456	-0.0077540825297254265	-0.7892161350946455	0.0	(-0.7892161350946455+0j)
-0.882	-0.7779240000000001	-0.007753157833411855	-0.785683222642924	0.0	(-0.785683222642924+0j)
-0.88	-0.7744	-0.00775222682518891	-0.782158307679154	0.0	(-0.782158307679154+0j)
-0.878	-0.770884	-0.007751289447479435	-0.7786413898964223	0.0	(-0.7786413898964223+0j)
-0.876	-0.767376	-0.007750345642048251	-0.7751324690042348	0.0	(-0.7751324690042348+0j)
-0.874	-0.763876	-0.00774939534999311	-0.7716315447276252	0.0	(-0.7716315447276252+0j)
-0.872	-0.760384	-0.007748438511735507	-0.7681386168063931	0.0	(-0.7681386168063931+0j)
-0.87	-0.7569	-0.007747475067011341	-0.7646536849942356	0.0	(-0.7646536849942356+0j)
-0.868	-0.753424	-0.007746504954861422	-0.7611767490580307	0.0	(-0.7611767490580307+0j)
-0.866	-0.749956	-0.007745528113621836	-0.7577078087770072	0.0	(-0.7577078087770072+0j)
-0.864	-0.7464959999999999	-0.007744544480914137	-0.7542468639420826	0.0	(-0.7542468639420826+0j)
-0.862	-0.7430439999999999	-0.0077435539936353956	-0.7507939143550876	0.0	(-0.7507939143550876+0j)
-0.86	-0.7395999999999999	-0.007742556587948072	-0.7473489598280869	0.0	(-0.7473489598280869+0j)
-0.858	-0.7361639999999999	-0.007741552199269737	-0.7439120001827005	0.0	(-0.7439120001827005+0j)
-0.856	-0.7327359999999999	-0.00774054076226261	-0.7404830352494711	0.0	(-0.7404830352494711+0j)
-0.854	-0.729316	-0.007739522210822938	-0.7370620648672428	0.0	(-0.7370620648672428+0j)
-0.852	-0.725904	-0.007738496478070191	-0.7336490888825348	0.0	(-0.7336490888825348+0j)
-0.85	-0.7224999999999999	-0.0077374634963360885	-0.7302441071490051	0.0	(-0.7302441071490051+0j)
-0.848	-0.719104	-0.007736423197153429	-0.7268471195268724	0.0	(-0.7268471195268724+0j)
-0.846	-0.7157159999999999	-0.0077353755112447575	-0.7234581258824393	0.0	(-0.7234581258824393+0j)
-0.844	-0.712336	-0.0077343203685108185	-0.7200771260875474	0.0	(-0.7200771260875474+0j)
-0.842	-0.7089639999999999	-0.007733257698018839	-0.7167041200191491	0.0	(-0.7167041200191491+0j)
-0.84	-0.7055999999999999	-0.007732187427990606	-0.7133391075588444	0.0	(-0.7133391075588444+0j)
-0.838	-0.702244	-0.00773110948579034	-0.709982088592472	0.0	(-0.709982088592472+0j)
-0.836	-0.698896	-0.007730023797912377	-0.706633063009699	0.0	(-0.706633063009699+0j)
-0.834	-0.695556	-0.007728930289968633	-0.7032920307036666	0.0	(-0.7032920307036666+0j)
-0.8320000000000001	-0.6922240000000002	-0.007727828886675863	-0.6999589915706421	0.0	(-0.6999589915706421+0j)
-0.8300000000000001	-0.6889000000000001	-0.007726719511842705	-0.6966339455096623	0.0	(-0.6966339455096623+0j)
-0.8280000000000001	-0.6855840000000001	-0.007725602088356501	-0.6933168924222499	0.0	(-0.6933168924222499+0j)
-0.8260000000000001	-0.6822760000000001	-0.007724476538169896	-0.69000783221216	0.0	(-0.69000783221216+0j)
-0.8240000000000001	-0.6789760000000001	-0.00772334278228721	-0.6867067647850329	0.0	(-0.6867067647850329+0j)
-0.8220000000000001	-0.6756840000000001	-0.007722200740750581	-0.6834136900482157	0.0	(-0.6834136900482157+0j)
-0.8200000000000001	-0.6724000000000001	-0.0077210503326258575	-0.6801286079104951	0.0	(-0.6801286079104951+0j)
-0.8180000000000001	-0.669124	-0.007719891475988269	-0.6768515182819085	0.0	(-0.6768515182819085+0j)
-0.8160000000000001	-0.6658560000000001	-0.0077187240879078335	-0.6735824210735163	0.0	(-0.6735824210735163+0j)
-0.8140000000000001	-0.6625960000000001	-0.0077175480844345265	-0.6703213161972307	0.0	(-0.6703213161972307+0j)
-0.812	-0.659344	-0.007716363380583182	-0.667068203565653	0.0	(-0.667068203565653+0j)
-0.81	-0.6561000000000001	-0.0077151698903181395	-0.6638230830918875	0.0	(-0.6638230830918875+0j)
-0.808	-0.6528640000000001	-0.00771396752653763	-0.6605859546894378	0.0	(-0.6605859546894378+0j)
-0.806	-0.6496360000000001	-0.007712756201057872	-0.6573568182720352	0.0	(-0.6573568182720352+0j)
-0.804	-0.6464160000000001	-0.00771153582459691	-0.654135673753528	0.0	(-0.654135673753528+0j)
-0.802	-0.6432040000000001	-0.007710306306758165	-0.6509225210477676	0.0	(-0.6509225210477676+0j)
-0.8	-0.6400000000000001	-0.007709067556013684	-0.6477173600684887	0.0	(-0.6477173600684887+0j)
-0.798	-0.636804	-0.007707819479687113	-0.6445201907292402	0.0	(-0.6445201907292402+0j)
-0.796	-0.6336160000000001	-0.007706561983936367	-0.641331012943266	0.0	(-0.641331012943266+0j)
-0.794	-0.6304360000000001	-0.007705294973735978	-0.6381498266234422	0.0	(-0.6381498266234422+0j)
-0.792	-0.627264	-0.007704018352859147	-0.6349766316821639	0.0	(-0.6349766316821639+0j)
-0.79	-0.6241000000000001	-0.007702732023859483	-0.6318114280313276	0.0	(-0.6318114280313276+0j)
-0.788	-0.620944	-0.00770143588805239	-0.6286542155822318	0.0	(-0.6286542155822318+0j)
-0.786	-0.617796	-0.00770012984549615	-0.6255049942454971	0.0	(-0.6255049942454971+0j)
-0.784	-0.6146560000000001	-0.007698813794972656	-0.6223637639310621	0.0	(-0.6223637639310621+0j)
-0.782	-0.6115240000000001	-0.007697487633967797	-0.6192305245480835	0.0	(-0.6192305245480835+0j)
-0.78	-0.6084	-0.007696151258651496	-0.6161052760049068	0.0	(-0.6161052760049068+0j)
-0.778	-0.605284	-0.0076948045638573865	-0.61298801820902	0.0	(-0.61298801820902+0j)
-0.776	-0.602176	-0.007693447443062121	-0.609878751066998	0.0	(-0.609878751066998+0j)
-0.774	-0.599076	-0.007692079788364305	-0.6067774744844739	0.0	(-0.6067774744844739+0j)
-0.772	-0.5959840000000001	-0.00769070149046305	-0.6036841883661076	0.0	(-0.6036841883661076+0j)
-0.77	-0.5929	-0.007689312438636133	-0.6005988926155116	0.0	(-0.6005988926155116+0j)
-0.768	-0.589824	-0.007687912520717762	-0.5975215871352662	0.0	(-0.5975215871352662+0j)
-0.766	-0.586756	-0.0076865016230759295	-0.5944522718268362	0.0	(-0.5944522718268362+0j)
-0.764	-0.583696	-0.007685079630589356	-0.5913909465905883	0.0	(-0.5913909465905883+0j)
-0.762	-0.580644	-0.007683646426624003	-0.5883376113257159	0.0	(-0.5883376113257159+0j)
-0.76	-0.5776	-0.007682201893009154	-0.5852922659302378	0.0	(-0.5852922659302378+0j)
-0.758	-0.574564	-0.007680745910013062	-0.5822549103009561	0.0	(-0.5822549103009561+0j)
-0.756	-0.571536	-0.007679278356318135	-0.5792255443334309	0.0	(-0.5792255443334309+0j)
-0.754	-0.568516	-0.007677799108995657	-0.5762041679219551	0.0	(-0.5762041679219551+0j)
-0.752	-0.565504	-0.007676308043480059	-0.5731907809595193	0.0	(-0.5731907809595193+0j)
-0.75	-0.5625	-0.007674805033542681	-0.5701853833378046	0.0	(-0.5701853833378046+0j)
-0.748	-0.559504	-0.007673289951265063	-0.5671879749471127	0.0	(-0.5671879749471127+0j)
-0.746	-0.556516	-0.007671762667011724	-0.5641985556763869	0.0	(-0.5641985556763869+0j)
-0.744	-0.553536	-0.007670223049402433	-0.5612171254131775	0.0	(-0.5612171254131775+0j)
-0.742	-0.5505639999999999	-0.007668670965283952	-0.5582436840435742	0.0	(-0.5582436840435742+0j)
-0.74	-0.5476	-0.007667106279701249	-0.5552782314522454	0.0	(-0.5552782314522454+0j)
-0.738	-0.544644	-0.007665528855868152	-0.5523207675223445	0.0	(-0.5523207675223445+0j)
-0.736	-0.541696	-0.0076639385551374685	-0.5493712921355319	0.0	(-0.5493712921355319+0j)
-0.734	-0.538756	-0.007662335236970504	-0.5464298051719381	0.0	(-0.5464298051719381+0j)
-0.732	-0.535824	-0.00766071875890602	-0.5434963065101143	0.0	(-0.5434963065101143+0j)
-0.73	-0.5328999999999999	-0.007659088976528583	-0.5405707960270382	0.0	(-0.5405707960270382+0j)
-0.728	-0.529984	-0.007657445743436313	-0.5376532735980591	0.0	(-0.5376532735980591+0j)
-0.726	-0.527076	-0.007655788911207998	-0.5347437390968829	0.0	(-0.5347437390968829+0j)
-0.724	-0.524176	-0.007654118329369583	-0.5318421923955466	0.0	(-0.5318421923955466+0j)
-0.722	-0.521284	-0.007652433845360007	-0.5289486333643879	0.0	(-0.5289486333643879+0j)
-0.72	-0.5184	-0.007650735304496359	-0.5260630618720097	0.0	(-0.5260630618720097+0j)
-0.718	-0.515524	-0.007649022549938381	-0.5231854777852586	0.0	(-0.5231854777852586+0j)
-0.716	-0.512656	-0.007647295422652253	-0.520315880969187	0.0	(-0.520315880969187+0j)
-0.714	-0.5097959999999999	-0.007645553761373672	-0.5174542712870374	0.0	(-0.5174542712870374+0j)
-0.712	-0.506944	-0.0076437974025702175	-0.5146006486002037	0.0	(-0.5146006486002037+0j)
-0.71	-0.5041	-0.007642026180402951	-0.5117550127681818	0.0	(-0.5117550127681818+0j)
-0.708	-0.5012639999999999	-0.007640239926687276	-0.5089173636485801	0.0	(-0.5089173636485801+0j)
-0.706	-0.49843599999999993	-0.007638438470853013	-0.5060877010970377	0.0	(-0.5060877010970377+0j)
-0.704	-0.49561599999999995	-0.007636621639903669	-0.5032660249672335	0.0	(-0.5032660249672335+0j)
-0.7020000000000001	-0.4928040000000001	-0.007634789258374915	-0.5004523351108371	0.0	(-0.5004523351108371+0j)
-0.7000000000000001	-0.4900000000000001	-0.007632941148292214	-0.4976466313774542	0.0	(-0.4976466313774542+0j)
-0.6980000000000001	-0.4872040000000001	-0.007631077129127603	-0.4948489136146293	0.0	(-0.4948489136146293+0j)
-0.6960000000000001	-0.48441600000000007	-0.0076291970177556085	-0.4920591816677789	0.0	(-0.4920591816677789+0j)
-0.6940000000000001	-0.48163600000000006	-0.007627300628408272	-0.4892774353801776	0.0	(-0.4892774353801776+0j)
-0.6920000000000001	-0.47886400000000007	-0.00762538777262925	-0.4865036745929055	0.0	(-0.4865036745929055+0j)
-0.6900000000000001	-0.4761000000000001	-0.0076234582592270015	-0.48373789914482607	0.0	(-0.48373789914482607+0j)
-0.6880000000000001	-0.4733440000000001	-0.007621511894227011	-0.4809801088725206	0.0	(-0.4809801088725206+0j)
-0.686	-0.47059600000000007	-0.007619548480823038	-0.47823030361028257	0.0	(-0.47823030361028257+0j)
-0.684	-0.46785600000000005	-0.00761756781932736	-0.47548848319006354	0.0	(-0.47548848319006354+0j)
-0.682	-0.4651240000000001	-0.007615569707119997	-0.4727546474414194	0.0	(-0.4727546474414194+0j)
-0.68	-0.4624000000000001	-0.007613553938596909	-0.47002879619148513	0.0	(-0.47002879619148513+0j)
-0.678	-0.45968400000000004	-0.007611520305117076	-0.4673109292649368	0.0	(-0.4673109292649368+0j)
-0.676	-0.45697600000000005	-0.007609468594948533	-0.4646010464839262	0.0	(-0.4646010464839262+0j)
-0.674	-0.45427600000000007	-0.007607398593213247	-0.46189914766805906	0.0	(-0.46189914766805906+0j)
-0.672	-0.45158400000000004	-0.007605310081830854	-0.45920523263434615	0.0	(-0.45920523263434615+0j)
-0.67	-0.4489000000000001	-0.007603202839461229	-0.45651930119712536	0.0	(-0.45651930119712536+0j)
-0.668	-0.44622400000000007	-0.007601076641445826	-0.4538413531680816	0.0	(-0.4538413531680816+0j)
-0.666	-0.44355600000000006	-0.007598931259747822	-0.4511713883561288	0.0	(-0.4511713883561288+0j)
-0.664	-0.44089600000000007	-0.007596766462890953	-0.4485094065673924	0.0	(-0.4485094065673924+0j)
-0.662	-0.438244	-0.007594582015897088	-0.44585540760517545	0.0	(-0.44585540760517545+0j)
-0.66	-0.43560000000000004	-0.007592377680222464	-0.44320939126987713	0.0	(-0.44320939126987713+0j)
-0.658	-0.432964	-0.007590153213692564	-0.4405713573589572	0.0	(-0.4405713573589572+0j)
-0.656	-0.43033600000000005	-0.0075879083704356014	-0.43794130566687406	0.0	(-0.43794130566687406+0j)
-0.654	-0.42771600000000004	-0.007585642900814585	-0.43531923598504096	0.0	(-0.43531923598504096+0j)
-0.652	-0.42510400000000004	-0.007583356551357919	-0.4327051481017596	0.0	(-0.4327051481017596+0j)
-0.65	-0.42250000000000004	-0.007581049064688505	-0.430099041802171	0.0	(-0.430099041802171+0j)
-0.648	-0.419904	-0.007578720179451319	-0.4275009168681992	0.0	(-0.4275009168681992+0j)
-0.646	-0.417316	-0.0075763696302394035	-0.42491077307847475	0.0	(-0.42491077307847475+0j)
-0.644	-0.41473600000000005	-0.007573997147518266	-0.42232861020829204	0.0	(-0.42232861020829204+0j)
-0.642	-0.41216400000000003	-0.007571602457548611	-0.41975442802954704	0.0	(-0.41975442802954704+0j)
-0.64	-0.4096	-0.007569185282307394	-0.41718822631066443	0.0	(-0.41718822631066443+0j)
-0.638	-0.407044	-0.007566745339407132	-0.4146300048165387	0.0	(-0.4146300048165387+0j)
-0.636	-0.404496	-0.007564282342013442	-0.4120797633084514	0.0	(-0.4120797633084514+0j)
-0.634	-0.40195600000000004	-0.007561795998760754	-0.4095375015440453	0.0	(-0.4095375015440453+0j)
-0.632	-0.399424	-0.00755928601366616	-0.40700321927719757	0.0	(-0.40700321927719757+0j)
-0.63	-0.39690000000000003	-0.007556752086041344	-0.4044769162580042	0.0	(-0.4044769162580042+0j)
-0.628	-0.394384	-0.007554193910402547	-0.40195859223266345	0.0	(-0.40195859223266345+0j)
-0.626	-0.391876	-0.007551611176378521	-0.3994482469434325	0.0	(-0.3994482469434325+0j)
-0.624	-0.389376	-0.007549003568616423	-0.39694588012853677	0.0	(-0.39694588012853677+0j)
-0.622	-0.386884	-0.007546370766685572	-0.3944514915220864	0.0	(-0.3944514915220864+0j)
-0.62	-0.3844	-0.007543712444979056	-0.3919650808540158	0.0	(-0.3919650808540158+0j)
-0.618	-0.381924	-0.0075410282726130935	-0.38948664784999043	0.0	(-0.38948664784999043+0j)
-0.616	-0.379456	-0.007538317913324118	-0.3870161922313203	0.0	(-0.3870161922313203+0j)
-0.614	-0.376996	-0.007535581025363513	-0.3845537137148799	0.0	(-0.3845537137148799+0j)
-0.612	-0.374544	-0.007532817261389942	-0.38209921201302777	0.0	(-0.38209921201302777+0j)
-0.61	-0.3721	-0.0075300262683592085	-0.37965268683350456	0.0	(-0.37965268683350456+0j)
-0.608	-0.369664	-0.0075272076874115905	-0.37721413787935015	0.0	(-0.37721413787935015+0j)
-0.606	-0.367236	-0.007524361153756557	-0.37478356484881	0.0	(-0.37478356484881+0j)
-0.604	-0.364816	-0.007521486296554846	-0.37236096743523134	0.0	(-0.37236096743523134+0j)
-0.602	-0.36240399999999995	-0.007518582738797768	-0.36994634532697673	0.0	(-0.36994634532697673+0j)
-0.6	-0.36	-0.007515650097183742	-0.3675396982073152	0.0	(-0.3675396982073152+0j)
-0.598	-0.357604	-0.007512687981991909	-0.3651410257543255	0.0	(-0.3651410257543255+0j)
-0.596	-0.355216	-0.0075096959969528105	-0.36275032764078946	0.0	(-0.36275032764078946+0j)
-0.594	-0.352836	-0.007506673739116022	-0.36036760353407693	0.0	(-0.36036760353407693+0j)
-0.592	-0.35046399999999994	-0.007503620798714662	-0.35799285309604845	0.0	(-0.35799285309604845+0j)
-0.59	-0.34809999999999997	-0.007500536759026707	-0.3556260759829321	0.0	(-0.3556260759829321+0j)
-0.588	-0.34574399999999994	-0.007497421196233013	-0.35326727184521317	0.0	(-0.35326727184521317+0j)
-0.586	-0.343396	-0.0074942736792719695	-0.3509164403275115	0.0	(-0.3509164403275115+0j)
-0.584	-0.34105599999999997	-0.007491093769690676	-0.3485735810684603	0.0	(-0.3485735810684603+0j)
-0.582	-0.33872399999999997	-0.0074878810214925725	-0.34623869370058824	0.0	(-0.34623869370058824+0j)
-0.58	-0.3364	-0.007484634980981415	-0.3439117778501863	0.0	(-0.3439117778501863+0j)
-0.578	-0.33408399999999994	-0.007481355186601487	-0.3415928331371734	0.0	(-0.3415928331371734+0j)
-0.5760000000000001	-0.33177600000000007	-0.007478041168773975	-0.3392818591749755	0.0	(-0.3392818591749755+0j)
-0.5740000000000001	-0.3294760000000001	-0.007474692449729372	-0.33697885557036344	0.0	(-0.33697885557036344+0j)
-0.5720000000000001	-0.3271840000000001	-0.007471308543335835	-0.33468382192334223	0.0	(-0.33468382192334223+0j)
-0.5700000000000001	-0.3249000000000001	-0.007467888954923352	-0.3323967578269862	0.0	(-0.3323967578269862+0j)
-0.5680000000000001	-0.3226240000000001	-0.007464433181103637	-0.3301176628672961	0.0	(-0.3301176628672961+0j)
-0.5660000000000001	-0.3203560000000001	-0.007460940709585612	-0.3278465366230538	0.0	(-0.3278465366230538+0j)
-0.5640000000000001	-0.31809600000000005	-0.007457411018986386	-0.3255833786656566	0.0	(-0.3255833786656566+0j)
-0.562	-0.31584400000000007	-0.0074538435786375675	-0.323328188558956	0.0	(-0.323328188558956+0j)
-0.56	-0.31360000000000005	-0.007450237848386832	-0.3210809658591143	0.0	(-0.3210809658591143+0j)
-0.558	-0.3113640000000001	-0.007446593278394579	-0.31884171011440876	0.0	(-0.31884171011440876+0j)
-0.556	-0.3091360000000001	-0.00744290930892556	-0.31661042086507607	0.0	(-0.31661042086507607+0j)
-0.554	-0.3069160000000001	-0.007439185370135348	-0.31438709764313516	0.0	(-0.31438709764313516+0j)
-0.552	-0.30470400000000003	-0.007435420881851495	-0.3121717399721988	0.0	(-0.3121717399721988+0j)
-0.55	-0.30250000000000005	-0.0074316152533492495	-0.3099643473672968	0.0	(-0.3099643473672968+0j)
-0.548	-0.30030400000000007	-0.007427767883121665	-0.30776491933467487	0.0	(-0.30776491933467487+0j)
-0.546	-0.29811600000000005	-0.007423878158643983	-0.30557345537160713	0.0	(-0.30557345537160713+0j)
-0.544	-0.29593600000000003	-0.007419945456132089	-0.3033899549661869	0.0	(-0.3033899549661869+0j)
-0.542	-0.293764	-0.007415969140294949	-0.3012144175971309	0.0	(-0.3012144175971309+0j)
-0.54	-0.2916	-0.00741194856408078	-0.2990468427335613	0.0	(-0.2990468427335613+0j)
-0.538	-0.28944400000000003	-0.007407883068416872	-0.29688722983478605	0.0	(-0.29688722983478605+0j)
-0.536	-0.28729600000000005	-0.007403771981942827	-0.29473557835008257	0.0	(-0.29473557835008257+0j)
-0.534	-0.285156	-0.007399614620737094	-0.29259188771845973	0.0	(-0.29259188771845973+0j)
-0.532	-0.28302400000000005	-0.007395410288036565	-0.29045615736843877	0.0	(-0.29045615736843877+0j)
-0.53	-0.28090000000000004	-0.007391158273949105	-0.28832838671779687	0.0	(-0.28832838671779687+0j)
-0.528	-0.27878400000000003	-0.007386857855158796	-0.28620857517332066	0.0	(-0.28620857517332066+0j)
-0.526	-0.27667600000000003	-0.007382508294623718	-0.28409672213056864	0.0	(-0.28409672213056864+0j)
-0.524	-0.27457600000000004	-0.007378108841266062	-0.2819928269735862	0.0	(-0.2819928269735862+0j)
-0.522	-0.272484	-0.007373658729654398	-0.27989688907465954	0.0	(-0.27989688907465954+0j)
-0.52	-0.27040000000000003	-0.007369157179677871	-0.2778089077940318	0.0	(-0.2778089077940318+0j)
-0.518	-0.268324	-0.007364603396212144	-0.2757288824796095	0.0	(-0.2757288824796095+0j)
-0.516	-0.266256	-0.0073599965687768535	-0.2736568124666999	0.0	(-0.2736568124666999+0j)
-0.514	-0.264196	-0.007355335871184395	-0.27159269707769856	0.0	(-0.27159269707769856+0j)
-0.512	-0.262144	-0.007350620461179787	-0.2695365356217721	0.0	(-0.2695365356217721+0j)
-0.51	-0.2601	-0.007345849480071427	-0.2674883273945681	0.0	(-0.2674883273945681+0j)
-0.508	-0.258064	-0.0073410220523524895	-0.26544807167788054	0.0	(-0.26544807167788054+0j)
-0.506	-0.256036	-0.0073361372853127695	-0.2634157677393206	0.0	(-0.2634157677393206+0j)
-0.504	-0.254016	-0.007331194268640705	-0.26139141483198475	0.0	(-0.26139141483198475+0j)
-0.502	-0.252004	-0.0073261920740153854	-0.25937501219410014	0.0	(-0.25937501219410014+0j)
-0.5	-0.25	-0.00732112975468828	-0.2573665590486694	0.0	(-0.2573665590486694+0j)
-0.498	-0.248004	-0.007316006345054479	-0.25536605460310763	0.0	(-0.25536605460310763+0j)
-0.496	-0.24601599999999998	-0.007310820860213186	-0.2533734980488652	0.0	(-0.2533734980488652+0j)
-0.494	-0.244036	-0.007305572295517242	-0.25138888856104075	0.0	(-0.25138888856104075+0j)
-0.492	-0.242064	-0.007300259626111419	-0.2494122252979871	0.0	(-0.2494122252979871+0j)
-0.49	-0.24009999999999998	-0.007294881806459266	-0.24744350740090845	0.0	(-0.24744350740090845+0j)
-0.488	-0.238144	-0.0072894377698582615	-0.24548273399343984	0.0	(-0.24548273399343984+0j)
-0.486	-0.236196	-0.007283926427943014	-0.24352990418121828	0.0	(-0.24352990418121828+0j)
-0.484	-0.234256	-0.007278346670176293	-0.2415850170514569	0.0	(-0.2415850170514569+0j)
-0.482	-0.23232399999999997	-0.007272697363327649	-0.2396480716724794	0.0	(-0.2396480716724794+0j)
-0.48	-0.2304	-0.007266977350939373	-0.23771906709327334	0.0	(-0.23771906709327334+0j)
-0.47800000000000004	-0.22848400000000005	-0.007261185452779586	-0.23579800234300982	0.0	(-0.23579800234300982+0j)
-0.47600000000000003	-0.22657600000000003	-0.007255320464282209	-0.23388487643056496	0.0	(-0.23388487643056496+0j)
-0.47400000000000003	-0.22467600000000004	-0.0072493811559735995	-0.231979688344029	0.0	(-0.231979688344029+0j)
-0.47200000000000003	-0.22278400000000004	-0.007243366272885639	-0.2300824370501765	0.0	(-0.2300824370501765+0j)
-0.47000000000000003	-0.22090000000000004	-0.007237274533955054	-0.2281931214939803	0.0	(-0.2281931214939803+0j)
-0.468	-0.21902400000000002	-0.007231104631408759	-0.22631174059804882	0.0	(-0.22631174059804882+0j)
-0.466	-0.21715600000000002	-0.007224855230135052	-0.2244382932620967	0.0	(-0.2244382932620967+0j)
-0.464	-0.21529600000000002	-0.007218524967040434	-0.22257277836237596	0.0	(-0.22257277836237596+0j)
-0.462	-0.21344400000000002	-0.007212112450391916	-0.22071519475111928	0.0	(-0.22071519475111928+0j)
-0.46	-0.2116	-0.0072056162591446395	-0.21886554125594163	0.0	(-0.21886554125594163+0j)
-0.458	-0.209764	-0.00719903494225463	-0.21702381667924503	0.0	(-0.21702381667924503+0j)
-0.456	-0.207936	-0.007192367017976611	-0.2151900197976175	0.0	(-0.2151900197976175+0j)
-0.454	-0.20611600000000002	-0.007185610973146704	-0.21336414936119064	0.0	(-0.21336414936119064+0j)
-0.452	-0.204304	-0.0071787652624499265	-0.2115462040930175	0.0	(-0.2115462040930175+0j)
-0.45	-0.2025	-0.007171828307672452	-0.20973618268840508	0.0	(-0.20973618268840508+0j)
-0.448	-0.20070400000000002	-0.007164798496938508	-0.20793408381426207	0.0	(-0.20793408381426207+0j)
-0.446	-0.198916	-0.007157674183931937	-0.20613990610841249	0.0	(-0.20613990610841249+0j)
-0.444	-0.197136	-0.007150453687102374	-0.20435364817889834	0.0	(-0.20435364817889834+0j)
-0.442	-0.195364	-0.007143135288856094	-0.2025753086032792	0.0	(-0.2025753086032792+0j)
-0.44	-0.1936	-0.007135717234731543	-0.20080488592790677	0.0	(-0.20080488592790677+0j)
-0.438	-0.191844	-0.007128197732559686	-0.19904237866719637	0.0	(-0.19904237866719637+0j)
-0.436	-0.190096	-0.007120574951609242	-0.19728778530287008	0.0	(-0.19728778530287008+0j)
-0.434	-0.188356	-0.007112847021717007	-0.19554110428319635	0.0	(-0.19554110428319635+0j)
-0.432	-0.18662399999999998	-0.007105012032403433	-0.19380233402222888	0.0	(-0.19380233402222888+0j)
-0.43	-0.18489999999999998	-0.00709706803197372	-0.19207147289900275	0.0	(-0.19207147289900275+0j)
-0.428	-0.18318399999999999	-0.007089013026604726	-0.190348519256751	0.0	(-0.190348519256751+0j)
-0.426	-0.181476	-0.007080844979417984	-0.18863347140207473	0.0	(-0.18863347140207473+0j)
-0.424	-0.179776	-0.007072561809539276	-0.18692632760413846	0.0	(-0.18692632760413846+0j)
-0.422	-0.178084	-0.007064161391145177	-0.1852270860938287	0.0	(-0.1852270860938287+0j)
-0.42	-0.17639999999999997	-0.007055641552497087	-0.18353574506290452	0.0	(-0.18353574506290452+0j)
-0.418	-0.174724	-0.007047000074963312	-0.18185230266314711	0.0	(-0.18185230266314711+0j)
-0.41600000000000004	-0.17305600000000004	-0.007038234692029843	-0.18017675700550187	0.0	(-0.18017675700550187+0j)
-0.41400000000000003	-0.17139600000000002	-0.007029343088300537	-0.17850910615919122	0.0	(-0.17850910615919122+0j)
-0.41200000000000003	-0.16974400000000003	-0.007020322898487473	-0.17684934815084716	0.0	(-0.17684934815084716+0j)
-0.41000000000000003	-0.16810000000000003	-0.007011171706392335	-0.1751974809636127	0.0	(-0.1751974809636127+0j)
-0.40800000000000003	-0.16646400000000003	-0.007001887043879816	-0.17355350253626606	0.0	(-0.17355350253626606+0j)
-0.406	-0.164836	-0.006992466389843968	-0.17191741076229344	0.0	(-0.17191741076229344+0j)
-0.404	-0.16321600000000003	-0.006982907169168737	-0.17028920348901605	0.0	(-0.17028920348901605+0j)
-0.402	-0.16160400000000003	-0.006973206751683789	-0.16866887851666895	0.0	(-0.16866887851666895+0j)
-0.4	-0.16000000000000003	-0.006963362451117005	-0.16705643359749292	0.0	(-0.16705643359749292+0j)
-0.398	-0.15840400000000002	-0.006953371524045026	-0.16545186643484044	0.0	(-0.16545186643484044+0j)
-0.396	-0.156816	-0.006943231168843391	-0.16385517468226665	0.0	(-0.16385517468226665+0j)
-0.394	-0.155236	-0.006932938524637872	-0.16226635594262195	0.0	(-0.16226635594262195+0j)
-0.392	-0.15366400000000002	-0.006922490670258788	-0.16068540776716386	0.0	(-0.16068540776716386+0j)
-0.39	-0.1521	-0.006911884623200134	-0.15911232765466615	0.0	(-0.15911232765466615+0j)
-0.388	-0.150544	-0.006901117338585562	-0.1575471130505461	0.0	(-0.1575471130505461+0j)
-0.386	-0.14899600000000002	-0.006890185708143298	-0.15598976134598266	0.0	(-0.15598976134598266+0j)
-0.384	-0.147456	-0.006879086559192266	-0.15444026987708107	0.0	(-0.15444026987708107+0j)
-0.382	-0.145924	-0.006867816653641847	-0.1528986359240159	0.0	(-0.1528986359240159+0j)
-0.38	-0.1444	-0.006856372687007759	-0.15136485671022792	0.0	(-0.15136485671022792+0j)
-0.378	-0.142884	-0.006844751287446789	-0.14983892940161986	0.0	(-0.14983892940161986+0j)
-0.376	-0.141376	-0.00683294901481319	-0.14832085110577545	0.0	(-0.14832085110577545+0j)
-0.374	-0.139876	-0.00682096235973975	-0.14681061887122696	0.0	(-0.14681061887122696+0j)
-0.372	-0.138384	-0.006808787742746662	-0.14530822968673232	0.0	(-0.14530822968673232+0j)
-0.37	-0.1369	-0.006796421513381529	-0.14381368048059306	0.0	(-0.14381368048059306+0j)
-0.368	-0.135424	-0.006783859949393968	-0.1423269681200105	0.0	(-0.1423269681200105+0j)
-0.366	-0.133956	-0.006771099255948464	-0.14084808941048607	0.0	(-0.14084808941048607+0j)
-0.364	-0.132496	-0.006758135564879277	-0.13937704109525773	0.0	(-0.13937704109525773+0j)
-0.362	-0.131044	-0.006744964933991411	-0.13791381985479212	0.0	(-0.13791381985479212+0j)
-0.36	-0.1296	-0.00673158334641179	-0.13645842230633454	0.0	(-0.13645842230633454+0j)
-0.358	-0.128164	-0.006717986709994998	-0.1350108450035014	0.0	(-0.1350108450035014+0j)
-0.356	-0.126736	-0.006704170856788092	-0.13357108443595028	0.0	(-0.13357108443595028+0j)
-0.354	-0.12531599999999998	-0.006690131542559199	-0.13213913702911018	0.0	(-0.13213913702911018+0j)
-0.352	-0.12390399999999999	-0.0066758644463947685	-0.1307149991439843	0.0	(-0.1307149991439843+0j)
-0.35000000000000003	-0.12250000000000003	-0.0066613651703705465	-0.12929866707702406	0.0	(-0.12929866707702406+0j)
-0.34800000000000003	-0.12110400000000002	-0.00664662923930151	-0.1278901370601017	0.0	(-0.1278901370601017+0j)
-0.34600000000000003	-0.11971600000000002	-0.006631652100576179	-0.12648940526055094	0.0	(-0.12648940526055094+0j)
-0.34400000000000003	-0.11833600000000002	-0.0066164291240809105	-0.1250964677813144	0.0	(-0.1250964677813144+0j)
-0.342	-0.11696400000000001	-0.006600955602219929	-0.12371132066118593	0.0	(-0.12371132066118593+0j)
-0.34	-0.11560000000000002	-0.006585226750037065	-0.12233395987515708	0.0	(-0.12233395987515708+0j)
-0.338	-0.11424400000000001	-0.006569237705445268	-0.12096438133487553	0.0	(-0.12096438133487553+0j)
-0.336	-0.11289600000000001	-0.006552983529570215	-0.11960258088922264	0.0	(-0.11960258088922264+0j)
-0.334	-0.11155600000000002	-0.006536459207214419	-0.11824855432501663	0.0	(-0.11824855432501663+0j)
-0.332	-0.11022400000000002	-0.00651965964744842	-0.11690229736783508	0.0	(-0.11690229736783508+0j)
-0.33	-0.10890000000000001	-0.006502579684335808	-0.11556380568299471	0.0	(-0.11556380568299471+0j)
-0.328	-0.10758400000000001	-0.006485214077798933	-0.1142330748766575	0.0	(-0.1142330748766575+0j)
-0.326	-0.10627600000000001	-0.006467557514632289	-0.11291010049709284	0.0	(-0.11291010049709284+0j)
-0.324	-0.104976	-0.0064496046096707135	-0.11159487803610724	0.0	(-0.11159487803610724+0j)
-0.322	-0.10368400000000001	-0.006431349907119606	-0.1102874029306244	0.0	(-0.1102874029306244+0j)
-0.32	-0.1024	-0.006412787882054485	-0.10898767056445031	0.0	(-0.10898767056445031+0j)
-0.318	-0.101124	-0.006393912942097308	-0.10769567627021252	0.0	(-0.10769567627021252+0j)
-0.316	-0.099856	-0.006374719429277012	-0.10641141533148722	0.0	(-0.10641141533148722+0j)
-0.314	-0.098596	-0.006355201622081819	-0.10513488298512357	0.0	(-0.10513488298512357+0j)
-0.312	-0.097344	-0.006335353737710871	-0.1038660744237682	0.0	(-0.1038660744237682+0j)
-0.31	-0.0961	-0.006315169934532789	-0.10260498479859956	0.0	(-0.10260498479859956+0j)
-0.308	-0.094864	-0.006294644314758765	-0.10135160922227707	0.0	(-0.10135160922227707+0j)
-0.306	-0.093636	-0.0062737709273377636	-0.10010594277212659	0.0	(-0.10010594277212659+0j)
-0.304	-0.092416	-0.006252543771081379	-0.09886798049353757	0.0	(-0.09886798049353757+0j)
-0.302	-0.091204	-0.006230956798025868	-0.09763771740361907	0.0	(-0.09763771740361907+0j)
-0.3	-0.09	-0.00620900391703873	-0.09641514849508731	0.0	(-0.09641514849508731+0j)
-0.298	-0.088804	-0.00618667899767719	-0.09520026874041444	0.0	(-0.09520026874041444+0j)
-0.296	-0.08761599999999999	-0.006163975874305751	-0.09399307309623825	0.0	(-0.09399307309623825+0j)
-0.294	-0.08643599999999999	-0.006140888350479837	-0.09279355650803012	0.0	(-0.09279355650803012+0j)
-0.292	-0.08526399999999999	-0.006117410203602394	-0.09160171391504579	0.0	(-0.09160171391504579+0j)
-0.29	-0.0841	-0.0060935351898600875	-0.09041754025554499	0.0	(-0.09041754025554499+0j)
-0.28800000000000003	-0.08294400000000002	-0.006069257049445496	-0.08924103047230818	0.0	(-0.08924103047230818+0j)
-0.28600000000000003	-0.08179600000000002	-0.006044569512071436	-0.08807217951843249	0.0	(-0.08807217951843249+0j)
-0.28400000000000003	-0.08065600000000002	-0.006019466302783259	-0.08691098236342859	0.0	(-0.08691098236342859+0j)
-0.28200000000000003	-0.07952400000000001	-0.005993941148074632	-0.08575743399961679	0.0	(-0.08575743399961679+0j)
-0.28	-0.07840000000000001	-0.005967987782311933	-0.0846115294488199	0.0	(-0.0846115294488199+0j)
-0.278	-0.07728400000000002	-0.005941599954472012	-0.08347326376936831	0.0	(-0.08347326376936831+0j)
-0.276	-0.07617600000000001	-0.005914771435197643	-0.08234263206338113	0.0	(-0.08234263206338113+0j)
-0.274	-0.07507600000000002	-0.005887496024174492	-0.08121962948425097	0.0	(-0.08121962948425097+0j)
-0.272	-0.07398400000000001	-0.0058597675578329796	-0.08010425124347655	0.0	(-0.08010425124347655+0j)
-0.27	-0.0729	-0.005831579917377828	-0.07903779966113998	0.0	(-0.07903779966113998+0j)
-0.268	-0.07182400000000001	-0.005802927037147532	-0.07899649279764397	0.0	(-0.07899649279764397+0j)
-0.266	-0.07075600000000001	-0.005773802913305405	-0.07789634900218033	0.0	(-0.07789634900218033+0j)
-0.264	-0.06969600000000001	-0.005744201612863157	-0.07680381578285451	0.0	(-0.07680381578285451+0j)
-0.262	-0.06864400000000001	-0.005714117283037329	-0.07571888852339165	0.0	(-0.07571888852339165+0j)
-0.26	-0.06760000000000001	-0.005683544160938166	-0.07464156286329417	0.0	(-0.07464156286329417+0j)
-0.258	-0.066564	-0.005652476583589746	-0.07357183455709382	0.0	(-0.07357183455709382+0j)
-0.256	-0.065536	-0.005620908998279448	-0.0725096994835968	0.0	(-0.0725096994835968+0j)
-0.254	-0.064516	-0.005588835973233927	-0.07145515365625067	0.0	(-0.07145515365625067+0j)
-0.252	-0.063504	-0.005556252208617998	-0.07040819323390989	0.0	(-0.07040819323390989+0j)
-0.25	-0.0625	-0.005523152547851894	-0.0693688145319226	0.0	(-0.0693688145319226+0j)
-0.248	-0.061503999999999996	-0.00548953198924142	-0.06833701403353201	0.0	(-0.06833701403353201+0j)
-0.246	-0.060516	-0.0054553856979146316	-0.06731278840154535	0.0	(-0.06731278840154535+0j)
-0.244	-0.059536	-0.005420709018057614	-0.06629613449029416	0.0	(-0.06629613449029416+0j)
-0.242	-0.058564	-0.005385497485440963	-0.06528704935785444	0.0	(-0.06528704935785444+0j)
-0.24	-0.0576	-0.005349746840227549	-0.06428553027852442	0.0	(-0.06428553027852442+0j)
-0.23800000000000002	-0.05664400000000001	-0.005313453040050987	-0.06329157475553925	0.0	(-0.06329157475553925+0j)
-0.23600000000000002	-0.05569600000000001	-0.0052766122733532905	-0.06230518053401475	0.0	(-0.06230518053401475+0j)
-0.234	-0.054756000000000006	-0.005239220972968928	-0.06132634561410061	0.0	(-0.06132634561410061+0j)
-0.232	-0.053824000000000004	-0.005201275829941501	-0.060355068264327	0.0	(-0.060355068264327+0j)
-0.23	-0.0529	-0.005162773807558027	-0.05939134703512184	0.0	(-0.05939134703512184+0j)
-0.228	-0.051984	-0.005123712155584701	-0.05843518077248641	0.0	(-0.05843518077248641+0j)
-0.226	-0.051076	-0.00508408842468684	-0.05748656863179385	0.0	(-0.05748656863179385+0j)
-0.224	-0.050176000000000005	-0.005043900481014521	-0.05654551009169376	0.0	(-0.05654551009169376+0j)
-0.222	-0.049284	-0.005003146520934266	-0.055612004968095534	0.0	(-0.055612004968095534+0j)
-0.22	-0.0484	-0.004961825085885935	-0.05468605342819531	0.0	(-0.05468605342819531+0j)
-0.218	-0.047524	-0.004919935077342814	-0.05376765600452076	0.0	(-0.05376765600452076+0j)
-0.216	-0.046655999999999996	-0.004877475771851728	-0.05285681360894754	0.0	(-0.05285681360894754+0j)
-0.214	-0.045795999999999996	-0.004834446836128839	-0.0519535275466638	0.0	(-0.0519535275466638+0j)
-0.212	-0.044944	-0.004790848342185636	-0.05105779953002616	0.0	(-0.05105779953002616+0j)
-0.21	-0.04409999999999999	-0.004746680782458521	-0.05016963169225928	0.0	(-0.05016963169225928+0j)
-0.20800000000000002	-0.04326400000000001	-0.004701945084914278	-0.04928902660096629	0.0	(-0.04928902660096629+0j)
-0.20600000000000002	-0.04243600000000001	-0.004656642628102626	-0.04841598727136591	0.0	(-0.04841598727136591+0j)
-0.20400000000000001	-0.04161600000000001	-0.0046107752561260346	-0.04755051717920905	0.0	(-0.04755051717920905+0j)
-0.202	-0.04080400000000001	-0.004564345293495945	-0.046692620273302385	0.0	(-0.046692620273302385+0j)
-0.2	-0.04000000000000001	-0.004517355559843599	-0.045842300987543355	0.0	(-0.045842300987543355+0j)
-0.198	-0.039204	-0.004469809384452717	-0.04499956425240053	0.0	(-0.04499956425240053+0j)
-0.196	-0.038416000000000006	-0.0044217106205804236	-0.04416441550571369	0.0	(-0.04416441550571369+0j)
-0.194	-0.037636	-0.004373063659531983	-0.04333686070270787	0.0	(-0.04333686070270787+0j)
-0.192	-0.036864	-0.004323873444454142	-0.04251690632508755	0.0	(-0.04251690632508755+0j)
-0.19	-0.0361	-0.00427414548381117	-0.0417045593890586	0.0	(-0.0417045593890586+0j)
-0.188	-0.035344	-0.004223885864507089	-0.04089982745209999	0.0	(-0.04089982745209999+0j)
-0.186	-0.034596	-0.004173101264616972	-0.04010271861828849	0.0	(-0.04010271861828849+0j)
-0.184	-0.033856	-0.00412179896568974	-0.039313241541945945	0.0	(-0.039313241541945945+0j)
-0.182	-0.033124	-0.004069986864584503	-0.03853140542933941	0.0	(-0.03853140542933941+0j)
-0.18	-0.0324	-0.004017673484802095	-0.03775722003812795	0.0	(-0.03775722003812795+0j)
-0.178	-0.031684	-0.003964867987273333	-0.036990695674204016	0.0	(-0.036990695674204016+0j)
-0.176	-0.030975999999999997	-0.003911580180565287	-0.036231843185515	0.0	(-0.036231843185515+0j)
-0.174	-0.030276000000000004	-0.0038578205304668953	-0.035480673952396485	0.0	(-0.035480673952396485+0j)
-0.172	-0.029584000000000006	-0.003803600168915268	-0.03473719987386726	0.0	(-0.03473719987386726+0j)
-0.17	-0.028900000000000006	-0.0037489309022242043	-0.03400143334925678	0.0	(-0.03400143334925678+0j)
-0.168	-0.028224000000000003	-0.0036938252185767196	-0.033273387254439964	0.0	(-0.033273387254439964+0j)
-0.166	-0.027556000000000004	-0.0036382962947437802	-0.03255307491184022	0.0	(-0.03255307491184022+0j)
-0.164	-0.026896000000000003	-0.003582358001991874	-0.03184051005323236	0.0	(-0.03184051005323236+0j)
-0.162	-0.026244	-0.0035260249111427567	-0.031135706774235224	0.0	(-0.031135706774235224+0j)
-0.16	-0.0256	-0.003469312296749336	-0.030438679479195246	0.0	(-0.030438679479195246+0j)
-0.158	-0.024964	-0.0034122361403525515	-0.029749442814974603	0.0	(-0.029749442814974603+0j)
-0.156	-0.024336	-0.0033548131327850754	-0.029068011591889792	0.0	(-0.029068011591889792+0j)
-0.154	-0.023716	-0.003297060675488724	-0.02839440068975936	0.0	(-0.02839440068975936+0j)
-0.152	-0.023104	-0.0032389968808136573	-0.027728624946622805	0.0	(-0.027728624946622805+0j)
-0.15	-0.0225	-0.0031806405712688206	-0.02707069902721167	0.0	(-0.02707069902721167+0j)
-0.148	-0.021903999999999996	-0.0031220112776944664	-0.026420637267592154	0.0	(-0.026420637267592154+0j)
-0.146	-0.021315999999999998	-0.0030631292363292005	-0.02577845349150436	0.0	(-0.02577845349150436+0j)
-0.144	-0.020736000000000004	-0.0030040153847456746	-0.025144160792658354	0.0	(-0.025144160792658354+0j)
-0.142	-0.020164000000000005	-0.002944691356630811	-0.024517771275402018	0.0	(-0.024517771275402018+0j)
-0.14	-0.019600000000000003	-0.002885179475388433	-0.023899295743428764	0.0	(-0.023899295743428764+0j)
-0.138	-0.019044000000000002	-0.0028255027465441175	-0.02328874332195658	0.0	(-0.02328874332195658+0j)
-0.136	-0.018496000000000002	-0.0027656848489342944	-0.022686120992133012	0.0	(-0.022686120992133012+0j)
-0.134	-0.017956000000000003	-0.0027057501246638294	-0.022091433005600986	0.0	(-0.022091433005600986+0j)
-0.132	-0.017424000000000002	-0.00264572356781866	-0.021504680129103563	0.0	(-0.021504680129103563+0j)
-0.13	-0.016900000000000002	-0.0025856308119225633	-0.020925858637973863	0.0	(-0.020925858637973863+0j)
-0.128	-0.016384	-0.002525498116129562	-0.020354958922098078	0.0	(-0.020354958922098078+0j)
-0.126	-0.015876	-0.002465352350146236	-0.01979196346567781	0.0	(-0.01979196346567781+0j)
-0.124	-0.015375999999999999	-0.0024052209778808054	-0.019236843763961415	0.0	(-0.019236843763961415+0j)
-0.122	-0.014884	-0.0023451320398186907	-0.018689555335015137	0.0	(-0.018689555335015137+0j)
-0.12	-0.0144	-0.0022851141341271013	-0.018150029101347307	0.0	(-0.018150029101347307+0j)
-0.118	-0.013924000000000002	-0.0022251963964941396	-0.01761815533329916	0.0	(-0.01761815533329916+0j)
-0.116	-0.013456000000000001	-0.0021654084787108303	-0.017093750928813267	0.0	(-0.017093750928813267+0j)
-0.114	-0.012996	-0.0021057805260075806	-0.016576484818504284	0.0	(-0.016576484818504284+0j)
-0.112	-0.012544000000000001	-0.0020463431531595874	-0.016065680332994933	0.0	(-0.016065680332994933+0j)
-0.11	-0.0121	-0.0019871274193788147	-0.015559662192088751	0.0	(-0.015559662192088751+0j)
-0.108	-0.011663999999999999	-0.0019281648020133004	-0.015052601238382687	0.0	(-0.015052601238382687+0j)
-0.106	-0.011236	-0.0018694871690776724	-0.014490838165967255	0.0	(-0.014490838165967255+0j)
-0.104	-0.010816000000000003	-0.0018111267506418802	-0.01425170781620191	-0.0002191743902306509	(-0.01425170781620191-0.0002191743902306509j)
-0.102	-0.010404000000000002	-0.001753116109108326	-0.01425170781620191	0.0002191743902306509	(-0.01425170781620191+0.0002191743902306509j)
-0.1	-0.010000000000000002	-0.0016954881084106231	-0.013724825360490373	0.0	(-0.013724825360490373+0j)
-0.098	-0.009604000000000001	-0.0016382758821704188	-0.013238823054445346	0.0	(-0.013238823054445346+0j)
-0.096	-0.009216	-0.0015815128008516528	-0.012776569386532327	0.0	(-0.012776569386532327+0j)
-0.094	-0.008836	-0.0015252324379547567	-0.012326305220291345	0.0	(-0.012326305220291345+0j)
-0.092	-0.008464	-0.0014694685352962178	-0.01188533964794706	0.0	(-0.01188533964794706+0j)
-0.09	-0.0081	-0.001414254967421803	-0.011452660245907097	0.0	(-0.011452660245907097+0j)
-0.088	-0.007743999999999999	-0.0013596257052046583	-0.011027762111768553	0.0	(-0.011027762111768553+0j)
-0.086	-0.0073960000000000015	-0.0013056147786821588	-0.010610336755568944	0.0	(-0.010610336755568944+0j)
-0.084	-0.007056000000000001	-0.0012522562391881296	-0.010200164617255985	0.0	(-0.010200164617255985+0j)
-0.082	-0.006724000000000001	-0.0011995841208394822	-0.009797071529180391	0.0	(-0.009797071529180391+0j)
-0.08	-0.0064	-0.0011476324014389147	-0.009400909322585683	0.0	(-0.009400909322585683+0j)
-0.078	-0.006084	-0.0010964349628575314	-0.009011546865593172	0.0	(-0.009011546865593172+0j)
-0.076	-0.005776	-0.0010460255509634614	-0.008628866116122572	0.0	(-0.008628866116122572+0j)
-0.074	-0.005475999999999999	-0.000996437735164596	-0.008252760811671797	0.0	(-0.008252760811671797+0j)
-0.072	-0.005184000000000001	-0.00094770486763551	-0.007883136656200902	0.0	(-0.007883136656200902+0j)
-0.07	-0.004900000000000001	-0.0008998600423003626	-0.0075199124125355735	0.0	(-0.0075199124125355735+0j)
-0.068	-0.0046240000000000005	-0.0008529360536450609	-0.007163021567412195	0.0	(-0.007163021567412195+0j)
-0.066	-0.0043560000000000005	-0.0008069653554336172	-0.0068124143643441435	0.0	(-0.0068124143643441435+0j)
-0.064	-0.004096	-0.0007619800194046122	-0.00646806006496464	0.0	(-0.00646806006496464+0j)
-0.062	-0.0038439999999999998	-0.0007180116940248751	-0.006129949333522933	0.0	(-0.006129949333522933+0j)
-0.06	-0.0036	-0.0006750915633783926	-0.00579809665687859	0.0	(-0.00579809665687859+0j)
-0.058	-0.0033640000000000002	-0.0006332503062689981	-0.0054725427213918685	0.0	(-0.0054725427213918685+0j)
-0.056	-0.0031360000000000003	-0.0005925180556159721	-0.005153356672683281	0.0	(-0.005153356672683281+0j)
-0.054	-0.0029159999999999998	-0.0005529243582219276	-0.00484063818671068	0.0	(-0.00484063818671068+0j)
-0.052000000000000005	-0.0027040000000000007	-0.0005144981349924395	-0.004534519282385489	0.0	(-0.004534519282385489+0j)
-0.05	-0.0025000000000000005	-0.00047726764168669854	-0.004235165807914578	0.0	(-0.004235165807914578+0j)
-0.048	-0.002304	-0.00044126043027814185	-0.003942778535799422	0.0	(-0.003942778535799422+0j)
-0.046	-0.002116	-0.0004065033110034564	-0.003657593805345897	0.0	(-0.003657593805345897+0j)
-0.044	-0.0019359999999999998	-0.0003730223151775843	-0.0033798836569105505	0.0	(-0.0033798836569105505+0j)
-0.042	-0.0017640000000000002	-0.00034084265885138756	-0.003109955409093151	0.0	(-0.003109955409093151+0j)
-0.04	-0.0016	-0.0003099887073872848	-0.0028481506387605707	0.0	(-0.0028481506387605707+0j)
-0.038	-0.001444	-0.0002804839410270807	-0.0025948435341426553	0.0	(-0.0025948435341426553+0j)
-0.036000000000000004	-0.0012960000000000003	-0.0002523509215242997	-0.002350438603185648	0.0	(-0.002350438603185648+0j)
-0.034	-0.0011560000000000001	-0.0002256112599116275	-0.0021153677327057185	0.0	(-0.0021153677327057185+0j)
-0.032	-0.001024	-0.00020028558547205075	-0.0018900866084073295	0.0	(-0.0018900866084073295+0j)
-0.03	-0.0009	-0.0001763935159802485	-0.0016750705211959296	0.0	(-0.0016750705211959296+0j)
-0.028	-0.0007840000000000001	-0.00015395362927793366	-0.001470809601038632	0.0	(-0.001470809601038632+0j)
-0.026000000000000002	-0.0006760000000000002	-0.0001329834362448143	-0.001277803535485133	0.0	(-0.001277803535485133+0j)
-0.024	-0.000576	-0.00011349935522368682	-0.0010965558453821626	0.0	(-0.0010965558453821626+0j)
-0.022	-0.00048399999999999995	-9.551668795536317e-05	-0.0009275678048177874	0.0	(-0.0009275678048177874+0j)
-0.02	-0.0004	-7.904959707628889e-05	-0.0007713321054242133	0.0	(-0.0007713321054242133+0j)
-0.018000000000000002	-0.00032400000000000007	-6.411108522758058e-05	-0.0006283263763698265	0.0	(-0.0006283263763698265+0j)
-0.016	-0.000256	-5.0712975822667095e-05	-0.0004990066802367063	0.0	(-0.0004990066802367063+0j)
-0.014	-0.00019600000000000002	-3.886589551443942e-05	-0.00038380111109706684	0.0	(-0.00038380111109706684+0j)
-0.012	-0.000144	-2.8579258402050556e-05	-0.00028310362414124296	0.0	(-0.00028310362414124296+0j)
-0.01	-0.0001	-1.9861252011921238e-05	-0.0001972682258990558	0.0	(-0.0001972682258990558+0j)
-0.008	-6.4e-05	-1.2718825083413154e-05	-0.00012660365028208234	0.0	(-0.00012660365028208234+0j)
-0.006	-3.6e-05	-7.157677189284506e-06	-7.13686383067069e-05	0.0	(-7.13686383067069e-05+0j)
-0.004	-1.6e-05	-3.1822502044587253e-06	-3.17679285238137e-05	0.0	(-3.17679285238137e-05+0j)
-0.002	-4e-06	-7.957216663356803e-07	-7.949053075537364e-06	0.0	(-7.949053075537364e-06+0j)
0.002	4e-06	7.957216663356803e-07	7.94905307561518e-06	0.0	(7.94905307561518e-06+0j)
0.004	1.6e-05	3.1822502044587253e-06	3.176792852382981e-05	0.0	(3.176792852382981e-05+0j)
0.006	3.6e-05	7.157677189284506e-06	7.13686383066916e-05	0.0	(7.13686383066916e-05+0j)
0.008	6.4e-05	1.2718825083413154e-05	0.00012660365028207264	0.0	(0.00012660365028207264+0j)
0.01	0.0001	1.9861252011921238e-05	0.00019726822589907474	0.0	(0.00019726822589907474+0j)
0.012	0.000144	2.8579258402050556e-05	0.00028310362414124454	0.0	(0.00028310362414124454+0j)
0.014	0.00019600000000000002	3.886589551443942e-05	0.00038380111109712745	0.0	(0.00038380111109712745+0j)
0.016	0.000256	5.0712975822667095e-05	0.000499006680236719	0.0	(0.000499006680236719+0j)
0.018000000000000002	0.00032400000000000007	6.411108522758058e-05	0.000628326376369849	0.0	(0.000628326376369849+0j)
0.02	0.0004	7.904959707628889e-05	0.0007713321054242242	0.0	(0.0007713321054242242+0j)
0.022	0.00048399999999999995	9.551668795536317e-05	0.000927567804817795	0.0	(0.000927567804817795+0j)
0.024	0.000576	0.00011349935522368682	0.0010965558453821802	0.0	(0.0010965558453821802+0j)
0.026000000000000002	0.0006760000000000002	0.0001329834362448143	0.001277803535485118	0.0	(0.001277803535485118+0j)
0.028	0.0007840000000000001	0.00015395362927793366	0.0014708096010386334	0.0	(0.0014708096010386334+0j)
0.03	0.0009	0.0001763935159802485	0.0016750705211959638	0.0	(0.0016750705211959638+0j)
0.032	0.001024	0.00020028558547205075	0.00189008660840739	0.0	(0.00189008660840739+0j)
0.034	0.0011560000000000001	0.0002256112599116275	0.0021153677327057016	0.0	(0.0021153677327057016+0j)
0.036000000000000004	0.0012960000000000003	0.0002523509215242997	0.002350438603185643	0.0	(0.002350438603185643+0j)
0.038	0.001444	0.0002804839410270807	0.002594843534142678	0.0	(0.002594843534142678+0j)
0.04	0.0016	0.0003099887073872848	0.0028481506387605625	0.0	(0.0028481506387605625+0j)
0.042	0.0017640000000000002	0.00034084265885138756	0.003109955409093164	0.0	(0.003109955409093164+0j)
0.044	0.0019359999999999998	0.0003730223151775843	0.0033798836569105	0.0	(0.0033798836569105+0j)
0.046	0.002116	0.0004065033110034564	0.0036575938053459173	0.0	(0.0036575938053459173+0j)
0.048	0.002304	0.00044126043027814185	0.003942778535799417	0.0	(0.003942778535799417+0j)
0.05	0.0025000000000000005	0.00047726764168669854	0.004235165807914601	0.0	(0.004235165807914601+0j)
0.052000000000000005	0.0027040000000000007	0.0005144981349924395	0.004534519282385445	0.0	(0.004534519282385445+0j)
0.054	0.0029159999999999998	0.0005529243582219276	0.004840638186710696	0.0	(0.004840638186710696+0j)
0.056	0.0031360000000000003	0.0005925180556159721	0.005153356672683266	0.0	(0.005153356672683266+0j)
0.058	0.0033640000000000002	0.0006332503062689981	0.005472542721391848	0.0	(0.005472542721391848+0j)
0.06	0.0036	0.0006750915633783926	0.005798096656878621	0.0	(0.005798096656878621+0j)
0.062	0.0038439999999999998	0.0007180116940248751	0.006129949333522968	0.0	(0.006129949333522968+0j)
0.064	0.004096	0.0007619800194046122	0.0064680600649647	0.0	(0.0064680600649647+0j)
0.066	0.0043560000000000005	0.0008069653554336172	0.0068124143643440785	0.0	(0.0068124143643440785+0j)
0.068	0.0046240000000000005	0.0008529360536450609	0.0071630215674122815	0.0	(0.0071630215674122815+0j)
0.07	0.004900000000000001	0.0008998600423003626	0.007519912412535593	0.0	(0.007519912412535593+0j)
0.07200000000000001	0.005184000000000001	0.00094770486763551	0.007883136656200869	0.0	(0.007883136656200869+0j)
0.074	0.005475999999999999	0.000996437735164596	0.008252760811671828	0.0	(0.008252760811671828+0j)
0.076	0.005776	0.0010460255509634614	0.008628866116122501	0.0	(0.008628866116122501+0j)
0.078	0.006084	0.0010964349628575314	0.00901154686559314	0.0	(0.00901154686559314+0j)
0.08	0.0064	0.0011476324014389147	0.009400909322585738	0.0	(0.009400909322585738+0j)
0.082	0.006724000000000001	0.0011995841208394822	0.009797071529180447	0.0	(0.009797071529180447+0j)
0.084	0.007056000000000001	0.0012522562391881296	0.010200164617255975	0.0	(0.010200164617255975+0j)
0.08600000000000001	0.0073960000000000015	0.0013056147786821588	0.010610336755568927	0.0	(0.010610336755568927+0j)
0.088	0.007743999999999999	0.0013596257052046583	0.011027762111768548	0.0	(0.011027762111768548+0j)
0.09	0.0081	0.001414254967421803	0.011452660245907069	0.0	(0.011452660245907069+0j)
0.092	0.008464	0.0014694685352962178	0.011885339647947095	0.0	(0.011885339647947095+0j)
0.094	0.008836	0.0015252324379547567	0.012326305220291387	0.0	(0.012326305220291387+0j)
0.096	0.009216	0.0015815128008516528	0.012776569386532276	0.0	(0.012776569386532276+0j)
0.098	0.009604000000000001	0.0016382758821704188	0.01323882305444538	0.0	(0.01323882305444538+0j)
0.1	0.010000000000000002	0.0016954881084106231	0.013724825360490408	0.0	(0.013724825360490408+0j)
0.10200000000000001	0.010404000000000002	0.001753116109108326	0.014251707816201832	-0.0002191743902306106	(0.014251707816201832-0.0002191743902306106j)
0.10400000000000001	0.010816000000000003	0.0018111267506418802	0.014251707816201832	0.0002191743902306106	(0.014251707816201832+0.0002191743902306106j)
0.106	0.011236	0.0018694871690776724	0.014490838165967182	0.0	(0.014490838165967182+0j)
0.108	0.011663999999999999	0.0019281648020133004	0.015052601238382611	0.0	(0.015052601238382611+0j)
0.11	0.0121	0.0019871274193788147	0.01555966219208878	0.0	(0.01555966219208878+0j)
0.112	0.012544000000000001	0.0020463431531595874	0.016065680332994978	0.0	(0.016065680332994978+0j)
0.114	0.012996	0.0021057805260075806	0.016576484818504197	0.0	(0.016576484818504197+0j)
0.116	0.013456000000000001	0.0021654084787108303	0.017093750928813347	0.0	(0.017093750928813347+0j)
0.11800000000000001	0.013924000000000002	0.0022251963964941396	0.01761815533329914	0.0	(0.01761815533329914+0j)
0.12	0.0144	0.0022851141341271013	0.018150029101347324	0.0	(0.018150029101347324+0j)
0.122	0.014884	0.0023451320398186907	0.01868955533501472	0.0	(0.01868955533501472+0j)
0.124	0.015375999999999999	0.0024052209778808054	0.01923684376396126	0.0	(0.01923684376396126+0j)
0.126	0.015876	0.002465352350146236	0.019791963465677808	0.0	(0.019791963465677808+0j)
0.128	0.016384	0.002525498116129562	0.020354958922098	0.0	(0.020354958922098+0j)
0.13	0.016900000000000002	0.0025856308119225633	0.02092585863797385	0.0	(0.02092585863797385+0j)
0.132	0.017424000000000002	0.00264572356781866	0.021504680129103615	0.0	(0.021504680129103615+0j)
0.134	0.017956000000000003	0.0027057501246638294	0.022091433005601152	0.0	(0.022091433005601152+0j)
0.136	0.018496000000000002	0.0027656848489342944	0.02268612099213326	0.0	(0.02268612099213326+0j)
0.138	0.019044000000000002	0.0028255027465441175	0.02328874332195651	0.0	(0.02328874332195651+0j)
0.14	0.019600000000000003	0.002885179475388433	0.0238992957434286	0.0	(0.0238992957434286+0j)
0.14200000000000002	0.020164000000000005	0.002944691356630811	0.024517771275401775	0.0	(0.024517771275401775+0j)
0.14400000000000002	0.020736000000000004	0.0030040153847456746	0.025144160792658486	0.0	(0.025144160792658486+0j)
0.146	0.021315999999999998	0.0030631292363292005	0.025778453491504403	0.0	(0.025778453491504403+0j)
0.148	0.021903999999999996	0.0031220112776944664	0.026420637267591914	0.0	(0.026420637267591914+0j)
0.15	0.0225	0.0031806405712688206	0.027070699027211664	0.0	(0.027070699027211664+0j)
0.152	0.023104	0.0032389968808136573	0.02772862494662285	0.0	(0.02772862494662285+0j)
0.154	0.023716	0.003297060675488724	0.028394400689759555	0.0	(0.028394400689759555+0j)
0.156	0.024336	0.0033548131327850754	0.029068011591889865	0.0	(0.029068011591889865+0j)
0.158	0.024964	0.0034122361403525515	0.029749442814974655	0.0	(0.029749442814974655+0j)
0.16	0.0256	0.003469312296749336	0.030438679479195273	0.0	(0.030438679479195273+0j)
0.162	0.026244	0.0035260249111427567	0.031135706774235345	0.0	(0.031135706774235345+0j)
0.164	0.026896000000000003	0.003582358001991874	0.0318405100532323	0.0	(0.0318405100532323+0j)
0.166	0.027556000000000004	0.0036382962947437802	0.03255307491184	0.0	(0.03255307491184+0j)
0.168	0.028224000000000003	0.0036938252185767196	0.0332733872544399	0.0	(0.0332733872544399+0j)
0.17	0.028900000000000006	0.0037489309022242043	0.03400143334925689	0.0	(0.03400143334925689+0j)
0.17200000000000001	0.029584000000000006	0.003803600168915268	0.03473719987386748	0.0	(0.03473719987386748+0j)
0.17400000000000002	0.030276000000000004	0.0038578205304668953	0.035480673952396714	0.0	(0.035480673952396714+0j)
0.176	0.030975999999999997	0.003911580180565287	0.03623184318551507	0.0	(0.03623184318551507+0j)
0.178	0.031684	0.003964867987273333	0.03699069567420411	0.0	(0.03699069567420411+0j)
0.18	0.0324	0.004017673484802095	0.03775722003812795	0.0	(0.03775722003812795+0j)
0.182	0.033124	0.004069986864584503	0.03853140542933934	0.0	(0.03853140542933934+0j)
0.184	0.033856	0.00412179896568974	0.03931324154194594	0.0	(0.03931324154194594+0j)
0.186	0.034596	0.004173101264616972	0.0401027186182884	0.0	(0.0401027186182884+0j)
0.188	0.035344	0.004223885864507089	0.040899827452099774	0.0	(0.040899827452099774+0j)
0.19	0.0361	0.00427414548381117	0.041704559389058635	0.0	(0.041704559389058635+0j)
0.192	0.036864	0.004323873444454142	0.042516906325087735	0.0	(0.042516906325087735+0j)
0.194	0.037636	0.004373063659531983	0.04333686070270784	0.0	(0.04333686070270784+0j)
0.196	0.038416000000000006	0.0044217106205804236	0.044164415505713636	0.0	(0.044164415505713636+0j)
0.198	0.039204	0.004469809384452717	0.0449995642524008	0.0	(0.0449995642524008+0j)
0.2	0.04000000000000001	0.004517355559843599	0.045842300987542946	0.0	(0.045842300987542946+0j)
0.202	0.04080400000000001	0.004564345293495945	0.046692620273302135	0.0	(0.046692620273302135+0j)
0.20400000000000001	0.04161600000000001	0.0046107752561260346	0.04755051717920936	0.0	(0.04755051717920936+0j)
0.20600000000000002	0.04243600000000001	0.004656642628102626	0.04841598727136542	0.0	(0.04841598727136542+0j)
0.20800000000000002	0.04326400000000001	0.004701945084914278	0.04928902660096585	0.0	(0.04928902660096585+0j)
0.21	0.04409999999999999	0.004746680782458521	0.050169631692259124	0.0	(0.050169631692259124+0j)
0.212	0.044944	0.004790848342185636	0.05105779953002527	0.0	(0.05105779953002527+0j)
0.214	0.045795999999999996	0.004834446836128839	0.0519535275466642	0.0	(0.0519535275466642+0j)
0.216	0.046655999999999996	0.004877475771851728	0.05285681360894738	0.0	(0.05285681360894738+0j)
0.218	0.047524	0.004919935077342814	0.053767656004520645	0.0	(0.053767656004520645+0j)
0.22	0.0484	0.004961825085885935	0.05468605342819555	0.0	(0.05468605342819555+0j)
0.222	0.049284	0.005003146520934266	0.055612004968095805	0.0	(0.055612004968095805+0j)
0.224	0.050176000000000005	0.005043900481014521	0.05654551009169376	0.0	(0.05654551009169376+0j)
0.226	0.051076	0.00508408842468684	0.0574865686317937	0.0	(0.0574865686317937+0j)
0.228	0.051984	0.005123712155584701	0.058435180772486654	0.0	(0.058435180772486654+0j)
0.23	0.0529	0.005162773807558027	0.05939134703512153	0.0	(0.05939134703512153+0j)
0.232	0.053824000000000004	0.005201275829941501	0.06035506826432665	0.0	(0.06035506826432665+0j)
0.234	0.054756000000000006	0.005239220972968928	0.061326345614100906	0.0	(0.061326345614100906+0j)
0.23600000000000002	0.05569600000000001	0.0052766122733532905	0.06230518053401479	0.0	(0.06230518053401479+0j)
0.23800000000000002	0.05664400000000001	0.005313453040050987	0.06329157475553929	0.0	(0.06329157475553929+0j)
0.24	0.0576	0.005349746840227549	0.0642855302785241	0.0	(0.0642855302785241+0j)
0.242	0.058564	0.005385497485440963	0.06528704935785423	0.0	(0.06528704935785423+0j)
0.244	0.059536	0.005420709018057614	0.06629613449029373	0.0	(0.06629613449029373+0j)
0.246	0.060516	0.0054553856979146316	0.06731278840154568	0.0	(0.06731278840154568+0j)
0.248	0.061503999999999996	0.00548953198924142	0.06833701403353189	0.0	(0.06833701403353189+0j)
0.25	0.0625	0.005523152547851894	0.06936881453192273	0.0	(0.06936881453192273+0j)
0.252	0.063504	0.005556252208617998	0.07040819323390878	0.0	(0.07040819323390878+0j)
0.254	0.064516	0.005588835973233927	0.07145515365625116	0.0	(0.07145515365625116+0j)
0.256	0.065536	0.005620908998279448	0.07250969948359698	0.0	(0.07250969948359698+0j)
0.258	0.066564	0.005652476583589746	0.07357183455709353	0.0	(0.07357183455709353+0j)
0.26	0.06760000000000001	0.005683544160938166	0.074641562863295	0.0	(0.074641562863295+0j)
0.262	0.06864400000000001	0.005714117283037329	0.0757188885233917	0.0	(0.0757188885233917+0j)
0.264	0.06969600000000001	0.005744201612863157	0.07680381578285507	0.0	(0.07680381578285507+0j)
0.266	0.07075600000000001	0.005773802913305405	0.07789634900217965	0.0	(0.07789634900217965+0j)
0.268	0.07182400000000001	0.005802927037147532	0.0789964927976431	0.0	(0.0789964927976431+0j)
0.27	0.0729	0.005831579917377828	0.0790377996611399	0.0	(0.0790377996611399+0j)
0.272	0.07398400000000001	0.0058597675578329796	0.08010425124347664	0.0	(0.08010425124347664+0j)
0.274	0.07507600000000002	0.005887496024174492	0.08121962948425107	0.0	(0.08121962948425107+0j)
0.276	0.07617600000000001	0.005914771435197643	0.08234263206338219	0.0	(0.08234263206338219+0j)
0.278	0.07728400000000002	0.005941599954472012	0.08347326376936796	0.0	(0.08347326376936796+0j)
0.28	0.07840000000000001	0.005967987782311933	0.08461152944881944	0.0	(0.08461152944881944+0j)
0.28200000000000003	0.07952400000000001	0.005993941148074632	0.08575743399961615	0.0	(0.08575743399961615+0j)
0.28400000000000003	0.08065600000000002	0.006019466302783259	0.08691098236342937	0.0	(0.08691098236342937+0j)
0.28600000000000003	0.08179600000000002	0.006044569512071436	0.0880721795184328	0.0	(0.0880721795184328+0j)
0.28800000000000003	0.08294400000000002	0.006069257049445496	0.08924103047230786	0.0	(0.08924103047230786+0j)
0.29	0.0841	0.0060935351898600875	0.09041754025554495	0.0	(0.09041754025554495+0j)
0.292	0.08526399999999999	0.006117410203602394	0.09160171391504557	0.0	(0.09160171391504557+0j)
0.294	0.08643599999999999	0.006140888350479837	0.09279355650803078	0.0	(0.09279355650803078+0j)
0.296	0.08761599999999999	0.006163975874305751	0.09399307309623835	0.0	(0.09399307309623835+0j)
0.298	0.088804	0.00618667899767719	0.09520026874041451	0.0	(0.09520026874041451+0j)
0.3	0.09	0.00620900391703873	0.09641514849508695	0.0	(0.09641514849508695+0j)
0.302	0.091204	0.006230956798025868	0.09763771740361858	0.0	(0.09763771740361858+0j)
0.304	0.092416	0.006252543771081379	0.09886798049353746	0.0	(0.09886798049353746+0j)
0.306	0.093636	0.0062737709273377636	0.10010594277212603	0.0	(0.10010594277212603+0j)
0.308	0.094864	0.006294644314758765	0.1013516092222763	0.0	(0.1013516092222763+0j)
0.31	0.0961	0.006315169934532789	0.10260498479859803	0.0	(0.10260498479859803+0j)
0.312	0.097344	0.006335353737710871	0.10386607442376793	0.0	(0.10386607442376793+0j)
0.314	0.098596	0.006355201622081819	0.10513488298512359	0.0	(0.10513488298512359+0j)
0.316	0.099856	0.006374719429277012	0.1064114153314859	0.0	(0.1064114153314859+0j)
0.318	0.101124	0.006393912942097308	0.1076956762702123	0.0	(0.1076956762702123+0j)
0.32	0.1024	0.006412787882054485	0.10898767056445027	0.0	(0.10898767056445027+0j)
0.322	0.10368400000000001	0.006431349907119606	0.1102874029306246	0.0	(0.1102874029306246+0j)
0.324	0.104976	0.0064496046096707135	0.11159487803610689	0.0	(0.11159487803610689+0j)
0.326	0.10627600000000001	0.006467557514632289	0.1129101004970925	0.0	(0.1129101004970925+0j)
0.328	0.10758400000000001	0.006485214077798933	0.11423307487665724	0.0	(0.11423307487665724+0j)
0.33	0.10890000000000001	0.006502579684335808	0.11556380568299468	0.0	(0.11556380568299468+0j)
0.332	0.11022400000000002	0.00651965964744842	0.11690229736783457	0.0	(0.11690229736783457+0j)
0.334	0.11155600000000002	0.006536459207214419	0.11824855432501558	0.0	(0.11824855432501558+0j)
0.336	0.11289600000000001	0.006552983529570215	0.11960258088922296	0.0	(0.11960258088922296+0j)
0.338	0.11424400000000001	0.006569237705445268	0.12096438133487514	0.0	(0.12096438133487514+0j)
0.34	0.11560000000000002	0.006585226750037065	0.12233395987515673	0.0	(0.12233395987515673+0j)
0.342	0.11696400000000001	0.006600955602219929	0.1237113206611854	0.0	(0.1237113206611854+0j)
0.34400000000000003	0.11833600000000002	0.0066164291240809105	0.12509646778131442	0.0	(0.12509646778131442+0j)
0.34600000000000003	0.11971600000000002	0.006631652100576179	0.12648940526055058	0.0	(0.12648940526055058+0j)
0.34800000000000003	0.12110400000000002	0.00664662923930151	0.1278901370601022	0.0	(0.1278901370601022+0j)
0.35000000000000003	0.12250000000000003	0.0066613651703705465	0.12929866707702342	0.0	(0.12929866707702342+0j)
0.352	0.12390399999999999	0.0066758644463947685	0.130714999143983	0.0	(0.130714999143983+0j)
0.354	0.12531599999999998	0.006690131542559199	0.13213913702911076	0.0	(0.13213913702911076+0j)
0.356	0.126736	0.006704170856788092	0.13357108443595062	0.0	(0.13357108443595062+0j)
0.358	0.128164	0.006717986709994998	0.1350108450035012	0.0	(0.1350108450035012+0j)
0.36	0.1296	0.00673158334641179	0.13645842230633395	0.0	(0.13645842230633395+0j)
0.362	0.131044	0.006744964933991411	0.13791381985479306	0.0	(0.13791381985479306+0j)
0.364	0.132496	0.006758135564879277	0.13937704109525717	0.0	(0.13937704109525717+0j)
0.366	0.133956	0.006771099255948464	0.14084808941048696	0.0	(0.14084808941048696+0j)
0.368	0.135424	0.006783859949393968	0.14232696812001105	0.0	(0.14232696812001105+0j)
0.37	0.1369	0.006796421513381529	0.14381368048059254	0.0	(0.14381368048059254+0j)
0.372	0.138384	0.006808787742746662	0.14530822968673235	0.0	(0.14530822968673235+0j)
0.374	0.139876	0.00682096235973975	0.14681061887122657	0.0	(0.14681061887122657+0j)
0.376	0.141376	0.00683294901481319	0.14832085110577406	0.0	(0.14832085110577406+0j)
0.378	0.142884	0.006844751287446789	0.14983892940161786	0.0	(0.14983892940161786+0j)
0.38	0.1444	0.006856372687007759	0.1513648567102281	0.0	(0.1513648567102281+0j)
0.382	0.145924	0.006867816653641847	0.15289863592401642	0.0	(0.15289863592401642+0j)
0.384	0.147456	0.006879086559192266	0.15444026987708048	0.0	(0.15444026987708048+0j)
0.386	0.14899600000000002	0.006890185708143298	0.15598976134598364	0.0	(0.15598976134598364+0j)
0.388	0.150544	0.006901117338585562	0.1575471130505464	0.0	(0.1575471130505464+0j)
0.39	0.1521	0.006911884623200134	0.15911232765466649	0.0	(0.15911232765466649+0j)
0.392	0.15366400000000002	0.006922490670258788	0.16068540776716286	0.0	(0.16068540776716286+0j)
0.394	0.155236	0.006932938524637872	0.16226635594262181	0.0	(0.16226635594262181+0j)
0.396	0.156816	0.006943231168843391	0.1638551746822682	0.0	(0.1638551746822682+0j)
0.398	0.15840400000000002	0.006953371524045026	0.16545186643484133	0.0	(0.16545186643484133+0j)
0.4	0.16000000000000003	0.006963362451117005	0.16705643359749145	0.0	(0.16705643359749145+0j)
0.402	0.16160400000000003	0.006973206751683789	0.16866887851666726	0.0	(0.16866887851666726+0j)
0.404	0.16321600000000003	0.006982907169168737	0.17028920348901555	0.0	(0.17028920348901555+0j)
0.406	0.164836	0.006992466389843968	0.17191741076229297	0.0	(0.17191741076229297+0j)
0.40800000000000003	0.16646400000000003	0.007001887043879816	0.17355350253626373	0.0	(0.17355350253626373+0j)
0.41000000000000003	0.16810000000000003	0.007011171706392335	0.1751974809636127	0.0	(0.1751974809636127+0j)
0.41200000000000003	0.16974400000000003	0.007020322898487473	0.17684934815084505	0.0	(0.17684934815084505+0j)
0.41400000000000003	0.17139600000000002	0.007029343088300537	0.17850910615918936	0.0	(0.17850910615918936+0j)
0.41600000000000004	0.17305600000000004	0.007038234692029843	0.18017675700550095	0.0	(0.18017675700550095+0j)
0.418	0.174724	0.007047000074963312	0.1818523026631489	0.0	(0.1818523026631489+0j)
0.42	0.17639999999999997	0.007055641552497087	0.18353574506290415	0.0	(0.18353574506290415+0j)
0.422	0.178084	0.007064161391145177	0.18522708609382768	0.0	(0.18522708609382768+0j)
0.424	0.179776	0.007072561809539276	0.18692632760413852	0.0	(0.18692632760413852+0j)
0.426	0.181476	0.007080844979417984	0.1886334714020751	0.0	(0.1886334714020751+0j)
0.428	0.18318399999999999	0.007089013026604726	0.19034851925674942	0.0	(0.19034851925674942+0j)
0.43	0.18489999999999998	0.00709706803197372	0.1920714728990037	0.0	(0.1920714728990037+0j)
0.432	0.18662399999999998	0.007105012032403433	0.19380233402222832	0.0	(0.19380233402222832+0j)
0.434	0.188356	0.007112847021717007	0.1955411042831963	0.0	(0.1955411042831963+0j)
0.436	0.190096	0.007120574951609242	0.19728778530286833	0.0	(0.19728778530286833+0j)
0.438	0.191844	0.007128197732559686	0.1990423786671973	0.0	(0.1990423786671973+0j)
0.44	0.1936	0.007135717234731543	0.20080488592790746	0.0	(0.20080488592790746+0j)
0.442	0.195364	0.007143135288856094	0.20257530860327932	0.0	(0.20257530860327932+0j)
0.444	0.197136	0.007150453687102374	0.2043536481788975	0.0	(0.2043536481788975+0j)
0.446	0.198916	0.007157674183931937	0.20613990610841101	0.0	(0.20613990610841101+0j)
0.448	0.20070400000000002	0.007164798496938508	0.20793408381426215	0.0	(0.20793408381426215+0j)
0.45	0.2025	0.007171828307672452	0.20973618268840605	0.0	(0.20973618268840605+0j)
0.452	0.204304	0.0071787652624499265	0.2115462040930176	0.0	(0.2115462040930176+0j)
0.454	0.20611600000000002	0.007185610973146704	0.21336414936119166	0.0	(0.21336414936119166+0j)
0.456	0.207936	0.007192367017976611	0.2151900197976184	0.0	(0.2151900197976184+0j)
0.458	0.209764	0.00719903494225463	0.21702381667924725	0.0	(0.21702381667924725+0j)
0.46	0.2116	0.0072056162591446395	0.21886554125594196	0.0	(0.21886554125594196+0j)
0.462	0.21344400000000002	0.007212112450391916	0.2207151947511199	0.0	(0.2207151947511199+0j)
0.464	0.21529600000000002	0.007218524967040434	0.2225727783623774	0.0	(0.2225727783623774+0j)
0.466	0.21715600000000002	0.007224855230135052	0.22443829326209572	0.0	(0.22443829326209572+0j)
0.468	0.21902400000000002	0.007231104631408759	0.2263117405980501	0.0	(0.2263117405980501+0j)
0.47000000000000003	0.22090000000000004	0.007237274533955054	0.2281931214939825	0.0	(0.2281931214939825+0j)
0.47200000000000003	0.22278400000000004	0.007243366272885639	0.230082437050179	0.0	(0.230082437050179+0j)
0.47400000000000003	0.22467600000000004	0.0072493811559735995	0.23197968834402685	0.0	(0.23197968834402685+0j)
0.47600000000000003	0.22657600000000003	0.007255320464282209	0.233884876430566	0.0	(0.233884876430566+0j)
0.47800000000000004	0.22848400000000005	0.007261185452779586	0.2357980023430091	0.0	(0.2357980023430091+0j)
0.48	0.2304	0.007266977350939373	0.2377190670932729	0.0	(0.2377190670932729+0j)
0.482	0.23232399999999997	0.007272697363327649	0.2396480716724792	0.0	(0.2396480716724792+0j)
0.484	0.234256	0.007278346670176293	0.24158501705145663	0.0	(0.24158501705145663+0j)
0.486	0.236196	0.007283926427943014	0.2435299041812188	0.0	(0.2435299041812188+0j)
0.488	0.238144	0.0072894377698582615	0.24548273399343815	0.0	(0.24548273399343815+0j)
0.49	0.24009999999999998	0.007294881806459266	0.2474435074009085	0.0	(0.2474435074009085+0j)
0.492	0.242064	0.007300259626111419	0.24941222529798743	0.0	(0.24941222529798743+0j)
0.494	0.244036	0.007305572295517242	0.25138888856103897	0.0	(0.25138888856103897+0j)
0.496	0.24601599999999998	0.007310820860213186	0.25337349804886256	0.0	(0.25337349804886256+0j)
0.498	0.248004	0.007316006345054479	0.2553660546031055	0.0	(0.2553660546031055+0j)
0.5	0.25	0.00732112975468828	0.2573665590486676	0.0	(0.2573665590486676+0j)
0.502	0.252004	0.0073261920740153854	0.2593750121940989	0.0	(0.2593750121940989+0j)
0.504	0.254016	0.007331194268640705	0.26139141483198647	0.0	(0.26139141483198647+0j)
0.506	0.256036	0.0073361372853127695	0.26341576773932435	0.0	(0.26341576773932435+0j)
0.508	0.258064	0.0073410220523524895	0.26544807167788137	0.0	(0.26544807167788137+0j)
0.51	0.2601	0.007345849480071427	0.2674883273945676	0.0	(0.2674883273945676+0j)
0.512	0.262144	0.007350620461179787	0.26953653562177404	0.0	(0.26953653562177404+0j)
0.514	0.264196	0.007355335871184395	0.27159269707769734	0.0	(0.27159269707769734+0j)
0.516	0.266256	0.0073599965687768535	0.273656812466702	0.0	(0.273656812466702+0j)
0.518	0.268324	0.007364603396212144	0.27572888247960975	0.0	(0.27572888247960975+0j)
0.52	0.27040000000000003	0.007369157179677871	0.2778089077940263	0.0	(0.2778089077940263+0j)
0.522	0.272484	0.007373658729654398	0.2798968890746602	0.0	(0.2798968890746602+0j)
0.524	0.27457600000000004	0.007378108841266062	0.2819928269735867	0.0	(0.2819928269735867+0j)
0.526	0.27667600000000003	0.007382508294623718	0.28409672213056975	0.0	(0.28409672213056975+0j)
0.528	0.27878400000000003	0.007386857855158796	0.28620857517332216	0.0	(0.28620857517332216+0j)
0.53	0.28090000000000004	0.007391158273949105	0.2883283867177963	0.0	(0.2883283867177963+0j)
0.532	0.28302400000000005	0.007395410288036565	0.29045615736843966	0.0	(0.29045615736843966+0j)
0.534	0.285156	0.007399614620737094	0.2925918877184609	0.0	(0.2925918877184609+0j)
0.536	0.28729600000000005	0.007403771981942827	0.29473557835008063	0.0	(0.29473557835008063+0j)
0.538	0.28944400000000003	0.007407883068416872	0.29688722983478827	0.0	(0.29688722983478827+0j)
0.54	0.2916	0.00741194856408078	0.2990468427335611	0.0	(0.2990468427335611+0j)
0.542	0.293764	0.007415969140294949	0.3012144175971311	0.0	(0.3012144175971311+0j)
0.544	0.29593600000000003	0.007419945456132089	0.3033899549661858	0.0	(0.3033899549661858+0j)
0.546	0.29811600000000005	0.007423878158643983	0.3055734553716053	0.0	(0.3055734553716053+0j)
0.548	0.30030400000000007	0.007427767883121665	0.3077649193346718	0.0	(0.3077649193346718+0j)
0.55	0.30250000000000005	0.0074316152533492495	0.30996434736729517	0.0	(0.30996434736729517+0j)
0.552	0.30470400000000003	0.007435420881851495	0.3121717399721966	0.0	(0.3121717399721966+0j)
0.554	0.3069160000000001	0.007439185370135348	0.31438709764313266	0.0	(0.31438709764313266+0j)
0.556	0.3091360000000001	0.00744290930892556	0.316610420865074	0.0	(0.316610420865074+0j)
0.558	0.3113640000000001	0.007446593278394579	0.3188417101144066	0.0	(0.3188417101144066+0j)
0.56	0.31360000000000005	0.007450237848386832	0.321080965859113	0.0	(0.321080965859113+0j)
0.562	0.31584400000000007	0.0074538435786375675	0.3233281885589586	0.0	(0.3233281885589586+0j)
0.5640000000000001	0.31809600000000005	0.007457411018986386	0.32558337866565557	0.0	(0.32558337866565557+0j)
0.5660000000000001	0.3203560000000001	0.007460940709585612	0.3278465366230561	0.0	(0.3278465366230561+0j)
0.5680000000000001	0.3226240000000001	0.007464433181103637	0.33011766286729816	0.0	(0.33011766286729816+0j)
0.5700000000000001	0.3249000000000001	0.007467888954923352	0.3323967578269882	0.0	(0.3323967578269882+0j)
0.5720000000000001	0.3271840000000001	0.007471308543335835	0.3346838219233429	0.0	(0.3346838219233429+0j)
0.5740000000000001	0.3294760000000001	0.007474692449729372	0.33697885557036367	0.0	(0.33697885557036367+0j)
0.5760000000000001	0.33177600000000007	0.007478041168773975	0.33928185917497616	0.0	(0.33928185917497616+0j)
0.578	0.33408399999999994	0.007481355186601487	0.341592833137176	0.0	(0.341592833137176+0j)
0.58	0.3364	0.007484634980981415	0.3439117778501875	0.0	(0.3439117778501875+0j)
0.582	0.33872399999999997	0.0074878810214925725	0.34623869370058824	0.0	(0.34623869370058824+0j)
0.584	0.34105599999999997	0.007491093769690676	0.348573581068461	0.0	(0.348573581068461+0j)
0.586	0.343396	0.0074942736792719695	0.35091644032750713	0.0	(0.35091644032750713+0j)
0.588	0.34574399999999994	0.007497421196233013	0.35326727184521395	0.0	(0.35326727184521395+0j)
0.59	0.34809999999999997	0.007500536759026707	0.3556260759829298	0.0	(0.3556260759829298+0j)
0.592	0.35046399999999994	0.007503620798714662	0.35799285309604845	0.0	(0.35799285309604845+0j)
0.594	0.352836	0.007506673739116022	0.36036760353407693	0.0	(0.36036760353407693+0j)
0.596	0.355216	0.0075096959969528105	0.3627503276407885	0.0	(0.3627503276407885+0j)
0.598	0.357604	0.007512687981991909	0.3651410257543259	0.0	(0.3651410257543259+0j)
0.6	0.36	0.007515650097183742	0.36753969820731486	0.0	(0.36753969820731486+0j)
0.602	0.36240399999999995	0.007518582738797768	0.3699463453269745	0.0	(0.3699463453269745+0j)
0.604	0.364816	0.007521486296554846	0.3723609674352336	0.0	(0.3723609674352336+0j)
0.606	0.367236	0.007524361153756557	0.3747835648488117	0.0	(0.3747835648488117+0j)
0.608	0.369664	0.0075272076874115905	0.3772141378793528	0.0	(0.3772141378793528+0j)
0.61	0.3721	0.0075300262683592085	0.3796526868335032	0.0	(0.3796526868335032+0j)
0.612	0.374544	0.007532817261389942	0.3820992120130267	0.0	(0.3820992120130267+0j)
0.614	0.376996	0.007535581025363513	0.38455371371487773	0.0	(0.38455371371487773+0j)
0.616	0.379456	0.007538317913324118	0.3870161922313189	0.0	(0.3870161922313189+0j)
0.618	0.381924	0.0075410282726130935	0.3894866478499886	0.0	(0.3894866478499886+0j)
0.62	0.3844	0.007543712444979056	0.39196508085401593	0.0	(0.39196508085401593+0j)
0.622	0.386884	0.007546370766685572	0.394451491522086	0.0	(0.394451491522086+0j)
0.624	0.389376	0.007549003568616423	0.3969458801285367	0.0	(0.3969458801285367+0j)
0.626	0.391876	0.007551611176378521	0.3994482469434356	0.0	(0.3994482469434356+0j)
0.628	0.394384	0.007554193910402547	0.40195859223266217	0.0	(0.40195859223266217+0j)
0.63	0.39690000000000003	0.007556752086041344	0.4044769162580053	0.0	(0.4044769162580053+0j)
0.632	0.399424	0.00755928601366616	0.40700321927719746	0.0	(0.40700321927719746+0j)
0.634	0.40195600000000004	0.007561795998760754	0.4095375015440421	0.0	(0.4095375015440421+0j)
0.636	0.404496	0.007564282342013442	0.4120797633084516	0.0	(0.4120797633084516+0j)
0.638	0.407044	0.007566745339407132	0.41463000481653517	0.0	(0.41463000481653517+0j)
0.64	0.4096	0.007569185282307394	0.41718822631066743	0.0	(0.41718822631066743+0j)
0.642	0.41216400000000003	0.007571602457548611	0.4197544280295501	0.0	(0.4197544280295501+0j)
0.644	0.41473600000000005	0.007573997147518266	0.4223286102082926	0.0	(0.4223286102082926+0j)
0.646	0.417316	0.0075763696302394035	0.42491077307847425	0.0	(0.42491077307847425+0j)
0.648	0.419904	0.007578720179451319	0.4275009168681986	0.0	(0.4275009168681986+0j)
0.65	0.42250000000000004	0.007581049064688505	0.4300990418021744	0.0	(0.4300990418021744+0j)
0.652	0.42510400000000004	0.007583356551357919	0.43270514810175736	0.0	(0.43270514810175736+0j)
0.654	0.42771600000000004	0.007585642900814585	0.4353192359850392	0.0	(0.4353192359850392+0j)
0.656	0.43033600000000005	0.0075879083704356014	0.4379413056668731	0.0	(0.4379413056668731+0j)
0.658	0.432964	0.007590153213692564	0.4405713573589568	0.0	(0.4405713573589568+0j)
0.66	0.43560000000000004	0.007592377680222464	0.4432093912698759	0.0	(0.4432093912698759+0j)
0.662	0.438244	0.007594582015897088	0.44585540760517195	0.0	(0.44585540760517195+0j)
0.664	0.44089600000000007	0.007596766462890953	0.44850940656739463	0.0	(0.44850940656739463+0j)
0.666	0.44355600000000006	0.007598931259747822	0.45117138835612497	0.0	(0.45117138835612497+0j)
0.668	0.44622400000000007	0.007601076641445826	0.4538413531680821	0.0	(0.4538413531680821+0j)
0.67	0.4489000000000001	0.007603202839461229	0.4565193011971273	0.0	(0.4565193011971273+0j)
0.672	0.45158400000000004	0.007605310081830854	0.4592052326343433	0.0	(0.4592052326343433+0j)
0.674	0.45427600000000007	0.007607398593213247	0.4618991476680646	0.0	(0.4618991476680646+0j)
0.676	0.45697600000000005	0.007609468594948533	0.46460104648392664	0.0	(0.46460104648392664+0j)
0.678	0.45968400000000004	0.007611520305117076	0.46731092926493517	0.0	(0.46731092926493517+0j)
0.68	0.4624000000000001	0.007613553938596909	0.4700287961914859	0.0	(0.4700287961914859+0j)
0.682	0.4651240000000001	0.007615569707119997	0.4727546474414183	0.0	(0.4727546474414183+0j)
0.684	0.46785600000000005	0.00761756781932736	0.4754884831900651	0.0	(0.4754884831900651+0j)
0.686	0.47059600000000007	0.007619548480823038	0.4782303036102817	0.0	(0.4782303036102817+0j)
0.6880000000000001	0.4733440000000001	0.007621511894227011	0.4809801088725199	0.0	(0.4809801088725199+0j)
0.6900000000000001	0.4761000000000001	0.0076234582592270015	0.4837378991448216	0.0	(0.4837378991448216+0j)
0.6920000000000001	0.47886400000000007	0.00762538777262925	0.486503674592905	0.0	(0.486503674592905+0j)
0.6940000000000001	0.48163600000000006	0.007627300628408272	0.489277435380176	0.0	(0.489277435380176+0j)
0.6960000000000001	0.48441600000000007	0.0076291970177556085	0.49205918166777873	0.0	(0.49205918166777873+0j)
0.6980000000000001	0.4872040000000001	0.007631077129127603	0.4948489136146269	0.0	(0.4948489136146269+0j)
0.7000000000000001	0.4900000000000001	0.007632941148292214	0.4976466313774545	0.0	(0.4976466313774545+0j)
0.7020000000000001	0.4928040000000001	0.007634789258374915	0.5004523351108355	0.0	(0.5004523351108355+0j)
0.704	0.49561599999999995	0.007636621639903669	0.5032660249672344	0.0	(0.5032660249672344+0j)
0.706	0.49843599999999993	0.007638438470853013	0.506087701097038	0.0	(0.506087701097038+0j)
0.708	0.5012639999999999	0.007640239926687276	0.5089173636485839	0.0	(0.5089173636485839+0j)
0.71	0.5041	0.007642026180402951	0.5117550127681867	0.0	(0.5117550127681867+0j)
0.712	0.506944	0.0076437974025702175	0.5146006486002056	0.0	(0.5146006486002056+0j)
0.714	0.5097959999999999	0.007645553761373672	0.5174542712870409	0.0	(0.5174542712870409+0j)
0.716	0.512656	0.007647295422652253	0.5203158809691859	0.0	(0.5203158809691859+0j)
0.718	0.515524	0.007649022549938381	0.523185477785256	0.0	(0.523185477785256+0j)
0.72	0.5184	0.007650735304496359	0.5260630618720123	0.0	(0.5260630618720123+0j)
0.722	0.521284	0.007652433845360007	0.528948633364385	0.0	(0.528948633364385+0j)
0.724	0.524176	0.007654118329369583	0.5318421923955472	0.0	(0.5318421923955472+0j)
0.726	0.527076	0.007655788911207998	0.5347437390968811	0.0	(0.5347437390968811+0j)
0.728	0.529984	0.007657445743436313	0.5376532735980559	0.0	(0.5376532735980559+0j)
0.73	0.5328999999999999	0.007659088976528583	0.5405707960270356	0.0	(0.5405707960270356+0j)
0.732	0.535824	0.00766071875890602	0.5434963065101135	0.0	(0.5434963065101135+0j)
0.734	0.538756	0.007662335236970504	0.546429805171934	0.0	(0.546429805171934+0j)
0.736	0.541696	0.0076639385551374685	0.5493712921355326	0.0	(0.5493712921355326+0j)
0.738	0.544644	0.007665528855868152	0.5523207675223399	0.0	(0.5523207675223399+0j)
0.74	0.5476	0.007667106279701249	0.5552782314522413	0.0	(0.5552782314522413+0j)
0.742	0.5505639999999999	0.007668670965283952	0.558243684043576	0.0	(0.558243684043576+0j)
0.744	0.553536	0.007670223049402433	0.5612171254131729	0.0	(0.5612171254131729+0j)
0.746	0.556516	0.007671762667011724	0.5641985556763902	0.0	(0.5641985556763902+0j)
0.748	0.559504	0.007673289951265063	0.5671879749471109	0.0	(0.5671879749471109+0j)
0.75	0.5625	0.007674805033542681	0.5701853833378002	0.0	(0.5701853833378002+0j)
0.752	0.565504	0.007676308043480059	0.5731907809595237	0.0	(0.5731907809595237+0j)
0.754	0.568516	0.007677799108995657	0.5762041679219554	0.0	(0.5762041679219554+0j)
0.756	0.571536	0.007679278356318135	0.5792255443334338	0.0	(0.5792255443334338+0j)
0.758	0.574564	0.007680745910013062	0.5822549103009568	0.0	(0.5822549103009568+0j)
0.76	0.5776	0.007682201893009154	0.5852922659302374	0.0	(0.5852922659302374+0j)
0.762	0.580644	0.007683646426624003	0.5883376113257183	0.0	(0.5883376113257183+0j)
0.764	0.583696	0.007685079630589356	0.5913909465905903	0.0	(0.5913909465905903+0j)
0.766	0.586756	0.0076865016230759295	0.5944522718268425	0.0	(0.5944522718268425+0j)
0.768	0.589824	0.007687912520717762	0.597521587135267	0.0	(0.597521587135267+0j)
0.77	0.5929	0.007689312438636133	0.6005988926155179	0.0	(0.6005988926155179+0j)
0.772	0.5959840000000001	0.00769070149046305	0.6036841883661069	0.0	(0.6036841883661069+0j)
0.774	0.599076	0.007692079788364305	0.6067774744844809	0.0	(0.6067774744844809+0j)
0.776	0.602176	0.007693447443062121	0.6098787510669993	0.0	(0.6098787510669993+0j)
0.778	0.605284	0.0076948045638573865	0.6129880182090195	0.0	(0.6129880182090195+0j)
0.78	0.6084	0.007696151258651496	0.6161052760049067	0.0	(0.6161052760049067+0j)
0.782	0.6115240000000001	0.007697487633967797	0.6192305245480826	0.0	(0.6192305245480826+0j)
0.784	0.6146560000000001	0.007698813794972656	0.6223637639310622	0.0	(0.6223637639310622+0j)
0.786	0.617796	0.00770012984549615	0.6255049942454984	0.0	(0.6255049942454984+0j)
0.788	0.620944	0.00770143588805239	0.6286542155822283	0.0	(0.6286542155822283+0j)
0.79	0.6241000000000001	0.007702732023859483	0.6318114280313294	0.0	(0.6318114280313294+0j)
0.792	0.627264	0.007704018352859147	0.6349766316821657	0.0	(0.6349766316821657+0j)
0.794	0.6304360000000001	0.007705294973735978	0.6381498266234414	0.0	(0.6381498266234414+0j)
0.796	0.6336160000000001	0.007706561983936367	0.6413310129432703	0.0	(0.6413310129432703+0j)
0.798	0.636804	0.007707819479687113	0.6445201907292457	0.0	(0.6445201907292457+0j)
0.8	0.6400000000000001	0.007709067556013684	0.6477173600684925	0.0	(0.6477173600684925+0j)
0.802	0.6432040000000001	0.007710306306758165	0.6509225210477562	0.0	(0.6509225210477562+0j)
0.804	0.6464160000000001	0.00771153582459691	0.654135673753526	0.0	(0.654135673753526+0j)
0.806	0.6496360000000001	0.007712756201057872	0.6573568182720282	0.0	(0.6573568182720282+0j)
0.808	0.6528640000000001	0.00771396752653763	0.660585954689436	0.0	(0.660585954689436+0j)
0.81	0.6561000000000001	0.0077151698903181395	0.6638230830918865	0.0	(0.6638230830918865+0j)
0.812	0.659344	0.007716363380583182	0.6670682035656503	0.0	(0.6670682035656503+0j)
0.8140000000000001	0.6625960000000001	0.0077175480844345265	0.6703213161972345	0.0	(0.6703213161972345+0j)
0.8160000000000001	0.6658560000000001	0.0077187240879078335	0.6735824210735135	0.0	(0.6735824210735135+0j)
0.8180000000000001	0.669124	0.007719891475988269	0.6768515182819074	0.0	(0.6768515182819074+0j)
0.8200000000000001	0.6724000000000001	0.0077210503326258575	0.6801286079104916	0.0	(0.6801286079104916+0j)
0.8220000000000001	0.6756840000000001	0.007722200740750581	0.6834136900482167	0.0	(0.6834136900482167+0j)
0.8240000000000001	0.6789760000000001	0.00772334278228721	0.6867067647850341	0.0	(0.6867067647850341+0j)
0.8260000000000001	0.6822760000000001	0.007724476538169896	0.6900078322121497	0.0	(0.6900078322121497+0j)
0.8280000000000001	0.6855840000000001	0.007725602088356501	0.6933168924222521	0.0	(0.6933168924222521+0j)
0.8300000000000001	0.6889000000000001	0.007726719511842705	0.6966339455096568	0.0	(0.6966339455096568+0j)
0.8320000000000001	0.6922240000000002	0.007727828886675863	0.699958991570638	0.0	(0.699958991570638+0j)
0.834	0.695556	0.007728930289968633	0.7032920307036686	0.0	(0.7032920307036686+0j)
0.836	0.698896	0.007730023797912377	0.7066330630096956	0.0	(0.7066330630096956+0j)
0.838	0.702244	0.00773110948579034	0.7099820885924689	0.0	(0.7099820885924689+0j)
0.84	0.7055999999999999	0.007732187427990606	0.7133391075588452	0.0	(0.7133391075588452+0j)
0.842	0.7089639999999999	0.007733257698018839	0.7167041200191505	0.0	(0.7167041200191505+0j)
0.844	0.712336	0.0077343203685108185	0.7200771260875446	0.0	(0.7200771260875446+0j)
0.846	0.7157159999999999	0.0077353755112447575	0.72345812588244	0.0	(0.72345812588244+0j)
0.848	0.719104	0.007736423197153429	0.7268471195268816	0.0	(0.7268471195268816+0j)
0.85	0.7224999999999999	0.0077374634963360885	0.7302441071490068	0.0	(0.7302441071490068+0j)
0.852	0.725904	0.007738496478070191	0.7336490888825384	0.0	(0.7336490888825384+0j)
0.854	0.729316	0.007739522210822938	0.7370620648672449	0.0	(0.7370620648672449+0j)
0.856	0.7327359999999999	0.00774054076226261	0.7404830352494779	0.0	(0.7404830352494779+0j)
0.858	0.7361639999999999	0.007741552199269737	0.7439120001826998	0.0	(0.7439120001826998+0j)
0.86	0.7395999999999999	0.007742556587948072	0.747348959828088	0.0	(0.747348959828088+0j)
0.862	0.7430439999999999	0.0077435539936353956	0.7507939143550906	0.0	(0.7507939143550906+0j)
0.864	0.7464959999999999	0.007744544480914137	0.7542468639420847	0.0	(0.7542468639420847+0j)
0.866	0.749956	0.007745528113621836	0.7577078087770089	0.0	(0.7577078087770089+0j)
0.868	0.753424	0.007746504954861422	0.7611767490580291	0.0	(0.7611767490580291+0j)
0.87	0.7569	0.007747475067011341	0.7646536849942451	0.0	(0.7646536849942451+0j)
0.872	0.760384	0.007748438511735507	0.768138616806389	0.0	(0.768138616806389+0j)
0.874	0.763876	0.00774939534999311	0.7716315447276285	0.0	(0.7716315447276285+0j)
0.876	0.767376	0.007750345642048251	0.7751324690042364	0.0	(0.7751324690042364+0j)
0.878	0.770884	0.007751289447479435	0.7786413898964205	0.0	(0.7786413898964205+0j)
0.88	0.7744	0.00775222682518891	0.7821583076791527	0.0	(0.7821583076791527+0j)
0.882	0.7779240000000001	0.007753157833411855	0.7856832226429297	0.0	(0.7856832226429297+0j)
0.884	0.781456	0.0077540825297254265	0.7892161350946476	0.0	(0.7892161350946476+0j)
0.886	0.784996	0.007755000971057659	0.7927570453584162	0.0	(0.7927570453584162+0j)
0.888	0.788544	0.0077559132136962305	0.7963059537764706	0.0	(0.7963059537764706+0j)
0.89	0.7921	0.007756819313297083	0.799862860709983	0.0	(0.799862860709983+0j)
0.892	0.795664	0.0077577193248929135	0.8034277665400359	0.0	(0.8034277665400359+0j)
0.894	0.7992360000000001	0.00775861330290153	0.807000671668412	0.0	(0.807000671668412+0j)
0.896	0.8028160000000001	0.00775950130113408	0.8105815765186166	0.0	(0.8105815765186166+0j)
0.898	0.806404	0.00776038337280314	0.8141704815367716	0.0	(0.8141704815367716+0j)
0.9	0.81	0.007761259570530699	0.8177673871925512	0.0	(0.8177673871925512+0j)
0.902	0.813604	0.0077621299463559975	0.8213722939801525	0.0	(0.8213722939801525+0j)
0.904	0.817216	0.007762994551743263	0.8249852024192917	0.0	(0.8249852024192917+0j)
0.906	0.820836	0.0077638534375893044	0.8286061130562549	0.0	(0.8286061130562549+0j)
0.908	0.8244640000000001	0.007764706654231021	0.832235026464924	0.0	(0.832235026464924+0j)
0.91	0.8281000000000001	0.0077655542514527606	0.8358719432479124	0.0	(0.8358719432479124+0j)
0.912	0.831744	0.007766396278493592	0.8395168640377313	0.0	(0.8395168640377313+0j)
0.914	0.835396	0.007767232784054454	0.843169789498054	0.0	(0.843169789498054+0j)
0.916	0.839056	0.007768063816305194	0.846830720325053	0.0	(0.846830720325053+0j)
0.918	0.842724	0.00776888942289151	0.8504996572488628	0.0	(0.8504996572488628+0j)
0.92	0.8464	0.007769709650941771	0.8541766010352513	0.0	(0.8541766010352513+0j)
0.922	0.8500840000000001	0.00777052454707375	0.8578615524873431	0.0	(0.8578615524873431+0j)
0.924	0.8537760000000001	0.007771334157401246	0.8615545124477141	0.0	(0.8615545124477141+0j)
0.926	0.8574760000000001	0.0077721385275406046	0.8652554818006717	0.0	(0.8652554818006717+0j)
0.928	0.8611840000000001	0.0077729377026171465	0.8689644614749049	0.0	(0.8689644614749049+0j)
0.93	0.8649000000000001	0.007773731727271498	0.8726814524465444	0.0	(0.8726814524465444+0j)
0.932	0.8686240000000001	0.007774520645665822	0.8764064557427044	0.0	(0.8764064557427044+0j)
0.934	0.8723560000000001	0.007775304501489961	0.8801394724456204	0.0	(0.8801394724456204+0j)
0.936	0.8760960000000001	0.007776083337967484	0.8838805036976028	0.0	(0.8838805036976028+0j)
0.9380000000000001	0.8798440000000001	0.007776857197861647	0.8876295507067465	0.0	(0.8876295507067465+0j)
0.9400000000000001	0.8836000000000002	0.007777626123481259	0.8913866147538054	0.0	(0.8913866147538054+0j)
0.9420000000000001	0.8873640000000002	0.0077783901566864724	0.8951516972003943	0.0	(0.8951516972003943+0j)
0.9440000000000001	0.8911360000000002	0.007779149338894476	0.8989247994987098	0.0	(0.8989247994987098+0j)
0.9460000000000001	0.8949160000000002	0.007779903711085102	0.9027059232033146	0.0	(0.9027059232033146+0j)
0.9480000000000001	0.8987040000000002	0.00778065331380637	0.9064950699852296	0.0	(0.9064950699852296+0j)
0.9500000000000001	0.9025000000000001	0.0077813981871799245	0.9102922416490876	0.0	(0.9102922416490876+0j)
0.9520000000000001	0.9063040000000001	0.007782138370906406	0.9140974401539188	0.0	(0.9140974401539188+0j)
0.9540000000000001	0.9101160000000001	0.007782873904270747	0.9179106676385848	0.0	(0.9179106676385848+0j)
0.9560000000000001	0.9139360000000002	0.007783604826147376	0.9217319264530033	0.0	(0.9217319264530033+0j)
0.9580000000000001	0.9177640000000001	0.007784331175005357	0.9255612191967887	0.0	(0.9255612191967887+0j)
0.96	0.9216	0.007785052988913457	0.9293985487673114	0.0	(0.9293985487673114+0j)
0.962	0.9254439999999999	0.0077857703055451265	0.9332439184200015	0.0	(0.9332439184200015+0j)
0.964	0.9292959999999999	0.00778648316218342	0.9370973318447288	0.0	(0.9370973318447288+0j)
0.966	0.933156	0.0077871915957258364	0.9409587932633641	0.0	(0.9409587932633641+0j)
0.968	0.937024	0.0077878956426891	0.9448283075560566	0.0	(0.9448283075560566+0j)
0.97	0.9409	0.00778859533921386	0.9487058804265054	0.0	(0.9487058804265054+0j)
0.972	0.944784	0.007789290721069331	0.9525915186216718	0.0	(0.9525915186216718+0j)
0.974	0.948676	0.0077899818236578655	0.9564852302285431	0.0	(0.9564852302285431+0j)
0.976	0.952576	0.007790668682019461	0.9603870250828509	0.0	(0.9603870250828509+0j)
0.978	0.956484	0.007791351330836194	0.9642969153441413	0.0	(0.9642969153441413+0j)
0.98	0.9603999999999999	0.007792029804436608	0.9682149163258104	0.0	(0.9682149163258104+0j)
0.982	0.964324	0.007792704136800027	0.9721410477290315	0.0	(0.9721410477290315+0j)
0.984	0.968256	0.007793374361560801	0.9760753355424321	0.0	(0.9760753355424321+0j)
0.986	0.972196	0.007794040512012514	0.9800178150928294	0.0	(0.9800178150928294+0j)
0.988	0.976144	0.0077947026211121085	0.9839685362033211	0.0	(0.9839685362033211+0j)
0.99	0.9801	0.007795360721483967	0.9879275724972694	0.0	(0.9879275724972694+0j)
0.992	0.9840639999999999	0.007796014845423926	0.9918950396437445	0.0	(0.9918950396437445+0j)
0.994	0.988036	0.007796665024903242	0.9958711354080733	0.0	(0.9958711354080733+0j)
0.996	0.992016	0.007797311291572502	0.999856242992717	0.0	(0.999856242992717+0j)
0.998	0.996004	0.0077979536767654655	1.0038512754362767	0.0	(1.0038512754362767+0j)
1.0	1.0	0.007798592211502872	1.0078595554178145	0.0	(1.0078595554178145+0j)
