-1.0	-1.0	-0.0005856903803750623	-1.0005858621174109	0.0	(-1.0005858621174109+0j)
-0.9975	-0.9950062500000001	-0.0005854347875823551	-0.9955918201999441	0.0	(-0.9955918201999441+0j)
-0.995	-0.990025	-0.0005851772665838331	-0.990610294738689	0.0	(-0.990610294738689+0j)
-0.9925	-0.9850562500000001	-0.0005849177979761946	-0.9856412734581357	0.0	(-0.9856412734581357+0j)
-0.99	-0.9801	-0.0005846563621137107	-0.9806847532688718	0.0	(-0.9806847532688718+0j)
-0.9875	-0.9751562500000001	-0.0005843929391046988	-0.9757407329241303	0.0	(-0.9757407329241303+0j)
-0.985	-0.970225	-0.0005841275088079397	-0.9708092117913785	0.0	(-0.9708092117913785+0j)
-0.9825	-0.96530625	-0.0005838600508290405	-0.9658901895010448	0.0	(-0.9658901895010448+0j)
-0.98	-0.9603999999999999	-0.0005835905445167413	-0.9609836658147801	0.0	(-0.9609836658147801+0j)
-0.9775	-0.9555062500000001	-0.0005833189689591654	-0.9560896405669149	0.0	(-0.9560896405669149+0j)
-0.975	-0.9506249999999999	-0.0005830453029800114	-0.9512081136352177	0.0	(-0.9512081136352177+0j)
-0.9725	-0.9457562500000001	-0.000582769525134689	-0.9463390849249479	0.0	(-0.9463390849249479+0j)
-0.97	-0.9409	-0.000582491613706394	-0.9414825543595879	0.0	(-0.9414825543595879+0j)
-0.9675	-0.93605625	-0.0005822115467021244	-0.9366385218750841	0.0	(-0.9366385218750841+0j)
-0.965	-0.931225	-0.0005819293018486381	-0.9318069874162258	0.0	(-0.9318069874162258+0j)
-0.9625	-0.9264062500000001	-0.0005816448565883467	-0.9269879509341716	0.0	(-0.9269879509341716+0j)
-0.96	-0.9216	-0.0005813581880751499	-0.922181412384766	0.0	(-0.922181412384766+0j)
-0.9575	-0.91680625	-0.0005810692731702071	-0.9173873717273797	0.0	(-0.9173873717273797+0j)
-0.9550000000000001	-0.9120250000000001	-0.0005807780884376459	-0.9126058289240189	0.0	(-0.9126058289240189+0j)
-0.9525	-0.90725625	-0.0005804846101402071	-0.9078367839387247	0.0	(-0.9078367839387247+0j)
-0.9500000000000001	-0.9025000000000001	-0.0005801888142348254	-0.9030802367370798	0.0	(-0.9030802367370798+0j)
-0.9475	-0.89775625	-0.0005798906763681454	-0.8983361872858477	0.0	(-0.8983361872858477+0j)
-0.9450000000000001	-0.8930250000000001	-0.000579590171871972	-0.8936046355527003	0.0	(-0.8936046355527003+0j)
-0.9425	-0.88830625	-0.0005792872757586546	-0.8888855815059978	0.0	(-0.8888855815059978+0j)
-0.9400000000000001	-0.8836000000000002	-0.0005789819627164043	-0.8841790251146096	0.0	(-0.8841790251146096+0j)
-0.9375	-0.87890625	-0.0005786742071045444	-0.8794849663477724	0.0	(-0.8794849663477724+0j)
-0.935	-0.8742250000000001	-0.0005783639829486925	-0.8748034051749805	0.0	(-0.8748034051749805+0j)
-0.9325	-0.86955625	-0.0005780512639358748	-0.8701343415658872	0.0	(-0.8701343415658872+0j)
-0.93	-0.8649000000000001	-0.0005777360234095699	-0.865477775490233	0.0	(-0.865477775490233+0j)
-0.9275	-0.86025625	-0.0005774182343646852	-0.8608337069177702	0.0	(-0.8608337069177702+0j)
-0.925	-0.8556250000000001	-0.0005770978694424619	-0.8562021358182185	0.0	(-0.8562021358182185+0j)
-0.9225	-0.85100625	-0.0005767749009253096	-0.8515830621612203	0.0	(-0.8515830621612203+0j)
-0.92	-0.8464	-0.0005764493007315712	-0.846976485916276	0.0	(-0.846976485916276+0j)
-0.9175	-0.84180625	-0.0005761210404102147	-0.8423824070527438	0.0	(-0.8423824070527438+0j)
-0.915	-0.8372250000000001	-0.0005757900911354558	-0.8378008255397729	0.0	(-0.8378008255397729+0j)
-0.9125	-0.83265625	-0.0005754564237013054	-0.8332317413463193	0.0	(-0.8332317413463193+0j)
-0.91	-0.8281000000000001	-0.0005751200085160481	-0.828675154441081	0.0	(-0.828675154441081+0j)
-0.9075	-0.82355625	-0.0005747808155966456	-0.8241310647924879	0.0	(-0.8241310647924879+0j)
-0.905	-0.819025	-0.0005744388145630684	-0.8195994723687099	0.0	(-0.8195994723687099+0j)
-0.9025	-0.81450625	-0.0005740939746325548	-0.8150803771375909	0.0	(-0.8150803771375909+0j)
-0.9	-0.81	-0.0005737462646137961	-0.8105737790666677	0.0	(-0.8105737790666677+0j)
-0.8975	-0.80550625	-0.0005733956529010489	-0.8060796781231687	0.0	(-0.8060796781231687+0j)
-0.895	-0.801025	-0.0005730421074681735	-0.8015980742739337	0.0	(-0.8015980742739337+0j)
-0.8925000000000001	-0.7965562500000001	-0.0005726855958626007	-0.7971289674854761	0.0	(-0.7971289674854761+0j)
-0.89	-0.7921	-0.0005723260851992227	-0.7926723577239362	0.0	(-0.7926723577239362+0j)
-0.8875000000000001	-0.7876562500000002	-0.0005719635421542138	-0.7882282449550603	0.0	(-0.7882282449550603+0j)
-0.885	-0.7832250000000001	-0.0005715979329587754	-0.7837966291442091	0.0	(-0.7837966291442091+0j)
-0.8825000000000001	-0.7788062500000001	-0.0005712292233928105	-0.7793775102563478	0.0	(-0.7793775102563478+0j)
-0.88	-0.7744	-0.0005708573787785234	-0.7749708882560019	0.0	(-0.7749708882560019+0j)
-0.8775000000000001	-0.7700062500000001	-0.0005704823639739503	-0.7705767631072968	0.0	(-0.7705767631072968+0j)
-0.875	-0.765625	-0.0005701041433664146	-0.7661951347739162	0.0	(-0.7661951347739162+0j)
-0.8725	-0.7612562500000001	-0.000569722680865914	-0.761826003219128	0.0	(-0.761826003219128+0j)
-0.87	-0.7569	-0.0005693379398984354	-0.7574693684057028	0.0	(-0.7574693684057028+0j)
-0.8675	-0.75255625	-0.0005689498833991999	-0.7531252302959696	0.0	(-0.7531252302959696+0j)
-0.865	-0.748225	-0.0005685584738058392	-0.7487935888518122	0.0	(-0.7487935888518122+0j)
-0.8625	-0.7439062500000001	-0.0005681636730515028	-0.7444744440346013	0.0	(-0.7444744440346013+0j)
-0.86	-0.7395999999999999	-0.0005677654425578977	-0.7401677958052381	0.0	(-0.7401677958052381+0j)
-0.8575	-0.73530625	-0.0005673637432282626	-0.7358736441241462	0.0	(-0.7358736441241462+0j)
-0.855	-0.7310249999999999	-0.0005669585354402749	-0.7315919889512127	0.0	(-0.7315919889512127+0j)
-0.8525	-0.7267562500000001	-0.000566549779038895	-0.7273228302458483	0.0	(-0.7273228302458483+0j)
-0.85	-0.7224999999999999	-0.0005661374333291466	-0.7230661679669028	0.0	(-0.7230661679669028+0j)
-0.8475	-0.71825625	-0.000565721457068836	-0.7188220020727537	0.0	(-0.7188220020727537+0j)
-0.845	-0.7140249999999999	-0.0005653018084612112	-0.7145903325211966	0.0	(-0.7145903325211966+0j)
-0.8425	-0.7098062500000001	-0.0005648784451475626	-0.7103711592695058	0.0	(-0.7103711592695058+0j)
-0.84	-0.7055999999999999	-0.000564451324199767	-0.7061644822743908	0.0	(-0.7061644822743908+0j)
-0.8375	-0.70140625	-0.0005640204021127767	-0.7019703014920148	0.0	(-0.7019703014920148+0j)
-0.835	-0.697225	-0.0005635856347970566	-0.6977886168779587	0.0	(-0.6977886168779587+0j)
-0.8325	-0.69305625	-0.0005631469775709697	-0.6936194283872544	0.0	(-0.6936194283872544+0j)
-0.8300000000000001	-0.6889000000000001	-0.0005627043851531146	-0.6894627359743117	0.0	(-0.6894627359743117+0j)
-0.8275	-0.6847562500000001	-0.0005622578116546176	-0.6853185395929697	0.0	(-0.6853185395929697+0j)
-0.8250000000000001	-0.6806250000000001	-0.0005618072105713811	-0.6811868391964794	0.0	(-0.6811868391964794+0j)
-0.8225	-0.67650625	-0.0005613525347762907	-0.6770676347374524	0.0	(-0.6770676347374524+0j)
-0.8200000000000001	-0.6724000000000001	-0.0005608937365113868	-0.6729609261678996	0.0	(-0.6729609261678996+0j)
-0.8175	-0.66830625	-0.0005604307673799984	-0.6688667134392146	0.0	(-0.6688667134392146+0j)
-0.8150000000000001	-0.6642250000000001	-0.0005599635783388478	-0.664784996502131	0.0	(-0.664784996502131+0j)
-0.8125	-0.66015625	-0.0005594921196901262	-0.6607157753067736	0.0	(-0.6607157753067736+0j)
-0.81	-0.6561000000000001	-0.000559016341073546	-0.6566590498025977	0.0	(-0.6566590498025977+0j)
-0.8075	-0.65205625	-0.0005585361914583698	-0.6526148199384032	0.0	(-0.6526148199384032+0j)
-0.805	-0.6480250000000001	-0.0005580516191354251	-0.6485830856623257	0.0	(-0.6485830856623257+0j)
-0.8025	-0.64400625	-0.0005575625717091049	-0.6445638469218126	0.0	(-0.6445638469218126+0j)
-0.8	-0.6400000000000001	-0.0005570689960893604	-0.6405571036636548	0.0	(-0.6405571036636548+0j)
-0.7975	-0.63600625	-0.0005565708384836889	-0.6365628558339318	0.0	(-0.6365628558339318+0j)
-0.795	-0.6320250000000001	-0.0005560680443891237	-0.632581103378033	0.0	(-0.632581103378033+0j)
-0.7925	-0.62805625	-0.0005555605585842292	-0.6286118462406352	0.0	(-0.6286118462406352+0j)
-0.79	-0.6241000000000001	-0.0005550483251211056	-0.6246550843656908	0.0	(-0.6246550843656908+0j)
-0.7875	-0.62015625	-0.0005545312873174128	-0.6207108176964582	0.0	(-0.6207108176964582+0j)
-0.785	-0.616225	-0.0005540093877484122	-0.6167790461754235	0.0	(-0.6167790461754235+0j)
-0.7825	-0.6123062499999999	-0.0005534825682390398	-0.6128597697443572	0.0	(-0.6128597697443572+0j)
-0.78	-0.6084	-0.0005529507698560107	-0.6089529883442855	0.0	(-0.6089529883442855+0j)
-0.7775	-0.6045062499999999	-0.0005524139328999645	-0.605058701915443	0.0	(-0.605058701915443+0j)
-0.775	-0.6006250000000001	-0.0005518719968976567	-0.6011769103973587	0.0	(-0.6011769103973587+0j)
-0.7725	-0.59675625	-0.0005513249005942042	-0.5973076137287329	0.0	(-0.5973076137287329+0j)
-0.77	-0.5929	-0.000550772581945391	-0.5934508118475261	0.0	(-0.5934508118475261+0j)
-0.7675000000000001	-0.5890562500000001	-0.0005502149781100408	-0.5896065046908795	0.0	(-0.5896065046908795+0j)
-0.765	-0.585225	-0.000549652025442466	-0.5857746921951672	0.0	(-0.5857746921951672+0j)
-0.7625000000000001	-0.5814062500000001	-0.0005490836594850005	-0.5819553742959338	0.0	(-0.5819553742959338+0j)
-0.76	-0.5776	-0.0005485098149606208	-0.5781485509279185	0.0	(-0.5781485509279185+0j)
-0.7575000000000001	-0.5738062500000001	-0.000547930425765671	-0.5743542220250655	0.0	(-0.5743542220250655+0j)
-0.755	-0.570025	-0.0005473454249626933	-0.5705723875204712	0.0	(-0.5705723875204712+0j)
-0.7525000000000001	-0.5662562500000001	-0.0005467547447733771	-0.566803047346406	0.0	(-0.566803047346406+0j)
-0.75	-0.5625	-0.000546158316571635	-0.5630462014343005	0.0	(-0.5630462014343005+0j)
-0.7475	-0.5587562500000001	-0.0005455560708768147	-0.5593018497147151	0.0	(-0.5593018497147151+0j)
-0.745	-0.555025	-0.0005449479373470576	-0.5555699921174136	0.0	(-0.5555699921174136+0j)
-0.7425	-0.5513062500000001	-0.0005443338447728134	-0.5518506285712433	0.0	(-0.5518506285712433+0j)
-0.74	-0.5476	-0.0005437137210705223	-0.5481437590042241	0.0	(-0.5481437590042241+0j)
-0.7375	-0.54390625	-0.0005430874932764749	-0.544449383343467	0.0	(-0.544449383343467+0j)
-0.735	-0.540225	-0.0005424550875408601	-0.5407675015152413	0.0	(-0.5407675015152413+0j)
-0.7325	-0.5365562500000001	-0.0005418164291220157	-0.5370981134449119	0.0	(-0.5370981134449119+0j)
-0.73	-0.5328999999999999	-0.0005411714423808879	-0.5334412190569519	0.0	(-0.5334412190569519+0j)
-0.7275	-0.5292562500000001	-0.000540520050775719	-0.5297968182749438	0.0	(-0.5297968182749438+0j)
-0.725	-0.525625	-0.0005398621768569682	-0.526164911021571	0.0	(-0.526164911021571+0j)
-0.7225	-0.52200625	-0.0005391977422624851	-0.5225454972186165	0.0	(-0.5225454972186165+0j)
-0.72	-0.5184	-0.0005385266677129432	-0.5189385767869372	0.0	(-0.5189385767869372+0j)
-0.7175	-0.51480625	-0.000537848873007552	-0.5153441496464897	0.0	(-0.5153441496464897+0j)
-0.715	-0.5112249999999999	-0.0005371642770200567	-0.5117622157163099	0.0	(-0.5117622157163099+0j)
-0.7125	-0.50765625	-0.0005364727976950437	-0.5081927749145093	0.0	(-0.5081927749145093+0j)
-0.71	-0.5041	-0.0005357743520445628	-0.5046358271582758	0.0	(-0.5046358271582758+0j)
-0.7075	-0.50055625	-0.000535068856145085	-0.50109137236386	0.0	(-0.50109137236386+0j)
-0.705	-0.49702499999999994	-0.000534356225134806	-0.4975594104466052	0.0	(-0.4975594104466052+0j)
-0.7025	-0.49350625000000004	-0.0005336363732113152	-0.49403994132088963	0.0	(-0.49403994132088963+0j)
-0.7000000000000001	-0.4900000000000001	-0.0005329092136296437	-0.4905329649001807	0.0	(-0.4905329649001807+0j)
-0.6975	-0.48650625000000003	-0.0005321746587007082	-0.4870384810969962	0.0	(-0.4870384810969962+0j)
-0.6950000000000001	-0.4830250000000001	-0.0005314326197901661	-0.48355648982292315	0.0	(-0.48355648982292315+0j)
-0.6925	-0.47955625	-0.0005306830073177019	-0.4800869909885984	0.0	(-0.4800869909885984+0j)
-0.6900000000000001	-0.4761000000000001	-0.0005299257307567561	-0.47662998450373784	0.0	(-0.47662998450373784+0j)
-0.6875	-0.47265625	-0.0005291606986347209	-0.4731854702771021	0.0	(-0.4731854702771021+0j)
-0.685	-0.46922500000000006	-0.0005283878185336152	-0.469753448216524	0.0	(-0.469753448216524+0j)
-0.6825	-0.46580625	-0.0005276069970912588	-0.4663339182288914	0.0	(-0.4663339182288914+0j)
-0.68	-0.4624000000000001	-0.0005268181400029652	-0.4629268802201701	0.0	(-0.4629268802201701+0j)
-0.6775	-0.45900625	-0.0005260211520237704	-0.45953233409537897	0.0	(-0.45953233409537897+0j)
-0.675	-0.45562500000000006	-0.000525215936971216	-0.4561502797586154	0.0	(-0.4561502797586154+0j)
-0.6725	-0.45225624999999997	-0.0005244023977287078	-0.4527807171130505	0.0	(-0.4527807171130505+0j)
-0.67	-0.4489000000000001	-0.0005235804362494688	-0.44942364606092466	0.0	(-0.44942364606092466+0j)
-0.6675	-0.44555625	-0.0005227499535611044	-0.44607906650357526	0.0	(-0.44607906650357526+0j)
-0.665	-0.44222500000000003	-0.0005219108497708035	-0.4427469783414154	0.0	(-0.4427469783414154+0j)
-0.6625	-0.43890625	-0.0005210630240711925	-0.43942738147395255	0.0	(-0.43942738147395255+0j)
-0.66	-0.43560000000000004	-0.0005202063747468647	-0.4361202757998075	0.0	(-0.4361202757998075+0j)
-0.6575	-0.43230624999999995	-0.0005193407991816057	-0.43282566121669236	0.0	(-0.43282566121669236+0j)
-0.655	-0.42902500000000005	-0.0005184661938663355	-0.42954353762144437	0.0	(-0.42954353762144437+0j)
-0.6525	-0.42575624999999995	-0.0005175824544077878	-0.42627390491002476	0.0	(-0.42627390491002476+0j)
-0.65	-0.42250000000000004	-0.0005166894755379505	-0.42301676297752583	0.0	(-0.42301676297752583+0j)
-0.6475	-0.41925624999999994	-0.0005157871511242853	-0.4197721117181895	0.0	(-0.4197721117181895+0j)
-0.645	-0.41602500000000003	-0.0005148753741807528	-0.4165399510254095	0.0	(-0.4165399510254095+0j)
-0.6425	-0.41280624999999993	-0.0005139540368796604	-0.4133202807917473	0.0	(-0.4133202807917473+0j)
-0.64	-0.4096	-0.0005130230305643588	-0.41011310090894776	0.0	(-0.41011310090894776+0j)
-0.6375000000000001	-0.4064062500000001	-0.0005120822457628076	-0.40691841126795136	0.0	(-0.40691841126795136+0j)
-0.635	-0.403225	-0.0005111315722020323	-0.40373621175890584	0.0	(-0.40373621175890584+0j)
-0.6325000000000001	-0.40005625000000006	-0.0005101708988234972	-0.400566502271185	0.0	(-0.400566502271185+0j)
-0.63	-0.39690000000000003	-0.0005092001137994121	-0.39740928269340436	0.0	(-0.39740928269340436+0j)
-0.6275000000000001	-0.3937562500000001	-0.0005082191045500028	-0.39426455291343276	0.0	(-0.39426455291343276+0j)
-0.625	-0.390625	-0.0005072277577617602	-0.3911323128184257	0.0	(-0.3911323128184257+0j)
-0.6225	-0.38750625000000005	-0.0005062259594066954	-0.38801256229482844	0.0	(-0.38801256229482844+0j)
-0.62	-0.3844	-0.0005052135947626232	-0.38490530122841204	0.0	(-0.38490530122841204+0j)
-0.6175	-0.38130625000000007	-0.0005041905484344942	-0.3818105295042789	0.0	(-0.3818105295042789+0j)
-0.615	-0.378225	-0.0005031567043768006	-0.37872824700689334	0.0	(-0.37872824700689334+0j)
-0.6125	-0.3751562500000001	-0.0005021119459170774	-0.37565845362011385	0.0	(-0.37565845362011385+0j)
-0.61	-0.3721	-0.0005010561557805187	-0.3726011492272016	0.0	(-0.3726011492272016+0j)
-0.6075	-0.36905625000000003	-0.0004999892161157382	-0.36955633371085445	0.0	(-0.36955633371085445+0j)
-0.605	-0.366025	-0.0004989110085216874	-0.3665240069532385	0.0	(-0.3665240069532385+0j)
-0.6025	-0.36300625000000003	-0.0004978214140757593	-0.36350416883600983	0.0	(-0.36350416883600983+0j)
-0.6	-0.36	-0.0004967203133630984	-0.36049681924034666	0.0	(-0.36049681924034666+0j)
-0.5975	-0.35700625	-0.0004956075865071361	-0.35750195804698454	0.0	(-0.35750195804698454+0j)
-0.595	-0.354025	-0.0004944831132013753	-0.35451958513623544	0.0	(-0.35451958513623544+0j)
-0.5925	-0.35105625	-0.0004933467727424433	-0.35154970038803285	0.0	(-0.35154970038803285+0j)
-0.59	-0.34809999999999997	-0.000492198444064435	-0.34859230368197	0.0	(-0.34859230368197+0j)
-0.5875	-0.34515625000000005	-0.0004910380057745648	-0.3456473948973275	0.0	(-0.3456473948973275+0j)
-0.585	-0.34222499999999995	-0.0004898653361901489	-0.34271497391310096	0.0	(-0.34271497391310096+0j)
-0.5825	-0.33930625000000003	-0.0004886803133769363	-0.33979504060806764	0.0	(-0.33979504060806764+0j)
-0.58	-0.3364	-0.00048748281518880705	-0.3368875948607977	0.0	(-0.3368875948607977+0j)
-0.5775	-0.33350625	-0.0004862727193088562	-0.3339926365497221	0.0	(-0.3339926365497221+0j)
-0.5750000000000001	-0.33062500000000006	-0.0004850499032918829	-0.33111016555314643	0.0	(-0.33111016555314643+0j)
-0.5725	-0.32775625	-0.0004838142446082991	-0.32824018174931646	0.0	(-0.32824018174931646+0j)
-0.5700000000000001	-0.3249000000000001	-0.00048256562068947753	-0.32538268501646617	0.0	(-0.32538268501646617+0j)
-0.5675	-0.32205625	-0.0004813039089745512	-0.32253767523284527	0.0	(-0.32253767523284527+0j)
-0.5650000000000001	-0.3192250000000001	-0.00048002898695868445	-0.31970515227678986	0.0	(-0.31970515227678986+0j)
-0.5625	-0.31640625	-0.0004787407322428249	-0.3168851160267541	0.0	(-0.3168851160267541+0j)
-0.56	-0.31360000000000005	-0.00047743902258495465	-0.31407756636137313	0.0	(-0.31407756636137313+0j)
-0.5575	-0.31080625	-0.0004761237359528507	-0.31128250315951916	0.0	(-0.31128250315951916+0j)
-0.555	-0.30802500000000005	-0.00047479475057836786	-0.3084999263003443	0.0	(-0.3084999263003443+0j)
-0.5525	-0.30525625	-0.00047345194501325526	-0.30572983566334616	0.0	(-0.30572983566334616+0j)
-0.55	-0.30250000000000005	-0.00047209519818651674	-0.3029722311284242	0.0	(-0.3029722311284242+0j)
-0.5475	-0.29975625	-0.00047072438946332433	-0.30022711257593	0.0	(-0.30022711257593+0j)
-0.545	-0.29702500000000004	-0.00046933939870549314	-0.29749447988675026	0.0	(-0.29749447988675026+0j)
-0.5425	-0.29430625	-0.00046794010633352485	-0.29477433294234884	0.0	(-0.29477433294234884+0j)
-0.54	-0.2916	-0.00046652639339022625	-0.2920666716248341	0.0	(-0.2920666716248341+0j)
-0.5375	-0.28890625	-0.0004650981416059071	-0.28937149581703253	0.0	(-0.28937149581703253+0j)
-0.535	-0.286225	-0.0004636552334651627	-0.28668880540255276	0.0	(-0.28668880540255276+0j)
-0.5325	-0.28355624999999995	-0.00046219755227524097	-0.2840186002658537	0.0	(-0.2840186002658537+0j)
-0.53	-0.28090000000000004	-0.0004607249822359987	-0.281360880292311	0.0	(-0.281360880292311+0j)
-0.5275	-0.27825625	-0.00045923740851144373	-0.27871564536829596	0.0	(-0.27871564536829596+0j)
-0.525	-0.275625	-0.0004577347173028655	-0.27608289538125425	0.0	(-0.27608289538125425+0j)
-0.5225	-0.27300624999999995	-0.000456216795923546	-0.273462630219766	0.0	(-0.273462630219766+0j)
-0.52	-0.27040000000000003	-0.0004546835328750533	-0.2708548497736304	0.0	(-0.2708548497736304+0j)
-0.5175	-0.26780624999999997	-0.0004531348179251051	-0.2682595539339482	0.0	(-0.2682595539339482+0j)
-0.515	-0.265225	-0.00045157054218700253	-0.2656767425931981	0.0	(-0.2656767425931981+0j)
-0.5125	-0.26265625	-0.0004499905982006183	-0.263106415645318	0.0	(-0.263106415645318+0j)
-0.51	-0.2601	-0.0004483948800149337	-0.2605485729857897	0.0	(-0.2605485729857897+0j)
-0.5075000000000001	-0.25755625000000004	-0.00044678328327211136	-0.258003214511722	0.0	(-0.258003214511722+0j)
-0.505	-0.255025	-0.00044515570529308807	-0.2554703401219374	0.0	(-0.2554703401219374+0j)
-0.5025000000000001	-0.25250625000000004	-0.0004435120451646761	-0.2529499497170645	0.0	(-0.2529499497170645+0j)
-0.5	-0.25	-0.0004418522038281516	-0.25044204319962277	0.0	(-0.25044204319962277+0j)
-0.4975	-0.24750625	-0.00044017608416931504	-0.2479466204741084	0.0	(-0.2479466204741084+0j)
-0.495	-0.245025	-0.00043848359111000056	-0.2454636814470984	0.0	(-0.2454636814470984+0j)
-0.4925	-0.24255625	-0.00043677463170101134	-0.24299322602733553	0.0	(-0.24299322602733553+0j)
-0.49	-0.24009999999999998	-0.0004350491152164595	-0.240535254125825	0.0	(-0.240535254125825+0j)
-0.4875	-0.23765624999999999	-0.00043330695324948065	-0.23808976565593942	0.0	(-0.23808976565593942+0j)
-0.485	-0.235225	-0.00043154805980929713	-0.2356567605334976	0.0	(-0.2356567605334976+0j)
-0.4825	-0.23280625	-0.00042977235141959777	-0.23323623867688448	0.0	(-0.23323623867688448+0j)
-0.48	-0.2304	-0.00042797974721820397	-0.2308282000071386	0.0	(-0.2308282000071386+0j)
-0.47750000000000004	-0.22800625000000002	-0.0004261701690579858	-0.22843264444805456	0.0	(-0.22843264444805456+0j)
-0.47500000000000003	-0.22562500000000002	-0.00042434354160899305	-0.22604957192629327	0.0	(-0.22604957192629327+0j)
-0.47250000000000003	-0.22325625000000002	-0.0004224997924617612	-0.22367898237148068	0.0	(-0.22367898237148068+0j)
-0.47000000000000003	-0.22090000000000004	-0.0004206388522317547	-0.2213208757163141	0.0	(-0.2213208757163141+0j)
-0.4675	-0.21855625000000004	-0.0004187606546649	-0.21897525189666295	0.0	(-0.21897525189666295+0j)
-0.465	-0.21622500000000003	-0.00041686513674416914	-0.21664211085168655	0.0	(-0.21664211085168655+0j)
-0.4625	-0.21390625000000002	-0.0004149522387971621	-0.21432145252393553	0.0	(-0.21432145252393553+0j)
-0.46	-0.2116	-0.00041302190460464224	-0.2120132768594594	0.0	(-0.2120132768594594+0j)
-0.4575	-0.20930625000000003	-0.00041107408150997015	-0.2097175838079206	0.0	(-0.2097175838079206+0j)
-0.455	-0.20702500000000001	-0.0004091087205293856	-0.20743437332270462	0.0	(-0.20743437332270462+0j)
-0.4525	-0.20475625	-0.0004071257764630811	-0.20516364536102855	0.0	(-0.20516364536102855+0j)
-0.45	-0.2025	-0.00040512520800700593	-0.20290539988405756	0.0	(-0.20290539988405756+0j)
-0.4475	-0.20025625	-0.00040310697786534536	-0.2006596368570167	0.0	(-0.2006596368570167+0j)
-0.445	-0.198025	-0.0004010710528636102	-0.19842635624929647	0.0	(-0.19842635624929647+0j)
-0.4425	-0.19580625000000002	-0.00039901740406227126	-0.19620555803458184	0.0	(-0.19620555803458184+0j)
-0.44	-0.1936	-0.0003969460068708748	-0.1939972421909537	0.0	(-0.1939972421909537+0j)
-0.4375	-0.19140625	-0.0003948568411625675	-0.1918014087010083	0.0	(-0.1918014087010083+0j)
-0.435	-0.189225	-0.0003927498913889607	-0.18961805755196914	0.0	(-0.18961805755196914+0j)
-0.4325	-0.18705625	-0.00039062514669526273	-0.18744718873580996	0.0	(-0.18744718873580996+0j)
-0.43	-0.18489999999999998	-0.0003884826010356	-0.1852888022493589	0.0	(-0.1852888022493589+0j)
-0.4275	-0.18275624999999998	-0.0003863222532884533	-0.18314289809442527	0.0	(-0.18314289809442527+0j)
-0.425	-0.18062499999999998	-0.00038414410737212747	-0.1810094762779062	0.0	(-0.1810094762779062+0j)
-0.4225	-0.17850624999999998	-0.0003819481723601739	-0.17888853681190106	0.0	(-0.17888853681190106+0j)
-0.42	-0.17639999999999997	-0.0003797344625966817	-0.17678007971383172	0.0	(-0.17678007971383172+0j)
-0.4175	-0.17430625	-0.00037750299781135204	-0.1746841050065588	0.0	(-0.1746841050065588+0j)
-0.41500000000000004	-0.17222500000000002	-0.0003752538032342687	-0.17260061271848537	0.0	(-0.17260061271848537+0j)
-0.41250000000000003	-0.17015625000000004	-0.0003729869097102739	-0.17052960288368144	0.0	(-0.17052960288368144+0j)
-0.41000000000000003	-0.16810000000000003	-0.00037070235381285997	-0.16847107554198842	0.0	(-0.16847107554198842+0j)
-0.40750000000000003	-0.16605625000000002	-0.00036840017795748193	-0.16642503073914117	0.0	(-0.16642503073914117+0j)
-0.405	-0.16402500000000003	-0.0003660804305141967	-0.16439146852686734	0.0	(-0.16439146852686734+0j)
-0.4025	-0.16200625000000002	-0.00036374316591953227	-0.16237038896300668	0.0	(-0.16237038896300668+0j)
-0.4	-0.16000000000000003	-0.00036138844478748796	-0.16036179211161972	0.0	(-0.16036179211161972+0j)
-0.3975	-0.15800625000000001	-0.00035901633401956665	-0.15836567804309248	0.0	(-0.15836567804309248+0j)
-0.395	-0.15602500000000002	-0.0003566269069137359	-0.15638204683424908	0.0	(-0.15638204683424908+0j)
-0.3925	-0.15405625	-0.0003542202432722163	-0.15441089856845192	0.0	(-0.15441089856845192+0j)
-0.39	-0.1521	-0.00035179642950799165	-0.15245223333571073	0.0	(-0.15245223333571073+0j)
-0.3875	-0.15015625000000002	-0.00034935555874993513	-0.15050605123278352	0.0	(-0.15050605123278352+0j)
-0.385	-0.148225	-0.00034689773094644517	-0.14857235236328165	0.0	(-0.14857235236328165+0j)
-0.3825	-0.14630625	-0.0003444230529674818	-0.1466511368377644	0.0	(-0.1466511368377644+0j)
-0.38	-0.1444	-0.0003419316387048936	-0.14474240477384212	0.0	(-0.14474240477384212+0j)
-0.3775	-0.14250625	-0.0003394236091709263	-0.14284615629626962	0.0	(-0.14284615629626962+0j)
-0.375	-0.140625	-0.0003368990925948003	-0.14096239153704276	0.0	(-0.14096239153704276+0j)
-0.3725	-0.13875625	-0.00033435822451724517	-0.13909111063548707	0.0	(-0.13909111063548707+0j)
-0.37	-0.1369	-0.00033180114788287874	-0.13723231373835362	0.0	(-0.13723231373835362+0j)
-0.3675	-0.13505625	-0.0003292280131303154	-0.13538600099990075	0.0	(-0.13538600099990075+0j)
-0.365	-0.13322499999999998	-0.00032663897827989196	-0.13355217258198585	0.0	(-0.13355217258198585+0j)
-0.3625	-0.13140625	-0.0003240342090188937	-0.13173082865414446	0.0	(-0.13173082865414446+0j)
-0.36	-0.1296	-0.00032141387878416766	-0.1299219693936739	0.0	(-0.1299219693936739+0j)
-0.3575	-0.12780624999999998	-0.0003187781688420065	-0.12812559498570752	0.0	(-0.12812559498570752+0j)
-0.355	-0.126025	-0.00031612726836518823	-0.12634170562329938	0.0	(-0.12634170562329938+0j)
-0.3525	-0.12425624999999998	-0.0003134613745070568	-0.12457030150748587	0.0	(-0.12457030150748587+0j)
-0.35000000000000003	-0.12250000000000003	-0.0003107806924725274	-0.12281138284736555	0.0	(-0.12281138284736555+0j)
-0.34750000000000003	-0.12075625000000002	-0.00030808543558590116	-0.12106494986016203	0.0	(-0.12106494986016203+0j)
-0.34500000000000003	-0.11902500000000002	-0.0003053758253553771	-0.11933100277129265	0.0	(-0.11933100277129265+0j)
-0.3425	-0.11730625000000001	-0.0003026520915341432	-0.11760954181442772	0.0	(-0.11760954181442772+0j)
-0.34	-0.11560000000000002	-0.0002999144721779364	-0.11590056723155144	0.0	(-0.11590056723155144+0j)
-0.3375	-0.11390625000000001	-0.00029716321369895667	-0.11420407927302059	0.0	(-0.11420407927302059+0j)
-0.335	-0.11222500000000002	-0.0002943985709160244	-0.11252007819761342	0.0	(-0.11252007819761342+0j)
-0.3325	-0.11055625000000001	-0.000291620807100869	-0.11084856427258748	0.0	(-0.11084856427258748+0j)
-0.33	-0.10890000000000001	-0.00028883019402044024	-0.10918953777372302	0.0	(-0.10918953777372302+0j)
-0.3275	-0.10725625000000001	-0.00028602701197513096	-0.1075429989853721	0.0	(-0.1075429989853721+0j)
-0.325	-0.10562500000000001	-0.00028321154983280885	-0.1059089482004956	0.0	(-0.1059089482004956+0j)
-0.3225	-0.10400625000000001	-0.000280384105058546	-0.10428738572071171	0.0	(-0.10428738572071171+0j)
-0.32	-0.1024	-0.0002775449837399469	-0.10267831185632965	0.0	(-0.10267831185632965+0j)
-0.3175	-0.10080625	-0.0002746945006079692	-0.10108172692637968	0.0	(-0.10108172692637968+0j)
-0.315	-0.09922500000000001	-0.00027183297905314027	-0.09949763125865467	0.0	(-0.09949763125865467+0j)
-0.3125	-0.09765625	-0.0002689607511370685	-0.09792602518973247	0.0	(-0.09792602518973247+0j)
-0.31	-0.0961	-0.00026607815759915584	-0.09636690906500799	0.0	(-0.09636690906500799+0j)
-0.3075	-0.09455625	-0.0002631855478584165	-0.09482028323871663	0.0	(-0.09482028323871663+0j)
-0.305	-0.093025	-0.0002602832800103119	-0.09328614807395474	0.0	(-0.09328614807395474+0j)
-0.3025	-0.09150625	-0.00025737172081851317	-0.09176450394270518	0.0	(-0.09176450394270518+0j)
-0.3	-0.09	-0.0002544512457015057	-0.09025535122585285	0.0	(-0.09025535122585285+0j)
-0.2975	-0.08850625	-0.0002515222387139531	-0.08875869031319952	0.0	(-0.08875869031319952+0j)
-0.295	-0.08702499999999999	-0.00024858509252274186	-0.08727452160348159	0.0	(-0.08727452160348159+0j)
-0.2925	-0.08555624999999999	-0.0002456402083776295	-0.08580284550438	0.0	(-0.08580284550438+0j)
-0.29	-0.0841	-0.00024268799607642376	-0.08434366243253193	0.0	(-0.08434366243253193+0j)
-0.28750000000000003	-0.08265625000000001	-0.0002397288739246239	-0.08289697281353782	0.0	(-0.08289697281353782+0j)
-0.28500000000000003	-0.08122500000000002	-0.00023676326868945715	-0.08146277708197018	0.0	(-0.08146277708197018+0j)
-0.28250000000000003	-0.07980625000000002	-0.00023379161554825005	-0.08004107568137543	0.0	(-0.08004107568137543+0j)
-0.28	-0.07840000000000001	-0.00023081435803107465	-0.07863186906427669	0.0	(-0.07863186906427669+0j)
-0.2775	-0.07700625000000001	-0.0002278319479576171	-0.07723515769217601	0.0	(-0.07723515769217601+0j)
-0.275	-0.07562500000000001	-0.0002248448453682172	-0.07585094203554997	0.0	(-0.07585094203554997+0j)
-0.2725	-0.07425625000000001	-0.00022185351844903462	-0.07447922257384576	0.0	(-0.07447922257384576+0j)
-0.27	-0.0729	-0.00021885844345129941	-0.07311999979547391	0.0	(-0.07311999979547391+0j)
-0.2675	-0.07155625	-0.00021586010460460982	-0.07177327419779654	0.0	(-0.07177327419779654+0j)
-0.265	-0.07022500000000001	-0.00021285899402424637	-0.07043904628711357	0.0	(-0.07043904628711357+0j)
-0.2625	-0.06890625	-0.00020985561161247315	-0.06911731657864771	0.0	(-0.06911731657864771+0j)
-0.26	-0.06760000000000001	-0.00020685046495380507	-0.06780808559651484	0.0	(-0.06780808559651484+0j)
-0.2575	-0.06630625	-0.00020384406920422103	-0.06651135387370372	0.0	(-0.06651135387370372+0j)
-0.255	-0.065025	-0.00020083694697431344	-0.06522712195203803	0.0	(-0.06522712195203803+0j)
-0.2525	-0.06375625	-0.00019782962820636313	-0.0639553903821364	0.0	(-0.0639553903821364+0j)
-0.25	-0.0625	-0.0001948226500453391	-0.06269615972336517	0.0	(-0.06269615972336517+0j)
-0.2475	-0.06125625	-0.00019181655670382522	-0.06144943054378153	0.0	(-0.06144943054378153+0j)
-0.245	-0.060024999999999995	-0.00018881189932088246	-0.060215203420066456	0.0	(-0.060215203420066456+0j)
-0.2425	-0.05880625	-0.00018580923581485877	-0.05899347893744711	0.0	(-0.05899347893744711+0j)
-0.24	-0.0576	-0.00018280913073016812	-0.05778425768960361	0.0	(-0.05778425768960361+0j)
-0.23750000000000002	-0.056406250000000005	-0.00017981215507806067	-0.05658754027856775	0.0	(-0.05658754027856775+0j)
-0.23500000000000001	-0.05522500000000001	-0.00017681888617141598	-0.05540332731459614	0.0	(-0.05540332731459614+0j)
-0.2325	-0.05405625000000001	-0.00017382990745359414	-0.05423161941603491	0.0	(-0.05423161941603491+0j)
-0.23	-0.0529	-0.00017084580832138764	-0.05307241720915471	0.0	(-0.05307241720915471+0j)
-0.2275	-0.051756250000000004	-0.00016786718394212006	-0.05192572132796922	0.0	(-0.05192572132796922+0j)
-0.225	-0.050625	-0.00016489463506494454	-0.05079153241402568	0.0	(-0.05079153241402568+0j)
-0.2225	-0.04950625	-0.0001619287678264022	-0.04966985111616507	0.0	(-0.04966985111616507+0j)
-0.22	-0.0484	-0.00015897019355030515	-0.04856067809025362	0.0	(-0.04856067809025362+0j)
-0.2175	-0.04730625	-0.00015601952854201273	-0.04746401399887671	0.0	(-0.04746401399887671+0j)
-0.215	-0.046224999999999995	-0.00015307739387717905	-0.04637985951099633	0.0	(-0.04637985951099633+0j)
-0.2125	-0.045156249999999995	-0.00015014441518505585	-0.04530821530156448	0.0	(-0.04530821530156448+0j)
-0.21	-0.04409999999999999	-0.00014722122242643334	-0.04424908205108846	0.0	(-0.04424908205108846+0j)
-0.20750000000000002	-0.043056250000000004	-0.00014430844966631991	-0.04320246044514663	0.0	(-0.04320246044514663+0j)
-0.20500000000000002	-0.04202500000000001	-0.000141406734841454	-0.042168351173845674	0.0	(-0.042168351173845674+0j)
-0.2025	-0.04100625000000001	-0.00013851671952275915	-0.04114675493121839	0.0	(-0.04114675493121839+0j)
-0.2	-0.04000000000000001	-0.00013563904867284986	-0.0401376724145504	0.0	(-0.0401376724145504+0j)
-0.1975	-0.039006250000000006	-0.00013277437039870547	-0.039141104323637134	0.0	(-0.039141104323637134+0j)
-0.195	-0.038025	-0.00012992333569963817	-0.0381570513599563	0.0	(-0.0381570513599563+0j)
-0.1925	-0.03705625	-0.000127086598210678	-0.03718551422575592	0.0	(-0.03718551422575592+0j)
-0.19	-0.0361	-0.00012426481394151408	-0.036226493623048625	0.0	(-0.036226493623048625+0j)
-0.1875	-0.03515625	-0.0001214586410111268	-0.035279990252500844	0.0	(-0.035279990252500844+0j)
-0.185	-0.034225	-0.00011866873937825835	-0.0343460048122141	0.0	(-0.0343460048122141+0j)
-0.1825	-0.033306249999999996	-0.00011589577056787017	-0.033424537996386575	0.0	(-0.033424537996386575+0j)
-0.18	-0.0324	-0.00011314039739374424	-0.03251559049384912	0.0	(-0.03251559049384912+0j)
-0.1775	-0.03150625	-0.00011040328367738495	-0.03161916298646188	0.0	(-0.03161916298646188+0j)
-0.17500000000000002	-0.030625000000000006	-0.00010768509396339027	-0.030735256147372436	0.0	(-0.030735256147372436+0j)
-0.17250000000000001	-0.029756250000000005	-0.00010498649323146086	-0.02986387063911293	0.0	(-0.02986387063911293+0j)
-0.17	-0.028900000000000006	-0.00010230814660522267	-0.029005007111542302	0.0	(-0.029005007111542302+0j)
-0.1675	-0.028056250000000005	-9.965071905804063e-05	-0.02815866619961657	0.0	(-0.02815866619961657+0j)
-0.165	-0.027225000000000003	-9.701487511600878e-05	-0.02732484852098378	0.0	(-0.02732484852098378+0j)
-0.1625	-0.026406250000000003	-9.440127855830684e-05	-0.026503554673399227	0.0	(-0.026503554673399227+0j)
-0.16	-0.0256	-9.181059211511318e-05	-0.025694785231957347	0.0	(-0.025694785231957347+0j)
-0.1575	-0.024806250000000002	-8.924347716327032e-05	-0.024898540746140004	0.0	(-0.024898540746140004+0j)
-0.155	-0.024025	-8.670059341990728e-05	-0.024114821736683268	0.0	(-0.024114821736683268+0j)
-0.1525	-0.02325625	-8.418259863421894e-05	-0.02334362869227468	0.0	(-0.02334362869227468+0j)
-0.15	-0.0225	-8.16901482776123e-05	-0.022584962066088128	0.0	(-0.022584962066088128+0j)
-0.1475	-0.021756249999999998	-7.922389523243104e-05	-0.02183882227218543	0.0	(-0.02183882227218543+0j)
-0.145	-0.021025	-7.67844894794697e-05	-0.021105209681806802	0.0	(-0.021105209681806802+0j)
-0.14250000000000002	-0.020306250000000005	-7.437257778450114e-05	-0.020384124619599847	0.0	(-0.020384124619599847+0j)
-0.14	-0.019600000000000003	-7.198880338402901e-05	-0.019675567359834636	0.0	(-0.019675567359834636+0j)
-0.1375	-0.018906250000000003	-6.96338056704944e-05	-0.01897953812268745	0.0	(-0.01897953812268745+0j)
-0.135	-0.018225	-6.730821987716122e-05	-0.01829603707067902	0.0	(-0.01829603707067902+0j)
-0.1325	-0.017556250000000002	-6.501267676290306e-05	-0.017625064305395833	0.0	(-0.017625064305395833+0j)
-0.13	-0.016900000000000002	-6.274780229712645e-05	-0.016966619864644407	0.0	(-0.016966619864644407+0j)
-0.1275	-0.01625625	-6.0514217345056595e-05	-0.016320703720235006	0.0	(-0.016320703720235006+0j)
-0.125	-0.015625	-5.831253735362405e-05	-0.015687315776636276	0.0	(-0.015687315776636276+0j)
-0.1225	-0.015006249999999999	-5.614337203817856e-05	-0.015066455870805625	0.0	(-0.015066455870805625+0j)
-0.12	-0.0144	-5.4007325070271414e-05	-0.014458123773573433	0.0	(-0.014458123773573433+0j)
-0.11750000000000001	-0.013806250000000003	-5.190499376674131e-05	-0.013862319193048176	0.0	(-0.013862319193048176+0j)
-0.115	-0.013225	-4.983696878033475e-05	-0.013279041780624367	0.0	(-0.013279041780624367+0j)
-0.1125	-0.01265625	-4.7803833792105234e-05	-0.01270829114030619	0.0	(-0.01270829114030619+0j)
-0.11	-0.0121	-4.580616520582226e-05	-0.012150066842229402	0.0	(-0.012150066842229402+0j)
-0.1075	-0.011556249999999999	-4.384453184462789e-05	-0.011604368441460108	0.0	(-0.011604368441460108+0j)
-0.105	-0.011024999999999998	-4.1919494650186076e-05	-0.011071195503390807	0.0	(-0.011071195503390807+0j)
-0.10250000000000001	-0.010506250000000002	-4.0031606384539203e-05	-0.010550547637339626	0.0	(-0.010550547637339626+0j)
-0.1	-0.010000000000000002	-3.8181411334935886e-05	-0.01004242454029287	0.0	(-0.01004242454029287+0j)
-0.0975	-0.00950625	-3.6369445021839505e-05	-0.009546826053117338	0.0	(-0.009546826053117338+0j)
-0.095	-0.009025	-3.45962339103556e-05	-0.009063752232004181	0.0	(-0.009063752232004181+0j)
-0.0925	-0.00855625	-3.286229512532712e-05	-0.008593203438367588	0.0	(-0.008593203438367588+0j)
-0.09	-0.0081	-3.1168136170295346e-05	-0.00813518045089594	0.0	(-0.00813518045089594+0j)
-0.08750000000000001	-0.007656250000000002	-2.9514254650580413e-05	-0.007689684603873228	0.0	(-0.007689684603873228+0j)
-0.085	-0.007225000000000001	-2.7901138000695214e-05	-0.007256717956170656	0.0	(-0.007256717956170656+0j)
-0.0825	-0.006806250000000001	-2.6329263216305632e-05	-0.006836283495311737	0.0	(-0.006836283495311737+0j)
-0.08	-0.0064	-2.4799096590982785e-05	-0.006428385380527237	0.0	(-0.006428385380527237+0j)
-0.0775	-0.00600625	-2.3311093457936696e-05	-0.006033029227428744	0.0	(-0.006033029227428744+0j)
-0.075	-0.005625	-2.1865697936951368e-05	-0.005650222434439006	0.0	(-0.005650222434439006+0j)
-0.0725	-0.00525625	-2.0463342686743993e-05	-0.0052799745469018075	0.0	(-0.0052799745469018075+0j)
-0.07	-0.004900000000000001	-1.910444866293354e-05	-0.0049222976482626865	0.0	(-0.0049222976482626865+0j)
-0.0675	-0.00455625	-1.778942488184221e-05	-0.004577206758303839	0.0	(-0.004577206758303839+0j)
-0.065	-0.0042250000000000005	-1.651866819031289e-05	-0.004244720205786742	0.0	(-0.004244720205786742+0j)
-0.0625	-0.00390625	-1.5292563041720274e-05	-0.0039248599272057256	0.0	(-0.0039248599272057256+0j)
-0.06	-0.0036	-1.411148127841988e-05	-0.003617651625871145	0.0	(-0.003617651625871145+0j)
-0.0575	-0.00330625	-1.2975781920743225e-05	-0.0033231247088572626	0.0	(-0.0033231247088572626+0j)
-0.055	-0.003025	-1.1885810962788957e-05	-0.0030413119078437135	0.0	(-0.0030413119078437135+0j)
-0.0525	-0.0027562499999999996	-1.084190117511541e-05	-0.002772248489330168	0.0	(-0.002772248489330168+0j)
-0.05	-0.0025000000000000005	-9.844371914571882e-06	-0.0025159709759821373	0.0	(-0.0025159709759821373+0j)
-0.0475	-0.00225625	-8.89352894136164e-06	-0.0022725153372730763	0.0	(-0.0022725153372730763+0j)
-0.045	-0.002025	-7.989664243576722e-06	-0.002041914661374901	0.0	(-0.002041914661374901+0j)
-0.0425	-0.0018062500000000003	-7.133055869235072e-06	-0.0018241963795939129	0.0	(-0.0018241963795939129+0j)
-0.04	-0.0016	-6.323967766103112e-06	-0.0016193791582306283	0.0	(-0.0016193791582306283+0j)
-0.0375	-0.00140625	-5.562649629331507e-06	-0.001427469573394463	0.0	(-0.001427469573394463+0j)
-0.035	-0.0012250000000000002	-4.849336757084544e-06	-0.0012484586160018188	0.0	(-0.0012484586160018188+0j)
-0.0325	-0.0010562500000000001	-4.184249914296335e-06	-0.0010823179184777944	0.0	(-0.0010823179184777944+0j)
-0.03	-0.0009	-3.5675952046454462e-06	-0.0009289953411373374	0.0	(-0.0009289953411373374+0j)
-0.0275	-0.00075625	-2.9995639508229034e-06	-0.0007884091933167088	0.0	(-0.0007884091933167088+0j)
-0.025	-0.0006250000000000001	-2.4803325833655522e-06	-0.0006604398621549021	0.0	(-0.0006604398621549021+0j)
-0.0225	-0.00050625	-2.010062537860513e-06	-0.000544916913837144	0.0	(-0.000544916913837144+0j)
-0.02	-0.0004	-1.588900160953699e-06	-0.00044159870967625263	0.0	(-0.00044159870967625263+0j)
-0.0175	-0.00030625000000000004	-1.2169766248737446e-06	-0.00035014013367534486	0.0	(-0.00035014013367534486+0j)
-0.015	-0.000225	-8.944078510708664e-07	-0.0002700422241915427	0.0	(-0.0002700422241915427+0j)
-0.0125	-0.00015625000000000003	-6.21294442071374e-07	-0.00020057609709781232	0.0	(-0.00020057609709781232+0j)
-0.01	-0.0001	-3.97721623102143e-07	-0.00014067523023062804	0.0	(-0.00014067523023062804+0j)
-0.0075	-5.625e-05	-2.2375919215278375e-07	-8.880166965122642e-05	0.0	(-8.880166965122642e-05+0j)
-0.005	-2.5e-05	-9.946147869754896e-08	-4.2824088486529656e-05	0.0	(-4.2824088486529656e-05+0j)
-0.0025	-6.25e-06	-2.4867311765319755e-08	6.415766355682972e-17	-0.0032523840683550665	(6.415766355682972e-17-0.0032523840683550665j)
0.0025	6.25e-06	2.4867311765319755e-08	6.415766355682972e-17	0.0032523840683550665	(6.415766355682972e-17+0.0032523840683550665j)
0.005	2.5e-05	9.946147869754896e-08	4.282408848647236e-05	0.0	(4.282408848647236e-05+0j)
0.0075	5.625e-05	2.2375919215278375e-07	8.880166965122226e-05	0.0	(8.880166965122226e-05+0j)
0.01	0.0001	3.97721623102143e-07	0.0001406752302305985	0.0	(0.0001406752302305985+0j)
0.0125	0.00015625000000000003	6.21294442071374e-07	0.0002005760970977994	0.0	(0.0002005760970977994+0j)
0.015	0.000225	8.944078510708664e-07	0.0002700422241915366	0.0	(0.0002700422241915366+0j)
0.0175	0.00030625000000000004	1.2169766248737446e-06	0.0003501401336753481	0.0	(0.0003501401336753481+0j)
0.02	0.0004	1.588900160953699e-06	0.00044159870967623414	0.0	(0.00044159870967623414+0j)
0.0225	0.00050625	2.010062537860513e-06	0.0005449169138371305	0.0	(0.0005449169138371305+0j)
0.025	0.0006250000000000001	2.4803325833655522e-06	0.0006604398621548601	0.0	(0.0006604398621548601+0j)
0.0275	0.00075625	2.9995639508229034e-06	0.0007884091933167326	0.0	(0.0007884091933167326+0j)
0.03	0.0009	3.5675952046454462e-06	0.0009289953411373345	0.0	(0.0009289953411373345+0j)
0.0325	0.0010562500000000001	4.184249914296335e-06	0.0010823179184778098	0.0	(0.0010823179184778098+0j)
0.035	0.0012250000000000002	4.849336757084544e-06	0.0012484586160018264	0.0	(0.0012484586160018264+0j)
0.0375	0.00140625	5.562649629331507e-06	0.0014274695733944528	0.0	(0.0014274695733944528+0j)
0.04	0.0016	6.323967766103112e-06	0.0016193791582306213	0.0	(0.0016193791582306213+0j)
0.0425	0.0018062500000000003	7.133055869235072e-06	0.0018241963795939142	0.0	(0.0018241963795939142+0j)
0.045	0.002025	7.989664243576722e-06	0.002041914661374865	0.0	(0.002041914661374865+0j)
0.0475	0.00225625	8.89352894136164e-06	0.0022725153372730495	0.0	(0.0022725153372730495+0j)
0.05	0.0025000000000000005	9.844371914571882e-06	0.0025159709759821377	0.0	(0.0025159709759821377+0j)
0.0525	0.0027562499999999996	1.084190117511541e-05	0.00277224848933017	0.0	(0.00277224848933017+0j)
0.055	0.003025	1.1885810962788957e-05	0.0030413119078437044	0.0	(0.0030413119078437044+0j)
0.0575	0.00330625	1.2975781920743225e-05	0.0033231247088572717	0.0	(0.0033231247088572717+0j)
0.06	0.0036	1.411148127841988e-05	0.003617651625871153	0.0	(0.003617651625871153+0j)
0.0625	0.00390625	1.5292563041720274e-05	0.0039248599272057585	0.0	(0.0039248599272057585+0j)
0.065	0.0042250000000000005	1.651866819031289e-05	0.004244720205786743	0.0	(0.004244720205786743+0j)
0.0675	0.00455625	1.778942488184221e-05	0.00457720675830381	0.0	(0.00457720675830381+0j)
0.07	0.004900000000000001	1.910444866293354e-05	0.0049222976482626735	0.0	(0.0049222976482626735+0j)
0.0725	0.00525625	2.0463342686743993e-05	0.005279974546901805	0.0	(0.005279974546901805+0j)
0.075	0.005625	2.1865697936951368e-05	0.00565022243443899	0.0	(0.00565022243443899+0j)
0.0775	0.00600625	2.3311093457936696e-05	0.00603302922742875	0.0	(0.00603302922742875+0j)
0.08	0.0064	2.4799096590982785e-05	0.006428385380527237	0.0	(0.006428385380527237+0j)
0.0825	0.006806250000000001	2.6329263216305632e-05	0.006836283495311731	0.0	(0.006836283495311731+0j)
0.085	0.007225000000000001	2.7901138000695214e-05	0.0072567179561706845	0.0	(0.0072567179561706845+0j)
0.08750000000000001	0.007656250000000002	2.9514254650580413e-05	0.007689684603873273	0.0	(0.007689684603873273+0j)
0.09	0.0081	3.1168136170295346e-05	0.00813518045089586	0.0	(0.00813518045089586+0j)
0.0925	0.00855625	3.286229512532712e-05	0.00859320343836754	0.0	(0.00859320343836754+0j)
0.095	0.009025	3.45962339103556e-05	0.009063752232004169	0.0	(0.009063752232004169+0j)
0.0975	0.00950625	3.6369445021839505e-05	0.009546826053117389	0.0	(0.009546826053117389+0j)
0.1	0.010000000000000002	3.8181411334935886e-05	0.010042424540292836	0.0	(0.010042424540292836+0j)
0.10250000000000001	0.010506250000000002	4.0031606384539203e-05	0.01055054763733971	0.0	(0.01055054763733971+0j)
0.105	0.011024999999999998	4.1919494650186076e-05	0.011071195503390805	0.0	(0.011071195503390805+0j)
0.1075	0.011556249999999999	4.384453184462789e-05	0.011604368441460105	0.0	(0.011604368441460105+0j)
0.11	0.0121	4.580616520582226e-05	0.0121500668422294	0.0	(0.0121500668422294+0j)
0.1125	0.01265625	4.7803833792105234e-05	0.012708291140306183	0.0	(0.012708291140306183+0j)
0.115	0.013225	4.983696878033475e-05	0.013279041780624366	0.0	(0.013279041780624366+0j)
0.11750000000000001	0.013806250000000003	5.190499376674131e-05	0.013862319193048218	0.0	(0.013862319193048218+0j)
0.12	0.0144	5.4007325070271414e-05	0.014458123773573407	0.0	(0.014458123773573407+0j)
0.1225	0.015006249999999999	5.614337203817856e-05	0.015066455870805703	0.0	(0.015066455870805703+0j)
0.125	0.015625	5.831253735362405e-05	0.01568731577663629	0.0	(0.01568731577663629+0j)
0.1275	0.01625625	6.0514217345056595e-05	0.016320703720235103	0.0	(0.016320703720235103+0j)
0.13	0.016900000000000002	6.274780229712645e-05	0.01696661986464435	0.0	(0.01696661986464435+0j)
0.1325	0.017556250000000002	6.501267676290306e-05	0.017625064305395743	0.0	(0.017625064305395743+0j)
0.135	0.018225	6.730821987716122e-05	0.018296037070679103	0.0	(0.018296037070679103+0j)
0.1375	0.018906250000000003	6.96338056704944e-05	0.018979538122687406	0.0	(0.018979538122687406+0j)
0.14	0.019600000000000003	7.198880338402901e-05	0.01967556735983459	0.0	(0.01967556735983459+0j)
0.14250000000000002	0.020306250000000005	7.437257778450114e-05	0.02038412461959964	0.0	(0.02038412461959964+0j)
0.145	0.021025	7.67844894794697e-05	0.021105209681806885	0.0	(0.021105209681806885+0j)
0.1475	0.021756249999999998	7.922389523243104e-05	0.0218388222721854	0.0	(0.0218388222721854+0j)
0.15	0.0225	8.16901482776123e-05	0.022584962066088284	0.0	(0.022584962066088284+0j)
0.1525	0.02325625	8.418259863421894e-05	0.023343628692274795	0.0	(0.023343628692274795+0j)
0.155	0.024025	8.670059341990728e-05	0.02411482173668336	0.0	(0.02411482173668336+0j)
0.1575	0.024806250000000002	8.924347716327032e-05	0.02489854074614005	0.0	(0.02489854074614005+0j)
0.16	0.0256	9.181059211511318e-05	0.02569478523195732	0.0	(0.02569478523195732+0j)
0.1625	0.026406250000000003	9.440127855830684e-05	0.02650355467339917	0.0	(0.02650355467339917+0j)
0.165	0.027225000000000003	9.701487511600878e-05	0.027324848520983634	0.0	(0.027324848520983634+0j)
0.1675	0.028056250000000005	9.965071905804063e-05	0.028158666199616666	0.0	(0.028158666199616666+0j)
0.17	0.028900000000000006	0.00010230814660522267	0.029005007111542334	0.0	(0.029005007111542334+0j)
0.17250000000000001	0.029756250000000005	0.00010498649323146086	0.029863870639112906	0.0	(0.029863870639112906+0j)
0.17500000000000002	0.030625000000000006	0.00010768509396339027	0.030735256147372464	0.0	(0.030735256147372464+0j)
0.1775	0.03150625	0.00011040328367738495	0.031619162986461696	0.0	(0.031619162986461696+0j)
0.18	0.0324	0.00011314039739374424	0.03251559049384911	0.0	(0.03251559049384911+0j)
0.1825	0.033306249999999996	0.00011589577056787017	0.033424537996386394	0.0	(0.033424537996386394+0j)
0.185	0.034225	0.00011866873937825835	0.034346004812214385	0.0	(0.034346004812214385+0j)
0.1875	0.03515625	0.0001214586410111268	0.03527999025250109	0.0	(0.03527999025250109+0j)
0.19	0.0361	0.00012426481394151408	0.036226493623048764	0.0	(0.036226493623048764+0j)
0.1925	0.03705625	0.000127086598210678	0.03718551422575604	0.0	(0.03718551422575604+0j)
0.195	0.038025	0.00012992333569963817	0.038157051359956215	0.0	(0.038157051359956215+0j)
0.1975	0.039006250000000006	0.00013277437039870547	0.039141104323636815	0.0	(0.039141104323636815+0j)
0.2	0.04000000000000001	0.00013563904867284986	0.04013767241455048	0.0	(0.04013767241455048+0j)
0.2025	0.04100625000000001	0.00013851671952275915	0.04114675493121823	0.0	(0.04114675493121823+0j)
0.20500000000000002	0.04202500000000001	0.000141406734841454	0.042168351173845556	0.0	(0.042168351173845556+0j)
0.20750000000000002	0.043056250000000004	0.00014430844966631991	0.043202460445146564	0.0	(0.043202460445146564+0j)
0.21	0.04409999999999999	0.00014722122242643334	0.04424908205108861	0.0	(0.04424908205108861+0j)
0.2125	0.045156249999999995	0.00015014441518505585	0.0453082153015648	0.0	(0.0453082153015648+0j)
0.215	0.046224999999999995	0.00015307739387717905	0.046379859510996484	0.0	(0.046379859510996484+0j)
0.2175	0.04730625	0.00015601952854201273	0.04746401399887657	0.0	(0.04746401399887657+0j)
0.22	0.0484	0.00015897019355030515	0.04856067809025344	0.0	(0.04856067809025344+0j)
0.2225	0.04950625	0.0001619287678264022	0.04966985111616498	0.0	(0.04966985111616498+0j)
0.225	0.050625	0.00016489463506494454	0.05079153241402554	0.0	(0.05079153241402554+0j)
0.2275	0.051756250000000004	0.00016786718394212006	0.051925721327969285	0.0	(0.051925721327969285+0j)
0.23	0.0529	0.00017084580832138764	0.053072417209154774	0.0	(0.053072417209154774+0j)
0.2325	0.05405625000000001	0.00017382990745359414	0.05423161941603496	0.0	(0.05423161941603496+0j)
0.23500000000000001	0.05522500000000001	0.00017681888617141598	0.055403327314596226	0.0	(0.055403327314596226+0j)
0.23750000000000002	0.056406250000000005	0.00017981215507806067	0.05658754027856788	0.0	(0.05658754027856788+0j)
0.24	0.0576	0.00018280913073016812	0.057784257689603956	0.0	(0.057784257689603956+0j)
0.2425	0.05880625	0.00018580923581485877	0.05899347893744708	0.0	(0.05899347893744708+0j)
0.245	0.060024999999999995	0.00018881189932088246	0.060215203420066504	0.0	(0.060215203420066504+0j)
0.2475	0.06125625	0.00019181655670382522	0.061449430543780985	0.0	(0.061449430543780985+0j)
0.25	0.0625	0.0001948226500453391	0.06269615972336524	0.0	(0.06269615972336524+0j)
0.2525	0.06375625	0.00019782962820636313	0.06395539038213599	0.0	(0.06395539038213599+0j)
0.255	0.065025	0.00020083694697431344	0.06522712195203775	0.0	(0.06522712195203775+0j)
0.2575	0.06630625	0.00020384406920422103	0.06651135387370363	0.0	(0.06651135387370363+0j)
0.26	0.06760000000000001	0.00020685046495380507	0.06780808559651533	0.0	(0.06780808559651533+0j)
0.2625	0.06890625	0.00020985561161247315	0.06911731657864711	0.0	(0.06911731657864711+0j)
0.265	0.07022500000000001	0.00021285899402424637	0.07043904628711355	0.0	(0.07043904628711355+0j)
0.2675	0.07155625	0.00021586010460460982	0.07177327419779585	0.0	(0.07177327419779585+0j)
0.27	0.0729	0.00021885844345129941	0.0731199997954739	0.0	(0.0731199997954739+0j)
0.2725	0.07425625000000001	0.00022185351844903462	0.07447922257384645	0.0	(0.07447922257384645+0j)
0.275	0.07562500000000001	0.0002248448453682172	0.0758509420355496	0.0	(0.0758509420355496+0j)
0.2775	0.07700625000000001	0.0002278319479576171	0.07723515769217638	0.0	(0.07723515769217638+0j)
0.28	0.07840000000000001	0.00023081435803107465	0.07863186906427666	0.0	(0.07863186906427666+0j)
0.28250000000000003	0.07980625000000002	0.00023379161554825005	0.0800410756813758	0.0	(0.0800410756813758+0j)
0.28500000000000003	0.08122500000000002	0.00023676326868945715	0.08146277708197032	0.0	(0.08146277708197032+0j)
0.28750000000000003	0.08265625000000001	0.0002397288739246239	0.08289697281353815	0.0	(0.08289697281353815+0j)
0.29	0.0841	0.00024268799607642376	0.08434366243253251	0.0	(0.08434366243253251+0j)
0.2925	0.08555624999999999	0.0002456402083776295	0.08580284550438032	0.0	(0.08580284550438032+0j)
0.295	0.08702499999999999	0.00024858509252274186	0.08727452160348174	0.0	(0.08727452160348174+0j)
0.2975	0.08850625	0.0002515222387139531	0.08875869031319997	0.0	(0.08875869031319997+0j)
0.3	0.09	0.0002544512457015057	0.09025535122585308	0.0	(0.09025535122585308+0j)
0.3025	0.09150625	0.00025737172081851317	0.0917645039427055	0.0	(0.0917645039427055+0j)
0.305	0.093025	0.0002602832800103119	0.09328614807395526	0.0	(0.09328614807395526+0j)
0.3075	0.09455625	0.0002631855478584165	0.0948202832387165	0.0	(0.0948202832387165+0j)
0.31	0.0961	0.00026607815759915584	0.09636690906500789	0.0	(0.09636690906500789+0j)
0.3125	0.09765625	0.0002689607511370685	0.09792602518973244	0.0	(0.09792602518973244+0j)
0.315	0.09922500000000001	0.00027183297905314027	0.0994976312586549	0.0	(0.0994976312586549+0j)
0.3175	0.10080625	0.0002746945006079692	0.10108172692637982	0.0	(0.10108172692637982+0j)
0.32	0.1024	0.0002775449837399469	0.10267831185632957	0.0	(0.10267831185632957+0j)
0.3225	0.10400625000000001	0.000280384105058546	0.10428738572071267	0.0	(0.10428738572071267+0j)
0.325	0.10562500000000001	0.00028321154983280885	0.10590894820049593	0.0	(0.10590894820049593+0j)
0.3275	0.10725625000000001	0.00028602701197513096	0.10754299898537188	0.0	(0.10754299898537188+0j)
0.33	0.10890000000000001	0.00028883019402044024	0.10918953777372359	0.0	(0.10918953777372359+0j)
0.3325	0.11055625000000001	0.000291620807100869	0.11084856427258734	0.0	(0.11084856427258734+0j)
0.335	0.11222500000000002	0.0002943985709160244	0.11252007819761353	0.0	(0.11252007819761353+0j)
0.3375	0.11390625000000001	0.00029716321369895667	0.11420407927301995	0.0	(0.11420407927301995+0j)
0.34	0.11560000000000002	0.0002999144721779364	0.11590056723155176	0.0	(0.11590056723155176+0j)
0.3425	0.11730625000000001	0.0003026520915341432	0.11760954181442707	0.0	(0.11760954181442707+0j)
0.34500000000000003	0.11902500000000002	0.0003053758253553771	0.11933100277129327	0.0	(0.11933100277129327+0j)
0.34750000000000003	0.12075625000000002	0.00030808543558590116	0.12106494986016181	0.0	(0.12106494986016181+0j)
0.35000000000000003	0.12250000000000003	0.0003107806924725274	0.1228113828473657	0.0	(0.1228113828473657+0j)
0.3525	0.12425624999999998	0.0003134613745070568	0.1245703015074866	0.0	(0.1245703015074866+0j)
0.355	0.126025	0.00031612726836518823	0.12634170562330033	0.0	(0.12634170562330033+0j)
0.3575	0.12780624999999998	0.0003187781688420065	0.12812559498570872	0.0	(0.12812559498570872+0j)
0.36	0.1296	0.00032141387878416766	0.1299219693936731	0.0	(0.1299219693936731+0j)
0.3625	0.13140625	0.0003240342090188937	0.13173082865414473	0.0	(0.13173082865414473+0j)
0.365	0.13322499999999998	0.00032663897827989196	0.13355217258198507	0.0	(0.13355217258198507+0j)
0.3675	0.13505625	0.0003292280131303154	0.1353860009999006	0.0	(0.1353860009999006+0j)
0.37	0.1369	0.00033180114788287874	0.13723231373835332	0.0	(0.13723231373835332+0j)
0.3725	0.13875625	0.00033435822451724517	0.13909111063548749	0.0	(0.13909111063548749+0j)
0.375	0.140625	0.0003368990925948003	0.14096239153704315	0.0	(0.14096239153704315+0j)
0.3775	0.14250625	0.0003394236091709263	0.14284615629627045	0.0	(0.14284615629627045+0j)
0.38	0.1444	0.0003419316387048936	0.14474240477384173	0.0	(0.14474240477384173+0j)
0.3825	0.14630625	0.0003444230529674818	0.1466511368377641	0.0	(0.1466511368377641+0j)
0.385	0.148225	0.00034689773094644517	0.14857235236328098	0.0	(0.14857235236328098+0j)
0.3875	0.15015625000000002	0.00034935555874993513	0.15050605123278282	0.0	(0.15050605123278282+0j)
0.39	0.1521	0.00035179642950799165	0.15245223333570987	0.0	(0.15245223333570987+0j)
0.3925	0.15405625	0.0003542202432722163	0.15441089856845144	0.0	(0.15441089856845144+0j)
0.395	0.15602500000000002	0.0003566269069137359	0.1563820468342494	0.0	(0.1563820468342494+0j)
0.3975	0.15800625000000001	0.00035901633401956665	0.15836567804309343	0.0	(0.15836567804309343+0j)
0.4	0.16000000000000003	0.00036138844478748796	0.16036179211162005	0.0	(0.16036179211162005+0j)
0.4025	0.16200625000000002	0.00036374316591953227	0.16237038896300648	0.0	(0.16237038896300648+0j)
0.405	0.16402500000000003	0.0003660804305141967	0.16439146852686762	0.0	(0.16439146852686762+0j)
0.40750000000000003	0.16605625000000002	0.00036840017795748193	0.16642503073914086	0.0	(0.16642503073914086+0j)
0.41000000000000003	0.16810000000000003	0.00037070235381285997	0.16847107554198876	0.0	(0.16847107554198876+0j)
0.41250000000000003	0.17015625000000004	0.0003729869097102739	0.17052960288368207	0.0	(0.17052960288368207+0j)
0.41500000000000004	0.17222500000000002	0.0003752538032342687	0.17260061271848598	0.0	(0.17260061271848598+0j)
0.4175	0.17430625	0.00037750299781135204	0.17468410500655798	0.0	(0.17468410500655798+0j)
0.42	0.17639999999999997	0.0003797344625966817	0.17678007971383364	0.0	(0.17678007971383364+0j)
0.4225	0.17850624999999998	0.0003819481723601739	0.1788885368118998	0.0	(0.1788885368118998+0j)
0.425	0.18062499999999998	0.00038414410737212747	0.18100947627790376	0.0	(0.18100947627790376+0j)
0.4275	0.18275624999999998	0.0003863222532884533	0.1831428980944262	0.0	(0.1831428980944262+0j)
0.43	0.18489999999999998	0.0003884826010356	0.18528880224936098	0.0	(0.18528880224936098+0j)
0.4325	0.18705625	0.00039062514669526273	0.18744718873580982	0.0	(0.18744718873580982+0j)
0.435	0.189225	0.0003927498913889607	0.18961805755196812	0.0	(0.18961805755196812+0j)
0.4375	0.19140625	0.0003948568411625675	0.19180140870100795	0.0	(0.19180140870100795+0j)
0.44	0.1936	0.0003969460068708748	0.19399724219095363	0.0	(0.19399724219095363+0j)
0.4425	0.19580625000000002	0.00039901740406227126	0.19620555803458278	0.0	(0.19620555803458278+0j)
0.445	0.198025	0.0004010710528636102	0.1984263562492967	0.0	(0.1984263562492967+0j)
0.4475	0.20025625	0.00040310697786534536	0.20065963685701677	0.0	(0.20065963685701677+0j)
0.45	0.2025	0.00040512520800700593	0.20290539988405862	0.0	(0.20290539988405862+0j)
0.4525	0.20475625	0.0004071257764630811	0.2051636453610299	0.0	(0.2051636453610299+0j)
0.455	0.20702500000000001	0.0004091087205293856	0.2074343733227039	0.0	(0.2074343733227039+0j)
0.4575	0.20930625000000003	0.00041107408150997015	0.2097175838079206	0.0	(0.2097175838079206+0j)
0.46	0.2116	0.00041302190460464224	0.2120132768594592	0.0	(0.2120132768594592+0j)
0.4625	0.21390625000000002	0.0004149522387971621	0.21432145252393578	0.0	(0.21432145252393578+0j)
0.465	0.21622500000000003	0.00041686513674416914	0.21664211085168666	0.0	(0.21664211085168666+0j)
0.4675	0.21855625000000004	0.0004187606546649	0.218975251896663	0.0	(0.218975251896663+0j)
0.47000000000000003	0.22090000000000004	0.0004206388522317547	0.22132087571631454	0.0	(0.22132087571631454+0j)
0.47250000000000003	0.22325625000000002	0.0004224997924617612	0.2236789823714806	0.0	(0.2236789823714806+0j)
0.47500000000000003	0.22562500000000002	0.00042434354160899305	0.22604957192629327	0.0	(0.22604957192629327+0j)
0.47750000000000004	0.22800625000000002	0.0004261701690579858	0.22843264444805317	0.0	(0.22843264444805317+0j)
0.48	0.2304	0.00042797974721820397	0.23082820000713733	0.0	(0.23082820000713733+0j)
0.4825	0.23280625	0.00042977235141959777	0.23323623867688562	0.0	(0.23323623867688562+0j)
0.485	0.235225	0.00043154805980929713	0.2356567605334985	0.0	(0.2356567605334985+0j)
0.4875	0.23765624999999999	0.00043330695324948065	0.23808976565594012	0.0	(0.23808976565594012+0j)
0.49	0.24009999999999998	0.0004350491152164595	0.24053525412582719	0.0	(0.24053525412582719+0j)
0.4925	0.24255625	0.00043677463170101134	0.24299322602733578	0.0	(0.24299322602733578+0j)
0.495	0.245025	0.00043848359111000056	0.24546368144709935	0.0	(0.24546368144709935+0j)
0.4975	0.24750625	0.00044017608416931504	0.24794662047410826	0.0	(0.24794662047410826+0j)
0.5	0.25	0.0004418522038281516	0.25044204319962127	0.0	(0.25044204319962127+0j)
0.5025000000000001	0.25250625000000004	0.0004435120451646761	0.2529499497170641	0.0	(0.2529499497170641+0j)
0.505	0.255025	0.00044515570529308807	0.2554703401219385	0.0	(0.2554703401219385+0j)
0.5075000000000001	0.25755625000000004	0.00044678328327211136	0.2580032145117213	0.0	(0.2580032145117213+0j)
0.51	0.2601	0.0004483948800149337	0.26054857298579004	0.0	(0.26054857298579004+0j)
0.5125	0.26265625	0.0004499905982006183	0.26310641564531806	0.0	(0.26310641564531806+0j)
0.515	0.265225	0.00045157054218700253	0.2656767425931983	0.0	(0.2656767425931983+0j)
0.5175	0.26780624999999997	0.0004531348179251051	0.2682595539339487	0.0	(0.2682595539339487+0j)
0.52	0.27040000000000003	0.0004546835328750533	0.2708548497736303	0.0	(0.2708548497736303+0j)
0.5225	0.27300624999999995	0.000456216795923546	0.2734626302197655	0.0	(0.2734626302197655+0j)
0.525	0.275625	0.0004577347173028655	0.27608289538125536	0.0	(0.27608289538125536+0j)
0.5275	0.27825625	0.00045923740851144373	0.27871564536829774	0.0	(0.27871564536829774+0j)
0.53	0.28090000000000004	0.0004607249822359987	0.28136088029230927	0.0	(0.28136088029230927+0j)
0.5325	0.28355624999999995	0.00046219755227524097	0.2840186002658539	0.0	(0.2840186002658539+0j)
0.535	0.286225	0.0004636552334651627	0.2866888054025517	0.0	(0.2866888054025517+0j)
0.5375	0.28890625	0.0004650981416059071	0.2893714958170324	0.0	(0.2893714958170324+0j)
0.54	0.2916	0.00046652639339022625	0.2920666716248343	0.0	(0.2920666716248343+0j)
0.5425	0.29430625	0.00046794010633352485	0.2947743329423498	0.0	(0.2947743329423498+0j)
0.545	0.29702500000000004	0.00046933939870549314	0.29749447988675326	0.0	(0.29749447988675326+0j)
0.5475	0.29975625	0.00047072438946332433	0.3002271125759303	0.0	(0.3002271125759303+0j)
0.55	0.30250000000000005	0.00047209519818651674	0.3029722311284222	0.0	(0.3029722311284222+0j)
0.5525	0.30525625	0.00047345194501325526	0.3057298356633489	0.0	(0.3057298356633489+0j)
0.555	0.30802500000000005	0.00047479475057836786	0.30849992630034495	0.0	(0.30849992630034495+0j)
0.5575	0.31080625	0.0004761237359528507	0.31128250315952055	0.0	(0.31128250315952055+0j)
0.56	0.31360000000000005	0.00047743902258495465	0.31407756636137557	0.0	(0.31407756636137557+0j)
0.5625	0.31640625	0.0004787407322428249	0.31688511602675423	0.0	(0.31688511602675423+0j)
0.5650000000000001	0.3192250000000001	0.00048002898695868445	0.3197051522767909	0.0	(0.3197051522767909+0j)
0.5675	0.32205625	0.0004813039089745512	0.3225376752328472	0.0	(0.3225376752328472+0j)
0.5700000000000001	0.3249000000000001	0.00048256562068947753	0.32538268501646656	0.0	(0.32538268501646656+0j)
0.5725	0.32775625	0.0004838142446082991	0.328240181749318	0.0	(0.328240181749318+0j)
0.5750000000000001	0.33062500000000006	0.0004850499032918829	0.3311101655531434	0.0	(0.3311101655531434+0j)
0.5775	0.33350625	0.0004862727193088562	0.3339926365497218	0.0	(0.3339926365497218+0j)
0.58	0.3364	0.00048748281518880705	0.33688759486080083	0.0	(0.33688759486080083+0j)
0.5825	0.33930625000000003	0.0004886803133769363	0.3397950406080677	0.0	(0.3397950406080677+0j)
0.585	0.34222499999999995	0.0004898653361901489	0.34271497391310013	0.0	(0.34271497391310013+0j)
0.5875	0.34515625000000005	0.0004910380057745648	0.34564739489732577	0.0	(0.34564739489732577+0j)
0.59	0.34809999999999997	0.000492198444064435	0.34859230368197197	0.0	(0.34859230368197197+0j)
0.5925	0.35105625	0.0004933467727424433	0.35154970038803446	0.0	(0.35154970038803446+0j)
0.595	0.354025	0.0004944831132013753	0.3545195851362318	0.0	(0.3545195851362318+0j)
0.5975	0.35700625	0.0004956075865071361	0.3575019580469818	0.0	(0.3575019580469818+0j)
0.6	0.36	0.0004967203133630984	0.3604968192403482	0.0	(0.3604968192403482+0j)
0.6025	0.36300625000000003	0.0004978214140757593	0.3635041688360103	0.0	(0.3635041688360103+0j)
0.605	0.366025	0.0004989110085216874	0.36652400695323717	0.0	(0.36652400695323717+0j)
0.6075	0.36905625000000003	0.0004999892161157382	0.3695563337108525	0.0	(0.3695563337108525+0j)
0.61	0.3721	0.0005010561557805187	0.37260114922720255	0.0	(0.37260114922720255+0j)
0.6125	0.3751562500000001	0.0005021119459170774	0.3756584536201148	0.0	(0.3756584536201148+0j)
0.615	0.378225	0.0005031567043768006	0.37872824700689506	0.0	(0.37872824700689506+0j)
0.6175	0.38130625000000007	0.0005041905484344942	0.3818105295042775	0.0	(0.3818105295042775+0j)
0.62	0.3844	0.0005052135947626232	0.3849053012284135	0.0	(0.3849053012284135+0j)
0.6225	0.38750625000000005	0.0005062259594066954	0.38801256229482994	0.0	(0.38801256229482994+0j)
0.625	0.390625	0.0005072277577617602	0.39113231281842514	0.0	(0.39113231281842514+0j)
0.6275000000000001	0.3937562500000001	0.0005082191045500028	0.3942645529134363	0.0	(0.3942645529134363+0j)
0.63	0.39690000000000003	0.0005092001137994121	0.3974092826934007	0.0	(0.3974092826934007+0j)
0.6325000000000001	0.40005625000000006	0.0005101708988234972	0.40056650227118606	0.0	(0.40056650227118606+0j)
0.635	0.403225	0.0005111315722020323	0.4037362117589073	0.0	(0.4037362117589073+0j)
0.6375000000000001	0.4064062500000001	0.0005120822457628076	0.40691841126795275	0.0	(0.40691841126795275+0j)
0.64	0.4096	0.0005130230305643588	0.41011310090894915	0.0	(0.41011310090894915+0j)
0.6425	0.41280624999999993	0.0005139540368796604	0.4133202807917482	0.0	(0.4133202807917482+0j)
0.645	0.41602500000000003	0.0005148753741807528	0.41653995102540975	0.0	(0.41653995102540975+0j)
0.6475	0.41925624999999994	0.0005157871511242853	0.41977211171818907	0.0	(0.41977211171818907+0j)
0.65	0.42250000000000004	0.0005166894755379505	0.42301676297752777	0.0	(0.42301676297752777+0j)
0.6525	0.42575624999999995	0.0005175824544077878	0.42627390491002354	0.0	(0.42627390491002354+0j)
0.655	0.42902500000000005	0.0005184661938663355	0.4295435376214416	0.0	(0.4295435376214416+0j)
0.6575	0.43230624999999995	0.0005193407991816057	0.4328256612166902	0.0	(0.4328256612166902+0j)
0.66	0.43560000000000004	0.0005202063747468647	0.43612027579980756	0.0	(0.43612027579980756+0j)
0.6625	0.43890625	0.0005210630240711925	0.4394273814739531	0.0	(0.4394273814739531+0j)
0.665	0.44222500000000003	0.0005219108497708035	0.44274697834141274	0.0	(0.44274697834141274+0j)
0.6675	0.44555625	0.0005227499535611044	0.4460790665035741	0.0	(0.4460790665035741+0j)
0.67	0.4489000000000001	0.0005235804362494688	0.449423646060924	0.0	(0.449423646060924+0j)
0.6725	0.45225624999999997	0.0005244023977287078	0.45278071711304746	0.0	(0.45278071711304746+0j)
0.675	0.45562500000000006	0.000525215936971216	0.4561502797586164	0.0	(0.4561502797586164+0j)
0.6775	0.45900625	0.0005260211520237704	0.45953233409537864	0.0	(0.45953233409537864+0j)
0.68	0.4624000000000001	0.0005268181400029652	0.46292688022017203	0.0	(0.46292688022017203+0j)
0.6825	0.46580625	0.0005276069970912588	0.4663339182288923	0.0	(0.4663339182288923+0j)
0.685	0.46922500000000006	0.0005283878185336152	0.4697534482165231	0.0	(0.4697534482165231+0j)
0.6875	0.47265625	0.0005291606986347209	0.47318547027710134	0.0	(0.47318547027710134+0j)
0.6900000000000001	0.4761000000000001	0.0005299257307567561	0.4766299845037396	0.0	(0.4766299845037396+0j)
0.6925	0.47955625	0.0005306830073177019	0.48008699098859897	0.0	(0.48008699098859897+0j)
0.6950000000000001	0.4830250000000001	0.0005314326197901661	0.4835564898229214	0.0	(0.4835564898229214+0j)
0.6975	0.48650625000000003	0.0005321746587007082	0.48703848109699494	0.0	(0.48703848109699494+0j)
0.7000000000000001	0.4900000000000001	0.0005329092136296437	0.49053296490018	0.0	(0.49053296490018+0j)
0.7025	0.49350625000000004	0.0005336363732113152	0.49403994132089035	0.0	(0.49403994132089035+0j)
0.705	0.49702499999999994	0.000534356225134806	0.49755941044660423	0.0	(0.49755941044660423+0j)
0.7075	0.50055625	0.000535068856145085	0.5010913723638583	0.0	(0.5010913723638583+0j)
0.71	0.5041	0.0005357743520445628	0.5046358271582747	0.0	(0.5046358271582747+0j)
0.7125	0.50765625	0.0005364727976950437	0.5081927749145082	0.0	(0.5081927749145082+0j)
0.715	0.5112249999999999	0.0005371642770200567	0.5117622157163081	0.0	(0.5117622157163081+0j)
0.7175	0.51480625	0.000537848873007552	0.5153441496464918	0.0	(0.5153441496464918+0j)
0.72	0.5184	0.0005385266677129432	0.5189385767869382	0.0	(0.5189385767869382+0j)
0.7225	0.52200625	0.0005391977422624851	0.5225454972186159	0.0	(0.5225454972186159+0j)
0.725	0.525625	0.0005398621768569682	0.5261649110215746	0.0	(0.5261649110215746+0j)
0.7275	0.5292562500000001	0.000540520050775719	0.5297968182749438	0.0	(0.5297968182749438+0j)
0.73	0.5328999999999999	0.0005411714423808879	0.5334412190569507	0.0	(0.5334412190569507+0j)
0.7325	0.5365562500000001	0.0005418164291220157	0.5370981134449132	0.0	(0.5370981134449132+0j)
0.735	0.540225	0.0005424550875408601	0.5407675015152403	0.0	(0.5407675015152403+0j)
0.7375	0.54390625	0.0005430874932764749	0.544449383343468	0.0	(0.544449383343468+0j)
0.74	0.5476	0.0005437137210705223	0.5481437590042211	0.0	(0.5481437590042211+0j)
0.7425	0.5513062500000001	0.0005443338447728134	0.5518506285712466	0.0	(0.5518506285712466+0j)
0.745	0.555025	0.0005449479373470576	0.5555699921174095	0.0	(0.5555699921174095+0j)
0.7475	0.5587562500000001	0.0005455560708768147	0.5593018497147142	0.0	(0.5593018497147142+0j)
0.75	0.5625	0.000546158316571635	0.563046201434293	0.0	(0.563046201434293+0j)
0.7525000000000001	0.5662562500000001	0.0005467547447733771	0.5668030473464056	0.0	(0.5668030473464056+0j)
0.755	0.570025	0.0005473454249626933	0.5705723875204736	0.0	(0.5705723875204736+0j)
0.7575000000000001	0.5738062500000001	0.000547930425765671	0.5743542220250701	0.0	(0.5743542220250701+0j)
0.76	0.5776	0.0005485098149606208	0.5781485509279204	0.0	(0.5781485509279204+0j)
0.7625000000000001	0.5814062500000001	0.0005490836594850005	0.5819553742959286	0.0	(0.5819553742959286+0j)
0.765	0.585225	0.000549652025442466	0.5857746921951692	0.0	(0.5857746921951692+0j)
0.7675000000000001	0.5890562500000001	0.0005502149781100408	0.589606504690881	0.0	(0.589606504690881+0j)
0.77	0.5929	0.000550772581945391	0.5934508118475273	0.0	(0.5934508118475273+0j)
0.7725	0.59675625	0.0005513249005942042	0.5973076137287393	0.0	(0.5973076137287393+0j)
0.775	0.6006250000000001	0.0005518719968976567	0.6011769103973624	0.0	(0.6011769103973624+0j)
0.7775	0.6045062499999999	0.0005524139328999645	0.6050587019154461	0.0	(0.6050587019154461+0j)
0.78	0.6084	0.0005529507698560107	0.6089529883442796	0.0	(0.6089529883442796+0j)
0.7825	0.6123062499999999	0.0005534825682390398	0.6128597697443591	0.0	(0.6128597697443591+0j)
0.785	0.616225	0.0005540093877484122	0.6167790461754217	0.0	(0.6167790461754217+0j)
0.7875	0.62015625	0.0005545312873174128	0.6207108176964499	0.0	(0.6207108176964499+0j)
0.79	0.6241000000000001	0.0005550483251211056	0.6246550843656955	0.0	(0.6246550843656955+0j)
0.7925	0.62805625	0.0005555605585842292	0.628611846240635	0.0	(0.628611846240635+0j)
0.795	0.6320250000000001	0.0005560680443891237	0.6325811033780383	0.0	(0.6325811033780383+0j)
0.7975	0.63600625	0.0005565708384836889	0.6365628558339411	0.0	(0.6365628558339411+0j)
0.8	0.6400000000000001	0.0005570689960893604	0.6405571036636594	0.0	(0.6405571036636594+0j)
0.8025	0.64400625	0.0005575625717091049	0.6445638469218107	0.0	(0.6445638469218107+0j)
0.805	0.6480250000000001	0.0005580516191354251	0.6485830856623223	0.0	(0.6485830856623223+0j)
0.8075	0.65205625	0.0005585361914583698	0.652614819938405	0.0	(0.652614819938405+0j)
0.81	0.6561000000000001	0.000559016341073546	0.6566590498026015	0.0	(0.6566590498026015+0j)
0.8125	0.66015625	0.0005594921196901262	0.6607157753067786	0.0	(0.6607157753067786+0j)
0.8150000000000001	0.6642250000000001	0.0005599635783388478	0.6647849965021357	0.0	(0.6647849965021357+0j)
0.8175	0.66830625	0.0005604307673799984	0.6688667134392153	0.0	(0.6688667134392153+0j)
0.8200000000000001	0.6724000000000001	0.0005608937365113868	0.6729609261679027	0.0	(0.6729609261679027+0j)
0.8225	0.67650625	0.0005613525347762907	0.6770676347374515	0.0	(0.6770676347374515+0j)
0.8250000000000001	0.6806250000000001	0.0005618072105713811	0.681186839196487	0.0	(0.681186839196487+0j)
0.8275	0.6847562500000001	0.0005622578116546176	0.6853185395929753	0.0	(0.6853185395929753+0j)
0.8300000000000001	0.6889000000000001	0.0005627043851531146	0.6894627359743077	0.0	(0.6894627359743077+0j)
0.8325	0.69305625	0.0005631469775709697	0.6936194283872461	0.0	(0.6936194283872461+0j)
0.835	0.697225	0.0005635856347970566	0.6977886168779697	0.0	(0.6977886168779697+0j)
0.8375	0.70140625	0.0005640204021127767	0.701970301492019	0.0	(0.701970301492019+0j)
0.84	0.7055999999999999	0.000564451324199767	0.7061644822743881	0.0	(0.7061644822743881+0j)
0.8425	0.7098062500000001	0.0005648784451475626	0.7103711592695019	0.0	(0.7103711592695019+0j)
0.845	0.7140249999999999	0.0005653018084612112	0.7145903325211999	0.0	(0.7145903325211999+0j)
0.8475	0.71825625	0.000565721457068836	0.7188220020727537	0.0	(0.7188220020727537+0j)
0.85	0.7224999999999999	0.0005661374333291466	0.7230661679669063	0.0	(0.7230661679669063+0j)
0.8525	0.7267562500000001	0.000566549779038895	0.7273228302458477	0.0	(0.7273228302458477+0j)
0.855	0.7310249999999999	0.0005669585354402749	0.7315919889512214	0.0	(0.7315919889512214+0j)
0.8575	0.73530625	0.0005673637432282626	0.735873644124151	0.0	(0.735873644124151+0j)
0.86	0.7395999999999999	0.0005677654425578977	0.7401677958052421	0.0	(0.7401677958052421+0j)
0.8625	0.7439062500000001	0.0005681636730515028	0.7444744440346016	0.0	(0.7444744440346016+0j)
0.865	0.748225	0.0005685584738058392	0.7487935888518077	0.0	(0.7487935888518077+0j)
0.8675	0.75255625	0.0005689498833991999	0.7531252302959689	0.0	(0.7531252302959689+0j)
0.87	0.7569	0.0005693379398984354	0.7574693684057028	0.0	(0.7574693684057028+0j)
0.8725	0.7612562500000001	0.000569722680865914	0.7618260032191356	0.0	(0.7618260032191356+0j)
0.875	0.765625	0.0005701041433664146	0.7661951347739246	0.0	(0.7661951347739246+0j)
0.8775000000000001	0.7700062500000001	0.0005704823639739503	0.7705767631072971	0.0	(0.7705767631072971+0j)
0.88	0.7744	0.0005708573787785234	0.7749708882559937	0.0	(0.7749708882559937+0j)
0.8825000000000001	0.7788062500000001	0.0005712292233928105	0.7793775102563438	0.0	(0.7793775102563438+0j)
0.885	0.7832250000000001	0.0005715979329587754	0.7837966291442079	0.0	(0.7837966291442079+0j)
0.8875000000000001	0.7876562500000002	0.0005719635421542138	0.7882282449550585	0.0	(0.7882282449550585+0j)
0.89	0.7921	0.0005723260851992227	0.7926723577239415	0.0	(0.7926723577239415+0j)
0.8925000000000001	0.7965562500000001	0.0005726855958626007	0.7971289674854796	0.0	(0.7971289674854796+0j)
0.895	0.801025	0.0005730421074681735	0.8015980742739318	0.0	(0.8015980742739318+0j)
0.8975	0.80550625	0.0005733956529010489	0.8060796781231646	0.0	(0.8060796781231646+0j)
0.9	0.81	0.0005737462646137961	0.8105737790666706	0.0	(0.8105737790666706+0j)
0.9025	0.81450625	0.0005740939746325548	0.8150803771375873	0.0	(0.8150803771375873+0j)
0.905	0.819025	0.0005744388145630684	0.8195994723687096	0.0	(0.8195994723687096+0j)
0.9075	0.82355625	0.0005747808155966456	0.8241310647924875	0.0	(0.8241310647924875+0j)
0.91	0.8281000000000001	0.0005751200085160481	0.8286751544410804	0.0	(0.8286751544410804+0j)
0.9125	0.83265625	0.0005754564237013054	0.8332317413463188	0.0	(0.8332317413463188+0j)
0.915	0.8372250000000001	0.0005757900911354558	0.8378008255397745	0.0	(0.8378008255397745+0j)
0.9175	0.84180625	0.0005761210404102147	0.8423824070527397	0.0	(0.8423824070527397+0j)
0.92	0.8464	0.0005764493007315712	0.846976485916275	0.0	(0.846976485916275+0j)
0.9225	0.85100625	0.0005767749009253096	0.8515830621612132	0.0	(0.8515830621612132+0j)
0.925	0.8556250000000001	0.0005770978694424619	0.8562021358182148	0.0	(0.8562021358182148+0j)
0.9275	0.86025625	0.0005774182343646852	0.8608337069177718	0.0	(0.8608337069177718+0j)
0.93	0.8649000000000001	0.0005777360234095699	0.8654777754902292	0.0	(0.8654777754902292+0j)
0.9325	0.86955625	0.0005780512639358748	0.8701343415658878	0.0	(0.8701343415658878+0j)
0.935	0.8742250000000001	0.0005783639829486925	0.8748034051749789	0.0	(0.8748034051749789+0j)
0.9375	0.87890625	0.0005786742071045444	0.8794849663477704	0.0	(0.8794849663477704+0j)
0.9400000000000001	0.8836000000000002	0.0005789819627164043	0.8841790251146125	0.0	(0.8841790251146125+0j)
0.9425	0.88830625	0.0005792872757586546	0.8888855815059958	0.0	(0.8888855815059958+0j)
0.9450000000000001	0.8930250000000001	0.000579590171871972	0.8936046355526972	0.0	(0.8936046355526972+0j)
0.9475	0.89775625	0.0005798906763681454	0.898336187285848	0.0	(0.898336187285848+0j)
0.9500000000000001	0.9025000000000001	0.0005801888142348254	0.9030802367370849	0.0	(0.9030802367370849+0j)
0.9525	0.90725625	0.0005804846101402071	0.9078367839387278	0.0	(0.9078367839387278+0j)
0.9550000000000001	0.9120250000000001	0.0005807780884376459	0.9126058289240231	0.0	(0.9126058289240231+0j)
0.9575	0.91680625	0.0005810692731702071	0.9173873717273788	0.0	(0.9173873717273788+0j)
0.96	0.9216	0.0005813581880751499	0.9221814123847699	0.0	(0.9221814123847699+0j)
0.9625	0.9264062500000001	0.0005816448565883467	0.9269879509341763	0.0	(0.9269879509341763+0j)
0.965	0.931225	0.0005819293018486381	0.9318069874162241	0.0	(0.9318069874162241+0j)
0.9675	0.93605625	0.0005822115467021244	0.9366385218750837	0.0	(0.9366385218750837+0j)
0.97	0.9409	0.000582491613706394	0.9414825543595855	0.0	(0.9414825543595855+0j)
0.9725	0.9457562500000001	0.000582769525134689	0.9463390849249464	0.0	(0.9463390849249464+0j)
0.975	0.9506249999999999	0.0005830453029800114	0.9512081136352172	0.0	(0.9512081136352172+0j)
0.9775	0.9555062500000001	0.0005833189689591654	0.9560896405669146	0.0	(0.9560896405669146+0j)
0.98	0.9603999999999999	0.0005835905445167413	0.9609836658147783	0.0	(0.9609836658147783+0j)
0.9825	0.96530625	0.0005838600508290405	0.9658901895010443	0.0	(0.9658901895010443+0j)
0.985	0.970225	0.0005841275088079397	0.9708092117913765	0.0	(0.9708092117913765+0j)
0.9875	0.9751562500000001	0.0005843929391046988	0.9757407329241294	0.0	(0.9757407329241294+0j)
0.99	0.9801	0.0005846563621137107	0.9806847532688726	0.0	(0.9806847532688726+0j)
0.9925	0.9850562500000001	0.0005849177979761946	0.9856412734581357	0.0	(0.9856412734581357+0j)
0.995	0.990025	0.0005851772665838331	0.9906102947386887	0.0	(0.9906102947386887+0j)
0.9975	0.9950062500000001	0.0005854347875823551	0.9955918201999437	0.0	(0.9955918201999437+0j)
1.0	1.0	0.0005856903803750623	1.0005858621174095	0.0	(1.0005858621174095+0j)
