-1.0	-1.0	-0.01695488108410624	-1.0169562025681649	0.0	-1.0169562025681649
-0.9966666666666667	-0.9933444444444445	-0.016859229656885077	-1.0102047062360904	0.0	-1.0102047062360904
-0.9933333333333334	-0.9867111111111112	-0.016763695257971625	-1.0034756884338636	0.0	-1.0034756884338636
-0.9900000000000001	-0.9801000000000002	-0.016668279429887467	-0.9967690588337592	0.0	-0.9967690588337592
-0.9866666666666667	-0.9735111111111112	-0.016572983716896764	-0.9900847956283995	0.0	-0.9900847956283995
-0.9833333333333334	-0.9669444444444446	-0.016477809664962734	-0.9834228909269335	0.0	-0.9834228909269335
-0.9800000000000001	-0.9604000000000001	-0.016382758821704188	-0.9767833415202574	0.0	-0.9767833415202574
-0.9766666666666667	-0.9538777777777778	-0.016287832736351746	-0.9701661462204269	0.0	-0.9701661462204269
-0.9733333333333334	-0.9473777777777779	-0.016193032959703757	-0.9635713048566904	0.0	-0.9635713048566904
-0.9700000000000001	-0.9409000000000002	-0.016098361044082174	-0.9569988178269707	0.0	-0.9569988178269707
-0.9666666666666667	-0.9344444444444444	-0.016003818543288223	-0.950448685872556	0.0	-0.950448685872556
-0.9633333333333334	-0.9280111111111112	-0.01590940701255776	-0.943920909954693	0.0	-0.943920909954693
-0.9600000000000001	-0.9216000000000002	-0.015815128008516546	-0.9374154911822796	0.0	-0.9374154911822796
-0.9566666666666668	-0.9152111111111113	-0.015720983089135276	-0.9309324307672431	0.0	-0.9309324307672431
-0.9533333333333334	-0.9088444444444445	-0.015626973813684483	-0.9244717299957018	0.0	-0.9244717299957018
-0.9500000000000001	-0.9025000000000001	-0.015533101742689251	-0.9180333902086931	0.0	-0.9180333902086931
-0.9466666666666668	-0.896177777777778	-0.015439368437883572	-0.911617412788828	0.0	-0.911617412788828
-0.9433333333333334	-0.8898777777777778	-0.015345775462164743	-0.9052237991508686	0.0	-0.9052237991508686
-0.9400000000000001	-0.8836000000000002	-0.015252324379547613	-0.8988525507348856	0.0	-0.8988525507348856
-0.9366666666666668	-0.8773444444444446	-0.01515901675511823	-0.8925036690011647	0.0	-0.8925036690011647
-0.9333333333333333	-0.8711111111111112	-0.015065854154987984	-0.886177155426376	0.0	-0.886177155426376
-0.93	-0.8649000000000001	-0.014972838146246933	-0.8798730115006661	0.0	-0.8798730115006661
-0.9266666666666667	-0.8587111111111113	-0.0148799702969174	-0.8735912387253344	0.0	-0.8735912387253344
-0.9233333333333333	-0.8525444444444444	-0.014787252175907054	-0.8673318386110697	0.0	-0.8673318386110697
-0.92	-0.8464	-0.014694685352962214	-0.8610948126764824	0.0	-0.8610948126764824
-0.9166666666666667	-0.8402777777777779	-0.014602271398620595	-0.854880162446934	0.0	-0.854880162446934
-0.9133333333333334	-0.834177777777778	-0.01451001188416419	-0.8486878894536205	0.0	-0.8486878894536205
-0.91	-0.8281000000000001	-0.01441790838157174	-0.842517995232733	0.0	-0.842517995232733
-0.9066666666666667	-0.8220444444444446	-0.014325962463471273	-0.8363704813248573	0.0	-0.8363704813248573
-0.9033333333333334	-0.8160111111111112	-0.014234175703092308	-0.8302453492743714	0.0	-0.8302453492743714
-0.9	-0.81	-0.014142549674218033	-0.8241426006290178	0.0	-0.8241426006290178
-0.8966666666666667	-0.8040111111111112	-0.014051085951137174	-0.8180622369394644	0.0	-0.8180622369394644
-0.8933333333333334	-0.7980444444444446	-0.01395978610859587	-0.8120042597589756	0.0	-0.8120042597589756
-0.89	-0.7921	-0.013868651721749323	-0.805968670643112	0.0	-0.805968670643112
-0.8866666666666667	-0.7861777777777779	-0.013777684366113277	-0.7999554711494508	0.0	-0.7999554711494508
-0.8833333333333334	-0.780277777777778	-0.013686885617515451	-0.7939646628373599	0.0	-0.7939646628373599
-0.88	-0.7744	-0.013596257052046562	-0.7879962472677797	0.0	-0.7879962472677797
-0.8766666666666667	-0.7685444444444445	-0.013505800246011668	-0.782050226003043	0.0	-0.782050226003043
-0.8733333333333334	-0.7627111111111112	-0.013415516775880848	-0.7761266006066857	0.0	-0.7761266006066857
-0.8700000000000001	-0.7569000000000002	-0.01332540821824027	-0.7702253726433158	0.0	-0.7702253726433158
-0.8666666666666667	-0.7511111111111112	-0.013235476149742381	-0.7643465436784602	0.0	-0.7643465436784602
-0.8633333333333334	-0.7453444444444446	-0.013145722147057115	-0.7584901152784167	0.0	-0.7584901152784167
-0.8600000000000001	-0.7396000000000001	-0.01305614778682157	-0.7526560890101515	0.0	-0.7526560890101515
-0.8566666666666667	-0.7338777777777779	-0.012966754645590828	-0.7468444664411868	0.0	-0.7468444664411868
-0.8533333333333334	-0.7281777777777779	-0.012877544299787658	-0.7410552491394807	0.0	-0.7410552491394807
-0.8500000000000001	-0.7225000000000001	-0.012788518325652837	-0.7352884386733244	0.0	-0.7352884386733244
-0.8466666666666667	-0.7168444444444445	-0.012699678299194939	-0.7295440366112584	0.0	-0.7295440366112584
-0.8433333333333334	-0.7112111111111112	-0.012611025796140013	-0.7238220445219841	0.0	-0.7238220445219841
-0.8400000000000001	-0.7056000000000001	-0.012522562391881292	-0.7181224639742646	0.0	-0.7181224639742646
-0.8366666666666667	-0.7000111111111111	-0.012434289661428788	-0.7124452965368273	0.0	-0.7124452965368273
-0.8333333333333334	-0.6944444444444445	-0.01234620917935858	-0.7067905437783291	0.0	-0.7067905437783291
-0.8300000000000001	-0.6889000000000001	-0.012258322519762166	-0.7011582072672415	0.0	-0.7011582072672415
-0.8266666666666668	-0.683377777777778	-0.01217063125619569	-0.6955482885717756	0.0	-0.6955482885717756
-0.8233333333333334	-0.6778777777777778	-0.012083136961629076	-0.6899607892598418	0.0	-0.6899607892598418
-0.8200000000000001	-0.6724000000000001	-0.011995841208394836	-0.6843957108989257	0.0	-0.6843957108989257
-0.8166666666666668	-0.6669444444444446	-0.011908745568137091	-0.6788530550560777	0.0	-0.6788530550560777
-0.8133333333333334	-0.6615111111111112	-0.011821851611760331	-0.6733328232977885	0.0	-0.6733328232977885
-0.81	-0.6561000000000001	-0.011735160909378095	-0.6678350171899728	0.0	-0.6678350171899728
-0.8066666666666668	-0.6507111111111112	-0.011648675030261596	-0.6623596382978711	0.0	-0.6623596382978711
-0.8033333333333333	-0.6453444444444445	-0.011562395542788012	-0.6569066881859921	0.0	-0.6569066881859921
-0.8	-0.6400000000000001	-0.011476324014389139	-0.6514761684180574	0.0	-0.6514761684180574
-0.7966666666666667	-0.6346777777777779	-0.011390462011499708	-0.6460680805569318	0.0	-0.6460680805569318
-0.7933333333333333	-0.6293777777777778	-0.011304811099505346	-0.6406824261645601	0.0	-0.6406824261645601
-0.79	-0.6241000000000001	-0.011219372842691033	-0.6353192068019259	0.0	-0.6353192068019259
-0.7866666666666667	-0.6188444444444445	-0.011134148804189087	-0.6299784240289473	0.0	-0.6299784240289473
-0.7833333333333334	-0.6136111111111112	-0.0110491405459269	-0.624660079404467	0.0	-0.624660079404467
-0.78	-0.6084	-0.010964349628575343	-0.6193641744861607	0.0	-0.6193641744861607
-0.7766666666666667	-0.6032111111111113	-0.010879777611496111	-0.6140907108304833	0.0	-0.6140907108304833
-0.7733333333333334	-0.5980444444444446	-0.01079542605268985	-0.6088396899926299	0.0	-0.6088396899926299
-0.77	-0.5929	-0.010711296508743612	-0.603611113526445	0.0	-0.603611113526445
-0.7666666666666667	-0.5877777777777778	-0.010627390534778791	-0.5984049829843965	0.0	-0.5984049829843965
-0.7633333333333334	-0.582677777777778	-0.010543709684398384	-0.5932212999174964	0.0	-0.5932212999174964
-0.76	-0.5776	-0.010460255509634614	-0.588060065875254	0.0	-0.588060065875254
-0.7566666666666667	-0.5725444444444445	-0.010377029560896589	-0.5829212824056121	0.0	-0.5829212824056121
-0.7533333333333334	-0.5675111111111112	-0.01029403338691734	-0.5778049510549007	0.0	-0.5778049510549007
-0.75	-0.5625	-0.010211268534701556	-0.5727110733677772	0.0	-0.5727110733677772
-0.7466666666666667	-0.5575111111111112	-0.010128736549472578	-0.5676396508871543	0.0	-0.5676396508871543
-0.7433333333333334	-0.5525444444444445	-0.01004643897461982	-0.5625906851541599	0.0	-0.5625906851541599
-0.7400000000000001	-0.5476000000000002	-0.009964377351645931	-0.5575641777081	0.0	-0.5575641777081
-0.7366666666666667	-0.5426777777777778	-0.009882553220114026	-0.5525601300863506	0.0	-0.5525601300863506
-0.7333333333333334	-0.5377777777777779	-0.00980096811759465	-0.5475785438243521	0.0	-0.5475785438243521
-0.7300000000000001	-0.5329000000000002	-0.00971962357961309	-0.5426194204555316	0.0	-0.5426194204555316
-0.7266666666666667	-0.5280444444444444	-0.009638521139596262	-0.5376827615112526	0.0	-0.5376827615112526
-0.7233333333333334	-0.5232111111111112	-0.0095576623288198	-0.5327685685207406	0.0	-0.5327685685207406
-0.7200000000000001	-0.5184000000000001	-0.009477048676355126	-0.5278768430110772	0.0	-0.5278768430110772
-0.7166666666666667	-0.5136111111111111	-0.009396681709016225	-0.5230075865070914	0.0	-0.5230075865070914
-0.7133333333333334	-0.5088444444444445	-0.009316562951306923	-0.5181608005313274	0.0	-0.5181608005313274
-0.7100000000000001	-0.5041000000000001	-0.009236693925367356	-0.5133364866039961	0.0	-0.5133364866039961
-0.7066666666666667	-0.49937777777777775	-0.00915707615092129	-0.5085346462429138	0.0	-0.5085346462429138
-0.7033333333333334	-0.4946777777777778	-0.009077711145222933	-0.5037552809634529	0.0	-0.5037552809634529
-0.7000000000000001	-0.4900000000000001	-0.008998600423003655	-0.4989983922784698	0.0	-0.4989983922784698
-0.6966666666666667	-0.4853444444444444	-0.008919745496418885	-0.4942639816982697	0.0	-0.4942639816982697
-0.6933333333333334	-0.48071111111111114	-0.008841147874995181	-0.48955205073054847	0.0	-0.48955205073054847
-0.6900000000000001	-0.4761000000000001	-0.008762809065576915	-0.48486260088033084	0.0	-0.48486260088033084
-0.6866666666666668	-0.4715111111111112	-0.008684730572273258	-0.48019563364992546	0.0	-0.48019563364992546
-0.6833333333333333	-0.46694444444444444	-0.008606913896404722	-0.4755511505388631	0.0	-0.4755511505388631
-0.68	-0.4624000000000001	-0.008529360536450592	-0.47092915304385363	0.0	-0.47092915304385363
-0.6766666666666667	-0.4578777777777779	-0.008452071987995247	-0.4663296426587147	0.0	-0.4663296426587147
-0.6733333333333333	-0.45337777777777777	-0.008375049743675311	-0.4617526208743389	0.0	-0.4617526208743389
-0.67	-0.4489000000000001	-0.008298295293126479	-0.45719808917862026	0.0	-0.45719808917862026
-0.6666666666666667	-0.44444444444444453	-0.008221810122930662	-0.45266604905641683	0.0	-0.45266604905641683
-0.6633333333333333	-0.44001111111111113	-0.008145595716562315	-0.4481565019894879	0.0	-0.4481565019894879
-0.66	-0.43560000000000004	-0.008069653554336198	-0.443669449456435	0.0	-0.443669449456435
-0.6566666666666667	-0.4312111111111112	-0.007993985113353586	-0.43920489293267173	0.0	-0.43920489293267173
-0.6533333333333333	-0.4268444444444444	-0.007918591867449698	-0.4347628338903449	0.0	-0.4347628338903449
-0.65	-0.42250000000000004	-0.0078434752871408	-0.43034327379829185	0.0	-0.43034327379829185
-0.6466666666666667	-0.41817777777777787	-0.007768636839570797	-0.4259462141219858	0.0	-0.4259462141219858
-0.6433333333333334	-0.4138777777777779	-0.007694077988458836	-0.4215716563234944	0.0	-0.4215716563234944
-0.64	-0.4096	-0.007619800194046122	-0.4172196018613955	0.0	-0.4172196018613955
-0.6366666666666667	-0.4053444444444445	-0.00754580491304313	-0.4128900521907623	0.0	-0.4128900521907623
-0.6333333333333334	-0.4011111111111112	-0.007472093598577034	-0.40858300876309445	0.0	-0.40858300876309445
-0.63	-0.39690000000000003	-0.007398667700138584	-0.40429847302624755	0.0	-0.40429847302624755
-0.6266666666666667	-0.3927111111111112	-0.007325528663529812	-0.40003644642440733	0.0	-0.40003644642440733
-0.6233333333333334	-0.3885444444444445	-0.00725267793081108	-0.3957969303980318	0.0	-0.3957969303980318
-0.62	-0.3844	-0.007180116940248726	-0.3915799263837751	0.0	-0.3915799263837751
-0.6166666666666667	-0.3802777777777778	-0.007107847126262334	-0.38738543581447993	0.0	-0.38738543581447993
-0.6133333333333334	-0.37617777777777783	-0.007035869919372328	-0.3832134601190692	0.0	-0.3832134601190692
-0.61	-0.3721	-0.0069641867461477935	-0.37906400072254737	0.0	-0.37906400072254737
-0.6066666666666667	-0.36804444444444445	-0.006892799029153629	-0.3749370590459116	0.0	-0.3749370590459116
-0.6033333333333334	-0.3640111111111112	-0.006821708186898812	-0.3708326365061117	0.0	-0.3708326365061117
-0.6000000000000001	-0.3600000000000001	-0.006750915633783938	-0.3667507345160053	0.0	-0.3667507345160053
-0.5966666666666667	-0.3560111111111111	-0.006680422780048989	-0.36269135448429	0.0	-0.36269135448429
-0.5933333333333334	-0.3520444444444445	-0.006610231031721536	-0.35865449781547243	0.0	-0.35865449781547243
-0.5900000000000001	-0.3481000000000001	-0.006540341790564563	-0.35464016590979586	0.0	-0.35464016590979586
-0.5866666666666667	-0.3441777777777778	-0.006470756454024673	-0.35064836016320394	0.0	-0.35064836016320394
-0.5833333333333334	-0.34027777777777785	-0.006401476415180296	-0.3466790819672747	0.0	-0.3466790819672747
-0.5800000000000001	-0.3364000000000001	-0.006332503062690009	-0.3427323327091891	0.0	-0.3427323327091891
-0.5766666666666667	-0.3325444444444444	-0.006263837780740689	-0.33880811377165326	0.0	-0.33880811377165326
-0.5733333333333334	-0.3287111111111111	-0.006195481948996162	-0.3349064265328747	0.0	-0.3349064265328747
-0.5700000000000001	-0.3249000000000001	-0.006127436942545916	-0.3310272723664933	0.0	-0.3310272723664933
-0.5666666666666667	-0.32111111111111107	-0.006059704131853527	-0.327170652641534	0.0	-0.327170652641534
-0.5633333333333334	-0.3173444444444445	-0.005992284882705368	-0.32333656872236394	0.0	-0.32333656872236394
-0.56	-0.31360000000000005	-0.005925180556159759	-0.3195250219686282	0.0	-0.3195250219686282
-0.5566666666666668	-0.30987777777777786	-0.005858392508495847	-0.3157360137352128	0.0	-0.3157360137352128
-0.5533333333333333	-0.30617777777777777	-0.005791922091162471	-0.3119695453721826	0.0	-0.3119695453721826
-0.55	-0.30250000000000005	-0.005725770650727768	-0.3082256182247389	0.0	-0.3082256182247389
-0.5466666666666667	-0.2988444444444445	-0.005659939528828262	-0.3045042336331646	0.0	-0.3045042336331646
-0.5433333333333333	-0.2952111111111111	-0.005594430062118183	-0.3008053929327755	0.0	-0.3008053929327755
-0.54	-0.2916	-0.00552924358221929	-0.29712909745387495	0.0	-0.29712909745387495
-0.5366666666666667	-0.28801111111111116	-0.005464381415670516	-0.29347534852169266	0.0	-0.29347534852169266
-0.5333333333333333	-0.28444444444444444	-0.005399844883877569	-0.2898441474563481	0.0	-0.2898441474563481
-0.53	-0.28090000000000004	-0.005335635303063302	-0.286235495572795	0.0	-0.286235495572795
-0.5266666666666667	-0.27737777777777783	-0.005271753984217142	-0.2826493941807624	0.0	-0.2826493941807624
-0.5233333333333333	-0.2738777777777778	-0.0052082022330460775	-0.2790858445847239	0.0	-0.2790858445847239
-0.52	-0.27040000000000003	-0.00514498134992436	-0.27554484808383534	0.0	-0.27554484808383534
-0.5166666666666667	-0.2669444444444445	-0.0050820926298447144	-0.2720264059718905	0.0	-0.2720264059718905
-0.5133333333333334	-0.2635111111111112	-0.005019537362368043	-0.2685305195372667	0.0	-0.2685305195372667
-0.51	-0.2601	-0.004957316831574965	-0.26505719006288353	0.0	-0.26505719006288353
-0.5066666666666667	-0.25671111111111117	-0.004895432316016635	-0.261606418826156	0.0	-0.261606418826156
-0.5033333333333334	-0.25334444444444454	-0.004833885088665446	-0.2581782070989304	0.0	-0.2581782070989304
-0.5	-0.25	-0.004772676416867072	-0.254772556147454	0.0	-0.254772556147454
-0.4966666666666667	-0.2466777777777778	-0.004711807562290726	-0.2513894672323138	0.0	-0.2513894672323138
-0.49333333333333335	-0.2433777777777778	-0.004651279780881867	-0.2480289416083988	0.0	-0.2480289416083988
-0.49000000000000005	-0.24010000000000004	-0.004591094322813349	-0.24469098052484306	0.0	-0.24469098052484306
-0.4866666666666667	-0.23684444444444447	-0.004531252432437349	-0.24137558522498437	0.0	-0.24137558522498437
-0.48333333333333334	-0.2336111111111111	-0.004471755348237627	-0.2380827569463138	0.0	-0.2380827569463138
-0.48000000000000004	-0.23040000000000005	-0.004412604302781453	-0.2348124969204291	0.0	-0.2348124969204291
-0.4766666666666667	-0.2272111111111111	-0.004353800522672535	-0.23156480637298565	0.0	-0.23156480637298565
-0.4733333333333334	-0.2240444444444445	-0.004295345228503167	-0.22833968652365205	0.0	-0.22833968652365205
-0.47000000000000003	-0.22090000000000004	-0.004237239634807155	-0.2251371385860618	0.0	-0.2251371385860618
-0.4666666666666667	-0.2177777777777778	-0.004179484950012968	-0.22195716376776178	0.0	-0.22195716376776178
-0.4633333333333334	-0.21467777777777783	-0.00412208237639633	-0.21879976327017792	0.0	-0.21879976327017792
-0.46	-0.2116	-0.004065033110034588	-0.21566493828855696	0.0	-0.21566493828855696
-0.4566666666666667	-0.2085444444444445	-0.004008338340758866	-0.21255269001192462	0.0	-0.21255269001192462
-0.45333333333333337	-0.20551111111111114	-0.003951999252108984	-0.20946301962303843	0.0	-0.20946301962303843
-0.45	-0.2025	-0.003896017021286946	-0.2063959282983459	0.0	-0.2063959282983459
-0.4466666666666667	-0.19951111111111114	-0.0038403928191107495	-0.20335141720793343	0.0	-0.20335141720793343
-0.44333333333333336	-0.19654444444444447	-0.00378512780996898	-0.20032948751548035	0.0	-0.20032948751548035
-0.44	-0.1936	-0.0037302231517758466	-0.1973301403782229	0.0	-0.1973301403782229
-0.4366666666666667	-0.1906777777777778	-0.0036756799959248854	-0.19435337694689367	0.0	-0.19435337694689367
-0.43333333333333335	-0.1877777777777778	-0.0036214994872445505	-0.19139919836569108	0.0	-0.19139919836569108
-0.43000000000000005	-0.18490000000000004	-0.0035676827639533615	-0.18846760577222849	0.0	-0.18846760577222849
-0.4266666666666667	-0.18204444444444448	-0.003514230957615383	-0.18555860029748664	0.0	-0.18555860029748664
-0.42333333333333334	-0.17921111111111113	-0.0034611451930949277	-0.18267218306577349	0.0	-0.18267218306577349
-0.42000000000000004	-0.17640000000000003	-0.003408426588513924	-0.17980835519468233	0.0	-0.17980835519468233
-0.4166666666666667	-0.17361111111111113	-0.003356076255206286	-0.17696711779504043	0.0	-0.17696711779504043
-0.4133333333333334	-0.1708444444444445	-0.0033040952976755023	-0.17414847197086963	0.0	-0.17414847197086963
-0.41000000000000003	-0.16810000000000003	-0.003252484813550449	-0.17135241881934377	0.0	-0.17135241881934377
-0.4066666666666667	-0.1653777777777778	-0.003201245893541982	-0.16857895943074513	0.0	-0.16857895943074513
-0.4033333333333334	-0.1626777777777778	-0.003150379621400523	-0.16582809488841754	0.0	-0.16582809488841754
-0.4	-0.16000000000000003	-0.0030998870738727646	-0.16309982626872666	0.0	-0.16309982626872666
-0.39666666666666667	-0.15734444444444445	-0.003049769320659035	-0.16039415464101722	0.0	-0.16039415464101722
-0.39333333333333337	-0.15471111111111113	-0.003000027424371332	-0.1577110810675683	0.0	-0.1577110810675683
-0.39	-0.1521	-0.0029506624404909143	-0.1550506066035544	0.0	-0.1550506066035544
-0.3866666666666667	-0.14951111111111115	-0.0029016754173266657	-0.1524127322970041	0.0	-0.1524127322970041
-0.38333333333333336	-0.14694444444444446	-0.002853067395973463	-0.14979745918874923	0.0	-0.14979745918874923
-0.38	-0.1444	-0.0028048394102708762	-0.14720478831239775	0.0	-0.14720478831239775
-0.3766666666666667	-0.1418777777777778	-0.0027569924867616447	-0.14463472069427707	0.0	-0.14463472069427707
-0.37333333333333335	-0.1393777777777778	-0.002709527644651377	-0.1420872573534067	0.0	-0.1420872573534067
-0.37000000000000005	-0.13690000000000005	-0.0026624458957678065	-0.13956239930144668	0.0	-0.13956239930144668
-0.3666666666666667	-0.13444444444444448	-0.0026157482445208213	-0.13706014754266482	0.0	-0.13706014754266482
-0.36333333333333334	-0.1320111111111111	-0.00256943568786161	-0.1345805030738889	0.0	-0.1345805030738889
-0.36000000000000004	-0.12960000000000002	-0.002523509215242914	-0.13212346688447682	0.0	-0.13212346688447682
-0.3566666666666667	-0.12721111111111114	-0.0024779698085810598	-0.12968903995626452	0.0	-0.12968903995626452
-0.35333333333333333	-0.12484444444444444	-0.002432818442214657	-0.12727722326353427	0.0	-0.12727722326353427
-0.35000000000000003	-0.12250000000000003	-0.0023880560828666297	-0.12488801777297555	0.0	-0.12488801777297555
-0.3466666666666667	-0.12017777777777779	-0.00234368368960558	-0.12252142444364149	0.0	-0.12252142444364149
-0.3433333333333334	-0.1178777777777778	-0.0022997022138073753	-0.12017744422691261	0.0	-0.12017744422691261
-0.34	-0.11560000000000002	-0.002256112599116067	-0.11785607806645908	0.0	-0.11785607806645908
-0.33666666666666667	-0.11334444444444444	-0.0022129157814079203	-0.11555732689820107	0.0	-0.11555732689820107
-0.33333333333333337	-0.11111111111111113	-0.0021701126887516686	-0.11328119165027017	0.0	-0.11328119165027017
-0.33	-0.10890000000000001	-0.002127704241372763	-0.11102767324297336	0.0	-0.11102767324297336
-0.32666666666666666	-0.1067111111111111	-0.002085691351615626	-0.10879677258875427	0.0	-0.10879677258875427
-0.32333333333333336	-0.10454444444444447	-0.0020440749239072353	-0.10658849059215862	0.0	-0.10658849059215862
-0.32	-0.1024	-0.0020028558547204867	-0.10440282814979168	0.0	-0.10440282814979168
-0.3166666666666667	-0.1002777777777778	-0.001962035032538223	-0.10223978615028664	0.0	-0.10223978615028664
-0.31333333333333335	-0.0981777777777778	-0.001921613337817707	-0.10009936547426797	0.0	-0.10009936547426797
-0.31	-0.0961	-0.0018815916429542057	-0.09798156699431158	0.0	-0.09798156699431158
-0.3066666666666667	-0.09404444444444446	-0.001841970812246796	-0.0958863915749139	0.0	-0.0958863915749139
-0.30333333333333334	-0.09201111111111111	-0.0018027517018623929	-0.09381384007245483	0.0	-0.09381384007245483
-0.30000000000000004	-0.09000000000000002	-0.0017639351598022213	-0.09176391333516017	0.0	-0.09176391333516017
-0.2966666666666667	-0.08801111111111112	-0.0017255220258667325	-0.08973661220306793	0.0	-0.08973661220306793
-0.29333333333333333	-0.08604444444444445	-0.001687513131622076	-0.08773193750799754	0.0	-0.08773193750799754
-0.29000000000000004	-0.08410000000000002	-0.0016499093003654597	-0.08574989007351082	0.0	-0.08574989007351082
-0.2866666666666667	-0.08217777777777778	-0.0016127113470931764	-0.0837904707148783	0.0	-0.0837904707148783
-0.2833333333333333	-0.08027777777777777	-0.0015759200784664085	-0.08185368023905094	0.0	-0.08185368023905094
-0.28	-0.07840000000000001	-0.0015395362927792533	-0.07993951944462077	0.0	-0.07993951944462077
-0.27666666666666667	-0.07654444444444444	-0.001503560779925639	-0.07804798912178905	0.0	-0.07804798912178905
-0.2733333333333334	-0.07471111111111113	-0.0014679943213677937	-0.07617909005233779	0.0	-0.07617909005233779
-0.27	-0.0729	-0.0014328376901042716	-0.07433282300959246	0.0	-0.07433282300959246
-0.26666666666666666	-0.07111111111111111	-0.0013980916506382002	-0.07250918875839288	0.0	-0.07250918875839288
-0.26333333333333336	-0.06934444444444446	-0.001363756958946194	-0.07070818805506107	0.0	-0.07070818805506107
-0.26	-0.06760000000000001	-0.0013298343624481568	-0.0689298216473695	0.0	-0.0689298216473695
-0.2566666666666667	-0.0658777777777778	-0.0012963245999761952	-0.06717409027450838	0.0	-0.06717409027450838
-0.25333333333333335	-0.06417777777777779	-0.0012632284017448647	-0.06544099466705963	0.0	-0.06544099466705963
-0.25	-0.0625	-0.0012305464893214157	-0.06373053554696327	0.0	-0.06373053554696327
-0.24666666666666667	-0.06084444444444445	-0.0011982795755951514	-0.06204271362748471	0.0	-0.06204271362748471
-0.24333333333333335	-0.05921111111111112	-0.0011664283647507823	-0.06037752961319414	0.0	-0.06037752961319414
-0.24000000000000002	-0.05760000000000001	-0.001134993552236896	-0.0587349841999265	0.0	-0.0587349841999265
-0.2366666666666667	-0.05601111111111112	-0.0011039758247393117	-0.05711507807476027	0.0	-0.05711507807476027
-0.23333333333333334	-0.05444444444444445	-0.0010733758601522148	-0.05551781191598609	0.0	-0.05551781191598609
-0.23	-0.0529	-0.0010431943275510669	-0.05394318639307752	0.0	-0.05394318639307752
-0.22666666666666668	-0.051377777777777786	-0.0010134318871641845	-0.052391202166665034	0.0	-0.052391202166665034
-0.22333333333333336	-0.049877777777777785	-0.0009840891903469817	-0.05086185988850795	0.0	-0.05086185988850795
-0.22	-0.0484	-0.0009551668795539925	-0.04935516020146715	0.0	-0.04935516020146715
-0.21666666666666667	-0.04694444444444445	-0.0009266655883131136	-0.04787110373947774	0.0	-0.04787110373947774
-0.21333333333333335	-0.04551111111111112	-0.0008985859411998476	-0.046409691127524466	0.0	-0.046409691127524466
-0.21000000000000002	-0.04410000000000001	-0.0008709285538115452	-0.04497092298161298	0.0	-0.04497092298161298
-0.2066666666666667	-0.04271111111111112	-0.0008436940327412046	-0.04355479990874608	0.0	-0.04355479990874608
-0.20333333333333334	-0.04134444444444445	-0.0008168829755543783	-0.04216132250689839	0.0	-0.04216132250689839
-0.2	-0.04000000000000001	-0.0007904959707625281	-0.040790491364989925	0.0	-0.040790491364989925
-0.19666666666666668	-0.03867777777777778	-0.0007645335978017087	-0.039442307062865105	0.0	-0.039442307062865105
-0.19333333333333336	-0.03737777777777779	-0.0007389964270032578	-0.03811677017126049	0.0	-0.03811677017126049
-0.19	-0.0361	-0.000713885019577809	-0.03681388125179219	0.0	-0.03681388125179219
-0.18666666666666668	-0.03484444444444445	-0.0006891999275859817	-0.03553364085692352	0.0	-0.03553364085692352
-0.18333333333333335	-0.03361111111111112	-0.0006649416939197295	-0.034276049529946825	0.0	-0.034276049529946825
-0.18000000000000002	-0.032400000000000005	-0.0006411108522756948	-0.03304110780495613	0.0	-0.03304110780495613
-0.17666666666666667	-0.03121111111111111	-0.0006177079271383334	-0.031828816206831326	0.0	-0.031828816206831326
-0.17333333333333334	-0.030044444444444447	-0.0005947334337532695	-0.030639175251208826	0.0	-0.030639175251208826
-0.17	-0.028900000000000006	-0.0005721878781113077	-0.029472185444467766	0.0	-0.029472185444467766
-0.16666666666666669	-0.027777777777777783	-0.0005500717569217883	-0.028327847283701604	0.0	-0.028327847283701604
-0.16333333333333333	-0.026677777777777776	-0.0005283855575957119	-0.02720616125670145	0.0	-0.02720616125670145
-0.16	-0.0256	-0.0005071297582261991	-0.026107127841935997	0.0	-0.026107127841935997
-0.15666666666666668	-0.02454444444444445	-0.0004863048275671744	-0.025030747508530425	0.0	-0.025030747508530425
-0.15333333333333335	-0.023511111111111115	-0.00046591122501293825	-0.023977020716245297	0.0	-0.023977020716245297
-0.15000000000000002	-0.022500000000000006	-0.0004459494005804032	-0.022945947915458807	0.0	-0.022945947915458807
-0.14666666666666667	-0.021511111111111113	-0.00042641979489133064	-0.021937529547148744	0.0	-0.021937529547148744
-0.14333333333333334	-0.020544444444444445	-0.00040732283915367873	-0.020951766042873302	0.0	-0.020951766042873302
-0.14	-0.019600000000000003	-0.0003886589551438391	-0.019988657824753942	0.0	-0.019988657824753942
-0.1366666666666667	-0.018677777777777783	-0.00037042855518620854	-0.01904820530545402	0.0	-0.01904820530545402
-0.13333333333333333	-0.017777777777777778	-0.0003526320421425311	-0.018130408888168123	0.0	-0.018130408888168123
-0.13	-0.016900000000000002	-0.0003352698093852524	-0.01723526896659552	0.0	-0.01723526896659552
-0.12666666666666668	-0.016044444444444448	-0.00031834224079396733	-0.016362785924936132	0.0	-0.016362785924936132
-0.12333333333333334	-0.015211111111111113	-0.0003018497107287743	-0.015512960137864008	0.0	-0.015512960137864008
-0.12000000000000001	-0.014400000000000003	-0.00028579258402139374	-0.014685791970517927	0.0	-0.014685791970517927
-0.11666666666666667	-0.013611111111111112	-0.00027017121595207527	-0.013881281778478562	0.0	-0.013881281778478562
-0.11333333333333334	-0.012844444444444447	-0.00025498595224959786	-0.013099429907768372	0.0	-0.013099429907768372
-0.11	-0.0121	-0.00024023712905574257	-0.012340236694815342	0.0	-0.012340236694815342
-0.10666666666666667	-0.01137777777777778	-0.00022592507293772712	-0.01160370246646594	0.0	-0.01160370246646594
-0.10333333333333335	-0.01067777777777778	-0.00021205010084379694	-0.010889827539940498	0.0	-0.010889827539940498
-0.1	-0.010000000000000002	-0.00019861252011921238	-0.010198612222848806	0.0	-0.010198612222848806
-0.09666666666666668	-0.009344444444444447	-0.0001856126284742743	-0.00953005681315829	0.0	-0.00953005681315829
-0.09333333333333334	-0.008711111111111112	-0.00017305071398254768	-0.008884161599191994	0.0	-0.008884161599191994
-0.09000000000000001	-0.008100000000000001	-0.0001609270550559927	-0.008260926859603808	0.0	-0.008260926859603808
-0.08666666666666667	-0.007511111111111112	-0.00014924192045029372	-0.007660352863383498	0.0	-0.007660352863383498
-0.08333333333333334	-0.006944444444444446	-0.00013799556924709577	-0.007082439869838962	0.0	-0.007082439869838962
-0.08	-0.0064	-0.00012718825083624097	-0.006527188128578468	0.0	-0.006527188128578468
-0.07666666666666667	-0.005877777777777779	-0.00011682020491221579	-0.005994597879506883	0.0	-0.005994597879506883
-0.07333333333333333	-0.005377777777777778	-0.00010689166145994022	-0.005484669352811515	0.0	-0.005484669352811515
-0.07	-0.004900000000000001	-9.740284075121508e-05	-0.0049974027689584	0.0	-0.0049974027689584
-0.06666666666666667	-0.0044444444444444444	-8.835395333761653e-05	-0.004532798338685205	0.0	-0.004532798338685205
-0.06333333333333334	-0.004011111111111112	-7.974520002562713e-05	-0.004090856262976284	0.0	-0.004090856262976284
-0.060000000000000005	-0.0036000000000000008	-7.157677188729394e-05	-0.0036715767330731995	0.0	-0.0036715767330731995
-0.05666666666666667	-0.0032111111111111116	-6.384885023891229e-05	-0.0032749599304535554	0.0	-0.0032749599304535554
-0.05333333333333334	-0.002844444444444445	-5.656160664102572e-05	-0.00290100602683063	0.0	-0.00290100602683063
-0.05	-0.0025000000000000005	-4.971520289132059e-05	-0.0025497151841466204	0.0	-0.0025497151841466204
-0.04666666666666667	-0.002177777777777778	-4.330979101041521e-05	-0.002221087554557974	0.0	-0.002221087554557974
-0.043333333333333335	-0.001877777777777778	-3.7345513234754435e-05	-0.0019151232804285692	0.0	-0.0019151232804285692
-0.04	-0.0016	-3.182250205213677e-05	-0.0016318224943649882	0.0	-0.0016318224943649882
-0.03666666666666667	-0.0013444444444444445	-2.6740880102238407e-05	-0.0013711853191171104	0.0	-0.0013711853191171104
-0.03333333333333333	-0.0011111111111111111	-2.2100760276089204e-05	-0.0011332118676775067	0.0	-0.0011332118676775067
-0.030000000000000002	-0.0009000000000000002	-1.790224567344012e-05	-0.0009179022432387562	0.0	-0.0009179022432387562
-0.02666666666666667	-0.0007111111111111113	-1.4145429503287232e-05	-0.000725256539094024	0.0	-0.000725256539094024
-0.023333333333333334	-0.0005444444444444445	-1.0830395297034556e-05	-0.0005552748388500398	0.0	-0.0005552748388500398
-0.02	-0.0004	-7.957216723752936e-06	-0.0004079572162424744	0.0	-0.0004079572162424744
-0.016666666666666666	-0.0002777777777777778	-5.525957476493204e-06	-0.00028330373502212866	0.0	-0.00028330373502212866
-0.013333333333333334	-0.0001777777777777778	-3.536671670190117e-06	-0.0001813144493528826	0.0	-0.0001813144493528826
-0.01	-0.0001	-1.989403472180129e-06	-0.000101989403442086	0.0	-0.000101989403442086
-0.006666666666666667	-4.444444444444445e-05	-8.841880116960965e-07	-4.532863245020128e-05	0.0	-4.532863245020128e-05
-0.0033333333333333335	-1.1111111111111113e-05	-2.2104904928710312e-07	-1.1332160160038324e-05	0.0	-1.1332160160038324e-05
0.0033333333333333335	1.1111111111111113e-05	2.2104904928710312e-07	1.1332160160026523e-05	0.0	1.1332160160026523e-05
0.006666666666666667	4.444444444444445e-05	8.841880116960965e-07	4.5328632450192136e-05	0.0	4.5328632450192136e-05
0.01	0.0001	1.989403472180129e-06	0.0001019894034420933	0.0	0.0001019894034420933
0.013333333333333334	0.0001777777777777778	3.536671670190117e-06	0.0001813144493528551	0.0	0.0001813144493528551
0.016666666666666666	0.0002777777777777778	5.525957476493204e-06	0.0002833037350221066	0.0	0.0002833037350221066
0.02	0.0004	7.957216723752936e-06	0.0004079572162425093	0.0	0.0004079572162425093
0.023333333333333334	0.0005444444444444445	1.0830395297034556e-05	0.000555274838850041	0.0	0.000555274838850041
0.02666666666666667	0.0007111111111111113	1.4145429503287232e-05	0.0007252565390940469	0.0	0.0007252565390940469
0.030000000000000002	0.0009000000000000002	1.790224567344012e-05	0.0009179022432388055	0.0	0.0009179022432388055
0.03333333333333333	0.0011111111111111111	2.2100760276089204e-05	0.0011332118676775317	0.0	0.0011332118676775317
0.03666666666666667	0.0013444444444444445	2.6740880102238407e-05	0.0013711853191171392	0.0	0.0013711853191171392
0.04	0.0016	3.182250205213677e-05	0.0016318224943649914	0.0	0.0016318224943649914
0.043333333333333335	0.001877777777777778	3.7345513234754435e-05	0.001915123280428577	0.0	0.001915123280428577
0.04666666666666667	0.002177777777777778	4.330979101041521e-05	0.0022210875545579777	0.0	0.0022210875545579777
0.05	0.0025000000000000005	4.971520289132059e-05	0.0025497151841466182	0.0	0.0025497151841466182
0.05333333333333334	0.002844444444444445	5.656160664102572e-05	0.0029010060268306595	0.0	0.0029010060268306595
0.05666666666666667	0.0032111111111111116	6.384885023891229e-05	0.0032749599304535467	0.0	0.0032749599304535467
0.060000000000000005	0.0036000000000000008	7.157677188729394e-05	0.0036715767330731974	0.0	0.0036715767330731974
0.06333333333333334	0.004011111111111112	7.974520002562713e-05	0.004090856262976249	0.0	0.004090856262976249
0.06666666666666667	0.0044444444444444444	8.835395333761653e-05	0.00453279833868523	0.0	0.00453279833868523
0.07	0.004900000000000001	9.740284075121508e-05	0.004997402768958401	0.0	0.004997402768958401
0.07333333333333333	0.005377777777777778	0.00010689166145994022	0.005484669352811523	0.0	0.005484669352811523
0.07666666666666667	0.005877777777777779	0.00011682020491221579	0.005994597879506934	0.0	0.005994597879506934
0.08	0.0064	0.00012718825083624097	0.0065271881285785165	0.0	0.0065271881285785165
0.08333333333333334	0.006944444444444446	0.00013799556924709577	0.007082439869838987	0.0	0.007082439869838987
0.08666666666666667	0.007511111111111112	0.00014924192045029372	0.007660352863383512	0.0	0.007660352863383512
0.09000000000000001	0.008100000000000001	0.0001609270550559927	0.008260926859603838	0.0	0.008260926859603838
0.09333333333333334	0.008711111111111112	0.00017305071398254768	0.008884161599192034	0.0	0.008884161599192034
0.09666666666666668	0.009344444444444447	0.0001856126284742743	0.009530056813158301	0.0	0.009530056813158301
0.1	0.010000000000000002	0.00019861252011921238	0.010198612222848827	0.0	0.010198612222848827
0.10333333333333335	0.01067777777777778	0.00021205010084379694	0.010889827539940522	0.0	0.010889827539940522
0.10666666666666667	0.01137777777777778	0.00022592507293772712	0.011603702466465946	0.0	0.011603702466465946
0.11	0.0121	0.00024023712905574257	0.012340236694815375	0.0	0.012340236694815375
0.11333333333333334	0.012844444444444447	0.00025498595224959786	0.013099429907768401	0.0	0.013099429907768401
0.11666666666666667	0.013611111111111112	0.00027017121595207527	0.01388128177847862	0.0	0.01388128177847862
0.12000000000000001	0.014400000000000003	0.00028579258402139374	0.014685791970517913	0.0	0.014685791970517913
0.12333333333333334	0.015211111111111113	0.0003018497107287743	0.01551296013786404	0.0	0.01551296013786404
0.12666666666666668	0.016044444444444448	0.00031834224079396733	0.016362785924936094	0.0	0.016362785924936094
0.13	0.016900000000000002	0.0003352698093852524	0.017235268966595448	0.0	0.017235268966595448
0.13333333333333333	0.017777777777777778	0.0003526320421425311	0.018130408888168068	0.0	0.018130408888168068
0.1366666666666667	0.018677777777777783	0.00037042855518620854	0.01904820530545397	0.0	0.01904820530545397
0.14	0.019600000000000003	0.0003886589551438391	0.019988657824753897	0.0	0.019988657824753897
0.14333333333333334	0.020544444444444445	0.00040732283915367873	0.020951766042873333	0.0	0.020951766042873333
0.14666666666666667	0.021511111111111113	0.00042641979489133064	0.021937529547148695	0.0	0.021937529547148695
0.15000000000000002	0.022500000000000006	0.0004459494005804032	0.022945947915458762	0.0	0.022945947915458762
0.15333333333333335	0.023511111111111115	0.00046591122501293825	0.02397702071624529	0.0	0.02397702071624529
0.15666666666666668	0.02454444444444445	0.0004863048275671744	0.025030747508530442	0.0	0.025030747508530442
0.16	0.0256	0.0005071297582261991	0.026107127841936088	0.0	0.026107127841936088
0.16333333333333333	0.026677777777777776	0.0005283855575957119	0.027206161256701458	0.0	0.027206161256701458
0.16666666666666669	0.027777777777777783	0.0005500717569217883	0.02832784728370169	0.0	0.02832784728370169
0.17	0.028900000000000006	0.0005721878781113077	0.02947218544446774	0.0	0.02947218544446774
0.17333333333333334	0.030044444444444447	0.0005947334337532695	0.0306391752512088	0.0	0.0306391752512088
0.17666666666666667	0.03121111111111111	0.0006177079271383334	0.03182881620683113	0.0	0.03182881620683113
0.18000000000000002	0.032400000000000005	0.0006411108522756948	0.033041107804956345	0.0	0.033041107804956345
0.18333333333333335	0.03361111111111112	0.0006649416939197295	0.03427604952994683	0.0	0.03427604952994683
0.18666666666666668	0.03484444444444445	0.0006891999275859817	0.035533640856923614	0.0	0.035533640856923614
0.19	0.0361	0.000713885019577809	0.03681388125179229	0.0	0.03681388125179229
0.19333333333333336	0.03737777777777779	0.0007389964270032578	0.03811677017126046	0.0	0.03811677017126046
0.19666666666666668	0.03867777777777778	0.0007645335978017087	0.03944230706286501	0.0	0.03944230706286501
0.2	0.04000000000000001	0.0007904959707625281	0.04079049136499008	0.0	0.04079049136499008
0.20333333333333334	0.04134444444444445	0.0008168829755543783	0.04216132250689856	0.0	0.04216132250689856
0.2066666666666667	0.04271111111111112	0.0008436940327412046	0.043554799908745855	0.0	0.043554799908745855
0.21000000000000002	0.04410000000000001	0.0008709285538115452	0.044970922981613065	0.0	0.044970922981613065
0.21333333333333335	0.04551111111111112	0.0008985859411998476	0.04640969112752434	0.0	0.04640969112752434
0.21666666666666667	0.04694444444444445	0.0009266655883131136	0.0478711037394776	0.0	0.0478711037394776
0.22	0.0484	0.0009551668795539925	0.049355160201466866	0.0	0.049355160201466866
0.22333333333333336	0.049877777777777785	0.0009840891903469817	0.05086185988850798	0.0	0.05086185988850798
0.22666666666666668	0.051377777777777786	0.0010134318871641845	0.05239120216666494	0.0	0.05239120216666494
0.23	0.0529	0.0010431943275510669	0.05394318639307762	0.0	0.05394318639307762
0.23333333333333334	0.05444444444444445	0.0010733758601522148	0.055517811915986516	0.0	0.055517811915986516
0.2366666666666667	0.05601111111111112	0.0011039758247393117	0.057115078074760434	0.0	0.057115078074760434
0.24000000000000002	0.05760000000000001	0.001134993552236896	0.05873498419992638	0.0	0.05873498419992638
0.24333333333333335	0.05921111111111112	0.0011664283647507823	0.060377529613193696	0.0	0.060377529613193696
0.24666666666666667	0.06084444444444445	0.0011982795755951514	0.062042713627484966	0.0	0.062042713627484966
0.25	0.0625	0.0012305464893214157	0.06373053554696297	0.0	0.06373053554696297
0.25333333333333335	0.06417777777777779	0.0012632284017448647	0.06544099466705995	0.0	0.06544099466705995
0.2566666666666667	0.0658777777777778	0.0012963245999761952	0.06717409027450866	0.0	0.06717409027450866
0.26	0.06760000000000001	0.0013298343624481568	0.06892982164736935	0.0	0.06892982164736935
0.26333333333333336	0.06934444444444446	0.001363756958946194	0.07070818805506152	0.0	0.07070818805506152
0.26666666666666666	0.07111111111111111	0.0013980916506382002	0.07250918875839346	0.0	0.07250918875839346
0.27	0.0729	0.0014328376901042716	0.07433282300959204	0.0	0.07433282300959204
0.2733333333333334	0.07471111111111113	0.0014679943213677937	0.07617909005233736	0.0	0.07617909005233736
0.27666666666666667	0.07654444444444444	0.001503560779925639	0.0780479891217883	0.0	0.0780479891217883
0.28	0.07840000000000001	0.0015395362927792533	0.07993951944461991	0.0	0.07993951944461991
0.2833333333333333	0.08027777777777777	0.0015759200784664085	0.08185368023905056	0.0	0.08185368023905056
0.2866666666666667	0.08217777777777778	0.0016127113470931764	0.08379047071487823	0.0	0.08379047071487823
0.29000000000000004	0.08410000000000002	0.0016499093003654597	0.08574989007351008	0.0	0.08574989007351008
0.29333333333333333	0.08604444444444445	0.001687513131622076	0.08773193750799753	0.0	0.08773193750799753
0.2966666666666667	0.08801111111111112	0.0017255220258667325	0.08973661220306794	0.0	0.08973661220306794
0.30000000000000004	0.09000000000000002	0.0017639351598022213	0.09176391333515997	0.0	0.09176391333515997
0.30333333333333334	0.09201111111111111	0.0018027517018623929	0.09381384007245494	0.0	0.09381384007245494
0.3066666666666667	0.09404444444444446	0.001841970812246796	0.09588639157491402	0.0	0.09588639157491402
0.31	0.0961	0.0018815916429542057	0.09798156699431158	0.0	0.09798156699431158
0.31333333333333335	0.0981777777777778	0.001921613337817707	0.10009936547426748	0.0	0.10009936547426748
0.3166666666666667	0.1002777777777778	0.001962035032538223	0.10223978615028673	0.0	0.10223978615028673
0.32	0.1024	0.0020028558547204867	0.10440282814979181	0.0	0.10440282814979181
0.32333333333333336	0.10454444444444447	0.0020440749239072353	0.10658849059215854	0.0	0.10658849059215854
0.32666666666666666	0.1067111111111111	0.002085691351615626	0.10879677258875528	0.0	0.10879677258875528
0.33	0.10890000000000001	0.002127704241372763	0.11102767324297318	0.0	0.11102767324297318
0.33333333333333337	0.11111111111111113	0.0021701126887516686	0.11328119165026966	0.0	0.11328119165026966
0.33666666666666667	0.11334444444444444	0.0022129157814079203	0.11555732689820059	0.0	0.11555732689820059
0.34	0.11560000000000002	0.002256112599116067	0.11785607806645887	0.0	0.11785607806645887
0.3433333333333334	0.1178777777777778	0.0022997022138073753	0.12017744422691273	0.0	0.12017744422691273
0.3466666666666667	0.12017777777777779	0.00234368368960558	0.1225214244436416	0.0	0.1225214244436416
0.35000000000000003	0.12250000000000003	0.0023880560828666297	0.12488801777297608	0.0	0.12488801777297608
0.35333333333333333	0.12484444444444444	0.002432818442214657	0.12727722326353486	0.0	0.12727722326353486
0.3566666666666667	0.12721111111111114	0.0024779698085810598	0.12968903995626496	0.0	0.12968903995626496
0.36000000000000004	0.12960000000000002	0.002523509215242914	0.1321234668844757	0.0	0.1321234668844757
0.36333333333333334	0.1320111111111111	0.00256943568786161	0.13458050307388933	0.0	0.13458050307388933
0.3666666666666667	0.13444444444444448	0.0026157482445208213	0.13706014754266485	0.0	0.13706014754266485
0.37000000000000005	0.13690000000000005	0.0026624458957678065	0.13956239930144718	0.0	0.13956239930144718
0.37333333333333335	0.1393777777777778	0.002709527644651377	0.14208725735340616	0.0	0.14208725735340616
0.3766666666666667	0.1418777777777778	0.0027569924867616447	0.14463472069427669	0.0	0.14463472069427669
0.38	0.1444	0.0028048394102708762	0.14720478831239872	0.0	0.14720478831239872
0.38333333333333336	0.14694444444444446	0.002853067395973463	0.14979745918875012	0.0	0.14979745918875012
0.3866666666666667	0.14951111111111115	0.0029016754173266657	0.15241273229700386	0.0	0.15241273229700386
0.39	0.1521	0.0029506624404909143	0.15505060660355474	0.0	0.15505060660355474
0.39333333333333337	0.15471111111111113	0.003000027424371332	0.15771108106756862	0.0	0.15771108106756862
0.39666666666666667	0.15734444444444445	0.003049769320659035	0.16039415464101694	0.0	0.16039415464101694
0.4	0.16000000000000003	0.0030998870738727646	0.16309982626872654	0.0	0.16309982626872654
0.4033333333333334	0.1626777777777778	0.003150379621400523	0.1658280948884179	0.0	0.1658280948884179
0.4066666666666667	0.1653777777777778	0.003201245893541982	0.1685789594307466	0.0	0.1685789594307466
0.41000000000000003	0.16810000000000003	0.003252484813550449	0.1713524188193449	0.0	0.1713524188193449
0.4133333333333334	0.1708444444444445	0.0033040952976755023	0.17414847197086944	0.0	0.17414847197086944
0.4166666666666667	0.17361111111111113	0.003356076255206286	0.17696711779504032	0.0	0.17696711779504032
0.42000000000000004	0.17640000000000003	0.003408426588513924	0.17980835519468322	0.0	0.17980835519468322
0.42333333333333334	0.17921111111111113	0.0034611451930949277	0.18267218306577387	0.0	0.18267218306577387
0.4266666666666667	0.18204444444444448	0.003514230957615383	0.18555860029748653	0.0	0.18555860029748653
0.43000000000000005	0.18490000000000004	0.0035676827639533615	0.18846760577222807	0.0	0.18846760577222807
0.43333333333333335	0.1877777777777778	0.0036214994872445505	0.1913991983656918	0.0	0.1913991983656918
0.4366666666666667	0.1906777777777778	0.0036756799959248854	0.1943533769468924	0.0	0.1943533769468924
0.44	0.1936	0.0037302231517758466	0.19733014037822164	0.0	0.19733014037822164
0.44333333333333336	0.19654444444444447	0.00378512780996898	0.20032948751548108	0.0	0.20032948751548108
0.4466666666666667	0.19951111111111114	0.0038403928191107495	0.20335141720793398	0.0	0.20335141720793398
0.45	0.2025	0.003896017021286946	0.20639592829834708	0.0	0.20639592829834708
0.45333333333333337	0.20551111111111114	0.003951999252108984	0.20946301962303962	0.0	0.20946301962303962
0.4566666666666667	0.2085444444444445	0.004008338340758866	0.2125526900119247	0.0	0.2125526900119247
0.46	0.2116	0.004065033110034588	0.21566493828855626	0.0	0.21566493828855626
0.4633333333333334	0.21467777777777783	0.00412208237639633	0.2187997632701784	0.0	0.2187997632701784
0.4666666666666667	0.2177777777777778	0.004179484950012968	0.2219571637677623	0.0	0.2219571637677623
0.47000000000000003	0.22090000000000004	0.004237239634807155	0.2251371385860613	0.0	0.2251371385860613
0.4733333333333334	0.2240444444444445	0.004295345228503167	0.22833968652365388	0.0	0.22833968652365388
0.4766666666666667	0.2272111111111111	0.004353800522672535	0.23156480637298693	0.0	0.23156480637298693
0.48000000000000004	0.23040000000000005	0.004412604302781453	0.2348124969204306	0.0	0.2348124969204306
0.48333333333333334	0.2336111111111111	0.004471755348237627	0.23808275694631437	0.0	0.23808275694631437
0.4866666666666667	0.23684444444444447	0.004531252432437349	0.2413755852249836	0.0	0.2413755852249836
0.49000000000000005	0.24010000000000004	0.004591094322813349	0.24469098052484278	0.0	0.24469098052484278
0.49333333333333335	0.2433777777777778	0.004651279780881867	0.24802894160839728	0.0	0.24802894160839728
0.4966666666666667	0.2466777777777778	0.004711807562290726	0.25138946723231526	0.0	0.25138946723231526
0.5	0.25	0.004772676416867072	0.2547725561474549	0.0	0.2547725561474549
0.5033333333333334	0.25334444444444454	0.004833885088665446	0.2581782070989309	0.0	0.2581782070989309
0.5066666666666667	0.25671111111111117	0.004895432316016635	0.2616064188261553	0.0	0.2616064188261553
0.51	0.2601	0.004957316831574965	0.26505719006288614	0.0	0.26505719006288614
0.5133333333333334	0.2635111111111112	0.005019537362368043	0.26853051953726664	0.0	0.26853051953726664
0.5166666666666667	0.2669444444444445	0.0050820926298447144	0.2720264059718899	0.0	0.2720264059718899
0.52	0.27040000000000003	0.00514498134992436	0.2755448480838363	0.0	0.2755448480838363
0.5233333333333333	0.2738777777777778	0.0052082022330460775	0.27908584458472335	0.0	0.27908584458472335
0.5266666666666667	0.27737777777777783	0.005271753984217142	0.28264939418076074	0.0	0.28264939418076074
0.53	0.28090000000000004	0.005335635303063302	0.28623549557279293	0.0	0.28623549557279293
0.5333333333333333	0.28444444444444444	0.005399844883877569	0.2898441474563497	0.0	0.2898441474563497
0.5366666666666667	0.28801111111111116	0.005464381415670516	0.29347534852169277	0.0	0.29347534852169277
0.54	0.2916	0.00552924358221929	0.2971290974538745	0.0	0.2971290974538745
0.5433333333333333	0.2952111111111111	0.005594430062118183	0.30080539293277514	0.0	0.30080539293277514
0.5466666666666667	0.2988444444444445	0.005659939528828262	0.30450423363316487	0.0	0.30450423363316487
0.55	0.30250000000000005	0.005725770650727768	0.30822561822473854	0.0	0.30822561822473854
0.5533333333333333	0.30617777777777777	0.005791922091162471	0.3119695453721828	0.0	0.3119695453721828
0.5566666666666668	0.30987777777777786	0.005858392508495847	0.31573601373521465	0.0	0.31573601373521465
0.56	0.31360000000000005	0.005925180556159759	0.31952502196863086	0.0	0.31952502196863086
0.5633333333333334	0.3173444444444445	0.005992284882705368	0.32333656872236416	0.0	0.32333656872236416
0.5666666666666667	0.32111111111111107	0.006059704131853527	0.32717065264153383	0.0	0.32717065264153383
0.5700000000000001	0.3249000000000001	0.006127436942545916	0.33102727236649254	0.0	0.33102727236649254
0.5733333333333334	0.3287111111111111	0.006195481948996162	0.3349064265328738	0.0	0.3349064265328738
0.5766666666666667	0.3325444444444444	0.006263837780740689	0.3388081137716519	0.0	0.3388081137716519
0.5800000000000001	0.3364000000000001	0.006332503062690009	0.3427323327091885	0.0	0.3427323327091885
0.5833333333333334	0.34027777777777785	0.006401476415180296	0.34667908196727676	0.0	0.34667908196727676
0.5866666666666667	0.3441777777777778	0.006470756454024673	0.3506483601632061	0.0	0.3506483601632061
0.5900000000000001	0.3481000000000001	0.006540341790564563	0.3546401659097972	0.0	0.3546401659097972
0.5933333333333334	0.3520444444444445	0.006610231031721536	0.3586544978154733	0.0	0.3586544978154733
0.5966666666666667	0.3560111111111111	0.006680422780048989	0.36269135448428874	0.0	0.36269135448428874
0.6000000000000001	0.3600000000000001	0.006750915633783938	0.36675073451600443	0.0	0.36675073451600443
0.6033333333333334	0.3640111111111112	0.006821708186898812	0.37083263650611203	0.0	0.37083263650611203
0.6066666666666667	0.36804444444444445	0.006892799029153629	0.37493705904590774	0.0	0.37493705904590774
0.61	0.3721	0.0069641867461477935	0.37906400072254565	0.0	0.37906400072254565
0.6133333333333334	0.37617777777777783	0.007035869919372328	0.38321346011907126	0.0	0.38321346011907126
0.6166666666666667	0.3802777777777778	0.007107847126262334	0.3873854358144794	0.0	0.3873854358144794
0.62	0.3844	0.007180116940248726	0.39157992638377864	0.0	0.39157992638377864
0.6233333333333334	0.3885444444444445	0.00725267793081108	0.39579693039802766	0.0	0.39579693039802766
0.6266666666666667	0.3927111111111112	0.007325528663529812	0.4000364464244049	0.0	0.4000364464244049
0.63	0.39690000000000003	0.007398667700138584	0.4042984730262459	0.0	0.4042984730262459
0.6333333333333334	0.4011111111111112	0.007472093598577034	0.40858300876309195	0.0	0.40858300876309195
0.6366666666666667	0.4053444444444445	0.00754580491304313	0.4128900521907639	0.0	0.4128900521907639
0.64	0.4096	0.007619800194046122	0.4172196018613936	0.0	0.4172196018613936
0.6433333333333334	0.4138777777777779	0.007694077988458836	0.4215716563234938	0.0	0.4215716563234938
0.6466666666666667	0.41817777777777787	0.007768636839570797	0.4259462141219872	0.0	0.4259462141219872
0.65	0.42250000000000004	0.0078434752871408	0.4303432737982938	0.0	0.4303432737982938
0.6533333333333333	0.4268444444444444	0.007918591867449698	0.4347628338903444	0.0	0.4347628338903444
0.6566666666666667	0.4312111111111112	0.007993985113353586	0.4392048929326742	0.0	0.4392048929326742
0.66	0.43560000000000004	0.008069653554336198	0.4436694494564363	0.0	0.4436694494564363
0.6633333333333333	0.44001111111111113	0.008145595716562315	0.44815650198948503	0.0	0.44815650198948503
0.6666666666666667	0.44444444444444453	0.008221810122930662	0.4526660490564159	0.0	0.4526660490564159
0.67	0.4489000000000001	0.008298295293126479	0.4571980891786193	0.0	0.4571980891786193
0.6733333333333333	0.45337777777777777	0.008375049743675311	0.46175262087433844	0.0	0.46175262087433844
0.6766666666666667	0.4578777777777779	0.008452071987995247	0.4663296426587167	0.0	0.4663296426587167
0.68	0.4624000000000001	0.008529360536450592	0.47092915304385363	0.0	0.47092915304385363
0.6833333333333333	0.46694444444444444	0.008606913896404722	0.4755511505388621	0.0	0.4755511505388621
0.6866666666666668	0.4715111111111112	0.008684730572273258	0.48019563364992424	0.0	0.48019563364992424
0.6900000000000001	0.4761000000000001	0.008762809065576915	0.48486260088032956	0.0	0.48486260088032956
0.6933333333333334	0.48071111111111114	0.008841147874995181	0.48955205073054786	0.0	0.48955205073054786
0.6966666666666667	0.4853444444444444	0.008919745496418885	0.4942639816982708	0.0	0.4942639816982708
0.7000000000000001	0.4900000000000001	0.008998600423003655	0.49899839227847	0.0	0.49899839227847
0.7033333333333334	0.4946777777777778	0.009077711145222933	0.5037552809634562	0.0	0.5037552809634562
0.7066666666666667	0.49937777777777775	0.00915707615092129	0.5085346462429152	0.0	0.5085346462429152
0.7100000000000001	0.5041000000000001	0.009236693925367356	0.5133364866039999	0.0	0.5133364866039999
0.7133333333333334	0.5088444444444445	0.009316562951306923	0.5181608005313267	0.0	0.5181608005313267
0.7166666666666667	0.5136111111111111	0.009396681709016225	0.5230075865070879	0.0	0.5230075865070879
0.7200000000000001	0.5184000000000001	0.009477048676355126	0.527876843011076	0.0	0.527876843011076
0.7233333333333334	0.5232111111111112	0.0095576623288198	0.5327685685207415	0.0	0.5327685685207415
0.7266666666666667	0.5280444444444444	0.009638521139596262	0.5376827615112506	0.0	0.5376827615112506
0.7300000000000001	0.5329000000000002	0.00971962357961309	0.5426194204555347	0.0	0.5426194204555347
0.7333333333333334	0.5377777777777779	0.00980096811759465	0.5475785438243546	0.0	0.5475785438243546
0.7366666666666667	0.5426777777777778	0.009882553220114026	0.5525601300863484	0.0	0.5525601300863484
0.7400000000000001	0.5476000000000002	0.009964377351645931	0.5575641777080961	0.0	0.5575641777080961
0.7433333333333334	0.5525444444444445	0.01004643897461982	0.5625906851541593	0.0	0.5625906851541593
0.7466666666666667	0.5575111111111112	0.010128736549472578	0.5676396508871483	0.0	0.5676396508871483
0.75	0.5625	0.010211268534701556	0.5727110733677755	0.0	0.5727110733677755
0.7533333333333334	0.5675111111111112	0.01029403338691734	0.5778049510549063	0.0	0.5778049510549063
0.7566666666666667	0.5725444444444445	0.010377029560896589	0.5829212824056165	0.0	0.5829212824056165
0.76	0.5776	0.010460255509634614	0.5880600658752578	0.0	0.5880600658752578
0.7633333333333334	0.582677777777778	0.010543709684398384	0.5932212999174962	0.0	0.5932212999174962
0.7666666666666667	0.5877777777777778	0.010627390534778791	0.5984049829843954	0.0	0.5984049829843954
0.77	0.5929	0.010711296508743612	0.603611113526443	0.0	0.603611113526443
0.7733333333333334	0.5980444444444446	0.01079542605268985	0.6088396899926256	0.0	0.6088396899926256
0.7766666666666667	0.6032111111111113	0.010879777611496111	0.614090710830484	0.0	0.614090710830484
0.78	0.6084	0.010964349628575343	0.6193641744861563	0.0	0.6193641744861563
0.7833333333333334	0.6136111111111112	0.0110491405459269	0.6246600794044651	0.0	0.6246600794044651
0.7866666666666667	0.6188444444444445	0.011134148804189087	0.6299784240289459	0.0	0.6299784240289459
0.79	0.6241000000000001	0.011219372842691033	0.6353192068019229	0.0	0.6353192068019229
0.7933333333333333	0.6293777777777778	0.011304811099505346	0.640682426164563	0.0	0.640682426164563
0.7966666666666667	0.6346777777777779	0.011390462011499708	0.6460680805569315	0.0	0.6460680805569315
0.8	0.6400000000000001	0.011476324014389139	0.651476168418055	0.0	0.651476168418055
0.8033333333333333	0.6453444444444445	0.011562395542788012	0.6569066881859905	0.0	0.6569066881859905
0.8066666666666668	0.6507111111111112	0.011648675030261596	0.6623596382978694	0.0	0.6623596382978694
0.81	0.6561000000000001	0.011735160909378095	0.667835017189974	0.0	0.667835017189974
0.8133333333333334	0.6615111111111112	0.011821851611760331	0.6733328232977893	0.0	0.6733328232977893
0.8166666666666668	0.6669444444444446	0.011908745568137091	0.6788530550560765	0.0	0.6788530550560765
0.8200000000000001	0.6724000000000001	0.011995841208394836	0.684395710898932	0.0	0.684395710898932
0.8233333333333334	0.6778777777777778	0.012083136961629076	0.6899607892598411	0.0	0.6899607892598411
0.8266666666666668	0.683377777777778	0.01217063125619569	0.6955482885717774	0.0	0.6955482885717774
0.8300000000000001	0.6889000000000001	0.012258322519762166	0.7011582072672393	0.0	0.7011582072672393
0.8333333333333334	0.6944444444444445	0.01234620917935858	0.7067905437783307	0.0	0.7067905437783307
0.8366666666666667	0.7000111111111111	0.012434289661428788	0.712445296536824	0.0	0.712445296536824
0.8400000000000001	0.7056000000000001	0.012522562391881292	0.7181224639742655	0.0	0.7181224639742655
0.8433333333333334	0.7112111111111112	0.012611025796140013	0.7238220445219844	0.0	0.7238220445219844
0.8466666666666667	0.7168444444444445	0.012699678299194939	0.7295440366112586	0.0	0.7295440366112586
0.8500000000000001	0.7225000000000001	0.012788518325652837	0.7352884386733216	0.0	0.7352884386733216
0.8533333333333334	0.7281777777777779	0.012877544299787658	0.74105524913948	0.0	0.74105524913948
0.8566666666666667	0.7338777777777779	0.012966754645590828	0.7468444664411859	0.0	0.7468444664411859
0.8600000000000001	0.7396000000000001	0.01305614778682157	0.7526560890101495	0.0	0.7526560890101495
0.8633333333333334	0.7453444444444446	0.013145722147057115	0.7584901152784159	0.0	0.7584901152784159
0.8666666666666667	0.7511111111111112	0.013235476149742381	0.7643465436784593	0.0	0.7643465436784593
0.8700000000000001	0.7569000000000002	0.01332540821824027	0.7702253726433173	0.0	0.7702253726433173
0.8733333333333334	0.7627111111111112	0.013415516775880848	0.7761266006066826	0.0	0.7761266006066826
0.8766666666666667	0.7685444444444445	0.013505800246011668	0.7820502260030409	0.0	0.7820502260030409
0.88	0.7744	0.013596257052046562	0.7879962472677768	0.0	0.7879962472677768
0.8833333333333334	0.780277777777778	0.013686885617515451	0.7939646628373597	0.0	0.7939646628373597
0.8866666666666667	0.7861777777777779	0.013777684366113277	0.7999554711494519	0.0	0.7999554711494519
0.89	0.7921	0.013868651721749323	0.8059686706431111	0.0	0.8059686706431111
0.8933333333333334	0.7980444444444446	0.01395978610859587	0.812004259758977	0.0	0.812004259758977
0.8966666666666667	0.8040111111111112	0.014051085951137174	0.8180622369394627	0.0	0.8180622369394627
0.9	0.81	0.014142549674218033	0.8241426006290121	0.0	0.8241426006290121
0.9033333333333334	0.8160111111111112	0.014234175703092308	0.8302453492743709	0.0	0.8302453492743709
0.9066666666666667	0.8220444444444446	0.014325962463471273	0.8363704813248598	0.0	0.8363704813248598
0.91	0.8281000000000001	0.01441790838157174	0.8425179952327344	0.0	0.8425179952327344
0.9133333333333334	0.834177777777778	0.01451001188416419	0.848687889453623	0.0	0.848687889453623
0.9166666666666667	0.8402777777777779	0.014602271398620595	0.8548801624469351	0.0	0.8548801624469351
0.92	0.8464	0.014694685352962214	0.8610948126764848	0.0	0.8610948126764848
0.9233333333333333	0.8525444444444444	0.014787252175907054	0.8673318386110742	0.0	0.8673318386110742
0.9266666666666667	0.8587111111111113	0.0148799702969174	0.8735912387253337	0.0	0.8735912387253337
0.93	0.8649000000000001	0.014972838146246933	0.8798730115006628	0.0	0.8798730115006628
0.9333333333333333	0.8711111111111112	0.015065854154987984	0.886177155426375	0.0	0.886177155426375
0.9366666666666668	0.8773444444444446	0.01515901675511823	0.8925036690011638	0.0	0.8925036690011638
0.9400000000000001	0.8836000000000002	0.015252324379547613	0.8988525507348901	0.0	0.8988525507348901
0.9433333333333334	0.8898777777777778	0.015345775462164743	0.9052237991508721	0.0	0.9052237991508721
0.9466666666666668	0.896177777777778	0.015439368437883572	0.9116174127888297	0.0	0.9116174127888297
0.9500000000000001	0.9025000000000001	0.015533101742689251	0.9180333902086943	0.0	0.9180333902086943
0.9533333333333334	0.9088444444444445	0.015626973813684483	0.9244717299957075	0.0	0.9244717299957075
0.9566666666666668	0.9152111111111113	0.015720983089135276	0.9309324307672413	0.0	0.9309324307672413
0.9600000000000001	0.9216000000000002	0.015815128008516546	0.9374154911822826	0.0	0.9374154911822826
0.9633333333333334	0.9280111111111112	0.01590940701255776	0.943920909954695	0.0	0.943920909954695
0.9666666666666667	0.9344444444444444	0.016003818543288223	0.9504486858725595	0.0	0.9504486858725595
0.9700000000000001	0.9409000000000002	0.016098361044082174	0.9569988178269678	0.0	0.9569988178269678
0.9733333333333334	0.9473777777777779	0.016193032959703757	0.963571304856687	0.0	0.963571304856687
0.9766666666666667	0.9538777777777778	0.016287832736351746	0.9701661462204224	0.0	0.9701661462204224
0.9800000000000001	0.9604000000000001	0.016382758821704188	0.9767833415202517	0.0	0.9767833415202517
0.9833333333333334	0.9669444444444446	0.016477809664962734	0.9834228909269318	0.0	0.9834228909269318
0.9866666666666667	0.9735111111111112	0.016572983716896764	0.9900847956283959	0.0	0.9900847956283959
0.9900000000000001	0.9801000000000002	0.016668279429887467	0.9967690588337581	0.0	0.9967690588337581
0.9933333333333334	0.9867111111111112	0.016763695257971625	1.0034756884338631	0.0	1.0034756884338631
0.9966666666666667	0.9933444444444445	0.016859229656885077	1.0102047062360895	0.0	1.0102047062360895
1.0	1.0	0.01695488108410624	1.0169562025681715	0.0	1.0169562025681715
