-1.0	-1.0	-7.798592211502872e-05	-1.0000779950410583	0.0	-1.0000779950410583
-0.9975	-0.9950062500000001	-7.797793442653867e-05	-0.9950842346757177	0.0	-0.9950842346757177
-0.995	-0.990025	-7.796988645373389e-05	-0.9901029754539608	0.0	-0.9901029754539608
-0.9925	-0.9850562500000001	-7.796177758845139e-05	-0.9851342165724143	0.0	-0.9851342165724143
-0.99	-0.9801	-7.795360721483968e-05	-0.9801779578302223	0.0	-0.9801779578302223
-0.9875	-0.9751562500000001	-7.794537470924181e-05	-0.9752341991468767	0.0	-0.9752341991468767
-0.985	-0.970225	-7.793707944007641e-05	-0.9703029404819216	0.0	-0.9703029404819216
-0.9825	-0.96530625	-7.792872076771646e-05	-0.9653841818120064	0.0	-0.9653841818120064
-0.98	-0.9603999999999999	-7.792029804436608e-05	-0.9604779231223367	0.0	-0.9604779231223367
-0.9775	-0.9555062500000001	-7.791181061393498e-05	-0.9555841644027993	0.0	-0.9555841644027993
-0.975	-0.9506249999999999	-7.790325781191064e-05	-0.9507029056461406	0.0	-0.9507029056461406
-0.9725	-0.9457562500000001	-7.789463896522833e-05	-0.9458341468468684	0.0	-0.9458341468468684
-0.97	-0.9409	-7.78859533921386e-05	-0.9409778880006763	0.0	-0.9409778880006763
-0.9675	-0.93605625	-7.787720040207255e-05	-0.9361341291040693	0.0	-0.9361341291040693
-0.965	-0.931225	-7.786837929550449e-05	-0.9313028701541378	0.0	-0.9313028701541378
-0.9625	-0.9264062500000001	-7.785948936381218e-05	-0.9264841111483714	0.0	-0.9264841111483714
-0.96	-0.9216	-7.785052988913457e-05	-0.9216778520845823	0.0	-0.9216778520845823
-0.9575	-0.91680625	-7.78415001442268e-05	-0.9168840929608002	0.0	-0.9168840929608002
-0.9550000000000001	-0.9120250000000001	-7.783239939231269e-05	-0.9121028337752543	0.0	-0.9121028337752543
-0.9525	-0.90725625	-7.782322688693435e-05	-0.9073340745262845	0.0	-0.9073340745262845
-0.9500000000000001	-0.9025000000000001	-7.781398187179925e-05	-0.9025778152123604	0.0	-0.9025778152123604
-0.9475	-0.89775625	-7.780466358062417e-05	-0.8978340558320318	0.0	-0.8978340558320318
-0.9450000000000001	-0.8930250000000001	-7.779527123697653e-05	-0.8931027963839157	0.0	-0.8931027963839157
-0.9425	-0.88830625	-7.778580405411256e-05	-0.8883840368666749	0.0	-0.8883840368666749
-0.9400000000000001	-0.8836000000000002	-7.77762612348126e-05	-0.8836777772790274	0.0	-0.8836777772790274
-0.9375	-0.87890625	-7.776664197121322e-05	-0.8789840176197384	0.0	-0.8789840176197384
-0.935	-0.8742250000000001	-7.775694544463627e-05	-0.8743027578875772	0.0	-0.8743027578875772
-0.9325	-0.86955625	-7.77471708254147e-05	-0.8696339980813479	0.0	-0.8696339980813479
-0.93	-0.8649000000000001	-7.773731727271498e-05	-0.8649777381998871	0.0	-0.8649777381998871
-0.9275	-0.86025625	-7.77273839343564e-05	-0.8603339782420214	0.0	-0.8603339782420214
-0.925	-0.8556250000000001	-7.771736994662676e-05	-0.8557027182066177	0.0	-0.8557027182066177
-0.9225	-0.85100625	-7.770727443409456e-05	-0.8510839580925461	0.0	-0.8510839580925461
-0.92	-0.8464	-7.769709650941771e-05	-0.8464776978986582	0.0	-0.8464776978986582
-0.9175	-0.84180625	-7.768683527314861e-05	-0.8418839376238528	0.0	-0.8418839376238528
-0.915	-0.8372250000000001	-7.767648981353529e-05	-0.837302677267006	0.0	-0.837302677267006
-0.9125	-0.83265625	-7.766605920631899e-05	-0.8327339168270106	0.0	-0.8327339168270106
-0.91	-0.8281000000000001	-7.76555425145276e-05	-0.8281776563027587	0.0	-0.8281776563027587
-0.9075	-0.82355625	-7.764493878826542e-05	-0.8236338956931352	0.0	-0.8236338956931352
-0.905	-0.819025	-7.763424706449845e-05	-0.8191026349970366	0.0	-0.8191026349970366
-0.9025	-0.81450625	-7.762346636683585e-05	-0.8145838742133394	0.0	-0.8145838742133394
-0.9	-0.81	-7.761259570530698e-05	-0.810077613340941	0.0	-0.810077613340941
-0.8975	-0.80550625	-7.760163407613419e-05	-0.8055838523787209	0.0	-0.8055838523787209
-0.895	-0.801025	-7.759058046150092e-05	-0.8011025913255609	0.0	-0.8011025913255609
-0.8925000000000001	-0.7965562500000001	-7.757943382931566e-05	-0.7966338301803327	0.0	-0.7966338301803327
-0.89	-0.7921	-7.756819313297084e-05	-0.7921775689418971	0.0	-0.7921775689418971
-0.8875000000000001	-0.7876562500000002	-7.755685731109718e-05	-0.7877338076091228	0.0	-0.7877338076091228
-0.885	-0.7832250000000001	-7.754542528731324e-05	-0.7833025461808596	0.0	-0.7833025461808596
-0.8825000000000001	-0.7788062500000001	-7.753389596996976e-05	-0.7788837846559529	0.0	-0.7788837846559529
-0.88	-0.7744	-7.75222682518891e-05	-0.7744775230332309	0.0	-0.7744775230332309
-0.8775000000000001	-0.7700062500000001	-7.75105410100995e-05	-0.7700837613115271	0.0	-0.7700837613115271
-0.875	-0.765625	-7.749871310556373e-05	-0.7657024994896533	0.0	-0.7657024994896533
-0.8725	-0.7612562500000001	-7.748678338290276e-05	-0.7613337375664032	0.0	-0.7613337375664032
-0.87	-0.7569	-7.747475067011341e-05	-0.7569774755405823	0.0	-0.7569774755405823
-0.8675	-0.75255625	-7.746261377828053e-05	-0.7526337134109613	0.0	-0.7526337134109613
-0.865	-0.748225	-7.745037150128336e-05	-0.7483024511763028	0.0	-0.7483024511763028
-0.8625	-0.7439062500000001	-7.743802261549582e-05	-0.7439836888353596	0.0	-0.7439836888353596
-0.86	-0.7395999999999999	-7.742556587948072e-05	-0.7396774263868667	0.0	-0.7396774263868667
-0.8575	-0.73530625	-7.741300003367784e-05	-0.7353836638295481	0.0	-0.7353836638295481
-0.855	-0.7310249999999999	-7.740032380008542e-05	-0.7311024011621033	0.0	-0.7311024011621033
-0.8525	-0.7267562500000001	-7.738753588193522e-05	-0.7268336383832309	0.0	-0.7268336383832309
-0.85	-0.7224999999999999	-7.737463496336088e-05	-0.7225773754915928	0.0	-0.7225773754915928
-0.8475	-0.71825625	-7.736161970905944e-05	-0.7183336124858407	0.0	-0.7183336124858407
-0.845	-0.7140249999999999	-7.73484887639457e-05	-0.7141023493646171	0.0	-0.7141023493646171
-0.8425	-0.7098062500000001	-7.73352407527996e-05	-0.709883586126534	0.0	-0.709883586126534
-0.84	-0.7055999999999999	-7.732187427990607e-05	-0.7056773227701959	0.0	-0.7056773227701959
-0.8375	-0.70140625	-7.730838792868741e-05	-0.7014835592941764	0.0	-0.7014835592941764
-0.835	-0.697225	-7.7294780261328e-05	-0.6973022956970405	0.0	-0.6973022956970405
-0.8325	-0.69305625	-7.7281049818391e-05	-0.6931335319773155	0.0	-0.6931335319773155
-0.8300000000000001	-0.6889000000000001	-7.726719511842706e-05	-0.6889772681335221	0.0	-0.6889772681335221
-0.8275	-0.6847562500000001	-7.725321465757469e-05	-0.6848335041641591	0.0	-0.6848335041641591
-0.8250000000000001	-0.6806250000000001	-7.723910690915216e-05	-0.6807022400676939	0.0	-0.6807022400676939
-0.8225	-0.67650625	-7.722487032324063e-05	-0.676583475842578	0.0	-0.676583475842578
-0.8200000000000001	-0.6724000000000001	-7.721050332625858e-05	-0.672477211487239	0.0	-0.672477211487239
-0.8175	-0.66830625	-7.719600432052676e-05	-0.6683834470000841	0.0	-0.6683834470000841
-0.8150000000000001	-0.6642250000000001	-7.718137168382423e-05	-0.6643021823794883	0.0	-0.6643021823794883
-0.8125	-0.66015625	-7.716660376893436e-05	-0.6602334176238004	0.0	-0.6602334176238004
-0.81	-0.6561000000000001	-7.71516989031814e-05	-0.6561771527313567	0.0	-0.6561771527313567
-0.8075	-0.65205625	-7.71366553879568e-05	-0.6521333877004581	0.0	-0.6521333877004581
-0.805	-0.6480250000000001	-7.71214714982351e-05	-0.6481021225293835	0.0	-0.6481021225293835
-0.8025	-0.64400625	-7.710614548207959e-05	-0.6440833572163872	0.0	-0.6440833572163872
-0.8	-0.6400000000000001	-7.709067556013684e-05	-0.6400770917596844	0.0	-0.6400770917596844
-0.7975	-0.63600625	-7.707505992512017e-05	-0.6360833261574779	0.0	-0.6360833261574779
-0.795	-0.6320250000000001	-7.705929674128184e-05	-0.6321020604079329	0.0	-0.6321020604079329
-0.7925	-0.62805625	-7.704338414387354e-05	-0.6281332945091883	0.0	-0.6281332945091883
-0.79	-0.6241000000000001	-7.702732023859483e-05	-0.6241770284593535	0.0	-0.6241770284593535
-0.7875	-0.62015625	-7.701110310102933e-05	-0.6202332622565001	0.0	-0.6202332622565001
-0.785	-0.616225	-7.699473077606835e-05	-0.6163019958986903	0.0	-0.6163019958986903
-0.7825	-0.6123062499999999	-7.697820127732168e-05	-0.61238322938394	0.0	-0.61238322938394
-0.78	-0.6084	-7.696151258651497e-05	-0.6084769627102248	0.0	-0.6084769627102248
-0.7775	-0.6045062499999999	-7.694466265287364e-05	-0.6045831958755084	0.0	-0.6045831958755084
-0.775	-0.6006250000000001	-7.692764939249284e-05	-0.6007019288777042	0.0	-0.6007019288777042
-0.7725	-0.59675625	-7.69104706876931e-05	-0.5968331617147079	0.0	-0.5968331617147079
-0.77	-0.5929	-7.689312438636133e-05	-0.5929768943843623	0.0	-0.5929768943843623
-0.7675000000000001	-0.5890562500000001	-7.687560830127673e-05	-0.5891331268844857	0.0	-0.5891331268844857
-0.765	-0.585225	-7.68579202094213e-05	-0.5853018592128667	0.0	-0.5853018592128667
-0.7625000000000001	-0.5814062500000001	-7.68400578512745e-05	-0.5814830913672443	0.0	-0.5814830913672443
-0.76	-0.5776	-7.682201893009155e-05	-0.5776768233453307	0.0	-0.5776768233453307
-0.7575000000000001	-0.5738062500000001	-7.68038011111652e-05	-0.5738830551448023	0.0	-0.5738830551448023
-0.755	-0.570025	-7.678540202107019e-05	-0.5701017867632737	0.0	-0.5701017867632737
-0.7525000000000001	-0.5662562500000001	-7.676681924689022e-05	-0.566333018198354	0.0	-0.566333018198354
-0.75	-0.5625	-7.674805033542682e-05	-0.5625767494475868	0.0	-0.5625767494475868
-0.7475	-0.5587562500000001	-7.672909279238959e-05	-0.558832980508488	0.0	-0.558832980508488
-0.745	-0.555025	-7.670994408156762e-05	-0.5551017113785222	0.0	-0.5551017113785222
-0.7425	-0.5513062500000001	-7.669060162398097e-05	-0.5513829420551241	0.0	-0.5513829420551241
-0.74	-0.5476	-7.667106279701249e-05	-0.5476766725356751	0.0	-0.5476766725356751
-0.7375	-0.54390625	-7.665132493351862e-05	-0.5439829028175069	0.0	-0.5439829028175069
-0.735	-0.540225	-7.663138532091922e-05	-0.5403016328979187	0.0	-0.5403016328979187
-0.7325	-0.5365562500000001	-7.661124120026556e-05	-0.5366328627741607	0.0	-0.5366328627741607
-0.73	-0.5328999999999999	-7.659088976528583e-05	-0.5329765924434315	0.0	-0.5329765924434315
-0.7275	-0.5292562500000001	-7.657032816140789e-05	-0.5293328219028833	0.0	-0.5293328219028833
-0.725	-0.525625	-7.654955348475801e-05	-0.5257015511496124	0.0	-0.5257015511496124
-0.7225	-0.52200625	-7.652856278113576e-05	-0.5220827801806837	0.0	-0.5220827801806837
-0.72	-0.5184	-7.65073530449636e-05	-0.5184765089930901	0.0	-0.5184765089930901
-0.7175	-0.51480625	-7.648592121821096e-05	-0.5148827375837841	0.0	-0.5148827375837841
-0.715	-0.5112249999999999	-7.646426418929191e-05	-0.5113014659496643	0.0	-0.5113014659496643
-0.7125	-0.50765625	-7.644237879193572e-05	-0.5077326940875719	0.0	-0.5077326940875719
-0.71	-0.5041	-7.642026180402952e-05	-0.5041764219942896	0.0	-0.5041764219942896
-0.7075	-0.50055625	-7.639790994643222e-05	-0.5006326496665492	0.0	-0.5006326496665492
-0.705	-0.49702499999999994	-7.637531988175914e-05	-0.4971013771010183	0.0	-0.4971013771010183
-0.7025	-0.49350625000000004	-7.635248821313605e-05	-0.4935826042943131	0.0	-0.4935826042943131
-0.7000000000000001	-0.4900000000000001	-7.632941148292215e-05	-0.49007633124298083	0.0	-0.49007633124298083
-0.6975	-0.48650625000000003	-7.630608617140099e-05	-0.4865825579435146	0.0	-0.4865825579435146
-0.6950000000000001	-0.4830250000000001	-7.628250869543826e-05	-0.4831012843923412	0.0	-0.4831012843923412
-0.6925	-0.47955625	-7.625867540710573e-05	-0.4796325105858146	0.0	-0.4796325105858146
-0.6900000000000001	-0.4761000000000001	-7.623458259227002e-05	-0.4761762365202449	0.0	-0.4761762365202449
-0.6875	-0.47265625	-7.621022646914563e-05	-0.47273246219184595	0.0	-0.47273246219184595
-0.685	-0.46922500000000006	-7.618560318681083e-05	-0.4693011875967866	0.0	-0.4693011875967866
-0.6825	-0.46580625	-7.616070882368539e-05	-0.4658824127311498	0.0	-0.4658824127311498
-0.68	-0.4624000000000001	-7.613553938596909e-05	-0.4624761375909551	0.0	-0.4624761375909551
-0.6775	-0.45900625	-7.611009080603985e-05	-0.45908236217214526	0.0	-0.45908236217214526
-0.675	-0.45562500000000006	-7.608435894081034e-05	-0.45570108647059343	0.0	-0.45570108647059343
-0.6725	-0.45225624999999997	-7.605833957004153e-05	-0.4523323104820857	0.0	-0.4523323104820857
-0.67	-0.4489000000000001	-7.60320283946123e-05	-0.4489760342023351	0.0	-0.4489760342023351
-0.6675	-0.44555625	-7.600542103474357e-05	-0.4456322576269743	0.0	-0.4456322576269743
-0.665	-0.44222500000000003	-7.597851302817564e-05	-0.4423009807515564	0.0	-0.4423009807515564
-0.6625	-0.43890625	-7.595129982829716e-05	-0.4389822035715458	0.0	-0.4389822035715458
-0.66	-0.43560000000000004	-7.592377680222465e-05	-0.43567592608232286	0.0	-0.43567592608232286
-0.6575	-0.43230624999999995	-7.589593922883056e-05	-0.43238214827918114	0.0	-0.43238214827918114
-0.655	-0.42902500000000005	-7.586778229671879e-05	-0.42910087015731957	0.0	-0.42910087015731957
-0.6525	-0.42575624999999995	-7.583930110214568e-05	-0.4258320917118541	0.0	-0.4258320917118541
-0.65	-0.42250000000000004	-7.581049064688505e-05	-0.4225758129378012	0.0	-0.4225758129378012
-0.6475	-0.41925624999999994	-7.578134583603534e-05	-0.4193320338300755	0.0	-0.4193320338300755
-0.645	-0.41602500000000003	-7.575186147576727e-05	-0.4161007543835037	0.0	-0.4161007543835037
-0.6425	-0.41280624999999993	-7.572203227100998e-05	-0.41288197459280146	0.0	-0.41288197459280146
-0.64	-0.4096	-7.569185282307395e-05	-0.40967569445259117	0.0	-0.40967569445259117
-0.6375000000000001	-0.4064062500000001	-7.566131762720844e-05	-0.4064819139573867	0.0	-0.4064819139573867
-0.635	-0.403225	-7.563042107009164e-05	-0.40330063310158265	0.0	-0.40330063310158265
-0.6325000000000001	-0.40005625000000006	-7.559915742725128e-05	-0.4001318518794769	0.0	-0.4001318518794769
-0.63	-0.39690000000000003	-7.556752086041345e-05	-0.39697557028525104	0.0	-0.39697557028525104
-0.6275000000000001	-0.3937562500000001	-7.553550541477758e-05	-0.3938317883129732	0.0	-0.3938317883129732
-0.625	-0.390625	-7.550310501621495e-05	-0.39070050595658073	0.0	-0.39070050595658073
-0.6225	-0.38750625000000005	-7.547031346838835e-05	-0.3875817232099001	0.0	-0.3875817232099001
-0.62	-0.3844	-7.543712444979056e-05	-0.38447544006662726	0.0	-0.38447544006662726
-0.6175	-0.38130625000000007	-7.54035315106988e-05	-0.38138165652033507	0.0	-0.38138165652033507
-0.615	-0.378225	-7.536952807004245e-05	-0.3783003725644675	0.0	-0.3783003725644675
-0.6125	-0.3751562500000001	-7.533510741218144e-05	-0.37523158819231855	0.0	-0.37523158819231855
-0.61	-0.3721	-7.53002626835921e-05	-0.3721753033970763	0.0	-0.3721753033970763
-0.6075	-0.36905625000000003	-7.52649868894577e-05	-0.36913151817175355	0.0	-0.36913151817175355
-0.605	-0.366025	-7.522927289016051e-05	-0.3661002325092376	0.0	-0.3661002325092376
-0.6025	-0.36300625000000003	-7.519311339767188e-05	-0.36308144640226975	0.0	-0.36308144640226975
-0.6	-0.36	-7.515650097183743e-05	-0.36007515984342975	0.0	-0.36007515984342975
-0.5975	-0.35700625	-7.511942801655359e-05	-0.35708137282514807	0.0	-0.35708137282514807
-0.595	-0.354025	-7.508188677583189e-05	-0.3541000853396988	0.0	-0.3541000853396988
-0.5925	-0.35105625	-7.504386932974733e-05	-0.3511312973791831	0.0	-0.3511312973791831
-0.59	-0.34809999999999997	-7.500536759026708e-05	-0.34817500893554515	0.0	-0.34817500893554515
-0.5875	-0.34515625000000005	-7.496637329695535e-05	-0.34523122000055373	0.0	-0.34523122000055373
-0.585	-0.34222499999999995	-7.492687801255025e-05	-0.34229993056580116	0.0	-0.34229993056580116
-0.5825	-0.33930625000000003	-7.488687311840864e-05	-0.33938114062269475	0.0	-0.33938114062269475
-0.58	-0.3364	-7.484634980981415e-05	-0.33647485016246453	0.0	-0.33647485016246453
-0.5775	-0.33350625	-7.480529909114409e-05	-0.33358105917614855	0.0	-0.33358105917614855
-0.5750000000000001	-0.33062500000000006	-7.476371177089018e-05	-0.3306997676545829	0.0	-0.3306997676545829
-0.5725	-0.32775625	-7.472157845652855e-05	-0.3278309755884178	0.0	-0.3278309755884178
-0.5700000000000001	-0.3249000000000001	-7.467888954923353e-05	-0.3249746829680856	0.0	-0.3249746829680856
-0.5675	-0.32205625	-7.463563523843016e-05	-0.3221308897838066	0.0	-0.3221308897838066
-0.5650000000000001	-0.3192250000000001	-7.459180549617993e-05	-0.319299596025599	0.0	-0.319299596025599
-0.5625	-0.31640625	-7.454739007139404e-05	-0.3164808016832443	0.0	-0.3164808016832443
-0.56	-0.31360000000000005	-7.450237848386832e-05	-0.31367450674630476	0.0	-0.31367450674630476
-0.5575	-0.31080625	-7.445676001813391e-05	-0.31088071120410005	0.0	-0.31088071120410005
-0.555	-0.30802500000000005	-7.441052371711717e-05	-0.30809941504572075	0.0	-0.30809941504572075
-0.5525	-0.30525625	-7.43636583756027e-05	-0.3053306182600025	0.0	-0.3053306182600025
-0.55	-0.30250000000000005	-7.431615253349251e-05	-0.30257432083553176	0.0	-0.30257432083553176
-0.5475	-0.29975625	-7.426799446885455e-05	-0.2998305227606297	0.0	-0.2998305227606297
-0.545	-0.29702500000000004	-7.421917219075366e-05	-0.29709922402335326	0.0	-0.29709922402335326
-0.5425	-0.29430625	-7.416967343185709e-05	-0.2943804246114846	0.0	-0.2943804246114846
-0.54	-0.2916	-7.411948564080781e-05	-0.29167412451251973	0.0	-0.29167412451251973
-0.5375	-0.28890625	-7.406859597435697e-05	-0.2889803237136719	0.0	-0.2889803237136719
-0.535	-0.286225	-7.40169912892481e-05	-0.28629902220184944	0.0	-0.28629902220184944
-0.5325	-0.28355624999999995	-7.396465813384443e-05	-0.28363021996365184	0.0	-0.28363021996365184
-0.53	-0.28090000000000004	-7.391158273949105e-05	-0.28097391698537305	0.0	-0.28097391698537305
-0.5275	-0.27825625	-7.385775101160289e-05	-0.27833011325296686	0.0	-0.27833011325296686
-0.525	-0.275625	-7.380314852046986e-05	-0.2756988087520743	0.0	-0.2756988087520743
-0.5225	-0.27300624999999995	-7.37477604917696e-05	-0.2730800034679797	0.0	-0.2730800034679797
-0.52	-0.27040000000000003	-7.369157179677872e-05	-0.27047369738561844	0.0	-0.27047369738561844
-0.5175	-0.26780624999999997	-7.363456694227247e-05	-0.2678798904895614	0.0	-0.2678798904895614
-0.515	-0.265225	-7.357673006010346e-05	-0.2652985827640114	0.0	-0.2652985827640114
-0.5125	-0.26265625	-7.351804489644851e-05	-0.26272977419278304	0.0	-0.26272977419278304
-0.51	-0.2601	-7.345849480071428e-05	-0.2601734647592994	0.0	-0.2601734647592994
-0.5075000000000001	-0.25755625000000004	-7.339806271409023e-05	-0.2576296544465764	0.0	-0.2576296544465764
-0.505	-0.255025	-7.333673115773892e-05	-0.25509834323721364	0.0	-0.25509834323721364
-0.5025000000000001	-0.25250625000000004	-7.327448222061225e-05	-0.25257953111337833	0.0	-0.25257953111337833
-0.5	-0.25	-7.321129754688279e-05	-0.25007321805679766	0.0	-0.25007321805679766
-0.4975	-0.24750625	-7.314715832297914e-05	-0.2475794040487466	0.0	-0.2475794040487466
-0.495	-0.245025	-7.308204526421383e-05	-0.24509808907002392	0.0	-0.24509808907002392
-0.4925	-0.24255625	-7.301593860099247e-05	-0.24262927310095458	0.0	-0.24262927310095458
-0.49	-0.24009999999999998	-7.294881806459266e-05	-0.24017295612136205	0.0	-0.24017295612136205
-0.4875	-0.23765624999999999	-7.288066287250143e-05	-0.2377291381105619	0.0	-0.2377291381105619
-0.485	-0.235225	-7.281145171329924e-05	-0.23529781904734162	0.0	-0.23529781904734162
-0.4825	-0.23280625	-7.274116273107976e-05	-0.23287899890995162	0.0	-0.23287899890995162
-0.48	-0.2304	-7.266977350939374e-05	-0.23047267767608015	0.0	-0.23047267767608015
-0.47750000000000004	-0.22800625000000002	-7.259726105470574e-05	-0.22807885532284897	0.0	-0.22807885532284897
-0.47500000000000003	-0.22562500000000002	-7.252360177935318e-05	-0.22569753182678154	0.0	-0.22569753182678154
-0.47250000000000003	-0.22325625000000002	-7.24487714839965e-05	-0.22332870716380088	0.0	-0.22332870716380088
-0.47000000000000003	-0.22090000000000004	-7.237274533955054e-05	-0.22097238130919497	0.0	-0.22097238130919497
-0.4675	-0.21855625000000004	-7.229549786858657e-05	-0.21862855423762	0.0	-0.21862855423762
-0.465	-0.21622500000000003	-7.221700292619624e-05	-0.21629722592305903	0.0	-0.21629722592305903
-0.4625	-0.21390625000000002	-7.213723368030773e-05	-0.2139783963388171	0.0	-0.2139783963388171
-0.46	-0.2116	-7.20561625914464e-05	-0.2116720654574965	0.0	-0.2116720654574965
-0.4575	-0.20930625000000003	-7.197376139193198e-05	-0.20937823325097515	0.0	-0.20937823325097515
-0.455	-0.20702500000000001	-7.189000106450602e-05	-0.20709689969038578	0.0	-0.20709689969038578
-0.4525	-0.20475625	-7.180485182038355e-05	-0.20482806474609813	0.0	-0.20482806474609813
-0.45	-0.2025	-7.171828307672452e-05	-0.20257172838768908	0.0	-0.20257172838768908
-0.4475	-0.20025625	-7.163026343352169e-05	-0.200327890583929	0.0	-0.200327890583929
-0.445	-0.198025	-7.154076064990284e-05	-0.19809655130275058	0.0	-0.19809655130275058
-0.4425	-0.19580625000000002	-7.144974161984693e-05	-0.1958777105112256	0.0	-0.1958777105112256
-0.44	-0.1936	-7.135717234731543e-05	-0.19367136817554775	0.0	-0.19367136817554775
-0.4375	-0.19140625	-7.126301792080183e-05	-0.1914775242609996	0.0	-0.1914775242609996
-0.435	-0.189225	-7.116724248730442e-05	-0.18929617873192606	0.0	-0.18929617873192606
-0.4325	-0.18705625	-7.10698092257299e-05	-0.18712733155171576	0.0	-0.18712733155171576
-0.43	-0.18489999999999998	-7.097068031973721e-05	-0.18497098268276765	0.0	-0.18497098268276765
-0.4275	-0.18275624999999998	-7.086981693003436e-05	-0.18282713208646825	0.0	-0.18282713208646825
-0.425	-0.18062499999999998	-7.076717916614333e-05	-0.1806957797231567	0.0	-0.1806957797231567
-0.4225	-0.17850624999999998	-7.06627260576514e-05	-0.17857692555210566	0.0	-0.17857692555210566
-0.42	-0.17639999999999997	-7.055641552497087e-05	-0.17647056953148385	0.0	-0.17647056953148385
-0.4175	-0.17430625	-7.044820434963208e-05	-0.17437671161833315	0.0	-0.17437671161833315
-0.41500000000000004	-0.17222500000000002	-7.033804814413933e-05	-0.17229535176853508	0.0	-0.17229535176853508
-0.41250000000000003	-0.17015625000000004	-7.022590132142263e-05	-0.17022648993678308	0.0	-0.17022648993678308
-0.41000000000000003	-0.16810000000000003	-7.011171706392336e-05	-0.16817012607654858	0.0	-0.16817012607654858
-0.40750000000000003	-0.16605625000000002	-6.999544729235597e-05	-0.16612626014005544	0.0	-0.16612626014005544
-0.405	-0.16402500000000003	-6.987704263419325e-05	-0.16409489207824648	0.0	-0.16409489207824648
-0.4025	-0.16200625000000002	-6.975645239192813e-05	-0.16207602184074354	0.0	-0.16207602184074354
-0.4	-0.16000000000000003	-6.963362451117005e-05	-0.1600696493758338	0.0	-0.1600696493758338
-0.3975	-0.15800625000000001	-6.950850554864047e-05	-0.1580757746304262	0.0	-0.1580757746304262
-0.395	-0.15602500000000002	-6.93810406401382e-05	-0.15609439755001958	0.0	-0.15609439755001958
-0.3925	-0.15405625	-6.925117346855153e-05	-0.15412551807867744	0.0	-0.15412551807867744
-0.39	-0.1521	-6.911884623200134e-05	-0.15216913615899413	0.0	-0.15216913615899413
-0.3875	-0.15015625000000002	-6.898399961220708e-05	-0.15022525173206033	0.0	-0.15022525173206033
-0.385	-0.148225	-6.884657274317388e-05	-0.14829386473743678	0.0	-0.14829386473743678
-0.3825	-0.14630625	-6.870650318030825e-05	-0.1463749751131242	0.0	-0.1463749751131242
-0.38	-0.1444	-6.85637268700776e-05	-0.1444685827955321	0.0	-0.1444685827955321
-0.3775	-0.14250625	-6.841817812033666e-05	-0.142574687719446	0.0	-0.142574687719446
-0.375	-0.140625	-6.826978957145438e-05	-0.14069328981800927	0.0	-0.14069328981800927
-0.3725	-0.13875625	-6.81184921683822e-05	-0.1388243890226895	0.0	-0.1388243890226895
-0.37	-0.1369	-6.796421513381529e-05	-0.13696798526324758	0.0	-0.13696798526324758
-0.3675	-0.13505625	-6.780688594260752e-05	-0.13512407846772645	0.0	-0.13512407846772645
-0.365	-0.13322499999999998	-6.764643029761099e-05	-0.13329266856241737	0.0	-0.13329266856241737
-0.3625	-0.13140625	-6.748277210712103e-05	-0.13147375547184184	0.0	-0.13147375547184184
-0.36	-0.1296	-6.73158334641179e-05	-0.12966733911873177	0.0	-0.12966733911873177
-0.3575	-0.12780624999999998	-6.714553462750708e-05	-0.12787341942401068	0.0	-0.12787341942401068
-0.355	-0.126025	-6.697179400557035e-05	-0.12609199630678075	0.0	-0.12609199630678075
-0.3525	-0.12425624999999998	-6.679452814185075e-05	-0.12432306968431012	0.0	-0.12432306968431012
-0.35000000000000003	-0.12250000000000003	-6.661365170370547e-05	-0.12256663947202033	0.0	-0.12256663947202033
-0.34750000000000003	-0.12075625000000002	-6.642907747377076e-05	-0.12082270558347866	0.0	-0.12082270558347866
-0.34500000000000003	-0.11902500000000002	-6.624071634459451e-05	-0.11909126793039967	0.0	-0.11909126793039967
-0.3425	-0.11730625000000001	-6.60484773167019e-05	-0.11737232642263873	0.0	-0.11737232642263873
-0.34	-0.11560000000000002	-6.585226750037066e-05	-0.1156658809682002	0.0	-0.1156658809682002
-0.3375	-0.11390625000000001	-6.5651992121402e-05	-0.11397193147323938	0.0	-0.11397193147323938
-0.335	-0.11222500000000002	-6.54475545311836e-05	-0.1122904778420824	0.0	-0.1122904778420824
-0.3325	-0.11055625000000001	-6.523885622135044e-05	-0.1106215199772349	0.0	-0.1106215199772349
-0.33	-0.10890000000000001	-6.502579684335808e-05	-0.10896505777940822	0.0	-0.10896505777940822
-0.3275	-0.10725625000000001	-6.480827423329194e-05	-0.10732109114754589	0.0	-0.10732109114754589
-0.325	-0.10562500000000001	-6.458618444224381e-05	-0.10568961997885411	0.0	-0.10568961997885411
-0.3225	-0.10400625000000001	-6.43594217725941e-05	-0.10407064416884275	0.0	-0.10407064416884275
-0.32	-0.1024	-6.412787882054485e-05	-0.10246416361137001	0.0	-0.10246416361137001
-0.3175	-0.10080625	-6.389144652525404e-05	-0.10087017819869262	0.0	-0.10087017819869262
-0.315	-0.09922500000000001	-6.365001422492651e-05	-0.09928868782152761	0.0	-0.09928868782152761
-0.3125	-0.09765625	-6.340346972022003e-05	-0.0977196923691123	0.0	-0.0977196923691123
-0.31	-0.0961	-6.31516993453279e-05	-0.09616319172929001	0.0	-0.09616319172929001
-0.3075	-0.09455625	-6.289458804710008e-05	-0.0946191857885783	0.0	-0.0946191857885783
-0.305	-0.093025	-6.263201947256484e-05	-0.09308767443227166	0.0	-0.09308767443227166
-0.3025	-0.09150625	-6.236387606521092e-05	-0.09156865754453355	0.0	-0.09156865754453355
-0.3	-0.09	-6.20900391703873e-05	-0.09006213500851046	0.0	-0.09006213500851046
-0.2975	-0.08850625	-6.181038915017192e-05	-0.0885681067064456	0.0	-0.0885681067064456
-0.295	-0.08702499999999999	-6.152480550805437e-05	-0.08708657251981468	0.0	-0.08708657251981468
-0.2925	-0.08555624999999999	-6.123316702376861e-05	-0.0856175323294588	0.0	-0.0856175323294588
-0.29	-0.0841	-6.093535189860088e-05	-0.0841609860157362	0.0	-0.0841609860157362
-0.28750000000000003	-0.08265625000000001	-6.063123791148536e-05	-0.0827169334586839	0.0	-0.0827169334586839
-0.28500000000000003	-0.08122500000000002	-6.032070258618469e-05	-0.08128537453818914	0.0	-0.08128537453818914
-0.28250000000000003	-0.07980625000000002	-6.0003623369835556e-05	-0.07986630913417252	0.0	-0.07986630913417252
-0.28	-0.07840000000000001	-5.967987782311933e-05	-0.07845973712678485	0.0	-0.07845973712678485
-0.2775	-0.07700625000000001	-5.934934382229598e-05	-0.07706565839661561	0.0	-0.07706565839661561
-0.275	-0.07562500000000001	-5.901189977331459e-05	-0.0756840728249083	0.0	-0.0756840728249083
-0.2725	-0.07425625000000001	-5.866742483818664e-05	-0.07431498029379835	0.0	-0.07431498029379835
-0.27	-0.0729	-5.831579917377828e-05	-0.07295838068655595	0.0	-0.07295838068655595
-0.2675	-0.07155625	-5.795690418314534e-05	-0.07161427388784428	0.0	-0.07161427388784428
-0.265	-0.07022500000000001	-5.7590622779499834e-05	-0.07028265978398995	0.0	-0.07028265978398995
-0.2625	-0.06890625	-5.721683966285819e-05	-0.06896353826326762	0.0	-0.06896353826326762
-0.26	-0.06760000000000001	-5.6835441609381666e-05	-0.06765690921619716	0.0	-0.06765690921619716
-0.2575	-0.06630625	-5.6446317773375316e-05	-0.06636277253585152	0.0	-0.06636277253585152
-0.255	-0.065025	-5.6049360001866715e-05	-0.06508112811818426	0.0	-0.06508112811818426
-0.2525	-0.06375625	-5.564446316163601e-05	-0.0638119758623568	0.0	-0.0638119758623568
-0.25	-0.0625	-5.523152547851895e-05	-0.06255531567109292	0.0	-0.06255531567109292
-0.2475	-0.06125625	-5.481044888875007e-05	-0.06131114745103631	0.0	-0.06131114745103631
-0.245	-0.060024999999999995	-5.4381139402057436e-05	-0.060079471113122146	0.0	-0.060079471113122146
-0.2425	-0.05880625	-5.394350747616214e-05	-0.05886028657296149	0.0	-0.05886028657296149
-0.24	-0.0576	-5.3497468402275496e-05	-0.05765359375123376	0.0	-0.05765359375123376
-0.23750000000000002	-0.056406250000000005	-5.304294270112413e-05	-0.05645939257409416	0.0	-0.05645939257409416
-0.23500000000000001	-0.05522500000000001	-5.257985652896934e-05	-0.055277682973584895	0.0	-0.055277682973584895
-0.2325	-0.05405625000000001	-5.210814209302114e-05	-0.05410846488806172	0.0	-0.05410846488806172
-0.23	-0.0529	-5.162773807558028e-05	-0.05295173826262512	0.0	-0.05295173826262512
-0.2275	-0.051756250000000004	-5.11385900661732e-05	-0.05180750304955746	0.0	-0.05180750304955746
-0.225	-0.050625	-5.064065100087574e-05	-0.050675759208769294	0.0	-0.050675759208769294
-0.2225	-0.04950625	-5.013388160795128e-05	-0.04955650670825222	0.0	-0.04955650670825222
-0.22	-0.0484	-4.961825085885935e-05	-0.048449745524527556	0.0	-0.048449745524527556
-0.2175	-0.04730625	-4.909373642362009e-05	-0.047355475643108956	0.0	-0.047355475643108956
-0.215	-0.046224999999999995	-4.856032512945e-05	-0.04627369705895333	0.0	-0.04627369705895333
-0.2125	-0.045156249999999995	-4.801801342151593e-05	-0.04520440977692089	0.0	-0.04520440977692089
-0.21	-0.04409999999999999	-4.7466807824585216e-05	-0.04414761381222557	0.0	-0.04414761381222557
-0.20750000000000002	-0.043056250000000004	-4.6906725404283585e-05	-0.043103309190883	0.0	-0.043103309190883
-0.20500000000000002	-0.04202500000000001	-4.6337794226607496e-05	-0.04207149595015044	0.0	-0.04207149595015044
-0.2025	-0.04100625000000001	-4.5760053814274586e-05	-0.0410521741389546	0.0	-0.0410521741389546
-0.2	-0.04000000000000001	-4.5173555598435995e-05	-0.04004534381830956	0.0	-0.04004534381830956
-0.1975	-0.039006250000000006	-4.457836336421699e-05	-0.03905100506171472	0.0	-0.03905100506171472
-0.195	-0.038025	-4.3974553688498956e-05	-0.03806915795553304	0.0	-0.03806915795553304
-0.1925	-0.03705625	-4.3362216368305646e-05	-0.03709980259934717	0.0	-0.03709980259934717
-0.19	-0.0361	-4.27414548381117e-05	-0.03614293910628575	0.0	-0.03614293910628575
-0.1875	-0.03515625	-4.211238657435004e-05	-0.03519856760331517	0.0	-0.03519856760331517
-0.185	-0.034225	-4.147514348535984e-05	-0.0342666882314928	0.0	-0.0342666882314928
-0.1825	-0.033306249999999996	-4.0829872284986495e-05	-0.03334730114617829	0.0	-0.03334730114617829
-0.18	-0.0324	-4.017673484802096e-05	-0.03244040651718709	0.0	-0.03244040651718709
-0.1775	-0.03150625	-3.951590854564853e-05	-0.03154600452889136	0.0	-0.03154600452889136
-0.17500000000000002	-0.030625000000000006	-3.884758655906592e-05	-0.030664095380250448	0.0	-0.030664095380250448
-0.17250000000000001	-0.029756250000000005	-3.817197816942214e-05	-0.029794679284765486	0.0	-0.029794679284765486
-0.17	-0.028900000000000006	-3.748930902224205e-05	-0.028937756470350712	0.0	-0.028937756470350712
-0.1675	-0.028056250000000005	-3.679982136450305e-05	-0.028093327179107123	0.0	-0.028093327179107123
-0.165	-0.027225000000000003	-3.610377425255503e-05	-0.027261391666988054	0.0	-0.027261391666988054
-0.1625	-0.026406250000000003	-3.5401443729101106e-05	-0.026441950203348892	0.0	-0.026441950203348892
-0.16	-0.0256	-3.469312296749336e-05	-0.025635003070360173	0.0	-0.025635003070360173
-0.1575	-0.024806250000000002	-3.3979122381642534e-05	-0.024840550562279715	0.0	-0.024840550562279715
-0.155	-0.024025	-3.325976969989448e-05	-0.02405859298456411	0.0	-0.02405859298456411
-0.1525	-0.02325625	-3.253541000128899e-05	-0.023289130652806946	0.0	-0.023289130652806946
-0.15	-0.0225	-3.180640571268821e-05	-0.02253216389149517	0.0	-0.02253216389149517
-0.1475	-0.021756249999999998	-3.107313656534273e-05	-0.02178769303256638	0.0	-0.02178769303256638
-0.145	-0.021025	-3.033599950955297e-05	-0.021055718413762255	0.0	-0.021055718413762255
-0.14250000000000002	-0.020306250000000005	-2.9595408586182144e-05	-0.0203362403767678	0.0	-0.0203362403767678
-0.14	-0.019600000000000003	-2.885179475388433e-05	-0.019629259265136378	0.0	-0.019629259265136378
-0.1375	-0.018906250000000003	-2.810560567102715e-05	-0.018934775422003693	0.0	-0.018934775422003693
-0.135	-0.018225	-2.7357305431412427e-05	-0.018252789187601603	0.0	-0.018252789187601603
-0.1325	-0.017556250000000002	-2.6607374253030796e-05	-0.017583300896592716	0.0	-0.017583300896592716
-0.13	-0.016900000000000002	-2.5856308119225634e-05	-0.01692631087525713	0.0	-0.01692631087525713
-0.1275	-0.01625625	-2.510461837178918e-05	-0.01628181943858098	0.0	-0.01628181943858098
-0.125	-0.015625	-2.4352831255667388e-05	-0.01564982688731081	0.0	-0.01564982688731081
-0.1225	-0.015006249999999999	-2.3601487415110307e-05	-0.015030333505058488	0.0	-0.015030333505058488
-0.12	-0.0144	-2.2851141341271015e-05	-0.014423339555567164	0.0	-0.014423339555567164
-0.11750000000000001	-0.013806250000000003	-2.2102360771426997e-05	-0.013828845280271774	0.0	-0.013828845280271774
-0.115	-0.013225	-2.1355726040173455e-05	-0.013246850896320397	0.0	-0.013246850896320397
-0.1125	-0.01265625	-2.0611829383118068e-05	-0.012677356595251838	0.0	-0.012677356595251838
-0.11	-0.0121	-1.9871274193788144e-05	-0.012120362542553874	0.0	-0.012120362542553874
-0.1075	-0.011556249999999999	-1.913467423464738e-05	-0.01157586887836275	0.0	-0.01157586887836275
-0.105	-0.011024999999999998	-1.8402652803304168e-05	-0.01104387571958853	0.0	-0.01104387571958853
-0.10250000000000001	-0.010506250000000002	-1.767584185518175e-05	-0.010524383163776524	0.0	-0.010524383163776524
-0.1	-0.010000000000000002	-1.6954881084106232e-05	-0.01001739129502754	0.0	-0.01001739129502754
-0.0975	-0.00950625	-1.624041696245477e-05	-0.009522900192305015	0.0	-0.009522900192305015
-0.095	-0.009025	-1.553310174268926e-05	-0.009040909940440042	0.0	-0.009040909940440042
-0.0925	-0.00855625	-1.4833592422282294e-05	-0.008571420644113184	0.0	-0.008571420644113184
-0.09	-0.0081	-1.414254967421803e-05	-0.008114432445028453	0.0	-0.008114432445028453
-0.08750000000000001	-0.007656250000000002	-1.3460636745423784e-05	-0.007669945542403552	0.0	-0.007669945542403552
-0.085	-0.007225000000000001	-1.2788518325652834e-05	-0.007237960216771095	0.0	-0.007237960216771095
-0.0825	-0.006806250000000001	-1.2126859389501098e-05	-0.006818476856919845	0.0	-0.006818476856919845
-0.08	-0.0064	-1.1476324014389148e-05	-0.00641149598959368	0.0	-0.00641149598959368
-0.0775	-0.00600625	-1.083757417748841e-05	-0.006017018311318108	0.0	-0.006017018311318108
-0.075	-0.005625	-1.0211268534701538e-05	-0.005635044721433193	0.0	-0.005635044721433193
-0.0725	-0.00525625	-9.598061184933712e-06	-0.0052655763550915734	0.0	-0.0052655763550915734
-0.07	-0.004900000000000001	-8.998600423003626e-06	-0.004908614614636849	0.0	-0.004908614614636849
-0.0675	-0.00455625	-8.413527484645153e-06	-0.004564161197427734	0.0	-0.004564161197427734
-0.065	-0.0042250000000000005	-7.843475287140807e-06	-0.004232218117837911	0.0	-0.004232218117837911
-0.0625	-0.00390625	-7.289067169203006e-06	-0.003912787720864435	0.0	-0.003912787720864435
-0.06	-0.0036	-6.750915633783927e-06	-0.0036058726845529126	0.0	-0.0036058726845529126
-0.0575	-0.00330625	-6.229621097541844e-06	-0.0033114760083295257	0.0	-0.0033114760083295257
-0.055	-0.003025	-5.725770650727783e-06	-0.0030296009843598236	0.0	-0.0030296009843598236
-0.0525	-0.0027562499999999996	-5.2399368312732595e-06	-0.002760251149278956	0.0	-0.002760251149278956
-0.05	-0.0025000000000000005	-4.772676416866986e-06	-0.0025034302140983433	0.0	-0.0025034302140983433
-0.0475	-0.00225625	-4.32452923879445e-06	-0.002259141970840736	0.0	-0.002259141970840736
-0.045	-0.002025	-3.896017021286918e-06	-0.002027390175523868	0.0	-0.002027390175523868
-0.0425	-0.0018062500000000003	-3.487642250086902e-06	-0.0018081784085341225	0.0	-0.0018081784085341225
-0.04	-0.0016	-3.099887073872848e-06	-0.0016015099152133614	0.0	-0.0016015099152133614
-0.0375	-0.00140625	-2.733212242118921e-06	-0.0014073874316056548	0.0	-0.0014073874316056548
-0.035	-0.0012250000000000002	-2.3880560828666924e-06	-0.0012258130027093957	0.0	-0.0012258130027093957
-0.0325	-0.0010562500000000001	-2.0648335237891114e-06	-0.0010567878031284691	0.0	-0.0010567878031284691
-0.03	-0.0009	-1.763935159802485e-06	-0.0009003119725081389	0.0	-0.0009003119725081389
-0.0275	-0.00075625	-1.4857263703486197e-06	-0.0007563844802782463	0.0	-0.0007563844802782463
-0.025	-0.0006250000000000001	-1.2305464893214853e-06	-0.0006250030356102284	0.0	-0.0006250030356102284
-0.0225	-0.00050625	-9.987080304470902e-07	-0.0005061640586485715	0.0	-0.0005061640586485715
-0.02	-0.0004	-7.90495970762889e-07	-0.0003998627274878769	0.0	-0.0003998627274878769
-0.0175	-0.00030625000000000004	-6.06167094635568e-07	-0.00030609311158248415	0.0	-0.00030609311158248415
-0.015	-0.000225	-4.459494005806808e-07	-0.00022484839603083165	0.0	-0.00022484839603083165
-0.0125	-0.00015625000000000003	-3.1004157292069403e-07	-0.00015612119256686843	0.0	-0.00015612119256686843
-0.01	-0.0001	-1.9861252011921238e-07	-9.990392271267712e-05	0.0	-9.990392271267712e-05
-0.0075	-5.625e-05	-1.118009813838583e-07	-5.618924758673814e-05	0.0	-5.618924758673814e-05
-0.005	-2.5e-05	-4.971520288776788e-08	-2.49705090420872e-05	0.0	-2.49705090420872e-05
-0.0025	-6.25e-06	-1.243268483719362e-08	-6.242140966770067e-06	0.0	-6.242140966770067e-06
0.0025	6.25e-06	1.243268483719362e-08	6.242140966787327e-06	0.0	6.242140966787327e-06
0.005	2.5e-05	4.971520288776788e-08	2.4970509042105536e-05	0.0	2.4970509042105536e-05
0.0075	5.625e-05	1.118009813838583e-07	5.618924758670457e-05	0.0	5.618924758670457e-05
0.01	0.0001	1.9861252011921238e-07	9.990392271267727e-05	0.0	9.990392271267727e-05
0.0125	0.00015625000000000003	3.1004157292069403e-07	0.00015612119256681731	0.0	0.00015612119256681731
0.015	0.000225	4.459494005806808e-07	0.000224848396030803	0.0	0.000224848396030803
0.0175	0.00030625000000000004	6.06167094635568e-07	0.00030609311158248675	0.0	0.00030609311158248675
0.02	0.0004	7.90495970762889e-07	0.00039986272748790077	0.0	0.00039986272748790077
0.0225	0.00050625	9.987080304470902e-07	0.0005061640586485216	0.0	0.0005061640586485216
0.025	0.0006250000000000001	1.2305464893214853e-06	0.0006250030356102179	0.0	0.0006250030356102179
0.0275	0.00075625	1.4857263703486197e-06	0.0007563844802782574	0.0	0.0007563844802782574
0.03	0.0009	1.763935159802485e-06	0.0009003119725081278	0.0	0.0009003119725081278
0.0325	0.0010562500000000001	2.0648335237891114e-06	0.0010567878031284659	0.0	0.0010567878031284659
0.035	0.0012250000000000002	2.3880560828666924e-06	0.0012258130027093836	0.0	0.0012258130027093836
0.0375	0.00140625	2.733212242118921e-06	0.0014073874316056193	0.0	0.0014073874316056193
0.04	0.0016	3.099887073872848e-06	0.0016015099152133065	0.0	0.0016015099152133065
0.0425	0.0018062500000000003	3.487642250086902e-06	0.0018081784085341092	0.0	0.0018081784085341092
0.045	0.002025	3.896017021286918e-06	0.002027390175523854	0.0	0.002027390175523854
0.0475	0.00225625	4.32452923879445e-06	0.0022591419708407074	0.0	0.0022591419708407074
0.05	0.0025000000000000005	4.772676416866986e-06	0.0025034302140982956	0.0	0.0025034302140982956
0.0525	0.0027562499999999996	5.2399368312732595e-06	0.0027602511492789486	0.0	0.0027602511492789486
0.055	0.003025	5.725770650727783e-06	0.0030296009843597594	0.0	0.0030296009843597594
0.0575	0.00330625	6.229621097541844e-06	0.0033114760083294862	0.0	0.0033114760083294862
0.06	0.0036	6.750915633783927e-06	0.0036058726845529104	0.0	0.0036058726845529104
0.0625	0.00390625	7.289067169203006e-06	0.003912787720864429	0.0	0.003912787720864429
0.065	0.0042250000000000005	7.843475287140807e-06	0.004232218117837925	0.0	0.004232218117837925
0.0675	0.00455625	8.413527484645153e-06	0.004564161197427738	0.0	0.004564161197427738
0.07	0.004900000000000001	8.998600423003626e-06	0.004908614614636843	0.0	0.004908614614636843
0.0725	0.00525625	9.598061184933712e-06	0.005265576355091661	0.0	0.005265576355091661
0.075	0.005625	1.0211268534701538e-05	0.005635044721433231	0.0	0.005635044721433231
0.0775	0.00600625	1.083757417748841e-05	0.006017018311318096	0.0	0.006017018311318096
0.08	0.0064	1.1476324014389148e-05	0.006411495989593651	0.0	0.006411495989593651
0.0825	0.006806250000000001	1.2126859389501098e-05	0.006818476856919827	0.0	0.006818476856919827
0.085	0.007225000000000001	1.2788518325652834e-05	0.007237960216771115	0.0	0.007237960216771115
0.08750000000000001	0.007656250000000002	1.3460636745423784e-05	0.007669945542403522	0.0	0.007669945542403522
0.09	0.0081	1.414254967421803e-05	0.008114432445028463	0.0	0.008114432445028463
0.0925	0.00855625	1.4833592422282294e-05	0.008571420644113113	0.0	0.008571420644113113
0.095	0.009025	1.553310174268926e-05	0.009040909940440045	0.0	0.009040909940440045
0.0975	0.00950625	1.624041696245477e-05	0.009522900192305048	0.0	0.009522900192305048
0.1	0.010000000000000002	1.6954881084106232e-05	0.010017391295027543	0.0	0.010017391295027543
0.10250000000000001	0.010506250000000002	1.767584185518175e-05	0.010524383163776449	0.0	0.010524383163776449
0.105	0.011024999999999998	1.8402652803304168e-05	0.011043875719588515	0.0	0.011043875719588515
0.1075	0.011556249999999999	1.913467423464738e-05	0.011575868878362733	0.0	0.011575868878362733
0.11	0.0121	1.9871274193788144e-05	0.01212036254255396	0.0	0.01212036254255396
0.1125	0.01265625	2.0611829383118068e-05	0.012677356595251798	0.0	0.012677356595251798
0.115	0.013225	2.1355726040173455e-05	0.013246850896320337	0.0	0.013246850896320337
0.11750000000000001	0.013806250000000003	2.2102360771426997e-05	0.013828845280271614	0.0	0.013828845280271614
0.12	0.0144	2.2851141341271015e-05	0.014423339555567176	0.0	0.014423339555567176
0.1225	0.015006249999999999	2.3601487415110307e-05	0.015030333505058542	0.0	0.015030333505058542
0.125	0.015625	2.4352831255667388e-05	0.015649826887310696	0.0	0.015649826887310696
0.1275	0.01625625	2.510461837178918e-05	0.016281819438580973	0.0	0.016281819438580973
0.13	0.016900000000000002	2.5856308119225634e-05	0.016926310875257207	0.0	0.016926310875257207
0.1325	0.017556250000000002	2.6607374253030796e-05	0.017583300896592786	0.0	0.017583300896592786
0.135	0.018225	2.7357305431412427e-05	0.018252789187601672	0.0	0.018252789187601672
0.1375	0.018906250000000003	2.810560567102715e-05	0.01893477542200354	0.0	0.01893477542200354
0.14	0.019600000000000003	2.885179475388433e-05	0.019629259265136197	0.0	0.019629259265136197
0.14250000000000002	0.020306250000000005	2.9595408586182144e-05	0.02033624037676783	0.0	0.02033624037676783
0.145	0.021025	3.033599950955297e-05	0.02105571841376223	0.0	0.02105571841376223
0.1475	0.021756249999999998	3.107313656534273e-05	0.021787693032566398	0.0	0.021787693032566398
0.15	0.0225	3.180640571268821e-05	0.02253216389149515	0.0	0.02253216389149515
0.1525	0.02325625	3.253541000128899e-05	0.023289130652807	0.0	0.023289130652807
0.155	0.024025	3.325976969989448e-05	0.02405859298456398	0.0	0.02405859298456398
0.1575	0.024806250000000002	3.3979122381642534e-05	0.024840550562279805	0.0	0.024840550562279805
0.16	0.0256	3.469312296749336e-05	0.02563500307036011	0.0	0.02563500307036011
0.1625	0.026406250000000003	3.5401443729101106e-05	0.026441950203348677	0.0	0.026441950203348677
0.165	0.027225000000000003	3.610377425255503e-05	0.027261391666988172	0.0	0.027261391666988172
0.1675	0.028056250000000005	3.679982136450305e-05	0.028093327179106998	0.0	0.028093327179106998
0.17	0.028900000000000006	3.748930902224205e-05	0.02893775647035076	0.0	0.02893775647035076
0.17250000000000001	0.029756250000000005	3.817197816942214e-05	0.02979467928476539	0.0	0.02979467928476539
0.17500000000000002	0.030625000000000006	3.884758655906592e-05	0.030664095380250226	0.0	0.030664095380250226
0.1775	0.03150625	3.951590854564853e-05	0.0315460045288914	0.0	0.0315460045288914
0.18	0.0324	4.017673484802096e-05	0.032440406517187145	0.0	0.032440406517187145
0.1825	0.033306249999999996	4.0829872284986495e-05	0.03334730114617837	0.0	0.03334730114617837
0.185	0.034225	4.147514348535984e-05	0.034266688231493134	0.0	0.034266688231493134
0.1875	0.03515625	4.211238657435004e-05	0.03519856760331498	0.0	0.03519856760331498
0.19	0.0361	4.27414548381117e-05	0.03614293910628587	0.0	0.03614293910628587
0.1925	0.03705625	4.3362216368305646e-05	0.03709980259934718	0.0	0.03709980259934718
0.195	0.038025	4.3974553688498956e-05	0.03806915795553279	0.0	0.03806915795553279
0.1975	0.039006250000000006	4.457836336421699e-05	0.03905100506171473	0.0	0.03905100506171473
0.2	0.04000000000000001	4.5173555598435995e-05	0.040045343818309764	0.0	0.040045343818309764
0.2025	0.04100625000000001	4.5760053814274586e-05	0.04105217413895457	0.0	0.04105217413895457
0.20500000000000002	0.04202500000000001	4.6337794226607496e-05	0.042071495950150195	0.0	0.042071495950150195
0.20750000000000002	0.043056250000000004	4.6906725404283585e-05	0.0431033091908828	0.0	0.0431033091908828
0.21	0.04409999999999999	4.7466807824585216e-05	0.0441476138122255	0.0	0.0441476138122255
0.2125	0.045156249999999995	4.801801342151593e-05	0.045204409776920834	0.0	0.045204409776920834
0.215	0.046224999999999995	4.856032512945e-05	0.04627369705895342	0.0	0.04627369705895342
0.2175	0.04730625	4.909373642362009e-05	0.047355475643108956	0.0	0.047355475643108956
0.22	0.0484	4.961825085885935e-05	0.0484497455245276	0.0	0.0484497455245276
0.2225	0.04950625	5.013388160795128e-05	0.04955650670825176	0.0	0.04955650670825176
0.225	0.050625	5.064065100087574e-05	0.050675759208769475	0.0	0.050675759208769475
0.2275	0.051756250000000004	5.11385900661732e-05	0.05180750304955726	0.0	0.05180750304955726
0.23	0.0529	5.162773807558028e-05	0.05295173826262529	0.0	0.05295173826262529
0.2325	0.05405625000000001	5.210814209302114e-05	0.05410846488806206	0.0	0.05410846488806206
0.23500000000000001	0.05522500000000001	5.257985652896934e-05	0.05527768297358467	0.0	0.05527768297358467
0.23750000000000002	0.056406250000000005	5.304294270112413e-05	0.0564593925740939	0.0	0.0564593925740939
0.24	0.0576	5.3497468402275496e-05	0.05765359375123356	0.0	0.05765359375123356
0.2425	0.05880625	5.394350747616214e-05	0.058860286572961384	0.0	0.058860286572961384
0.245	0.060024999999999995	5.4381139402057436e-05	0.06007947111312243	0.0	0.06007947111312243
0.2475	0.06125625	5.481044888875007e-05	0.061311147451036024	0.0	0.061311147451036024
0.25	0.0625	5.523152547851895e-05	0.06255531567109289	0.0	0.06255531567109289
0.2525	0.06375625	5.564446316163601e-05	0.06381197586235686	0.0	0.06381197586235686
0.255	0.065025	5.6049360001866715e-05	0.06508112811818455	0.0	0.06508112811818455
0.2575	0.06630625	5.6446317773375316e-05	0.06636277253585265	0.0	0.06636277253585265
0.26	0.06760000000000001	5.6835441609381666e-05	0.06765690921619728	0.0	0.06765690921619728
0.2625	0.06890625	5.721683966285819e-05	0.06896353826326775	0.0	0.06896353826326775
0.265	0.07022500000000001	5.7590622779499834e-05	0.07028265978398977	0.0	0.07028265978398977
0.2675	0.07155625	5.795690418314534e-05	0.07161427388784496	0.0	0.07161427388784496
0.27	0.0729	5.831579917377828e-05	0.07295838068655629	0.0	0.07295838068655629
0.2725	0.07425625000000001	5.866742483818664e-05	0.07431498029379859	0.0	0.07431498029379859
0.275	0.07562500000000001	5.901189977331459e-05	0.0756840728249084	0.0	0.0756840728249084
0.2775	0.07700625000000001	5.934934382229598e-05	0.07706565839661576	0.0	0.07706565839661576
0.28	0.07840000000000001	5.967987782311933e-05	0.07845973712678563	0.0	0.07845973712678563
0.28250000000000003	0.07980625000000002	6.0003623369835556e-05	0.07986630913417214	0.0	0.07986630913417214
0.28500000000000003	0.08122500000000002	6.032070258618469e-05	0.08128537453818857	0.0	0.08128537453818857
0.28750000000000003	0.08265625000000001	6.063123791148536e-05	0.08271693345868288	0.0	0.08271693345868288
0.29	0.0841	6.093535189860088e-05	0.08416098601573666	0.0	0.08416098601573666
0.2925	0.08555624999999999	6.123316702376861e-05	0.08561753232945857	0.0	0.08561753232945857
0.295	0.08702499999999999	6.152480550805437e-05	0.08708657251981482	0.0	0.08708657251981482
0.2975	0.08850625	6.181038915017192e-05	0.08856810670644544	0.0	0.08856810670644544
0.3	0.09	6.20900391703873e-05	0.0900621350085102	0.0	0.0900621350085102
0.3025	0.09150625	6.236387606521092e-05	0.09156865754453285	0.0	0.09156865754453285
0.305	0.093025	6.263201947256484e-05	0.09308767443227176	0.0	0.09308767443227176
0.3075	0.09455625	6.289458804710008e-05	0.09461918578857784	0.0	0.09461918578857784
0.31	0.0961	6.31516993453279e-05	0.09616319172928896	0.0	0.09616319172928896
0.3125	0.09765625	6.340346972022003e-05	0.09771969236911254	0.0	0.09771969236911254
0.315	0.09922500000000001	6.365001422492651e-05	0.09928868782152679	0.0	0.09928868782152679
0.3175	0.10080625	6.389144652525404e-05	0.1008701781986925	0.0	0.1008701781986925
0.32	0.1024	6.412787882054485e-05	0.10246416361137001	0.0	0.10246416361137001
0.3225	0.10400625000000001	6.43594217725941e-05	0.10407064416884251	0.0	0.10407064416884251
0.325	0.10562500000000001	6.458618444224381e-05	0.10568961997885438	0.0	0.10568961997885438
0.3275	0.10725625000000001	6.480827423329194e-05	0.10732109114754602	0.0	0.10732109114754602
0.33	0.10890000000000001	6.502579684335808e-05	0.10896505777940883	0.0	0.10896505777940883
0.3325	0.11055625000000001	6.523885622135044e-05	0.1106215199772348	0.0	0.1106215199772348
0.335	0.11222500000000002	6.54475545311836e-05	0.11229047784208267	0.0	0.11229047784208267
0.3375	0.11390625000000001	6.5651992121402e-05	0.11397193147324011	0.0	0.11397193147324011
0.34	0.11560000000000002	6.585226750037066e-05	0.11566588096819927	0.0	0.11566588096819927
0.3425	0.11730625000000001	6.60484773167019e-05	0.11737232642263894	0.0	0.11737232642263894
0.34500000000000003	0.11902500000000002	6.624071634459451e-05	0.11909126793039995	0.0	0.11909126793039995
0.34750000000000003	0.12075625000000002	6.642907747377076e-05	0.1208227055834794	0.0	0.1208227055834794
0.35000000000000003	0.12250000000000003	6.661365170370547e-05	0.1225666394720194	0.0	0.1225666394720194
0.3525	0.12425624999999998	6.679452814185075e-05	0.1243230696843102	0.0	0.1243230696843102
0.355	0.126025	6.697179400557035e-05	0.1260919963067811	0.0	0.1260919963067811
0.3575	0.12780624999999998	6.714553462750708e-05	0.12787341942401154	0.0	0.12787341942401154
0.36	0.1296	6.73158334641179e-05	0.12966733911873135	0.0	0.12966733911873135
0.3625	0.13140625	6.748277210712103e-05	0.13147375547184223	0.0	0.13147375547184223
0.365	0.13322499999999998	6.764643029761099e-05	0.13329266856241861	0.0	0.13329266856241861
0.3675	0.13505625	6.780688594260752e-05	0.13512407846772734	0.0	0.13512407846772734
0.37	0.1369	6.796421513381529e-05	0.13696798526324802	0.0	0.13696798526324802
0.3725	0.13875625	6.81184921683822e-05	0.13882438902268726	0.0	0.13882438902268726
0.375	0.140625	6.826978957145438e-05	0.14069328981800885	0.0	0.14069328981800885
0.3775	0.14250625	6.841817812033666e-05	0.1425746877194462	0.0	0.1425746877194462
0.38	0.1444	6.85637268700776e-05	0.14446858279553115	0.0	0.14446858279553115
0.3825	0.14630625	6.870650318030825e-05	0.14637497511312503	0.0	0.14637497511312503
0.385	0.148225	6.884657274317388e-05	0.14829386473743733	0.0	0.14829386473743733
0.3875	0.15015625000000002	6.898399961220708e-05	0.15022525173206047	0.0	0.15022525173206047
0.39	0.1521	6.911884623200134e-05	0.15216913615899488	0.0	0.15216913615899488
0.3925	0.15405625	6.925117346855153e-05	0.15412551807867875	0.0	0.15412551807867875
0.395	0.15602500000000002	6.93810406401382e-05	0.15609439755001905	0.0	0.15609439755001905
0.3975	0.15800625000000001	6.950850554864047e-05	0.15807577463042669	0.0	0.15807577463042669
0.4	0.16000000000000003	6.963362451117005e-05	0.16006964937583362	0.0	0.16006964937583362
0.4025	0.16200625000000002	6.975645239192813e-05	0.16207602184074302	0.0	0.16207602184074302
0.405	0.16402500000000003	6.987704263419325e-05	0.16409489207824549	0.0	0.16409489207824549
0.40750000000000003	0.16605625000000002	6.999544729235597e-05	0.16612626014005782	0.0	0.16612626014005782
0.41000000000000003	0.16810000000000003	7.011171706392336e-05	0.1681701260765488	0.0	0.1681701260765488
0.41250000000000003	0.17015625000000004	7.022590132142263e-05	0.1702264899367839	0.0	0.1702264899367839
0.41500000000000004	0.17222500000000002	7.033804814413933e-05	0.1722953517685352	0.0	0.1722953517685352
0.4175	0.17430625	7.044820434963208e-05	0.17437671161833324	0.0	0.17437671161833324
0.42	0.17639999999999997	7.055641552497087e-05	0.17647056953148302	0.0	0.17647056953148302
0.4225	0.17850624999999998	7.06627260576514e-05	0.17857692555210467	0.0	0.17857692555210467
0.425	0.18062499999999998	7.076717916614333e-05	0.18069577972315548	0.0	0.18069577972315548
0.4275	0.18275624999999998	7.086981693003436e-05	0.18282713208646617	0.0	0.18282713208646617
0.43	0.18489999999999998	7.097068031973721e-05	0.18497098268276768	0.0	0.18497098268276768
0.4325	0.18705625	7.10698092257299e-05	0.18712733155171404	0.0	0.18712733155171404
0.435	0.189225	7.116724248730442e-05	0.18929617873192667	0.0	0.18929617873192667
0.4375	0.19140625	7.126301792080183e-05	0.191477524261	0.0	0.191477524261
0.44	0.1936	7.135717234731543e-05	0.19367136817554842	0.0	0.19367136817554842
0.4425	0.19580625000000002	7.144974161984693e-05	0.1958777105112269	0.0	0.1958777105112269
0.445	0.198025	7.154076064990284e-05	0.1980965513027495	0.0	0.1980965513027495
0.4475	0.20025625	7.163026343352169e-05	0.20032789058392922	0.0	0.20032789058392922
0.45	0.2025	7.171828307672452e-05	0.20257172838768903	0.0	0.20257172838768903
0.4525	0.20475625	7.180485182038355e-05	0.20482806474609508	0.0	0.20482806474609508
0.455	0.20702500000000001	7.189000106450602e-05	0.20709689969038583	0.0	0.20709689969038583
0.4575	0.20930625000000003	7.197376139193198e-05	0.20937823325097205	0.0	0.20937823325097205
0.46	0.2116	7.20561625914464e-05	0.21167206545749573	0.0	0.21167206545749573
0.4625	0.21390625000000002	7.213723368030773e-05	0.2139783963388176	0.0	0.2139783963388176
0.465	0.21622500000000003	7.221700292619624e-05	0.21629722592305686	0.0	0.21629722592305686
0.4675	0.21855625000000004	7.229549786858657e-05	0.21862855423761665	0.0	0.21862855423761665
0.47000000000000003	0.22090000000000004	7.237274533955054e-05	0.22097238130919455	0.0	0.22097238130919455
0.47250000000000003	0.22325625000000002	7.24487714839965e-05	0.22332870716379927	0.0	0.22332870716379927
0.47500000000000003	0.22562500000000002	7.252360177935318e-05	0.22569753182678132	0.0	0.22569753182678132
0.47750000000000004	0.22800625000000002	7.259726105470574e-05	0.22807885532285035	0.0	0.22807885532285035
0.48	0.2304	7.266977350939374e-05	0.23047267767608143	0.0	0.23047267767608143
0.4825	0.23280625	7.274116273107976e-05	0.23287899890995195	0.0	0.23287899890995195
0.485	0.235225	7.281145171329924e-05	0.23529781904734168	0.0	0.23529781904734168
0.4875	0.23765624999999999	7.288066287250143e-05	0.2377291381105615	0.0	0.2377291381105615
0.49	0.24009999999999998	7.294881806459266e-05	0.24017295612136177	0.0	0.24017295612136177
0.4925	0.24255625	7.301593860099247e-05	0.24262927310095483	0.0	0.24262927310095483
0.495	0.245025	7.308204526421383e-05	0.24509808907002323	0.0	0.24509808907002323
0.4975	0.24750625	7.314715832297914e-05	0.2475794040487452	0.0	0.2475794040487452
0.5	0.25	7.321129754688279e-05	0.25007321805679933	0.0	0.25007321805679933
0.5025000000000001	0.25250625000000004	7.327448222061225e-05	0.25257953111337994	0.0	0.25257953111337994
0.505	0.255025	7.333673115773892e-05	0.25509834323721314	0.0	0.25509834323721314
0.5075000000000001	0.25755625000000004	7.339806271409023e-05	0.25762965444657676	0.0	0.25762965444657676
0.51	0.2601	7.345849480071428e-05	0.26017346475929914	0.0	0.26017346475929914
0.5125	0.26265625	7.351804489644851e-05	0.26272977419278354	0.0	0.26272977419278354
0.515	0.265225	7.357673006010346e-05	0.2652985827640109	0.0	0.2652985827640109
0.5175	0.26780624999999997	7.363456694227247e-05	0.2678798904895604	0.0	0.2678798904895604
0.52	0.27040000000000003	7.369157179677872e-05	0.27047369738561855	0.0	0.27047369738561855
0.5225	0.27300624999999995	7.37477604917696e-05	0.2730800034679814	0.0	0.2730800034679814
0.525	0.275625	7.380314852046986e-05	0.2756988087520758	0.0	0.2756988087520758
0.5275	0.27825625	7.385775101160289e-05	0.2783301132529693	0.0	0.2783301132529693
0.53	0.28090000000000004	7.391158273949105e-05	0.28097391698537055	0.0	0.28097391698537055
0.5325	0.28355624999999995	7.396465813384443e-05	0.28363021996365106	0.0	0.28363021996365106
0.535	0.286225	7.40169912892481e-05	0.2862990222018473	0.0	0.2862990222018473
0.5375	0.28890625	7.406859597435697e-05	0.28898032371367455	0.0	0.28898032371367455
0.54	0.2916	7.411948564080781e-05	0.2916741245125205	0.0	0.2916741245125205
0.5425	0.29430625	7.416967343185709e-05	0.29438042461148695	0.0	0.29438042461148695
0.545	0.29702500000000004	7.421917219075366e-05	0.2970992240233523	0.0	0.2970992240233523
0.5475	0.29975625	7.426799446885455e-05	0.29983052276063127	0.0	0.29983052276063127
0.55	0.30250000000000005	7.431615253349251e-05	0.30257432083553193	0.0	0.30257432083553193
0.5525	0.30525625	7.43636583756027e-05	0.3053306182600062	0.0	0.3053306182600062
0.555	0.30802500000000005	7.441052371711717e-05	0.3080994150457226	0.0	0.3080994150457226
0.5575	0.31080625	7.445676001813391e-05	0.3108807112041024	0.0	0.3108807112041024
0.56	0.31360000000000005	7.450237848386832e-05	0.31367450674630454	0.0	0.31367450674630454
0.5625	0.31640625	7.454739007139404e-05	0.3164808016832439	0.0	0.3164808016832439
0.5650000000000001	0.3192250000000001	7.459180549617993e-05	0.31929959602559826	0.0	0.31929959602559826
0.5675	0.32205625	7.463563523843016e-05	0.3221308897838092	0.0	0.3221308897838092
0.5700000000000001	0.3249000000000001	7.467888954923353e-05	0.324974682968085	0.0	0.324974682968085
0.5725	0.32775625	7.472157845652855e-05	0.32783097558841523	0.0	0.32783097558841523
0.5750000000000001	0.33062500000000006	7.476371177089018e-05	0.330699767654585	0.0	0.330699767654585
0.5775	0.33350625	7.480529909114409e-05	0.3335810591761479	0.0	0.3335810591761479
0.58	0.3364	7.484634980981415e-05	0.33647485016246526	0.0	0.33647485016246526
0.5825	0.33930625000000003	7.488687311840864e-05	0.33938114062269403	0.0	0.33938114062269403
0.585	0.34222499999999995	7.492687801255025e-05	0.34229993056579805	0.0	0.34229993056579805
0.5875	0.34515625000000005	7.496637329695535e-05	0.34523122000055373	0.0	0.34523122000055373
0.59	0.34809999999999997	7.500536759026708e-05	0.3481750089355455	0.0	0.3481750089355455
0.5925	0.35105625	7.504386932974733e-05	0.3511312973791821	0.0	0.3511312973791821
0.595	0.354025	7.508188677583189e-05	0.3541000853396963	0.0	0.3541000853396963
0.5975	0.35700625	7.511942801655359e-05	0.357081372825148	0.0	0.357081372825148
0.6	0.36	7.515650097183743e-05	0.3600751598434276	0.0	0.3600751598434276
0.6025	0.36300625000000003	7.519311339767188e-05	0.363081446402268	0.0	0.363081446402268
0.605	0.366025	7.522927289016051e-05	0.36610023250924223	0.0	0.36610023250924223
0.6075	0.36905625000000003	7.52649868894577e-05	0.36913151817175316	0.0	0.36913151817175316
0.61	0.3721	7.53002626835921e-05	0.3721753033970773	0.0	0.3721753033970773
0.6125	0.3751562500000001	7.533510741218144e-05	0.37523158819232266	0.0	0.37523158819232266
0.615	0.378225	7.536952807004245e-05	0.37830037256446275	0.0	0.37830037256446275
0.6175	0.38130625000000007	7.54035315106988e-05	0.38138165652033307	0.0	0.38138165652033307
0.62	0.3844	7.543712444979056e-05	0.3844754400666283	0.0	0.3844754400666283
0.6225	0.38750625000000005	7.547031346838835e-05	0.3875817232098992	0.0	0.3875817232098992
0.625	0.390625	7.550310501621495e-05	0.39070050595658173	0.0	0.39070050595658173
0.6275000000000001	0.3937562500000001	7.553550541477758e-05	0.39383178831297205	0.0	0.39383178831297205
0.63	0.39690000000000003	7.556752086041345e-05	0.39697557028525626	0.0	0.39697557028525626
0.6325000000000001	0.40005625000000006	7.559915742725128e-05	0.40013185187947914	0.0	0.40013185187947914
0.635	0.403225	7.563042107009164e-05	0.4033006331015808	0.0	0.4033006331015808
0.6375000000000001	0.4064062500000001	7.566131762720844e-05	0.4064819139573861	0.0	0.4064819139573861
0.64	0.4096	7.569185282307395e-05	0.40967569445259283	0.0	0.40967569445259283
0.6425	0.41280624999999993	7.572203227100998e-05	0.4128819745928021	0.0	0.4128819745928021
0.645	0.41602500000000003	7.575186147576727e-05	0.41610075438350336	0.0	0.41610075438350336
0.6475	0.41925624999999994	7.578134583603534e-05	0.4193320338300752	0.0	0.4193320338300752
0.65	0.42250000000000004	7.581049064688505e-05	0.4225758129378022	0.0	0.4225758129378022
0.6525	0.42575624999999995	7.583930110214568e-05	0.42583209171185576	0.0	0.42583209171185576
0.655	0.42902500000000005	7.586778229671879e-05	0.4291008701573222	0.0	0.4291008701573222
0.6575	0.43230624999999995	7.589593922883056e-05	0.4323821482791796	0.0	0.4323821482791796
0.66	0.43560000000000004	7.592377680222465e-05	0.435675926082324	0.0	0.435675926082324
0.6625	0.43890625	7.595129982829716e-05	0.4389822035715462	0.0	0.4389822035715462
0.665	0.44222500000000003	7.597851302817564e-05	0.44230098075155516	0.0	0.44230098075155516
0.6675	0.44555625	7.600542103474357e-05	0.4456322576269755	0.0	0.4456322576269755
0.67	0.4489000000000001	7.60320283946123e-05	0.4489760342023336	0.0	0.4489760342023336
0.6725	0.45225624999999997	7.605833957004153e-05	0.4523323104820831	0.0	0.4523323104820831
0.675	0.45562500000000006	7.608435894081034e-05	0.45570108647059177	0.0	0.45570108647059177
0.6775	0.45900625	7.611009080603985e-05	0.45908236217214704	0.0	0.45908236217214704
0.68	0.4624000000000001	7.613553938596909e-05	0.4624761375909524	0.0	0.4624761375909524
0.6825	0.46580625	7.616070882368539e-05	0.4658824127311497	0.0	0.4658824127311497
0.685	0.46922500000000006	7.618560318681083e-05	0.4693011875967855	0.0	0.4693011875967855
0.6875	0.47265625	7.621022646914563e-05	0.4727324621918441	0.0	0.4727324621918441
0.6900000000000001	0.4761000000000001	7.623458259227002e-05	0.476176236520243	0.0	0.476176236520243
0.6925	0.47955625	7.625867540710573e-05	0.47963251058581585	0.0	0.47963251058581585
0.6950000000000001	0.4830250000000001	7.628250869543826e-05	0.48310128439234357	0.0	0.48310128439234357
0.6975	0.48650625000000003	7.630608617140099e-05	0.4865825579435138	0.0	0.4865825579435138
0.7000000000000001	0.4900000000000001	7.632941148292215e-05	0.4900763312429794	0.0	0.4900763312429794
0.7025	0.49350625000000004	7.635248821313605e-05	0.4935826042943104	0.0	0.4935826042943104
0.705	0.49702499999999994	7.637531988175914e-05	0.497101377101018	0.0	0.497101377101018
0.7075	0.50055625	7.639790994643222e-05	0.5006326496665476	0.0	0.5006326496665476
0.71	0.5041	7.642026180402952e-05	0.504176421994287	0.0	0.504176421994287
0.7125	0.50765625	7.644237879193572e-05	0.5077326940875713	0.0	0.5077326940875713
0.715	0.5112249999999999	7.646426418929191e-05	0.5113014659496646	0.0	0.5113014659496646
0.7175	0.51480625	7.648592121821096e-05	0.5148827375837847	0.0	0.5148827375837847
0.72	0.5184	7.65073530449636e-05	0.5184765089930905	0.0	0.5184765089930905
0.7225	0.52200625	7.652856278113576e-05	0.5220827801806798	0.0	0.5220827801806798
0.725	0.525625	7.654955348475801e-05	0.5257015511496127	0.0	0.5257015511496127
0.7275	0.5292562500000001	7.657032816140789e-05	0.5293328219028781	0.0	0.5293328219028781
0.73	0.5328999999999999	7.659088976528583e-05	0.5329765924434281	0.0	0.5329765924434281
0.7325	0.5365562500000001	7.661124120026556e-05	0.5366328627741617	0.0	0.5366328627741617
0.735	0.540225	7.663138532091922e-05	0.5403016328979197	0.0	0.5403016328979197
0.7375	0.54390625	7.665132493351862e-05	0.5439829028175074	0.0	0.5439829028175074
0.74	0.5476	7.667106279701249e-05	0.54767667253567	0.0	0.54767667253567
0.7425	0.5513062500000001	7.669060162398097e-05	0.551382942055123	0.0	0.551382942055123
0.745	0.555025	7.670994408156762e-05	0.5551017113785259	0.0	0.5551017113785259
0.7475	0.5587562500000001	7.672909279238959e-05	0.558832980508487	0.0	0.558832980508487
0.75	0.5625	7.674805033542682e-05	0.56257674944759	0.0	0.56257674944759
0.7525000000000001	0.5662562500000001	7.676681924689022e-05	0.5663330181983539	0.0	0.5663330181983539
0.755	0.570025	7.678540202107019e-05	0.5701017867632763	0.0	0.5701017867632763
0.7575000000000001	0.5738062500000001	7.68038011111652e-05	0.5738830551447983	0.0	0.5738830551447983
0.76	0.5776	7.682201893009155e-05	0.5776768233453299	0.0	0.5776768233453299
0.7625000000000001	0.5814062500000001	7.68400578512745e-05	0.5814830913672455	0.0	0.5814830913672455
0.765	0.585225	7.68579202094213e-05	0.5853018592128669	0.0	0.5853018592128669
0.7675000000000001	0.5890562500000001	7.687560830127673e-05	0.589133126884485	0.0	0.589133126884485
0.77	0.5929	7.689312438636133e-05	0.5929768943843596	0.0	0.5929768943843596
0.7725	0.59675625	7.69104706876931e-05	0.5968331617147021	0.0	0.5968331617147021
0.775	0.6006250000000001	7.692764939249284e-05	0.6007019288777036	0.0	0.6007019288777036
0.7775	0.6045062499999999	7.694466265287364e-05	0.6045831958755084	0.0	0.6045831958755084
0.78	0.6084	7.696151258651497e-05	0.6084769627102289	0.0	0.6084769627102289
0.7825	0.6123062499999999	7.697820127732168e-05	0.6123832293839405	0.0	0.6123832293839405
0.785	0.616225	7.699473077606835e-05	0.6163019958986921	0.0	0.6163019958986921
0.7875	0.62015625	7.701110310102933e-05	0.6202332622565013	0.0	0.6202332622565013
0.79	0.6241000000000001	7.702732023859483e-05	0.6241770284593491	0.0	0.6241770284593491
0.7925	0.62805625	7.704338414387354e-05	0.6281332945091841	0.0	0.6281332945091841
0.795	0.6320250000000001	7.705929674128184e-05	0.6321020604079302	0.0	0.6321020604079302
0.7975	0.63600625	7.707505992512017e-05	0.6360833261574769	0.0	0.6360833261574769
0.8	0.6400000000000001	7.709067556013684e-05	0.6400770917596813	0.0	0.6400770917596813
0.8025	0.64400625	7.710614548207959e-05	0.6440833572163844	0.0	0.6440833572163844
0.805	0.6480250000000001	7.71214714982351e-05	0.6481021225293846	0.0	0.6481021225293846
0.8075	0.65205625	7.71366553879568e-05	0.652133387700457	0.0	0.652133387700457
0.81	0.6561000000000001	7.71516989031814e-05	0.6561771527313548	0.0	0.6561771527313548
0.8125	0.66015625	7.716660376893436e-05	0.6602334176237958	0.0	0.6602334176237958
0.8150000000000001	0.6642250000000001	7.718137168382423e-05	0.6643021823794839	0.0	0.6643021823794839
0.8175	0.66830625	7.719600432052676e-05	0.668383447000085	0.0	0.668383447000085
0.8200000000000001	0.6724000000000001	7.721050332625858e-05	0.6724772114872426	0.0	0.6724772114872426
0.8225	0.67650625	7.722487032324063e-05	0.6765834758425819	0.0	0.6765834758425819
0.8250000000000001	0.6806250000000001	7.723910690915216e-05	0.6807022400676986	0.0	0.6807022400676986
0.8275	0.6847562500000001	7.725321465757469e-05	0.68483350416416	0.0	0.68483350416416
0.8300000000000001	0.6889000000000001	7.726719511842706e-05	0.6889772681335204	0.0	0.6889772681335204
0.8325	0.69305625	7.7281049818391e-05	0.6931335319773144	0.0	0.6931335319773144
0.835	0.697225	7.7294780261328e-05	0.6973022956970409	0.0	0.6973022956970409
0.8375	0.70140625	7.730838792868741e-05	0.7014835592941789	0.0	0.7014835592941789
0.84	0.7055999999999999	7.732187427990607e-05	0.7056773227701961	0.0	0.7056773227701961
0.8425	0.7098062500000001	7.73352407527996e-05	0.7098835861265361	0.0	0.7098835861265361
0.845	0.7140249999999999	7.73484887639457e-05	0.7141023493646149	0.0	0.7141023493646149
0.8475	0.71825625	7.736161970905944e-05	0.7183336124858382	0.0	0.7183336124858382
0.85	0.7224999999999999	7.737463496336088e-05	0.7225773754915887	0.0	0.7225773754915887
0.8525	0.7267562500000001	7.738753588193522e-05	0.726833638383228	0.0	0.726833638383228
0.855	0.7310249999999999	7.740032380008542e-05	0.7311024011621096	0.0	0.7311024011621096
0.8575	0.73530625	7.741300003367784e-05	0.7353836638295528	0.0	0.7353836638295528
0.86	0.7395999999999999	7.742556587948072e-05	0.7396774263868678	0.0	0.7396774263868678
0.8625	0.7439062500000001	7.743802261549582e-05	0.7439836888353601	0.0	0.7439836888353601
0.865	0.748225	7.745037150128336e-05	0.748302451176307	0.0	0.748302451176307
0.8675	0.75255625	7.746261377828053e-05	0.7526337134109597	0.0	0.7526337134109597
0.87	0.7569	7.747475067011341e-05	0.7569774755405837	0.0	0.7569774755405837
0.8725	0.7612562500000001	7.748678338290276e-05	0.7613337375664059	0.0	0.7613337375664059
0.875	0.765625	7.749871310556373e-05	0.7657024994896537	0.0	0.7657024994896537
0.8775000000000001	0.7700062500000001	7.75105410100995e-05	0.7700837613115297	0.0	0.7700837613115297
0.88	0.7744	7.75222682518891e-05	0.7744775230332338	0.0	0.7744775230332338
0.8825000000000001	0.7788062500000001	7.753389596996976e-05	0.7788837846559536	0.0	0.7788837846559536
0.885	0.7832250000000001	7.754542528731324e-05	0.7833025461808601	0.0	0.7833025461808601
0.8875000000000001	0.7876562500000002	7.755685731109718e-05	0.7877338076091229	0.0	0.7877338076091229
0.89	0.7921	7.756819313297084e-05	0.7921775689418972	0.0	0.7921775689418972
0.8925000000000001	0.7965562500000001	7.757943382931566e-05	0.796633830180333	0.0	0.796633830180333
0.895	0.801025	7.759058046150092e-05	0.8011025913255647	0.0	0.8011025913255647
0.8975	0.80550625	7.760163407613419e-05	0.805583852378726	0.0	0.805583852378726
0.9	0.81	7.761259570530698e-05	0.8100776133409405	0.0	0.8100776133409405
0.9025	0.81450625	7.762346636683585e-05	0.8145838742133361	0.0	0.8145838742133361
0.905	0.819025	7.763424706449845e-05	0.8191026349970375	0.0	0.8191026349970375
0.9075	0.82355625	7.764493878826542e-05	0.8236338956931406	0.0	0.8236338956931406
0.91	0.8281000000000001	7.76555425145276e-05	0.8281776563027593	0.0	0.8281776563027593
0.9125	0.83265625	7.766605920631899e-05	0.8327339168270171	0.0	0.8327339168270171
0.915	0.8372250000000001	7.767648981353529e-05	0.837302677267006	0.0	0.837302677267006
0.9175	0.84180625	7.768683527314861e-05	0.8418839376238536	0.0	0.8418839376238536
0.92	0.8464	7.769709650941771e-05	0.8464776978986573	0.0	0.8464776978986573
0.9225	0.85100625	7.770727443409456e-05	0.8510839580925397	0.0	0.8510839580925397
0.925	0.8556250000000001	7.771736994662676e-05	0.8557027182066231	0.0	0.8557027182066231
0.9275	0.86025625	7.77273839343564e-05	0.8603339782420256	0.0	0.8603339782420256
0.93	0.8649000000000001	7.773731727271498e-05	0.8649777381998867	0.0	0.8649777381998867
0.9325	0.86955625	7.77471708254147e-05	0.8696339980813518	0.0	0.8696339980813518
0.935	0.8742250000000001	7.775694544463627e-05	0.8743027578875735	0.0	0.8743027578875735
0.9375	0.87890625	7.776664197121322e-05	0.8789840176197361	0.0	0.8789840176197361
0.9400000000000001	0.8836000000000002	7.77762612348126e-05	0.8836777772790303	0.0	0.8836777772790303
0.9425	0.88830625	7.778580405411256e-05	0.8883840368666714	0.0	0.8883840368666714
0.9450000000000001	0.8930250000000001	7.779527123697653e-05	0.8931027963839053	0.0	0.8931027963839053
0.9475	0.89775625	7.780466358062417e-05	0.8978340558320321	0.0	0.8978340558320321
0.9500000000000001	0.9025000000000001	7.781398187179925e-05	0.9025778152123631	0.0	0.9025778152123631
0.9525	0.90725625	7.782322688693435e-05	0.9073340745262947	0.0	0.9073340745262947
0.9550000000000001	0.9120250000000001	7.783239939231269e-05	0.912102833775256	0.0	0.912102833775256
0.9575	0.91680625	7.78415001442268e-05	0.9168840929608065	0.0	0.9168840929608065
0.96	0.9216	7.785052988913457e-05	0.9216778520845816	0.0	0.9216778520845816
0.9625	0.9264062500000001	7.785948936381218e-05	0.9264841111483786	0.0	0.9264841111483786
0.965	0.931225	7.786837929550449e-05	0.9313028701541393	0.0	0.9313028701541393
0.9675	0.93605625	7.787720040207255e-05	0.9361341291040761	0.0	0.9361341291040761
0.97	0.9409	7.78859533921386e-05	0.9409778880006748	0.0	0.9409778880006748
0.9725	0.9457562500000001	7.789463896522833e-05	0.9458341468468714	0.0	0.9458341468468714
0.975	0.9506249999999999	7.790325781191064e-05	0.9507029056461408	0.0	0.9507029056461408
0.9775	0.9555062500000001	7.791181061393498e-05	0.9555841644028021	0.0	0.9555841644028021
0.98	0.9603999999999999	7.792029804436608e-05	0.9604779231223363	0.0	0.9604779231223363
0.9825	0.96530625	7.792872076771646e-05	0.9653841818120127	0.0	0.9653841818120127
0.985	0.970225	7.793707944007641e-05	0.970302940481922	0.0	0.970302940481922
0.9875	0.9751562500000001	7.794537470924181e-05	0.9752341991468798	0.0	0.9752341991468798
0.99	0.9801	7.795360721483968e-05	0.9801779578302214	0.0	0.9801779578302214
0.9925	0.9850562500000001	7.796177758845139e-05	0.9851342165724151	0.0	0.9851342165724151
0.995	0.990025	7.796988645373389e-05	0.9901029754539616	0.0	0.9901029754539616
0.9975	0.9950062500000001	7.797793442653867e-05	0.9950842346757167	0.0	0.9950842346757167
1.0	1.0	7.798592211502872e-05	1.0000779950410625	0.0	1.0000779950410625
